# Filename: 2DKT_FPinject_vsl_IC0_T0.1_lmax5_dl0.004_tmax10000_dt01e-05_linj3_InjConst1e+200.dat
# Source: 2DKT_FPinject.c
# Source version: 3 (2011 Jun 04 - ...)
# Constant values: PI= 3.141592653589793116, PISQ=9.8696044010893579923, PICU=31.0062766802998162063, B=124.025106721199264825
# Parameter values: RESUME=0, IC=0, iTfrac=0.1, qTfrac=0.95, lmax=5, lsteps=1250, (dl=0.004), lpts=1251, ldatamax=250, linj=3, InjConst=1e+200, tmax=10000, dt0=1e-05, a0=1, a04=1, K0c=0.747853

# time step n_t = 0	t = 0.000000e+00	(dt = 1.000000e-05)
# T/Tc	1-T/Tc	l	K	K/K0	G
0.1	0.9	0	7.47853	1	8.80373e-33
0.1	0.9	0.02	7.47853	1	3.43978e-33
0.1	0.9	0.04	7.47853	1	1.34398e-33
0.1	0.9	0.06	7.47853	1	5.25119e-34
0.1	0.9	0.08	7.47853	1	2.05174e-34
0.1	0.9	0.1	7.47853	1	8.01652e-35
0.1	0.9	0.12	7.47853	1	3.1322e-35
0.1	0.9	0.14	7.47853	1	1.22381e-35
0.1	0.9	0.16	7.47853	1	4.78164e-36
0.1	0.9	0.18	7.47853	1	1.86827e-36
0.1	0.9	0.2	7.47853	1	7.29969e-37
0.1	0.9	0.22	7.47853	1	2.85212e-37
0.1	0.9	0.24	7.47853	1	1.11438e-37
0.1	0.9	0.26	7.47853	1	4.35408e-38
0.1	0.9	0.28	7.47853	1	1.70122e-38
0.1	0.9	0.3	7.47853	1	6.64697e-39
0.1	0.9	0.32	7.47853	1	2.59709e-39
0.1	0.9	0.34	7.47853	1	1.01473e-39
0.1	0.9	0.36	7.47853	1	3.96474e-40
0.1	0.9	0.38	7.47853	1	1.5491e-40
0.1	0.9	0.4	7.47853	1	6.05261e-41
0.1	0.9	0.42	7.47853	1	2.36486e-41
0.1	0.9	0.44	7.47853	1	9.23996e-42
0.1	0.9	0.46	7.47853	1	3.61022e-42
0.1	0.9	0.48	7.47853	1	1.41058e-42
0.1	0.9	0.5	7.47853	1	5.51139e-43
0.1	0.9	0.52	7.47853	1	2.1534e-43
0.1	0.9	0.54	7.47853	1	8.41374e-44
0.1	0.9	0.56	7.47853	1	3.2874e-44
0.1	0.9	0.58	7.47853	1	1.28445e-44
0.1	0.9	0.6	7.47853	1	5.01857e-45
0.1	0.9	0.62	7.47853	1	1.96085e-45
0.1	0.9	0.64	7.47853	1	7.6614e-46
0.1	0.9	0.66	7.47853	1	2.99345e-46
0.1	0.9	0.68	7.47853	1	1.16959e-46
0.1	0.9	0.7	7.47853	1	4.56982e-47
0.1	0.9	0.72	7.47853	1	1.78551e-47
0.1	0.9	0.74	7.47853	1	6.97633e-48
0.1	0.9	0.76	7.47853	1	2.72578e-48
0.1	0.9	0.78	7.47853	1	1.06501e-48
0.1	0.9	0.8	7.47853	1	4.1612e-49
0.1	0.9	0.82	7.47853	1	1.62586e-49
0.1	0.9	0.84	7.47853	1	6.35252e-50
0.1	0.9	0.86	7.47853	1	2.48204e-50
0.1	0.9	0.88	7.47853	1	9.6978e-51
0.1	0.9	0.9	7.47853	1	3.78911e-51
0.1	0.9	0.92	7.47853	1	1.48047e-51
0.1	0.9	0.94	7.47853	1	5.78448e-52
0.1	0.9	0.96	7.47853	1	2.2601e-52
0.1	0.9	0.98	7.47853	1	8.83064e-53
0.1	0.9	1	7.47853	1	3.45029e-53
0.1	0.9	1.02	7.47853	1	1.34809e-53
0.1	0.9	1.04	7.47853	1	5.26725e-54
0.1	0.9	1.06	7.47853	1	2.05801e-54
0.1	0.9	1.08	7.47853	1	8.04102e-55
0.1	0.9	1.1	7.47853	1	3.14177e-55
0.1	0.9	1.12	7.47853	1	1.22755e-55
0.1	0.9	1.14	7.47853	1	4.79626e-56
0.1	0.9	1.16	7.47853	1	1.87399e-56
0.1	0.9	1.18	7.47853	1	7.32201e-57
0.1	0.9	1.2	7.47853	1	2.86084e-57
0.1	0.9	1.22	7.47853	1	1.11778e-57
0.1	0.9	1.24	7.47853	1	4.36738e-58
0.1	0.9	1.26	7.47853	1	1.70642e-58
0.1	0.9	1.28	7.47853	1	6.66729e-59
0.1	0.9	1.3	7.47853	1	2.60503e-59
0.1	0.9	1.32	7.47853	1	1.01783e-59
0.1	0.9	1.34	7.47853	1	3.97686e-60
0.1	0.9	1.36	7.47853	1	1.55383e-60
0.1	0.9	1.38	7.47853	1	6.07111e-61
0.1	0.9	1.4	7.47853	1	2.37209e-61
0.1	0.9	1.42	7.47853	1	9.2682e-62
0.1	0.9	1.44	7.47853	1	3.62126e-62
0.1	0.9	1.46	7.47853	1	1.41489e-62
0.1	0.9	1.48	7.47853	1	5.52824e-63
0.1	0.9	1.5	7.47853	1	2.15998e-63
0.1	0.9	1.52	7.47853	1	8.43946e-64
0.1	0.9	1.54	7.47853	1	3.29745e-64
0.1	0.9	1.56	7.47853	1	1.28837e-64
0.1	0.9	1.58	7.47853	1	5.03391e-65
0.1	0.9	1.6	7.47853	1	1.96684e-65
0.1	0.9	1.62	7.47853	1	7.68481e-66
0.1	0.9	1.64	7.47853	1	3.0026e-66
0.1	0.9	1.66	7.47853	1	1.17317e-66
0.1	0.9	1.68	7.47853	1	4.58379e-67
0.1	0.9	1.7	7.47853	1	1.79097e-67
0.1	0.9	1.72	7.47853	1	6.99765e-68
0.1	0.9	1.74	7.47853	1	2.73411e-68
0.1	0.9	1.76	7.47853	1	1.06827e-68
0.1	0.9	1.78	7.47853	1	4.17392e-69
0.1	0.9	1.8	7.47853	1	1.63083e-69
0.1	0.9	1.82	7.47853	1	6.37193e-70
0.1	0.9	1.84	7.47853	1	2.48963e-70
0.1	0.9	1.86	7.47853	1	9.72745e-71
0.1	0.9	1.88	7.47853	1	3.80069e-71
0.1	0.9	1.9	7.47853	1	1.485e-71
0.1	0.9	1.92	7.47853	1	5.80217e-72
0.1	0.9	1.94	7.47853	1	2.26701e-72
0.1	0.9	1.96	7.47853	1	8.85763e-73
0.1	0.9	1.98	7.47853	1	3.46084e-73
0.1	0.9	2	7.47853	1	1.35221e-73
0.1	0.9	2.02	7.47853	1	5.28335e-74
0.1	0.9	2.04	7.47853	1	2.0643e-74
0.1	0.9	2.06	7.47853	1	8.0656e-75
0.1	0.9	2.08	7.47853	1	3.15138e-75
0.1	0.9	2.1	7.47853	1	1.2313e-75
0.1	0.9	2.12	7.47853	1	4.81092e-76
0.1	0.9	2.14	7.47853	1	1.87971e-76
0.1	0.9	2.16	7.47853	1	7.34439e-77
0.1	0.9	2.18	7.47853	1	2.86959e-77
0.1	0.9	2.2	7.47853	1	1.1212e-77
0.1	0.9	2.22	7.47853	1	4.38074e-78
0.1	0.9	2.24	7.47853	1	1.71163e-78
0.1	0.9	2.26	7.47853	1	6.68767e-79
0.1	0.9	2.28	7.47853	1	2.61299e-79
0.1	0.9	2.3	7.47853	1	1.02094e-79
0.1	0.9	2.32	7.47853	1	3.98902e-80
0.1	0.9	2.34	7.47853	1	1.55858e-80
0.1	0.9	2.36	7.47853	1	6.08967e-81
0.1	0.9	2.38	7.47853	1	2.37934e-81
0.1	0.9	2.4	7.47853	1	9.29653e-82
0.1	0.9	2.42	7.47853	1	3.63233e-82
0.1	0.9	2.44	7.47853	1	1.41922e-82
0.1	0.9	2.46	7.47853	1	5.54514e-83
0.1	0.9	2.48	7.47853	1	2.16659e-83
0.1	0.9	2.5	7.47853	1	8.46525e-84
0.1	0.9	2.52	7.47853	1	3.30753e-84
0.1	0.9	2.54	7.47853	1	1.29231e-84
0.1	0.9	2.56	7.47853	1	5.0493e-85
0.1	0.9	2.58	7.47853	1	1.97285e-85
0.1	0.9	2.6	7.47853	1	7.70831e-86
0.1	0.9	2.62	7.47853	1	3.01178e-86
0.1	0.9	2.64	7.47853	1	1.17676e-86
0.1	0.9	2.66	7.47853	1	4.5978e-87
0.1	0.9	2.68	7.47853	1	1.79645e-87
0.1	0.9	2.7	7.47853	1	7.01904e-88
0.1	0.9	2.72	7.47853	1	2.74247e-88
0.1	0.9	2.74	7.47853	1	1.07153e-88
0.1	0.9	2.76	7.47853	1	4.18667e-89
0.1	0.9	2.78	7.47853	1	1.63581e-89
0.1	0.9	2.8	7.47853	1	6.39141e-90
0.1	0.9	2.82	7.47853	1	2.49724e-90
0.1	0.9	2.84	7.47853	1	9.75718e-91
0.1	0.9	2.86	7.47853	1	3.81231e-91
0.1	0.9	2.88	7.47853	1	1.48954e-91
0.1	0.9	2.9	7.47853	1	5.8199e-92
0.1	0.9	2.92	7.47853	1	2.27394e-92
0.1	0.9	2.94	7.47853	1	8.88471e-93
0.1	0.9	2.96	7.47853	1	3.47142e-93
0.1	0.9	2.98	7.47853	1	1.35635e-93
0.1	0.9	3	7.47853	1	5.2995e-94
0.1	0.9	3.02	7.47853	1	2.07061e-94
0.1	0.9	3.04	7.47853	1	8.09026e-95
0.1	0.9	3.06	7.47853	1	3.16101e-95
0.1	0.9	3.08	7.47853	1	1.23507e-95
0.1	0.9	3.1	7.47853	1	4.82563e-96
0.1	0.9	3.12	7.47853	1	1.88546e-96
0.1	0.9	3.14	7.47853	1	7.36684e-97
0.1	0.9	3.16	7.47853	1	2.87836e-97
0.1	0.9	3.18	7.47853	1	1.12463e-97
0.1	0.9	3.2	7.47853	1	4.39413e-98
0.1	0.9	3.22	7.47853	1	1.71687e-98
0.1	0.9	3.24	7.47853	1	6.70811e-99
0.1	0.9	3.26	7.47853	1	2.62098e-99
0.1	0.9	3.28	7.47853	1	1.02407e-99
0.1	0.9	3.3	7.47853	1	4.00121e-100
0.1	0.9	3.32	7.47853	1	1.56335e-100
0.1	0.9	3.34	7.47853	1	6.10828e-101
0.1	0.9	3.36	7.47853	1	2.38662e-101
0.1	0.9	3.38	7.47853	1	9.32495e-102
0.1	0.9	3.4	7.47853	1	3.64343e-102
0.1	0.9	3.42	7.47853	1	1.42355e-102
0.1	0.9	3.44	7.47853	1	5.56209e-103
0.1	0.9	3.46	7.47853	1	2.17321e-103
0.1	0.9	3.48	7.47853	1	8.49113e-104
0.1	0.9	3.5	7.47853	1	3.31764e-104
0.1	0.9	3.52	7.47853	1	1.29626e-104
0.1	0.9	3.54	7.47853	1	5.06474e-105
0.1	0.9	3.56	7.47853	1	1.97889e-105
0.1	0.9	3.58	7.47853	1	7.73187e-106
0.1	0.9	3.6	7.47853	1	3.02098e-106
0.1	0.9	3.62	7.47853	1	1.18035e-106
0.1	0.9	3.64	7.47853	1	4.61186e-107
0.1	0.9	3.66	7.47853	1	1.80194e-107
0.1	0.9	3.68	7.47853	1	7.0405e-108
0.1	0.9	3.7	7.47853	1	2.75085e-108
0.1	0.9	3.72	7.47853	1	1.07481e-108
0.1	0.9	3.74	7.47853	1	4.19947e-109
0.1	0.9	3.76	7.47853	1	1.64081e-109
0.1	0.9	3.78	7.47853	1	6.41095e-110
0.1	0.9	3.8	7.47853	1	2.50488e-110
0.1	0.9	3.82	7.47853	1	9.78701e-111
0.1	0.9	3.84	7.47853	1	3.82396e-111
0.1	0.9	3.86	7.47853	1	1.49409e-111
0.1	0.9	3.88	7.47853	1	5.83769e-112
0.1	0.9	3.9	7.47853	1	2.28089e-112
0.1	0.9	3.92	7.47853	1	8.91187e-113
0.1	0.9	3.94	7.47853	1	3.48203e-113
0.1	0.9	3.96	7.47853	1	1.36049e-113
0.1	0.9	3.98	7.47853	1	5.3157e-114
0.1	0.9	4	7.47853	1	2.07694e-114
0.1	0.9	4.02	7.47853	1	8.11499e-115
0.1	0.9	4.04	7.47853	1	3.17067e-115
0.1	0.9	4.06	7.47853	1	1.23884e-115
0.1	0.9	4.08	7.47853	1	4.84038e-116
0.1	0.9	4.1	7.47853	1	1.89122e-116
0.1	0.9	4.12	7.47853	1	7.38936e-117
0.1	0.9	4.14	7.47853	1	2.88716e-117
0.1	0.9	4.16	7.47853	1	1.12807e-117
0.1	0.9	4.18	7.47853	1	4.40756e-118
0.1	0.9	4.2	7.47853	1	1.72211e-118
0.1	0.9	4.22	7.47853	1	6.72861e-119
0.1	0.9	4.24	7.47853	1	2.62899e-119
0.1	0.9	4.26	7.47853	1	1.0272e-119
0.1	0.9	4.28	7.47853	1	4.01344e-120
0.1	0.9	4.3	7.47853	1	1.56813e-120
0.1	0.9	4.32	7.47853	1	6.12695e-121
0.1	0.9	4.34	7.47853	1	2.39391e-121
0.1	0.9	4.36	7.47853	1	9.35346e-122
0.1	0.9	4.38	7.47853	1	3.65457e-122
0.1	0.9	4.4	7.47853	1	1.42791e-122
0.1	0.9	4.42	7.47853	1	5.57909e-123
0.1	0.9	4.44	7.47853	1	2.17985e-123
0.1	0.9	4.46	7.47853	1	8.51709e-124
0.1	0.9	4.48	7.47853	1	3.32778e-124
0.1	0.9	4.5	7.47853	1	1.30023e-124
0.1	0.9	4.52	7.47853	1	5.08022e-125
0.1	0.9	4.54	7.47853	1	1.98493e-125
0.1	0.9	4.56	7.47853	1	7.7555e-126
0.1	0.9	4.58	7.47853	1	3.03022e-126
0.1	0.9	4.6	7.47853	1	1.18396e-126
0.1	0.9	4.62	7.47853	1	4.62595e-127
0.1	0.9	4.64	7.47853	1	1.80745e-127
0.1	0.9	4.66	7.47853	1	7.06202e-128
0.1	0.9	4.68	7.47853	1	2.75926e-128
0.1	0.9	4.7	7.47853	1	1.07809e-128
0.1	0.9	4.72	7.47853	1	4.21231e-129
0.1	0.9	4.74	7.47853	1	1.64583e-129
0.1	0.9	4.76	7.47853	1	6.43055e-130
0.1	0.9	4.78	7.47853	1	2.51253e-130
0.1	0.9	4.8	7.47853	1	9.81692e-131
0.1	0.9	4.82	7.47853	1	3.83565e-131
0.1	0.9	4.84	7.47853	1	1.49866e-131
0.1	0.9	4.86	7.47853	1	5.85554e-132
0.1	0.9	4.88	7.47853	1	2.28787e-132
0.1	0.9	4.9	7.47853	1	8.93911e-133
0.1	0.9	4.92	7.47853	1	3.49268e-133
0.1	0.9	4.94	7.47853	1	1.36465e-133
0.1	0.9	4.96	7.47853	1	5.33195e-134
0.1	0.9	4.98	7.47853	1	2.08329e-134
0.1	0.9	5	7.47853	1	8.13979e-135

# time step n_t = 1001	t = 1.001000e-02	(dt = 1.000000e-05)
# T/Tc	1-T/Tc	l	K	K/K0	G
0.95	0.05	0	7.47853	1	8.80373e-33
0.95	0.05	0.02	7.47853	1	3.43019e-33
0.95	0.05	0.04	7.47853	1	1.33651e-33
0.95	0.05	0.06	7.47853	1	5.20745e-34
0.95	0.05	0.08	7.47853	1	2.029e-34
0.95	0.05	0.1	7.47853	1	7.90577e-35
0.95	0.05	0.12	7.47853	1	3.08046e-35
0.95	0.05	0.14	7.47853	1	1.20033e-35
0.95	0.05	0.16	7.47853	1	4.67742e-36
0.95	0.05	0.18	7.47853	1	1.82282e-36
0.95	0.05	0.2	7.47853	1	7.10444e-37
0.95	0.05	0.22	7.47853	1	2.76936e-37
0.95	0.05	0.24	7.47853	1	1.07973e-37
0.95	0.05	0.26	7.47853	1	4.21078e-38
0.95	0.05	0.28	7.47853	1	1.64265e-38
0.95	0.05	0.3	7.47853	1	6.41036e-39
0.95	0.05	0.32	7.47853	1	2.50262e-39
0.95	0.05	0.34	7.47853	1	9.77437e-40
0.95	0.05	0.36	7.47853	1	3.81913e-40
0.95	0.05	0.38	7.47853	1	1.49283e-40
0.95	0.05	0.4	7.47853	1	5.83717e-41
0.95	0.05	0.42	7.47853	1	2.28304e-41
0.95	0.05	0.44	7.47853	1	8.93119e-42
0.95	0.05	0.46	7.47853	1	3.4943e-42
0.95	0.05	0.48	7.47853	1	1.36722e-42
0.95	0.05	0.5	7.47853	1	5.34957e-43
0.95	0.05	0.52	7.47853	1	2.09309e-43
0.95	0.05	0.54	7.47853	1	8.18912e-44
0.95	0.05	0.56	7.47853	1	3.20376e-44
0.95	0.05	0.58	7.47853	1	1.25329e-44
0.95	0.05	0.6	7.47853	1	4.90251e-45
0.95	0.05	0.62	7.47853	1	1.91759e-45
0.95	0.05	0.64	7.47853	1	7.50014e-46
0.95	0.05	0.66	7.47853	1	2.93331e-46
0.95	0.05	0.68	7.47853	1	1.14716e-46
0.95	0.05	0.7	7.47853	1	4.48609e-47
0.95	0.05	0.72	7.47853	1	1.75425e-47
0.95	0.05	0.74	7.47853	1	6.85961e-48
0.95	0.05	0.76	7.47853	1	2.68218e-48
0.95	0.05	0.78	7.47853	1	1.04872e-48
0.95	0.05	0.8	7.47853	1	4.10033e-49
0.95	0.05	0.82	7.47853	1	1.60311e-49
0.95	0.05	0.84	7.47853	1	6.26747e-50
0.95	0.05	0.86	7.47853	1	2.45025e-50
0.95	0.05	0.88	7.47853	1	9.57888e-51
0.95	0.05	0.9	7.47853	1	3.74463e-51
0.95	0.05	0.92	7.47853	1	1.46383e-51
0.95	0.05	0.94	7.47853	1	5.72222e-52
0.95	0.05	0.96	7.47853	1	2.2368e-52
0.95	0.05	0.98	7.47853	1	8.74343e-53
0.95	0.05	1	7.47853	1	3.41765e-53
0.95	0.05	1.02	7.47853	1	1.33587e-53
0.95	0.05	1.04	7.47853	1	5.22148e-54
0.95	0.05	1.06	7.47853	1	2.04087e-54
0.95	0.05	1.08	7.47853	1	7.97684e-55
0.95	0.05	1.1	7.47853	1	3.11774e-55
0.95	0.05	1.12	7.47853	1	1.21854e-55
0.95	0.05	1.14	7.47853	1	4.76253e-56
0.95	0.05	1.16	7.47853	1	1.86135e-56
0.95	0.05	1.18	7.47853	1	7.27466e-57
0.95	0.05	1.2	7.47853	1	2.8431e-57
0.95	0.05	1.22	7.47853	1	1.11113e-57
0.95	0.05	1.24	7.47853	1	4.34247e-58
0.95	0.05	1.26	7.47853	1	1.69708e-58
0.95	0.05	1.28	7.47853	1	6.63228e-59
0.95	0.05	1.3	7.47853	1	2.59191e-59
0.95	0.05	1.32	7.47853	1	1.01291e-59
0.95	0.05	1.34	7.47853	1	3.95842e-60
0.95	0.05	1.36	7.47853	1	1.54692e-60
0.95	0.05	1.38	7.47853	1	6.04519e-61
0.95	0.05	1.4	7.47853	1	2.36237e-61
0.95	0.05	1.42	7.47853	1	9.23176e-62
0.95	0.05	1.44	7.47853	1	3.60759e-62
0.95	0.05	1.46	7.47853	1	1.40977e-62
0.95	0.05	1.48	7.47853	1	5.50902e-63
0.95	0.05	1.5	7.47853	1	2.15278e-63
0.95	0.05	1.52	7.47853	1	8.41243e-64
0.95	0.05	1.54	7.47853	1	3.28731e-64
0.95	0.05	1.56	7.47853	1	1.28457e-64
0.95	0.05	1.58	7.47853	1	5.01965e-65
0.95	0.05	1.6	7.47853	1	1.96149e-65
0.95	0.05	1.62	7.47853	1	7.66475e-66
0.95	0.05	1.64	7.47853	1	2.99507e-66
0.95	0.05	1.66	7.47853	1	1.17035e-66
0.95	0.05	1.68	7.47853	1	4.5732e-67
0.95	0.05	1.7	7.47853	1	1.787e-67
0.95	0.05	1.72	7.47853	1	6.98274e-68
0.95	0.05	1.74	7.47853	1	2.72852e-68
0.95	0.05	1.76	7.47853	1	1.06617e-68
0.95	0.05	1.78	7.47853	1	4.16604e-69
0.95	0.05	1.8	7.47853	1	1.62787e-69
0.95	0.05	1.82	7.47853	1	6.36085e-70
0.95	0.05	1.84	7.47853	1	2.48547e-70
0.95	0.05	1.86	7.47853	1	9.71184e-71
0.95	0.05	1.88	7.47853	1	3.79483e-71
0.95	0.05	1.9	7.47853	1	1.4828e-71
0.95	0.05	1.92	7.47853	1	5.79392e-72
0.95	0.05	1.94	7.47853	1	2.26392e-72
0.95	0.05	1.96	7.47853	1	8.84602e-73
0.95	0.05	1.98	7.47853	1	3.45648e-73
0.95	0.05	2	7.47853	1	1.35058e-73
0.95	0.05	2.02	7.47853	1	5.27721e-74
0.95	0.05	2.04	7.47853	1	2.062e-74
0.95	0.05	2.06	7.47853	1	8.05696e-75
0.95	0.05	2.08	7.47853	1	3.14813e-75
0.95	0.05	2.1	7.47853	1	1.23008e-75
0.95	0.05	2.12	7.47853	1	4.80635e-76
0.95	0.05	2.14	7.47853	1	1.878e-76
0.95	0.05	2.16	7.47853	1	7.33795e-77
0.95	0.05	2.18	7.47853	1	2.86717e-77
0.95	0.05	2.2	7.47853	1	1.12029e-77
0.95	0.05	2.22	7.47853	1	4.37733e-78
0.95	0.05	2.24	7.47853	1	1.71036e-78
0.95	0.05	2.26	7.47853	1	6.68287e-79
0.95	0.05	2.28	7.47853	1	2.61119e-79
0.95	0.05	2.3	7.47853	1	1.02027e-79
0.95	0.05	2.32	7.47853	1	3.98648e-80
0.95	0.05	2.34	7.47853	1	1.55763e-80
0.95	0.05	2.36	7.47853	1	6.0861e-81
0.95	0.05	2.38	7.47853	1	2.378e-81
0.95	0.05	2.4	7.47853	1	9.29151e-82
0.95	0.05	2.42	7.47853	1	3.63044e-82
0.95	0.05	2.44	7.47853	1	1.41851e-82
0.95	0.05	2.46	7.47853	1	5.54248e-83
0.95	0.05	2.48	7.47853	1	2.16559e-83
0.95	0.05	2.5	7.47853	1	8.46151e-84
0.95	0.05	2.52	7.47853	1	3.30612e-84
0.95	0.05	2.54	7.47853	1	1.29178e-84
0.95	0.05	2.56	7.47853	1	5.04732e-85
0.95	0.05	2.58	7.47853	1	1.97211e-85
0.95	0.05	2.6	7.47853	1	7.70551e-86
0.95	0.05	2.62	7.47853	1	3.01073e-86
0.95	0.05	2.64	7.47853	1	1.17636e-86
0.95	0.05	2.66	7.47853	1	4.59633e-87
0.95	0.05	2.68	7.47853	1	1.79589e-87
0.95	0.05	2.7	7.47853	1	7.01696e-88
0.95	0.05	2.72	7.47853	1	2.74169e-88
0.95	0.05	2.74	7.47853	1	1.07124e-88
0.95	0.05	2.76	7.47853	1	4.18557e-89
0.95	0.05	2.78	7.47853	1	1.6354e-89
0.95	0.05	2.8	7.47853	1	6.38986e-90
0.95	0.05	2.82	7.47853	1	2.49666e-90
0.95	0.05	2.84	7.47853	1	9.755e-91
0.95	0.05	2.86	7.47853	1	3.81149e-91
0.95	0.05	2.88	7.47853	1	1.48923e-91
0.95	0.05	2.9	7.47853	1	5.81875e-92
0.95	0.05	2.92	7.47853	1	2.27351e-92
0.95	0.05	2.94	7.47853	1	8.88308e-93
0.95	0.05	2.96	7.47853	1	3.47081e-93
0.95	0.05	2.98	7.47853	1	1.35612e-93
0.95	0.05	3	7.47853	1	5.29864e-94
0.95	0.05	3.02	7.47853	1	2.07029e-94
0.95	0.05	3.04	7.47853	1	8.08904e-95
0.95	0.05	3.06	7.47853	1	3.16056e-95
0.95	0.05	3.08	7.47853	1	1.23489e-95
0.95	0.05	3.1	7.47853	1	4.82498e-96
0.95	0.05	3.12	7.47853	1	1.88522e-96
0.95	0.05	3.14	7.47853	1	7.36593e-97
0.95	0.05	3.16	7.47853	1	2.87802e-97
0.95	0.05	3.18	7.47853	1	1.1245e-97
0.95	0.05	3.2	7.47853	1	4.39365e-98
0.95	0.05	3.22	7.47853	1	1.71669e-98
0.95	0.05	3.24	7.47853	1	6.70743e-99
0.95	0.05	3.26	7.47853	1	2.62073e-99
0.95	0.05	3.28	7.47853	1	1.02397e-99
0.95	0.05	3.3	7.47853	1	4.00085e-100
0.95	0.05	3.32	7.47853	1	1.56321e-100
0.95	0.05	3.34	7.47853	1	6.10778e-101
0.95	0.05	3.36	7.47853	1	2.38643e-101
0.95	0.05	3.38	7.47853	1	9.32424e-102
0.95	0.05	3.4	7.47853	1	3.64316e-102
0.95	0.05	3.42	7.47853	1	1.42346e-102
0.95	0.05	3.44	7.47853	1	5.56171e-103
0.95	0.05	3.46	7.47853	1	2.17307e-103
0.95	0.05	3.48	7.47853	1	8.4906e-104
0.95	0.05	3.5	7.47853	1	3.31744e-104
0.95	0.05	3.52	7.47853	1	1.29619e-104
0.95	0.05	3.54	7.47853	1	5.06446e-105
0.95	0.05	3.56	7.47853	1	1.97878e-105
0.95	0.05	3.58	7.47853	1	7.73148e-106
0.95	0.05	3.6	7.47853	1	3.02084e-106
0.95	0.05	3.62	7.47853	1	1.1803e-106
0.95	0.05	3.64	7.47853	1	4.61165e-107
0.95	0.05	3.66	7.47853	1	1.80186e-107
0.95	0.05	3.68	7.47853	1	7.04021e-108
0.95	0.05	3.7	7.47853	1	2.75074e-108
0.95	0.05	3.72	7.47853	1	1.07477e-108
0.95	0.05	3.74	7.47853	1	4.19932e-109
0.95	0.05	3.76	7.47853	1	1.64075e-109
0.95	0.05	3.78	7.47853	1	6.41073e-110
0.95	0.05	3.8	7.47853	1	2.50479e-110
0.95	0.05	3.82	7.47853	1	9.7867e-111
0.95	0.05	3.84	7.47853	1	3.82385e-111
0.95	0.05	3.86	7.47853	1	1.49405e-111
0.95	0.05	3.88	7.47853	1	5.83753e-112
0.95	0.05	3.9	7.47853	1	2.28083e-112
0.95	0.05	3.92	7.47853	1	8.91164e-113
0.95	0.05	3.94	7.47853	1	3.48194e-113
0.95	0.05	3.96	7.47853	1	1.36046e-113
0.95	0.05	3.98	7.47853	1	5.31558e-114
0.95	0.05	4	7.47853	1	2.07689e-114
0.95	0.05	4.02	7.47853	1	8.11481e-115
0.95	0.05	4.04	7.47853	1	3.17061e-115
0.95	0.05	4.06	7.47853	1	1.23882e-115
0.95	0.05	4.08	7.47853	1	4.84029e-116
0.95	0.05	4.1	7.47853	1	1.89119e-116
0.95	0.05	4.12	7.47853	1	7.38923e-117
0.95	0.05	4.14	7.47853	1	2.88711e-117
0.95	0.05	4.16	7.47853	1	1.12805e-117
0.95	0.05	4.18	7.47853	1	4.40749e-118
0.95	0.05	4.2	7.47853	1	1.72209e-118
0.95	0.05	4.22	7.47853	1	6.72852e-119
0.95	0.05	4.24	7.47853	1	2.62896e-119
0.95	0.05	4.26	7.47853	1	1.02718e-119
0.95	0.05	4.28	7.47853	1	4.01339e-120
0.95	0.05	4.3	7.47853	1	1.56811e-120
0.95	0.05	4.32	7.47853	1	6.12688e-121
0.95	0.05	4.34	7.47853	1	2.39389e-121
0.95	0.05	4.36	7.47853	1	9.35336e-122
0.95	0.05	4.38	7.47853	1	3.65453e-122
0.95	0.05	4.4	7.47853	1	1.42789e-122
0.95	0.05	4.42	7.47853	1	5.57904e-123
0.95	0.05	4.44	7.47853	1	2.17983e-123
0.95	0.05	4.46	7.47853	1	8.51701e-124
0.95	0.05	4.48	7.47853	1	3.32775e-124
0.95	0.05	4.5	7.47853	1	1.30021e-124
0.95	0.05	4.52	7.47853	1	5.08018e-125
0.95	0.05	4.54	7.47853	1	1.98492e-125
0.95	0.05	4.56	7.47853	1	7.75545e-126
0.95	0.05	4.58	7.47853	1	3.0302e-126
0.95	0.05	4.6	7.47853	1	1.18395e-126
0.95	0.05	4.62	7.47853	1	4.62593e-127
0.95	0.05	4.64	7.47853	1	1.80743e-127
0.95	0.05	4.66	7.47853	1	7.06198e-128
0.95	0.05	4.68	7.47853	1	2.75925e-128
0.95	0.05	4.7	7.47853	1	1.07809e-128
0.95	0.05	4.72	7.47853	1	4.21229e-129
0.95	0.05	4.74	7.47853	1	1.64582e-129
0.95	0.05	4.76	7.47853	1	6.43052e-130
0.95	0.05	4.78	7.47853	1	2.51252e-130
0.95	0.05	4.8	7.47853	1	9.81688e-131
0.95	0.05	4.82	7.47853	1	3.83564e-131
0.95	0.05	4.84	7.47853	1	1.49865e-131
0.95	0.05	4.86	7.47853	1	1.67576e-123
0.95	0.05	4.88	7.47853	1	6.38898e-109
0.95	0.05	4.9	7.47853	1	1.29543e-94
0.95	0.05	4.92	7.47853	1	1.18644e-80
0.95	0.05	4.94	7.47853	1	3.84224e-67
0.95	0.05	4.96	7.47853	1	2.92163e-54
0.95	0.05	4.98	7.47853	1	2.26431e-42
0.95	0.05	5	7.47853	1	8.80373e-33

# time step n_t = 10001	t = 1.000100e-01	(dt = 1.000000e-05)
# T/Tc	1-T/Tc	l	K	K/K0	G
0.95	0.05	0	7.47853	1	8.80373e-33
0.95	0.05	0.02	7.47853	1	3.43019e-33
0.95	0.05	0.04	7.47853	1	1.3365e-33
0.95	0.05	0.06	7.47853	1	5.20738e-34
0.95	0.05	0.08	7.47853	1	2.02894e-34
0.95	0.05	0.1	7.47853	1	7.90535e-35
0.95	0.05	0.12	7.47853	1	3.08015e-35
0.95	0.05	0.14	7.47853	1	1.20011e-35
0.95	0.05	0.16	7.47853	1	4.67599e-36
0.95	0.05	0.18	7.47853	1	1.8219e-36
0.95	0.05	0.2	7.47853	1	7.09864e-37
0.95	0.05	0.22	7.47853	1	2.76583e-37
0.95	0.05	0.24	7.47853	1	1.07765e-37
0.95	0.05	0.26	7.47853	1	4.19883e-38
0.95	0.05	0.28	7.47853	1	1.63598e-38
0.95	0.05	0.3	7.47853	1	6.37426e-39
0.95	0.05	0.32	7.47853	1	2.48359e-39
0.95	0.05	0.34	7.47853	1	9.67679e-40
0.95	0.05	0.36	7.47853	1	3.77036e-40
0.95	0.05	0.38	7.47853	1	1.46904e-40
0.95	0.05	0.4	7.47853	1	5.72379e-41
0.95	0.05	0.42	7.47853	1	2.23015e-41
0.95	0.05	0.44	7.47853	1	8.68932e-42
0.95	0.05	0.46	7.47853	1	3.38561e-42
0.95	0.05	0.48	7.47853	1	1.31913e-42
0.95	0.05	0.5	7.47853	1	5.13971e-43
0.95	0.05	0.52	7.47853	1	2.00258e-43
0.95	0.05	0.54	7.47853	1	7.80261e-44
0.95	0.05	0.56	7.47853	1	3.04012e-44
0.95	0.05	0.58	7.47853	1	1.18452e-44
0.95	0.05	0.6	7.47853	1	4.61522e-45
0.95	0.05	0.62	7.47853	1	1.79822e-45
0.95	0.05	0.64	7.47853	1	7.00639e-46
0.95	0.05	0.66	7.47853	1	2.72989e-46
0.95	0.05	0.68	7.47853	1	1.06364e-46
0.95	0.05	0.7	7.47853	1	4.14427e-47
0.95	0.05	0.72	7.47853	1	1.61473e-47
0.95	0.05	0.74	7.47853	1	6.29145e-48
0.95	0.05	0.76	7.47853	1	2.45134e-48
0.95	0.05	0.78	7.47853	1	9.55119e-49
0.95	0.05	0.8	7.47853	1	3.72146e-49
0.95	0.05	0.82	7.47853	1	1.45002e-49
0.95	0.05	0.84	7.47853	1	5.64988e-50
0.95	0.05	0.86	7.47853	1	2.20148e-50
0.95	0.05	0.88	7.47853	1	8.57836e-51
0.95	0.05	0.9	7.47853	1	3.34284e-51
0.95	0.05	0.92	7.47853	1	1.30275e-51
0.95	0.05	0.94	7.47853	1	5.07752e-52
0.95	0.05	0.96	7.47853	1	1.9793e-52
0.95	0.05	0.98	7.47853	1	7.71726e-53
0.95	0.05	1	7.47853	1	3.00982e-53
0.95	0.05	1.02	7.47853	1	1.1743e-53
0.95	0.05	1.04	7.47853	1	4.58379e-54
0.95	0.05	1.06	7.47853	1	1.79029e-54
0.95	0.05	1.08	7.47853	1	6.99711e-55
0.95	0.05	1.1	7.47853	1	2.73688e-55
0.95	0.05	1.12	7.47853	1	1.07143e-55
0.95	0.05	1.14	7.47853	1	4.19817e-56
0.95	0.05	1.16	7.47853	1	1.64643e-56
0.95	0.05	1.18	7.47853	1	6.46234e-57
0.95	0.05	1.2	7.47853	1	2.53836e-57
0.95	0.05	1.22	7.47853	1	9.97625e-58
0.95	0.05	1.24	7.47853	1	3.92244e-58
0.95	0.05	1.26	7.47853	1	1.54254e-58
0.95	0.05	1.28	7.47853	1	6.06634e-59
0.95	0.05	1.3	7.47853	1	2.38536e-59
0.95	0.05	1.32	7.47853	1	9.37692e-60
0.95	0.05	1.34	7.47853	1	3.68473e-60
0.95	0.05	1.36	7.47853	1	1.44733e-60
0.95	0.05	1.38	7.47853	1	5.68244e-61
0.95	0.05	1.4	7.47853	1	2.23005e-61
0.95	0.05	1.42	7.47853	1	8.74813e-62
0.95	0.05	1.44	7.47853	1	3.43048e-62
0.95	0.05	1.46	7.47853	1	1.34478e-62
0.95	0.05	1.48	7.47853	1	5.27014e-63
0.95	0.05	1.5	7.47853	1	2.06482e-63
0.95	0.05	1.52	7.47853	1	8.08805e-64
0.95	0.05	1.54	7.47853	1	3.16753e-64
0.95	0.05	1.56	7.47853	1	1.24029e-64
0.95	0.05	1.58	7.47853	1	4.85577e-65
0.95	0.05	1.6	7.47853	1	1.90078e-65
0.95	0.05	1.62	7.47853	1	7.43966e-66
0.95	0.05	1.64	7.47853	1	2.91155e-66
0.95	0.05	1.66	7.47853	1	1.13934e-66
0.95	0.05	1.68	7.47853	1	4.45798e-67
0.95	0.05	1.7	7.47853	1	1.74416e-67
0.95	0.05	1.72	7.47853	1	6.82341e-68
0.95	0.05	1.74	7.47853	1	2.66922e-68
0.95	0.05	1.76	7.47853	1	1.04409e-68
0.95	0.05	1.78	7.47853	1	4.0838e-69
0.95	0.05	1.8	7.47853	1	1.59722e-69
0.95	0.05	1.82	7.47853	1	6.24659e-70
0.95	0.05	1.84	7.47853	1	2.44286e-70
0.95	0.05	1.86	7.47853	1	9.55289e-71
0.95	0.05	1.88	7.47853	1	3.73552e-71
0.95	0.05	1.9	7.47853	1	1.46066e-71
0.95	0.05	1.92	7.47853	1	5.71125e-72
0.95	0.05	1.94	7.47853	1	2.23304e-72
0.95	0.05	1.96	7.47853	1	8.73068e-73
0.95	0.05	1.98	7.47853	1	3.41339e-73
0.95	0.05	2	7.47853	1	1.33447e-73
0.95	0.05	2.02	7.47853	1	5.217e-74
0.95	0.05	2.04	7.47853	1	2.03949e-74
0.95	0.05	2.06	7.47853	1	7.97278e-75
0.95	0.05	2.08	7.47853	1	3.11665e-75
0.95	0.05	2.1	7.47853	1	1.21831e-75
0.95	0.05	2.12	7.47853	1	4.76228e-76
0.95	0.05	2.14	7.47853	1	1.86151e-76
0.95	0.05	2.16	7.47853	1	7.27624e-77
0.95	0.05	2.18	7.47853	1	2.84407e-77
0.95	0.05	2.2	7.47853	1	1.11165e-77
0.95	0.05	2.22	7.47853	1	4.34496e-78
0.95	0.05	2.24	7.47853	1	1.69823e-78
0.95	0.05	2.26	7.47853	1	6.63748e-79
0.95	0.05	2.28	7.47853	1	2.59419e-79
0.95	0.05	2.3	7.47853	1	1.0139e-79
0.95	0.05	2.32	7.47853	1	3.96263e-80
0.95	0.05	2.34	7.47853	1	1.54869e-80
0.95	0.05	2.36	7.47853	1	6.05262e-81
0.95	0.05	2.38	7.47853	1	2.36546e-81
0.95	0.05	2.4	7.47853	1	9.2445e-82
0.95	0.05	2.42	7.47853	1	3.61282e-82
0.95	0.05	2.44	7.47853	1	1.41191e-82
0.95	0.05	2.46	7.47853	1	5.51773e-83
0.95	0.05	2.48	7.47853	1	2.15631e-83
0.95	0.05	2.5	7.47853	1	8.42674e-84
0.95	0.05	2.52	7.47853	1	3.29309e-84
0.95	0.05	2.54	7.47853	1	1.2869e-84
0.95	0.05	2.56	7.47853	1	5.029e-85
0.95	0.05	2.58	7.47853	1	1.96524e-85
0.95	0.05	2.6	7.47853	1	7.67976e-86
0.95	0.05	2.62	7.47853	1	3.00107e-86
0.95	0.05	2.64	7.47853	1	1.17274e-86
0.95	0.05	2.66	7.47853	1	4.58275e-87
0.95	0.05	2.68	7.47853	1	1.7908e-87
0.95	0.05	2.7	7.47853	1	6.99786e-88
0.95	0.05	2.72	7.47853	1	2.73452e-88
0.95	0.05	2.74	7.47853	1	1.06855e-88
0.95	0.05	2.76	7.47853	1	4.1755e-89
0.95	0.05	2.78	7.47853	1	1.63162e-89
0.95	0.05	2.8	7.47853	1	6.37568e-90
0.95	0.05	2.82	7.47853	1	2.49134e-90
0.95	0.05	2.84	7.47853	1	9.73504e-91
0.95	0.05	2.86	7.47853	1	3.804e-91
0.95	0.05	2.88	7.47853	1	1.48642e-91
0.95	0.05	2.9	7.47853	1	5.80821e-92
0.95	0.05	2.92	7.47853	1	2.26956e-92
0.95	0.05	2.94	7.47853	1	8.86825e-93
0.95	0.05	2.96	7.47853	1	3.46524e-93
0.95	0.05	2.98	7.47853	1	1.35403e-93
0.95	0.05	3	7.47853	1	5.2908e-94
0.95	0.05	3.02	7.47853	1	2.06735e-94
0.95	0.05	3.04	7.47853	1	8.07802e-95
0.95	0.05	3.06	7.47853	1	3.15642e-95
0.95	0.05	3.08	7.47853	1	1.23334e-95
0.95	0.05	3.1	7.47853	1	4.81916e-96
0.95	0.05	3.12	7.47853	1	1.88303e-96
0.95	0.05	3.14	7.47853	1	7.35773e-97
0.95	0.05	3.16	7.47853	1	2.87494e-97
0.95	0.05	3.18	7.47853	1	1.12335e-97
0.95	0.05	3.2	7.47853	1	4.38931e-98
0.95	0.05	3.22	7.47853	1	1.71506e-98
0.95	0.05	3.24	7.47853	1	6.70133e-99
0.95	0.05	3.26	7.47853	1	2.61844e-99
0.95	0.05	3.28	7.47853	1	1.02311e-99
0.95	0.05	3.3	7.47853	1	3.99763e-100
0.95	0.05	3.32	7.47853	1	1.562e-100
0.95	0.05	3.34	7.47853	1	6.10323e-101
0.95	0.05	3.36	7.47853	1	2.38472e-101
0.95	0.05	3.38	7.47853	1	9.31784e-102
0.95	0.05	3.4	7.47853	1	3.64076e-102
0.95	0.05	3.42	7.47853	1	1.42255e-102
0.95	0.05	3.44	7.47853	1	5.55833e-103
0.95	0.05	3.46	7.47853	1	2.1718e-103
0.95	0.05	3.48	7.47853	1	8.48584e-104
0.95	0.05	3.5	7.47853	1	3.31565e-104
0.95	0.05	3.52	7.47853	1	1.29552e-104
0.95	0.05	3.54	7.47853	1	5.06194e-105
0.95	0.05	3.56	7.47853	1	1.97783e-105
0.95	0.05	3.58	7.47853	1	7.72792e-106
0.95	0.05	3.6	7.47853	1	3.0195e-106
0.95	0.05	3.62	7.47853	1	1.1798e-106
0.95	0.05	3.64	7.47853	1	4.60977e-107
0.95	0.05	3.66	7.47853	1	1.80115e-107
0.95	0.05	3.68	7.47853	1	7.03756e-108
0.95	0.05	3.7	7.47853	1	2.74975e-108
0.95	0.05	3.72	7.47853	1	1.07439e-108
0.95	0.05	3.74	7.47853	1	4.19792e-109
0.95	0.05	3.76	7.47853	1	1.64023e-109
0.95	0.05	3.78	7.47853	1	6.40876e-110
0.95	0.05	3.8	7.47853	1	2.50405e-110
0.95	0.05	3.82	7.47853	1	9.78392e-111
0.95	0.05	3.84	7.47853	1	3.8228e-111
0.95	0.05	3.86	7.47853	1	1.49366e-111
0.95	0.05	3.88	7.47853	1	5.83606e-112
0.95	0.05	3.9	7.47853	1	2.28028e-112
0.95	0.05	3.92	7.47853	1	8.90957e-113
0.95	0.05	3.94	7.47853	1	3.48117e-113
0.95	0.05	3.96	7.47853	1	1.36017e-113
0.95	0.05	3.98	7.47853	1	5.31448e-114
0.95	0.05	4	7.47853	1	2.07648e-114
0.95	0.05	4.02	7.47853	1	8.11327e-115
0.95	0.05	4.04	7.47853	1	3.17003e-115
0.95	0.05	4.06	7.47853	1	1.2386e-115
0.95	0.05	4.08	7.47853	1	4.83947e-116
0.95	0.05	4.1	7.47853	1	1.89088e-116
0.95	0.05	4.12	7.47853	1	7.38808e-117
0.95	0.05	4.14	7.47853	1	2.88668e-117
0.95	0.05	4.16	7.47853	1	1.12789e-117
0.95	0.05	4.18	7.47853	1	4.40688e-118
0.95	0.05	4.2	7.47853	1	1.72186e-118
0.95	0.05	4.22	7.47853	1	6.72766e-119
0.95	0.05	4.24	7.47853	1	2.62864e-119
0.95	0.05	4.26	7.47853	1	1.02706e-119
0.95	0.05	4.28	7.47853	1	4.01294e-120
0.95	0.05	4.3	7.47853	1	1.56794e-120
0.95	0.05	4.32	7.47853	1	6.12624e-121
0.95	0.05	4.34	7.47853	1	2.39365e-121
0.95	0.05	4.36	7.47853	1	9.35246e-122
0.95	0.05	4.38	7.47853	1	3.65419e-122
0.95	0.05	4.4	7.47853	1	1.42777e-122
0.95	0.05	4.42	7.47853	1	5.57856e-123
0.95	0.05	4.44	7.47853	1	2.17965e-123
0.95	0.05	4.46	7.47853	1	8.51634e-124
0.95	0.05	4.48	7.47853	1	3.3275e-124
0.95	0.05	4.5	7.47853	1	1.30012e-124
0.95	0.05	4.52	7.47853	1	5.07982e-125
0.95	0.05	4.54	7.47853	1	1.98479e-125
0.95	0.05	4.56	7.47853	1	7.75495e-126
0.95	0.05	4.58	7.47853	1	3.03001e-126
0.95	0.05	4.6	7.47853	1	1.18388e-126
0.95	0.05	4.62	7.47853	1	4.62566e-127
0.95	0.05	4.64	7.47853	1	1.80733e-127
0.95	0.05	4.66	7.47853	1	7.06161e-128
0.95	0.05	4.68	7.47853	1	2.75911e-128
0.95	0.05	4.7	7.47853	1	1.07804e-128
0.95	0.05	4.72	7.47853	1	4.21209e-129
0.95	0.05	4.74	7.47853	1	1.64574e-129
0.95	0.05	4.76	7.47853	1	6.43024e-130
0.95	0.05	4.78	7.47853	1	8.6311e-129
0.95	0.05	4.8	7.47853	1	1.49333e-118
0.95	0.05	4.82	7.47853	1	1.97772e-108
0.95	0.05	4.84	7.47853	1	1.8431e-98
0.95	0.05	4.86	7.47853	1	1.12907e-88
0.95	0.05	4.88	7.47853	1	4.16576e-79
0.95	0.05	4.9	7.47853	1	8.2402e-70
0.95	0.05	4.92	7.47853	1	7.42785e-61
0.95	0.05	4.94	7.47853	1	2.39247e-52
0.95	0.05	4.96	7.47853	1	1.83685e-44
0.95	0.05	4.98	7.47853	1	1.48793e-37
0.95	0.05	5	7.47853	1	8.80373e-33

# time step n_t = 100001	t = 1.000010e+00	(dt = 1.000000e-05)
# T/Tc	1-T/Tc	l	K	K/K0	G
0.95	0.05	0	7.47853	1	8.80373e-33
0.95	0.05	0.02	7.47853	1	3.43019e-33
0.95	0.05	0.04	7.47853	1	1.3365e-33
0.95	0.05	0.06	7.47853	1	5.20738e-34
0.95	0.05	0.08	7.47853	1	2.02894e-34
0.95	0.05	0.1	7.47853	1	7.90535e-35
0.95	0.05	0.12	7.47853	1	3.08015e-35
0.95	0.05	0.14	7.47853	1	1.20011e-35
0.95	0.05	0.16	7.47853	1	4.67599e-36
0.95	0.05	0.18	7.47853	1	1.8219e-36
0.95	0.05	0.2	7.47853	1	7.09864e-37
0.95	0.05	0.22	7.47853	1	2.76583e-37
0.95	0.05	0.24	7.47853	1	1.07765e-37
0.95	0.05	0.26	7.47853	1	4.19883e-38
0.95	0.05	0.28	7.47853	1	1.63598e-38
0.95	0.05	0.3	7.47853	1	6.37426e-39
0.95	0.05	0.32	7.47853	1	2.48359e-39
0.95	0.05	0.34	7.47853	1	9.67679e-40
0.95	0.05	0.36	7.47853	1	3.77036e-40
0.95	0.05	0.38	7.47853	1	1.46904e-40
0.95	0.05	0.4	7.47853	1	5.72379e-41
0.95	0.05	0.42	7.47853	1	2.23015e-41
0.95	0.05	0.44	7.47853	1	8.68932e-42
0.95	0.05	0.46	7.47853	1	3.38561e-42
0.95	0.05	0.48	7.47853	1	1.31913e-42
0.95	0.05	0.5	7.47853	1	5.13971e-43
0.95	0.05	0.52	7.47853	1	2.00258e-43
0.95	0.05	0.54	7.47853	1	7.80261e-44
0.95	0.05	0.56	7.47853	1	3.04012e-44
0.95	0.05	0.58	7.47853	1	1.18452e-44
0.95	0.05	0.6	7.47853	1	4.61522e-45
0.95	0.05	0.62	7.47853	1	1.79822e-45
0.95	0.05	0.64	7.47853	1	7.00639e-46
0.95	0.05	0.66	7.47853	1	2.72989e-46
0.95	0.05	0.68	7.47853	1	1.06364e-46
0.95	0.05	0.7	7.47853	1	4.14426e-47
0.95	0.05	0.72	7.47853	1	1.61472e-47
0.95	0.05	0.74	7.47853	1	6.29142e-48
0.95	0.05	0.76	7.47853	1	2.45132e-48
0.95	0.05	0.78	7.47853	1	9.55103e-49
0.95	0.05	0.8	7.47853	1	3.72136e-49
0.95	0.05	0.82	7.47853	1	1.44995e-49
0.95	0.05	0.84	7.47853	1	5.64941e-50
0.95	0.05	0.86	7.47853	1	2.20117e-50
0.95	0.05	0.88	7.47853	1	8.57639e-51
0.95	0.05	0.9	7.47853	1	3.34161e-51
0.95	0.05	0.92	7.47853	1	1.30199e-51
0.95	0.05	0.94	7.47853	1	5.07291e-52
0.95	0.05	0.96	7.47853	1	1.97655e-52
0.95	0.05	0.98	7.47853	1	7.70121e-53
0.95	0.05	1	7.47853	1	3.00061e-53
0.95	0.05	1.02	7.47853	1	1.16912e-53
0.95	0.05	1.04	7.47853	1	4.55524e-54
0.95	0.05	1.06	7.47853	1	1.77485e-54
0.95	0.05	1.08	7.47853	1	6.91534e-55
0.95	0.05	1.1	7.47853	1	2.69441e-55
0.95	0.05	1.12	7.47853	1	1.04982e-55
0.95	0.05	1.14	7.47853	1	4.0904e-56
0.95	0.05	1.16	7.47853	1	1.59374e-56
0.95	0.05	1.18	7.47853	1	6.20966e-57
0.95	0.05	1.2	7.47853	1	2.41946e-57
0.95	0.05	1.22	7.47853	1	9.42691e-58
0.95	0.05	1.24	7.47853	1	3.67299e-58
0.95	0.05	1.26	7.47853	1	1.4311e-58
0.95	0.05	1.28	7.47853	1	5.57599e-59
0.95	0.05	1.3	7.47853	1	2.17257e-59
0.95	0.05	1.32	7.47853	1	8.46494e-60
0.95	0.05	1.34	7.47853	1	3.29818e-60
0.95	0.05	1.36	7.47853	1	1.28507e-60
0.95	0.05	1.38	7.47853	1	5.00699e-61
0.95	0.05	1.4	7.47853	1	1.95086e-61
0.95	0.05	1.42	7.47853	1	7.60113e-62
0.95	0.05	1.44	7.47853	1	2.96162e-62
0.95	0.05	1.46	7.47853	1	1.15393e-62
0.95	0.05	1.48	7.47853	1	4.49604e-63
0.95	0.05	1.5	7.47853	1	1.75179e-63
0.95	0.05	1.52	7.47853	1	6.82547e-64
0.95	0.05	1.54	7.47853	1	2.6594e-64
0.95	0.05	1.56	7.47853	1	1.03618e-64
0.95	0.05	1.58	7.47853	1	4.03724e-65
0.95	0.05	1.6	7.47853	1	1.57303e-65
0.95	0.05	1.62	7.47853	1	6.12896e-66
0.95	0.05	1.64	7.47853	1	2.38802e-66
0.95	0.05	1.66	7.47853	1	9.3044e-67
0.95	0.05	1.68	7.47853	1	3.62526e-67
0.95	0.05	1.7	7.47853	1	1.41251e-67
0.95	0.05	1.72	7.47853	1	5.50353e-68
0.95	0.05	1.74	7.47853	1	2.14433e-68
0.95	0.05	1.76	7.47853	1	8.35494e-69
0.95	0.05	1.78	7.47853	1	3.25533e-69
0.95	0.05	1.8	7.47853	1	1.26837e-69
0.95	0.05	1.82	7.47853	1	4.94196e-70
0.95	0.05	1.84	7.47853	1	1.92555e-70
0.95	0.05	1.86	7.47853	1	7.50259e-71
0.95	0.05	1.88	7.47853	1	2.92329e-71
0.95	0.05	1.9	7.47853	1	1.13905e-71
0.95	0.05	1.92	7.47853	1	4.43836e-72
0.95	0.05	1.94	7.47853	1	1.72951e-72
0.95	0.05	1.96	7.47853	1	6.73988e-73
0.95	0.05	1.98	7.47853	1	2.62681e-73
0.95	0.05	2	7.47853	1	1.02394e-73
0.95	0.05	2.02	7.47853	1	3.9923e-74
0.95	0.05	2.04	7.47853	1	1.5571e-74
0.95	0.05	2.06	7.47853	1	6.07594e-75
0.95	0.05	2.08	7.47853	1	2.37238e-75
0.95	0.05	2.1	7.47853	1	9.27083e-76
0.95	0.05	2.12	7.47853	1	3.62671e-76
0.95	0.05	2.14	7.47853	1	1.4206e-76
0.95	0.05	2.16	7.47853	1	5.5732e-77
0.95	0.05	2.18	7.47853	1	2.19027e-77
0.95	0.05	2.2	7.47853	1	8.62413e-78
0.95	0.05	2.22	7.47853	1	3.40238e-78
0.95	0.05	2.24	7.47853	1	1.34484e-78
0.95	0.05	2.26	7.47853	1	5.32469e-79
0.95	0.05	2.28	7.47853	1	2.11112e-79
0.95	0.05	2.3	7.47853	1	8.37805e-80
0.95	0.05	2.32	7.47853	1	3.32636e-80
0.95	0.05	2.34	7.47853	1	1.32061e-80
0.95	0.05	2.36	7.47853	1	5.24026e-81
0.95	0.05	2.38	7.47853	1	2.07747e-81
0.95	0.05	2.4	7.47853	1	8.2262e-82
0.95	0.05	2.42	7.47853	1	3.25291e-82
0.95	0.05	2.44	7.47853	1	1.28449e-82
0.95	0.05	2.46	7.47853	1	5.06519e-83
0.95	0.05	2.48	7.47853	1	1.99486e-83
0.95	0.05	2.5	7.47853	1	7.84785e-84
0.95	0.05	2.52	7.47853	1	3.08447e-84
0.95	0.05	2.54	7.47853	1	1.21135e-84
0.95	0.05	2.56	7.47853	1	4.75426e-85
0.95	0.05	2.58	7.47853	1	1.86497e-85
0.95	0.05	2.6	7.47853	1	7.31266e-86
0.95	0.05	2.62	7.47853	1	2.86634e-86
0.95	0.05	2.64	7.47853	1	1.12319e-86
0.95	0.05	2.66	7.47853	1	4.40019e-87
0.95	0.05	2.68	7.47853	1	1.72344e-87
0.95	0.05	2.7	7.47853	1	6.749e-88
0.95	0.05	2.72	7.47853	1	2.64248e-88
0.95	0.05	2.74	7.47853	1	1.03447e-88
0.95	0.05	2.76	7.47853	1	4.0492e-89
0.95	0.05	2.78	7.47853	1	1.58478e-89
0.95	0.05	2.8	7.47853	1	6.20183e-90
0.95	0.05	2.82	7.47853	1	2.42677e-90
0.95	0.05	2.84	7.47853	1	9.49506e-91
0.95	0.05	2.86	7.47853	1	3.71476e-91
0.95	0.05	2.88	7.47853	1	1.45322e-91
0.95	0.05	2.9	7.47853	1	5.68462e-92
0.95	0.05	2.92	7.47853	1	2.22353e-92
0.95	0.05	2.94	7.47853	1	8.69677e-93
0.95	0.05	2.96	7.47853	1	3.40133e-93
0.95	0.05	2.98	7.47853	1	1.3302e-93
0.95	0.05	3	7.47853	1	5.20192e-94
0.95	0.05	3.02	7.47853	1	2.03419e-94
0.95	0.05	3.04	7.47853	1	7.95425e-95
0.95	0.05	3.06	7.47853	1	3.11021e-95
0.95	0.05	3.08	7.47853	1	1.21609e-95
0.95	0.05	3.1	7.47853	1	4.75471e-96
0.95	0.05	3.12	7.47853	1	1.85896e-96
0.95	0.05	3.14	7.47853	1	7.26776e-97
0.95	0.05	3.16	7.47853	1	2.84131e-97
0.95	0.05	3.18	7.47853	1	1.11077e-97
0.95	0.05	3.2	7.47853	1	4.3423e-98
0.95	0.05	3.22	7.47853	1	1.69748e-98
0.95	0.05	3.24	7.47853	1	6.63557e-99
0.95	0.05	3.26	7.47853	1	2.59384e-99
0.95	0.05	3.28	7.47853	1	1.01391e-99
0.95	0.05	3.3	7.47853	1	3.96318e-100
0.95	0.05	3.32	7.47853	1	1.54911e-100
0.95	0.05	3.34	7.47853	1	6.05497e-101
0.95	0.05	3.36	7.47853	1	2.36666e-101
0.95	0.05	3.38	7.47853	1	9.2502e-102
0.95	0.05	3.4	7.47853	1	3.61543e-102
0.95	0.05	3.42	7.47853	1	1.41307e-102
0.95	0.05	3.44	7.47853	1	5.5228e-103
0.95	0.05	3.46	7.47853	1	2.15849e-103
0.95	0.05	3.48	7.47853	1	8.43598e-104
0.95	0.05	3.5	7.47853	1	3.29698e-104
0.95	0.05	3.52	7.47853	1	1.28852e-104
0.95	0.05	3.54	7.47853	1	5.03572e-105
0.95	0.05	3.56	7.47853	1	1.96801e-105
0.95	0.05	3.58	7.47853	1	7.6911e-106
0.95	0.05	3.6	7.47853	1	3.0057e-106
0.95	0.05	3.62	7.47853	1	1.17462e-106
0.95	0.05	3.64	7.47853	1	4.59038e-107
0.95	0.05	3.66	7.47853	1	1.79389e-107
0.95	0.05	3.68	7.47853	1	7.01031e-108
0.95	0.05	3.7	7.47853	1	2.73953e-108
0.95	0.05	3.72	7.47853	1	1.07056e-108
0.95	0.05	3.74	7.47853	1	4.18356e-109
0.95	0.05	3.76	7.47853	1	1.63484e-109
0.95	0.05	3.78	7.47853	1	6.38857e-110
0.95	0.05	3.8	7.47853	1	2.49648e-110
0.95	0.05	3.82	7.47853	1	9.75553e-111
0.95	0.05	3.84	7.47853	1	3.81216e-111
0.95	0.05	3.86	7.47853	1	1.48966e-111
0.95	0.05	3.88	7.47853	1	5.82108e-112
0.95	0.05	3.9	7.47853	1	2.27466e-112
0.95	0.05	3.92	7.47853	1	8.8885e-113
0.95	0.05	3.94	7.47853	1	3.47326e-113
0.95	0.05	3.96	7.47853	1	1.3572e-113
0.95	0.05	3.98	7.47853	1	5.30336e-114
0.95	0.05	4	7.47853	1	2.07231e-114
0.95	0.05	4.02	7.47853	1	8.09762e-115
0.95	0.05	4.04	7.47853	1	3.16416e-115
0.95	0.05	4.06	7.47853	1	1.2364e-115
0.95	0.05	4.08	7.47853	1	4.8312e-116
0.95	0.05	4.1	7.47853	1	1.88778e-116
0.95	0.05	4.12	7.47853	1	7.37645e-117
0.95	0.05	4.14	7.47853	1	2.88231e-117
0.95	0.05	4.16	7.47853	1	1.12625e-117
0.95	0.05	4.18	7.47853	1	4.40074e-118
0.95	0.05	4.2	7.47853	1	1.71955e-118
0.95	0.05	4.22	7.47853	1	6.71901e-119
0.95	0.05	4.24	7.47853	1	2.62539e-119
0.95	0.05	4.26	7.47853	1	1.02584e-119
0.95	0.05	4.28	7.47853	1	4.00837e-120
0.95	0.05	4.3	7.47853	1	1.56622e-120
0.95	0.05	4.32	7.47853	1	6.11981e-121
0.95	0.05	4.34	7.47853	1	2.39123e-121
0.95	0.05	4.36	7.47853	1	9.34339e-122
0.95	0.05	4.38	7.47853	1	3.65079e-122
0.95	0.05	4.4	7.47853	1	1.42649e-122
0.95	0.05	4.42	7.47853	1	5.57377e-123
0.95	0.05	4.44	7.47853	1	2.17786e-123
0.95	0.05	4.46	7.47853	1	8.50959e-124
0.95	0.05	4.48	7.47853	1	3.32497e-124
0.95	0.05	4.5	7.47853	1	1.29917e-124
0.95	0.05	4.52	7.47853	1	5.07626e-125
0.95	0.05	4.54	7.47853	1	1.98345e-125
0.95	0.05	4.56	7.47853	1	7.74992e-126
0.95	0.05	4.58	7.47853	1	3.02812e-126
0.95	0.05	4.6	7.47853	1	1.29492e-126
0.95	0.05	4.62	7.47853	1	8.46551e-122
0.95	0.05	4.64	7.47853	1	6.00172e-116
0.95	0.05	4.66	7.47853	1	3.92576e-110
0.95	0.05	4.68	7.47853	1	2.33187e-104
0.95	0.05	4.7	7.47853	1	1.23557e-98
0.95	0.05	4.72	7.47853	1	5.72321e-93
0.95	0.05	4.74	7.47853	1	2.2647e-87
0.95	0.05	4.76	7.47853	1	7.45502e-82
0.95	0.05	4.78	7.47853	1	1.97944e-76
0.95	0.05	4.8	7.47853	1	4.08784e-71
0.95	0.05	4.82	7.47853	1	6.28702e-66
0.95	0.05	4.84	7.47853	1	6.83116e-61
0.95	0.05	4.86	7.47853	1	4.9122e-56
0.95	0.05	4.88	7.47853	1	2.15166e-51
0.95	0.05	4.9	7.47853	1	5.15049e-47
0.95	0.05	4.92	7.47853	1	5.81245e-43
0.95	0.05	4.94	7.47853	1	2.50371e-39
0.95	0.05	4.96	7.47853	1	2.98454e-36
0.95	0.05	4.98	7.47853	1	5.84869e-34
0.95	0.05	5	7.47853	1	8.80373e-33

# time step n_t = 1000001	t = 1.000001e+01	(dt = 1.000000e-05)
# T/Tc	1-T/Tc	l	K	K/K0	G
0.95	0.05	0	7.47853	1	8.80373e-33
0.95	0.05	0.02	7.47853	1	3.43019e-33
0.95	0.05	0.04	7.47853	1	1.3365e-33
0.95	0.05	0.06	7.47853	1	5.20738e-34
0.95	0.05	0.08	7.47853	1	2.02894e-34
0.95	0.05	0.1	7.47853	1	7.90535e-35
0.95	0.05	0.12	7.47853	1	3.08015e-35
0.95	0.05	0.14	7.47853	1	1.20011e-35
0.95	0.05	0.16	7.47853	1	4.67599e-36
0.95	0.05	0.18	7.47853	1	1.8219e-36
0.95	0.05	0.2	7.47853	1	7.09864e-37
0.95	0.05	0.22	7.47853	1	2.76583e-37
0.95	0.05	0.24	7.47853	1	1.07765e-37
0.95	0.05	0.26	7.47853	1	4.19883e-38
0.95	0.05	0.28	7.47853	1	1.63598e-38
0.95	0.05	0.3	7.47853	1	6.37426e-39
0.95	0.05	0.32	7.47853	1	2.48359e-39
0.95	0.05	0.34	7.47853	1	9.67679e-40
0.95	0.05	0.36	7.47853	1	3.77036e-40
0.95	0.05	0.38	7.47853	1	1.46904e-40
0.95	0.05	0.4	7.47853	1	5.72379e-41
0.95	0.05	0.42	7.47853	1	2.23015e-41
0.95	0.05	0.44	7.47853	1	8.68932e-42
0.95	0.05	0.46	7.47853	1	3.38561e-42
0.95	0.05	0.48	7.47853	1	1.31913e-42
0.95	0.05	0.5	7.47853	1	5.13971e-43
0.95	0.05	0.52	7.47853	1	2.00258e-43
0.95	0.05	0.54	7.47853	1	7.80261e-44
0.95	0.05	0.56	7.47853	1	3.04012e-44
0.95	0.05	0.58	7.47853	1	1.18452e-44
0.95	0.05	0.6	7.47853	1	4.61522e-45
0.95	0.05	0.62	7.47853	1	1.79822e-45
0.95	0.05	0.64	7.47853	1	7.00639e-46
0.95	0.05	0.66	7.47853	1	2.72989e-46
0.95	0.05	0.68	7.47853	1	1.06364e-46
0.95	0.05	0.7	7.47853	1	4.14426e-47
0.95	0.05	0.72	7.47853	1	1.61472e-47
0.95	0.05	0.74	7.47853	1	6.29142e-48
0.95	0.05	0.76	7.47853	1	2.45132e-48
0.95	0.05	0.78	7.47853	1	9.55103e-49
0.95	0.05	0.8	7.47853	1	3.72136e-49
0.95	0.05	0.82	7.47853	1	1.44995e-49
0.95	0.05	0.84	7.47853	1	5.64941e-50
0.95	0.05	0.86	7.47853	1	2.20117e-50
0.95	0.05	0.88	7.47853	1	8.57639e-51
0.95	0.05	0.9	7.47853	1	3.34161e-51
0.95	0.05	0.92	7.47853	1	1.30199e-51
0.95	0.05	0.94	7.47853	1	5.07291e-52
0.95	0.05	0.96	7.47853	1	1.97655e-52
0.95	0.05	0.98	7.47853	1	7.70121e-53
0.95	0.05	1	7.47853	1	3.00061e-53
0.95	0.05	1.02	7.47853	1	1.16912e-53
0.95	0.05	1.04	7.47853	1	4.55524e-54
0.95	0.05	1.06	7.47853	1	1.77485e-54
0.95	0.05	1.08	7.47853	1	6.91534e-55
0.95	0.05	1.1	7.47853	1	2.69441e-55
0.95	0.05	1.12	7.47853	1	1.04982e-55
0.95	0.05	1.14	7.47853	1	4.0904e-56
0.95	0.05	1.16	7.47853	1	1.59374e-56
0.95	0.05	1.18	7.47853	1	6.20966e-57
0.95	0.05	1.2	7.47853	1	2.41946e-57
0.95	0.05	1.22	7.47853	1	9.42691e-58
0.95	0.05	1.24	7.47853	1	3.67299e-58
0.95	0.05	1.26	7.47853	1	1.4311e-58
0.95	0.05	1.28	7.47853	1	5.57599e-59
0.95	0.05	1.3	7.47853	1	2.17257e-59
0.95	0.05	1.32	7.47853	1	8.46494e-60
0.95	0.05	1.34	7.47853	1	3.29818e-60
0.95	0.05	1.36	7.47853	1	1.28507e-60
0.95	0.05	1.38	7.47853	1	5.00699e-61
0.95	0.05	1.4	7.47853	1	1.95086e-61
0.95	0.05	1.42	7.47853	1	7.60113e-62
0.95	0.05	1.44	7.47853	1	2.96162e-62
0.95	0.05	1.46	7.47853	1	1.15393e-62
0.95	0.05	1.48	7.47853	1	4.49604e-63
0.95	0.05	1.5	7.47853	1	1.75179e-63
0.95	0.05	1.52	7.47853	1	6.82547e-64
0.95	0.05	1.54	7.47853	1	2.6594e-64
0.95	0.05	1.56	7.47853	1	1.03618e-64
0.95	0.05	1.58	7.47853	1	4.03724e-65
0.95	0.05	1.6	7.47853	1	1.57303e-65
0.95	0.05	1.62	7.47853	1	6.12896e-66
0.95	0.05	1.64	7.47853	1	2.38802e-66
0.95	0.05	1.66	7.47853	1	9.3044e-67
0.95	0.05	1.68	7.47853	1	3.62526e-67
0.95	0.05	1.7	7.47853	1	1.41251e-67
0.95	0.05	1.72	7.47853	1	5.50353e-68
0.95	0.05	1.74	7.47853	1	2.14433e-68
0.95	0.05	1.76	7.47853	1	8.35493e-69
0.95	0.05	1.78	7.47853	1	3.25532e-69
0.95	0.05	1.8	7.47853	1	1.26837e-69
0.95	0.05	1.82	7.47853	1	4.94192e-70
0.95	0.05	1.84	7.47853	1	1.92551e-70
0.95	0.05	1.86	7.47853	1	7.50235e-71
0.95	0.05	1.88	7.47853	1	2.92313e-71
0.95	0.05	1.9	7.47853	1	1.13893e-71
0.95	0.05	1.92	7.47853	1	4.43762e-72
0.95	0.05	1.94	7.47853	1	1.72902e-72
0.95	0.05	1.96	7.47853	1	6.73676e-73
0.95	0.05	1.98	7.47853	1	2.62484e-73
0.95	0.05	2	7.47853	1	1.02271e-73
0.95	0.05	2.02	7.47853	1	3.98478e-74
0.95	0.05	2.04	7.47853	1	1.55258e-74
0.95	0.05	2.06	7.47853	1	6.04931e-75
0.95	0.05	2.08	7.47853	1	2.35698e-75
0.95	0.05	2.1	7.47853	1	9.18348e-76
0.95	0.05	2.12	7.47853	1	3.57815e-76
0.95	0.05	2.14	7.47853	1	1.39415e-76
0.95	0.05	2.16	7.47853	1	5.432e-77
0.95	0.05	2.18	7.47853	1	2.11646e-77
0.95	0.05	2.2	7.47853	1	8.24635e-78
0.95	0.05	2.22	7.47853	1	3.21301e-78
0.95	0.05	2.24	7.47853	1	1.25188e-78
0.95	0.05	2.26	7.47853	1	4.87769e-79
0.95	0.05	2.28	7.47853	1	1.90049e-79
0.95	0.05	2.3	7.47853	1	7.40485e-80
0.95	0.05	2.32	7.47853	1	2.88514e-80
0.95	0.05	2.34	7.47853	1	1.12413e-80
0.95	0.05	2.36	7.47853	1	4.37994e-81
0.95	0.05	2.38	7.47853	1	1.70655e-81
0.95	0.05	2.4	7.47853	1	6.64922e-82
0.95	0.05	2.42	7.47853	1	2.59072e-82
0.95	0.05	2.44	7.47853	1	1.00942e-82
0.95	0.05	2.46	7.47853	1	3.93299e-83
0.95	0.05	2.48	7.47853	1	1.53241e-83
0.95	0.05	2.5	7.47853	1	5.97069e-84
0.95	0.05	2.52	7.47853	1	2.32635e-84
0.95	0.05	2.54	7.47853	1	9.06414e-85
0.95	0.05	2.56	7.47853	1	3.53165e-85
0.95	0.05	2.58	7.47853	1	1.37603e-85
0.95	0.05	2.6	7.47853	1	5.36141e-86
0.95	0.05	2.62	7.47853	1	2.08896e-86
0.95	0.05	2.64	7.47853	1	8.13918e-87
0.95	0.05	2.66	7.47853	1	3.17126e-87
0.95	0.05	2.68	7.47853	1	1.23561e-87
0.95	0.05	2.7	7.47853	1	4.8143e-88
0.95	0.05	2.72	7.47853	1	1.87579e-88
0.95	0.05	2.74	7.47853	1	7.30861e-89
0.95	0.05	2.76	7.47853	1	2.84765e-89
0.95	0.05	2.78	7.47853	1	1.10952e-89
0.95	0.05	2.8	7.47853	1	4.32302e-90
0.95	0.05	2.82	7.47853	1	1.68437e-90
0.95	0.05	2.84	7.47853	1	6.56281e-91
0.95	0.05	2.86	7.47853	1	2.55706e-91
0.95	0.05	2.88	7.47853	1	9.96304e-92
0.95	0.05	2.9	7.47853	1	3.88189e-92
0.95	0.05	2.92	7.47853	1	1.5125e-92
0.95	0.05	2.94	7.47853	1	5.89316e-93
0.95	0.05	2.96	7.47853	1	2.29616e-93
0.95	0.05	2.98	7.47853	1	8.94665e-94
0.95	0.05	3	7.47853	1	3.48597e-94
0.95	0.05	3.02	7.47853	1	1.3583e-94
0.95	0.05	3.04	7.47853	1	5.29274e-95
0.95	0.05	3.06	7.47853	1	2.06248e-95
0.95	0.05	3.08	7.47853	1	8.03776e-96
0.95	0.05	3.1	7.47853	1	3.13285e-96
0.95	0.05	3.12	7.47853	1	1.22133e-96
0.95	0.05	3.14	7.47853	1	4.76277e-97
0.95	0.05	3.16	7.47853	1	1.85816e-97
0.95	0.05	3.18	7.47853	1	7.25409e-98
0.95	0.05	3.2	7.47853	1	2.83446e-98
0.95	0.05	3.22	7.47853	1	1.10887e-98
0.95	0.05	3.24	7.47853	1	4.34476e-99
0.95	0.05	3.26	7.47853	1	1.70572e-99
0.95	0.05	3.28	7.47853	1	6.71251e-100
0.95	0.05	3.3	7.47853	1	2.64891e-100
0.95	0.05	3.32	7.47853	1	1.04854e-100
0.95	0.05	3.34	7.47853	1	4.16391e-101
0.95	0.05	3.36	7.47853	1	1.65882e-101
0.95	0.05	3.38	7.47853	1	6.62763e-102
0.95	0.05	3.4	7.47853	1	2.65432e-102
0.95	0.05	3.42	7.47853	1	1.06482e-102
0.95	0.05	3.44	7.47853	1	4.2752e-103
0.95	0.05	3.46	7.47853	1	1.71635e-103
0.95	0.05	3.48	7.47853	1	6.88414e-104
0.95	0.05	3.5	7.47853	1	2.7566e-104
0.95	0.05	3.52	7.47853	1	1.10139e-104
0.95	0.05	3.54	7.47853	1	4.38946e-105
0.95	0.05	3.56	7.47853	1	1.74473e-105
0.95	0.05	3.58	7.47853	1	6.91705e-106
0.95	0.05	3.6	7.47853	1	2.73579e-106
0.95	0.05	3.62	7.47853	1	1.0798e-106
0.95	0.05	3.64	7.47853	1	4.25448e-107
0.95	0.05	3.66	7.47853	1	1.67394e-107
0.95	0.05	3.68	7.47853	1	6.57883e-108
0.95	0.05	3.7	7.47853	1	2.58335e-108
0.95	0.05	3.72	7.47853	1	1.01375e-108
0.95	0.05	3.74	7.47853	1	3.97603e-109
0.95	0.05	3.76	7.47853	1	1.55881e-109
0.95	0.05	3.78	7.47853	1	6.10927e-110
0.95	0.05	3.8	7.47853	1	2.39369e-110
0.95	0.05	3.82	7.47853	1	9.37657e-111
0.95	0.05	3.84	7.47853	1	3.67239e-111
0.95	0.05	3.86	7.47853	1	1.44151e-111
0.95	0.05	3.88	7.47853	1	6.57079e-112
0.95	0.05	3.9	7.47853	1	2.80827e-111
0.95	0.05	3.92	7.47853	1	7.42113e-110
0.95	0.05	3.94	7.47853	1	2.21046e-108
0.95	0.05	3.96	7.47853	1	6.8587e-107
0.95	0.05	3.98	7.47853	1	2.2131e-105
0.95	0.05	4	7.47853	1	7.42095e-104
0.95	0.05	4.02	7.47853	1	2.58402e-102
0.95	0.05	4.04	7.47853	1	9.33586e-101
0.95	0.05	4.06	7.47853	1	3.4966e-99
0.95	0.05	4.08	7.47853	1	1.35627e-97
0.95	0.05	4.1	7.47853	1	5.44238e-96
0.95	0.05	4.12	7.47853	1	2.25669e-94
0.95	0.05	4.14	7.47853	1	9.65714e-93
0.95	0.05	4.16	7.47853	1	4.25917e-91
0.95	0.05	4.18	7.47853	1	1.93313e-89
0.95	0.05	4.2	7.47853	1	9.01497e-88
0.95	0.05	4.22	7.47853	1	4.31208e-86
0.95	0.05	4.24	7.47853	1	2.11166e-84
0.95	0.05	4.26	7.47853	1	1.05659e-82
0.95	0.05	4.28	7.47853	1	5.39021e-81
0.95	0.05	4.3	7.47853	1	2.79713e-79
0.95	0.05	4.32	7.47853	1	1.47281e-77
0.95	0.05	4.34	7.47853	1	7.84785e-76
0.95	0.05	4.36	7.47853	1	4.21962e-74
0.95	0.05	4.38	7.47853	1	2.28231e-72
0.95	0.05	4.4	7.47853	1	1.23769e-70
0.95	0.05	4.42	7.47853	1	6.70555e-69
0.95	0.05	4.44	7.47853	1	3.61558e-67
0.95	0.05	4.46	7.47853	1	1.93218e-65
0.95	0.05	4.48	7.47853	1	1.01887e-63
0.95	0.05	4.5	7.47853	1	5.27604e-62
0.95	0.05	4.52	7.47853	1	2.66922e-60
0.95	0.05	4.54	7.47853	1	1.31201e-58
0.95	0.05	4.56	7.47853	1	6.22821e-57
0.95	0.05	4.58	7.47853	1	2.83699e-55
0.95	0.05	4.6	7.47853	1	1.23137e-53
0.95	0.05	4.62	7.47853	1	5.0545e-52
0.95	0.05	4.64	7.47853	1	1.94617e-50
0.95	0.05	4.66	7.47853	1	6.96714e-49
0.95	0.05	4.68	7.47853	1	2.2969e-47
0.95	0.05	4.7	7.47853	1	6.90131e-46
0.95	0.05	4.72	7.47853	1	1.86869e-44
0.95	0.05	4.74	7.47853	1	4.50459e-43
0.95	0.05	4.76	7.47853	1	9.53993e-42
0.95	0.05	4.78	7.47853	1	1.74983e-40
0.95	0.05	4.8	7.47853	1	2.7372e-39
0.95	0.05	4.82	7.47853	1	3.59151e-38
0.95	0.05	4.84	7.47853	1	3.88357e-37
0.95	0.05	4.86	7.47853	1	3.39681e-36
0.95	0.05	4.88	7.47853	1	2.35731e-35
0.95	0.05	4.9	7.47853	1	1.27311e-34
0.95	0.05	4.92	7.47853	1	5.25378e-34
0.95	0.05	4.94	7.47853	1	1.6317e-33
0.95	0.05	4.96	7.47853	1	3.78177e-33
0.95	0.05	4.98	7.47853	1	6.57163e-33
0.95	0.05	5	7.47853	1	8.80373e-33

# time step n_t = 10000000	t = 1.000000e+02	(dt = 1.000000e-05)
# T/Tc	1-T/Tc	l	K	K/K0	G
0.95	0.05	0	7.47853	1	8.80373e-33
0.95	0.05	0.02	7.47853	1	3.4302e-33
0.95	0.05	0.04	7.47853	1	1.33652e-33
0.95	0.05	0.06	7.47853	1	5.20757e-34
0.95	0.05	0.08	7.47853	1	2.02914e-34
0.95	0.05	0.1	7.47853	1	7.90736e-35
0.95	0.05	0.12	7.47853	1	3.08218e-35
0.95	0.05	0.14	7.47853	1	1.20214e-35
0.95	0.05	0.16	7.47853	1	4.69631e-36
0.95	0.05	0.18	7.47853	1	1.84223e-36
0.95	0.05	0.2	7.47853	1	7.302e-37
0.95	0.05	0.22	7.47853	1	2.96924e-37
0.95	0.05	0.24	7.47853	1	1.2811e-37
0.95	0.05	0.26	7.47853	1	6.23382e-38
0.95	0.05	0.28	7.47853	1	3.67144e-38
0.95	0.05	0.3	7.47853	1	2.67335e-38
0.95	0.05	0.32	7.47853	1	2.28477e-38
0.95	0.05	0.34	7.47853	1	2.13369e-38
0.95	0.05	0.36	7.47853	1	2.07515e-38
0.95	0.05	0.38	7.47853	1	2.05269e-38
0.95	0.05	0.4	7.47853	1	2.0443e-38
0.95	0.05	0.42	7.47853	1	2.0414e-38
0.95	0.05	0.44	7.47853	1	2.04066e-38
0.95	0.05	0.46	7.47853	1	2.04077e-38
0.95	0.05	0.48	7.47853	1	2.04124e-38
0.95	0.05	0.5	7.47853	1	2.04186e-38
0.95	0.05	0.52	7.47853	1	2.04256e-38
0.95	0.05	0.54	7.47853	1	2.0433e-38
0.95	0.05	0.56	7.47853	1	2.04409e-38
0.95	0.05	0.58	7.47853	1	2.04491e-38
0.95	0.05	0.6	7.47853	1	2.04577e-38
0.95	0.05	0.62	7.47853	1	2.04666e-38
0.95	0.05	0.64	7.47853	1	2.04759e-38
0.95	0.05	0.66	7.47853	1	2.04856e-38
0.95	0.05	0.68	7.47853	1	2.04956e-38
0.95	0.05	0.7	7.47853	1	2.05061e-38
0.95	0.05	0.72	7.47853	1	2.0517e-38
0.95	0.05	0.74	7.47853	1	2.05284e-38
0.95	0.05	0.76	7.47853	1	2.05403e-38
0.95	0.05	0.78	7.47853	1	2.05526e-38
0.95	0.05	0.8	7.47853	1	2.05654e-38
0.95	0.05	0.82	7.47853	1	2.05788e-38
0.95	0.05	0.84	7.47853	1	2.05927e-38
0.95	0.05	0.86	7.47853	1	2.06072e-38
0.95	0.05	0.88	7.47853	1	2.06224e-38
0.95	0.05	0.9	7.47853	1	2.06381e-38
0.95	0.05	0.92	7.47853	1	2.06545e-38
0.95	0.05	0.94	7.47853	1	2.06715e-38
0.95	0.05	0.96	7.47853	1	2.06893e-38
0.95	0.05	0.98	7.47853	1	2.07078e-38
0.95	0.05	1	7.47853	1	2.07271e-38
0.95	0.05	1.02	7.47853	1	2.07472e-38
0.95	0.05	1.04	7.47853	1	2.07681e-38
0.95	0.05	1.06	7.47853	1	2.079e-38
0.95	0.05	1.08	7.47853	1	2.08127e-38
0.95	0.05	1.1	7.47853	1	2.08363e-38
0.95	0.05	1.12	7.47853	1	2.0861e-38
0.95	0.05	1.14	7.47853	1	2.08867e-38
0.95	0.05	1.16	7.47853	1	2.09135e-38
0.95	0.05	1.18	7.47853	1	2.09413e-38
0.95	0.05	1.2	7.47853	1	2.09704e-38
0.95	0.05	1.22	7.47853	1	2.10007e-38
0.95	0.05	1.24	7.47853	1	2.10323e-38
0.95	0.05	1.26	7.47853	1	2.10652e-38
0.95	0.05	1.28	7.47853	1	2.10995e-38
0.95	0.05	1.3	7.47853	1	2.11352e-38
0.95	0.05	1.32	7.47853	1	2.11725e-38
0.95	0.05	1.34	7.47853	1	2.12113e-38
0.95	0.05	1.36	7.47853	1	2.12518e-38
0.95	0.05	1.38	7.47853	1	2.1294e-38
0.95	0.05	1.4	7.47853	1	2.1338e-38
0.95	0.05	1.42	7.47853	1	2.13839e-38
0.95	0.05	1.44	7.47853	1	2.14318e-38
0.95	0.05	1.46	7.47853	1	2.14817e-38
0.95	0.05	1.48	7.47853	1	2.15338e-38
0.95	0.05	1.5	7.47853	1	2.15881e-38
0.95	0.05	1.52	7.47853	1	2.16447e-38
0.95	0.05	1.54	7.47853	1	2.17038e-38
0.95	0.05	1.56	7.47853	1	2.17655e-38
0.95	0.05	1.58	7.47853	1	2.18298e-38
0.95	0.05	1.6	7.47853	1	2.1897e-38
0.95	0.05	1.62	7.47853	1	2.19671e-38
0.95	0.05	1.64	7.47853	1	2.20402e-38
0.95	0.05	1.66	7.47853	1	2.21166e-38
0.95	0.05	1.68	7.47853	1	2.21963e-38
0.95	0.05	1.7	7.47853	1	2.22796e-38
0.95	0.05	1.72	7.47853	1	2.23665e-38
0.95	0.05	1.74	7.47853	1	2.24573e-38
0.95	0.05	1.76	7.47853	1	2.25521e-38
0.95	0.05	1.78	7.47853	1	2.26512e-38
0.95	0.05	1.8	7.47853	1	2.27548e-38
0.95	0.05	1.82	7.47853	1	2.2863e-38
0.95	0.05	1.84	7.47853	1	2.29761e-38
0.95	0.05	1.86	7.47853	1	2.30944e-38
0.95	0.05	1.88	7.47853	1	2.3218e-38
0.95	0.05	1.9	7.47853	1	2.33473e-38
0.95	0.05	1.92	7.47853	1	2.34826e-38
0.95	0.05	1.94	7.47853	1	2.36241e-38
0.95	0.05	1.96	7.47853	1	2.37722e-38
0.95	0.05	1.98	7.47853	1	2.39272e-38
0.95	0.05	2	7.47853	1	2.40895e-38
0.95	0.05	2.02	7.47853	1	2.42594e-38
0.95	0.05	2.04	7.47853	1	2.44374e-38
0.95	0.05	2.06	7.47853	1	2.46238e-38
0.95	0.05	2.08	7.47853	1	2.48192e-38
0.95	0.05	2.1	7.47853	1	2.5024e-38
0.95	0.05	2.12	7.47853	1	2.52388e-38
0.95	0.05	2.14	7.47853	1	2.5464e-38
0.95	0.05	2.16	7.47853	1	2.57003e-38
0.95	0.05	2.18	7.47853	1	2.59483e-38
0.95	0.05	2.2	7.47853	1	2.62087e-38
0.95	0.05	2.22	7.47853	1	2.64821e-38
0.95	0.05	2.24	7.47853	1	2.67693e-38
0.95	0.05	2.26	7.47853	1	2.70712e-38
0.95	0.05	2.28	7.47853	1	2.73886e-38
0.95	0.05	2.3	7.47853	1	2.77224e-38
0.95	0.05	2.32	7.47853	1	2.80736e-38
0.95	0.05	2.34	7.47853	1	2.84433e-38
0.95	0.05	2.36	7.47853	1	2.88326e-38
0.95	0.05	2.38	7.47853	1	2.92428e-38
0.95	0.05	2.4	7.47853	1	2.96752e-38
0.95	0.05	2.42	7.47853	1	3.01312e-38
0.95	0.05	2.44	7.47853	1	3.06124e-38
0.95	0.05	2.46	7.47853	1	3.11204e-38
0.95	0.05	2.48	7.47853	1	3.1657e-38
0.95	0.05	2.5	7.47853	1	3.22241e-38
0.95	0.05	2.52	7.47853	1	3.28238e-38
0.95	0.05	2.54	7.47853	1	3.34585e-38
0.95	0.05	2.56	7.47853	1	3.41305e-38
0.95	0.05	2.58	7.47853	1	3.48425e-38
0.95	0.05	2.6	7.47853	1	3.55974e-38
0.95	0.05	2.62	7.47853	1	3.63985e-38
0.95	0.05	2.64	7.47853	1	3.7249e-38
0.95	0.05	2.66	7.47853	1	3.81528e-38
0.95	0.05	2.68	7.47853	1	3.91139e-38
0.95	0.05	2.7	7.47853	1	4.01369e-38
0.95	0.05	2.72	7.47853	1	4.12266e-38
0.95	0.05	2.74	7.47853	1	4.23883e-38
0.95	0.05	2.76	7.47853	1	4.36281e-38
0.95	0.05	2.78	7.47853	1	4.49522e-38
0.95	0.05	2.8	7.47853	1	4.63679e-38
0.95	0.05	2.82	7.47853	1	4.78829e-38
0.95	0.05	2.84	7.47853	1	4.95059e-38
0.95	0.05	2.86	7.47853	1	5.12465e-38
0.95	0.05	2.88	7.47853	1	5.31152e-38
0.95	0.05	2.9	7.47853	1	5.51236e-38
0.95	0.05	2.92	7.47853	1	5.72849e-38
0.95	0.05	2.94	7.47853	1	5.96134e-38
0.95	0.05	2.96	7.47853	1	6.21251e-38
0.95	0.05	2.98	7.47853	1	6.48379e-38
0.95	0.05	3	7.47853	1	6.77719e-38
0.95	0.05	3.02	7.47853	1	7.09492e-38
0.95	0.05	3.04	7.47853	1	7.43951e-38
0.95	0.05	3.06	7.47853	1	7.81374e-38
0.95	0.05	3.08	7.47853	1	8.22078e-38
0.95	0.05	3.1	7.47853	1	8.66418e-38
0.95	0.05	3.12	7.47853	1	9.14793e-38
0.95	0.05	3.14	7.47853	1	9.67656e-38
0.95	0.05	3.16	7.47853	1	1.02552e-37
0.95	0.05	3.18	7.47853	1	1.08896e-37
0.95	0.05	3.2	7.47853	1	1.15865e-37
0.95	0.05	3.22	7.47853	1	1.23532e-37
0.95	0.05	3.24	7.47853	1	1.31984e-37
0.95	0.05	3.26	7.47853	1	1.41318e-37
0.95	0.05	3.28	7.47853	1	1.51646e-37
0.95	0.05	3.3	7.47853	1	1.63096e-37
0.95	0.05	3.32	7.47853	1	1.75817e-37
0.95	0.05	3.34	7.47853	1	1.89977e-37
0.95	0.05	3.36	7.47853	1	2.05773e-37
0.95	0.05	3.38	7.47853	1	2.23431e-37
0.95	0.05	3.4	7.47853	1	2.43214e-37
0.95	0.05	3.42	7.47853	1	2.65426e-37
0.95	0.05	3.44	7.47853	1	2.90423e-37
0.95	0.05	3.46	7.47853	1	3.18617e-37
0.95	0.05	3.48	7.47853	1	3.50493e-37
0.95	0.05	3.5	7.47853	1	3.86617e-37
0.95	0.05	3.52	7.47853	1	4.27652e-37
0.95	0.05	3.54	7.47853	1	4.74381e-37
0.95	0.05	3.56	7.47853	1	5.27723e-37
0.95	0.05	3.58	7.47853	1	5.88769e-37
0.95	0.05	3.6	7.47853	1	6.58804e-37
0.95	0.05	3.62	7.47853	1	7.39358e-37
0.95	0.05	3.64	7.47853	1	8.32247e-37
0.95	0.05	3.66	7.47853	1	9.39635e-37
0.95	0.05	3.68	7.47853	1	1.06411e-36
0.95	0.05	3.7	7.47853	1	1.20875e-36
0.95	0.05	3.72	7.47853	1	1.37728e-36
0.95	0.05	3.74	7.47853	1	1.57413e-36
0.95	0.05	3.76	7.47853	1	1.80468e-36
0.95	0.05	3.78	7.47853	1	2.07536e-36
0.95	0.05	3.8	7.47853	1	2.39399e-36
0.95	0.05	3.82	7.47853	1	2.77e-36
0.95	0.05	3.84	7.47853	1	3.21484e-36
0.95	0.05	3.86	7.47853	1	3.74238e-36
0.95	0.05	3.88	7.47853	1	4.36951e-36
0.95	0.05	3.9	7.47853	1	5.11677e-36
0.95	0.05	3.92	7.47853	1	6.00922e-36
0.95	0.05	3.94	7.47853	1	7.07742e-36
0.95	0.05	3.96	7.47853	1	8.35869e-36
0.95	0.05	3.98	7.47853	1	9.89866e-36
0.95	0.05	4	7.47853	1	1.17531e-35
0.95	0.05	4.02	7.47853	1	1.39903e-35
0.95	0.05	4.04	7.47853	1	1.66939e-35
0.95	0.05	4.06	7.47853	1	1.99659e-35
0.95	0.05	4.08	7.47853	1	2.39314e-35
0.95	0.05	4.1	7.47853	1	2.87433e-35
0.95	0.05	4.12	7.47853	1	3.4588e-35
0.95	0.05	4.14	7.47853	1	4.16933e-35
0.95	0.05	4.16	7.47853	1	5.0336e-35
0.95	0.05	4.18	7.47853	1	6.08527e-35
0.95	0.05	4.2	7.47853	1	7.3651e-35
0.95	0.05	4.22	7.47853	1	8.92234e-35
0.95	0.05	4.24	7.47853	1	1.08162e-34
0.95	0.05	4.26	7.47853	1	1.31176e-34
0.95	0.05	4.28	7.47853	1	1.59112e-34
0.95	0.05	4.3	7.47853	1	1.92969e-34
0.95	0.05	4.32	7.47853	1	2.33927e-34
0.95	0.05	4.34	7.47853	1	2.83357e-34
0.95	0.05	4.36	7.47853	1	3.42848e-34
0.95	0.05	4.38	7.47853	1	4.14213e-34
0.95	0.05	4.4	7.47853	1	4.99499e-34
0.95	0.05	4.42	7.47853	1	6.00981e-34
0.95	0.05	4.44	7.47853	1	7.21141e-34
0.95	0.05	4.46	7.47853	1	8.62628e-34
0.95	0.05	4.48	7.47853	1	1.02819e-33
0.95	0.05	4.5	7.47853	1	1.2206e-33
0.95	0.05	4.52	7.47853	1	1.44248e-33
0.95	0.05	4.54	7.47853	1	1.69618e-33
0.95	0.05	4.56	7.47853	1	1.98355e-33
0.95	0.05	4.58	7.47853	1	2.30575e-33
0.95	0.05	4.6	7.47853	1	2.66292e-33
0.95	0.05	4.62	7.47853	1	3.05402e-33
0.95	0.05	4.64	7.47853	1	3.47655e-33
0.95	0.05	4.66	7.47853	1	3.92638e-33
0.95	0.05	4.68	7.47853	1	4.39769e-33
0.95	0.05	4.7	7.47853	1	4.88301e-33
0.95	0.05	4.72	7.47853	1	5.37342e-33
0.95	0.05	4.74	7.47853	1	5.85889e-33
0.95	0.05	4.76	7.47853	1	6.32887e-33
0.95	0.05	4.78	7.47853	1	6.77294e-33
0.95	0.05	4.8	7.47853	1	7.18154e-33
0.95	0.05	4.82	7.47853	1	7.54676e-33
0.95	0.05	4.84	7.47853	1	7.86297e-33
0.95	0.05	4.86	7.47853	1	8.12729e-33
0.95	0.05	4.88	7.47853	1	8.33975e-33
0.95	0.05	4.9	7.47853	1	8.50315e-33
0.95	0.05	4.92	7.47853	1	8.62261e-33
0.95	0.05	4.94	7.47853	1	8.70489e-33
0.95	0.05	4.96	7.47853	1	8.75758e-33
0.95	0.05	4.98	7.47853	1	8.78823e-33
0.95	0.05	5	7.47853	1	8.80373e-33
