# Filename: 3Dvlt_K0cFind_Plot_Output5_Op1.dat
# Source: 3Dvlt_K0cFind_Plot.c
# Source version: 2 (2012 Jul 27 - ...)
# Constant values: PI= 3.141592653589793116, PISQ=9.8696044010893579923, PICU=31.0062766802998162063
# Parameter values: A3=41.3417022403997549418, THETA=0.6, N=2, dl=0.0001, LDataPerOne=30, MRecDataSets=10, uncertainty=1e-17, DK01=2
# l	K	y

# DK0 = 1	(data set 1)
0	                2	5.1723186203812337e-05

# DK0 = 0.015625	(data set 2)
0	          0.46875	0.098945257977255369
0.0333	0.45539435126086802	0.096757117156853395
0.0666	0.44371014712689083	0.094956432033657376
0.0999	0.43337924005190603	0.093488186140699245
0.1332	0.4241555218927609	0.092309119466154055
0.1665	0.41584523006819873	0.091384956571981299
0.1998	0.40829339946386212	0.090688409019314103
0.2331	0.40137432686183766	0.090197713516034131
0.2664	0.39498472241418559	0.089895548199059885
0.2997	0.38903870150128478	0.08976822082353704

# DK0 = 0.000244141	(data set 3)
0	    0.49462890625	0.087082806424654532
0.0333	0.48271040218210404	0.084529067918903744
0.0666	0.47243610366791733	0.082300284088129602
0.0999	0.46351249724127763	0.080344822968858406
0.1332	0.45571174388181279	0.07862127332178806
0.1665	0.44885413463486978	0.077096030418115857
0.1998	0.44279591282035086	0.075741537232403428
0.2331	0.43742063535448711	0.074534982142523812
0.2664	0.43263292512628837	0.073457320424075531
0.2997	0.42835387391202151	0.072492529207656642
0.333	0.42451760681083184	0.071627033294648687
0.3663	0.42106867837691148	0.070849257725260698
0.3996	0.41796007371311217	0.070149275555374285
0.4329	0.41515165594084169	0.069518527970943086
0.4662	0.41260894736582543	0.068949599945578657
0.4995	0.41030216311362366	0.068436038964431775
0.5328	0.40820543790217129	0.067972207444323654
0.5661	0.40629620207864858	0.067553161742388915
0.5994	0.40455467411138796	0.067174552311028202
0.6327	0.40296344474284451	0.066832540795797812
0.666	0.40150713388349107	0.06652373080315549
0.6993	0.40017210567708522	0.066245109769862837
0.7326	0.39894623042231042	0.065993999904441769
0.7659	0.39781868449315755	0.065768016585875444
0.7992	0.39677978127207192	0.065565032926575645
0.8325	0.39582082754718501	0.065383149458096868
0.8658	0.39493400093715347	0.06522066809585951
0.8991	0.39411224477407913	0.065076069695676336
0.9324	0.39334917755535248	0.064947994639511258
0.9657	0.3926390146127175	0.064835225987692077
0.999	0.39197650007396945	0.06473667481512943
1.0323	0.39135684753415456	0.064651367414104086
1.0656	0.39077568812756525	0.064578434099036644
1.0989	0.39022902491360839	0.064517099391844024
1.1322	0.38971319266968929	0.064466673401930102
1.1655	0.38922482233121397	0.064426544244075526
1.1988	0.38876080943923769	0.064396171361685198
1.2321	0.38831828605546415	0.06437507964296646
1.2654	0.38789459568626161	0.064362854234399039

# DK0 = 3.8147e-06	(data set 4)
0	0.49510955810546875	0.086876497585668969
0.0333	0.4832191902699553	0.084317433370865821
0.0666	0.47297250678314995	0.082082339226323409
0.0999	0.4640764707351252	0.080119662600489472
0.1332	0.45630360061320652	0.078388046162543412
0.1665	0.44947446585533052	0.076853920207201887
0.1998	0.44344553473722187	0.075489748402971582
0.2331	0.4381005526517226	0.074272728681608544
0.2664	0.43334430595886858	0.073183816997951734
0.2997	0.42909803284057291	0.072206983914889583
0.333	0.42529599335020918	0.071328641598586956
0.3663	0.42188286959767801	0.070537197245446756
0.3996	0.41881176983051244	0.069822701484905242
0.4329	0.41604267815331747	0.069176568947759767
0.4662	0.41354123742537846	0.06859135424867932
0.4995	0.4112777842609821	0.068060570936735371
0.5328	0.40922657690437497	0.067578544066116061
0.5661	0.40736517218041318	0.067140289295471139
0.5994	0.40567391876431813	0.066741413085594087
0.6327	0.40413554201473656	0.066378029800868751
0.666	0.4027348014779597	0.066046692447935595
0.6993	0.40145820651456232	0.065744334488241227
0.7326	0.40029377874913208	0.065468220698469221
0.7659	0.39923085249740325	0.065215905466696283
0.7992	0.39825990619409685	0.064985197233218092
0.8325	0.3973724192800473	0.064774128035883449
0.8658	0.39656075011796948	0.06458092731710148
0.8991	0.39581803137206834	0.064403999305870013
0.9324	0.39513807996626665	0.064241903412506379
0.9657	0.39451531927267253	0.064093337173313489
0.999	0.39394471160858596	0.06395712136253956
1.0323	0.39342169946144034	0.063832186953809406
1.0656	0.3929421541353012	0.063717563665905697
1.0989	0.3925023307340898	0.063612369870807442
1.1322	0.39209882857669637	0.063515803677201166
1.1655	0.39172855628597303	0.063427135031760951
1.1988	0.39138870091399924	0.063345698704546927
1.2321	0.39107670056512983	0.063270888044852036
1.2654	0.39079022006031949	0.063202149410477484
1.2987	0.39052712925424116	0.063138977187343959
1.332	0.39028548367345156	0.063080909328048676
1.3653	0.39006350719130434	0.063027523347825423
1.3986	0.38985957649514413	0.062978432724698469
1.4319	0.38967220713489825	0.062933283657680292
1.4652	0.38950004097057356	0.062891752142874707
1.4985	0.38934183486023288	0.062853541332472257
1.5318	0.38919645045054707	0.062818379146013431
1.5651	0.38906284494949905	0.062786016107064746
1.5984	0.3889400627758185	0.062756223381690263
1.6317	0.3888272279926005	0.062728790997908679
1.665	0.38872353744365712	0.062703526227741641
1.6983	0.38862825452072963	0.062680252115571752
1.7316	0.38854070349800335	0.062658806138350676
1.7649	0.38846026437759074	0.062639038984803844
1.7982	0.38838636819591532	0.062620813442170922
1.8315	0.38831849274644531	0.062604003380249143
1.8648	0.38825615867901586	0.062588492823583711
1.8981	0.38819892594021616	0.06257417510359771
1.9314	0.38814639052302463	0.062560952083295776
1.9647	0.38809818149715147	0.062548733447912702
1.998	0.38805395829446093	0.062537436055540532
2.0313	0.38801340822638203	0.062526983342350823
2.0646	0.38797624421253518	0.062517304777548174
2.0979	0.38794220270179908	0.06250833536365949
2.1312	0.38791104176886171	0.062500015178174162
2.1645	0.38788253937091999	0.0624922889529246
2.1978	0.38785649175062675	0.062485105687931052
2.2311	0.38783271197268476	0.062478418296730655
2.2644	0.3878110285826547	0.062472183280484095
2.2977	0.38779128437757765	0.062466360428392036
2.331	0.38777333527896868	0.062460912542176228
2.3643	0.38775704929957894	0.062455805182574757
2.3976	0.38774230559609252	0.062451006435981657
2.4309	0.38772899360062157	0.062446486699522269
2.4642	0.38771701222448918	0.062442218483003048
2.4975	0.38770626912835926	0.06243817622630693
2.5308	0.38769668005329394	0.062434336130925847
2.5641	0.38768816820777835	0.062430676004433784
2.5974	0.38768066370619636	0.06242717511680123
2.6307	0.38767410305461442	0.062423814067544624
2.664	0.38766842868009499	0.062420574662785798
2.6973	0.38766358850007993	0.062417439801372598
2.7306	0.38765953552868238	0.062414393369280681
2.7639	0.38765622751699103	0.062411420141578418
2.7972	0.38765362662474362	0.062408505691295156
2.8305	0.38765169912094555	0.062405636304583692
2.8638	0.38765041511121978	0.06240279890161695
2.8971	0.38764974828986387	0.062399980962701634

# DK0 = 5.96046e-08	(data set 5)
0	0.49510824680328369	0.086877059766772735
0.0333	0.48321780213973936	0.084318010014892836
0.0666	0.47297104324714961	0.082082933011555295
0.0999	0.46407493191471078	0.080120275987915587
0.1332	0.45630198565365337	0.078388681465311166
0.1665	0.44947277314167489	0.07685457964201782
0.1998	0.44344376204005781	0.075490434129075454
0.2331	0.43809869722673311	0.074273442831040509
0.2664	0.43334236461503889	0.073184561699632375
0.2997	0.42909600198673981	0.072207761314248872
0.333	0.42529386902627569	0.071329453873962972
0.3663	0.42188064749476539	0.070538046622127065
0.3996	 0.41880944530295	0.069823590247444181
0.4329	0.41604024622448604	0.069177499451037947
0.4662	0.41353869278881616	0.068592328928056903
0.4995	0.41127512127775945	0.068061592317563466
0.5328	0.40922378959744943	0.067579614772811283
0.5661	0.40736225422647815	0.067141412060315014
0.5994	0.40567086348352033	0.066742590757383757
0.6327	0.40413234235852225	0.066379265353522884
0.666	0.4027314500152418	0.066047988989142173
0.6993	0.40145469541634282	0.065745695268216581
0.7326	0.40029009977166108	0.06546964911889154
0.7659	0.39922699696394404	0.065217405089866454
0.7992	0.39825586497531501	0.064986771791496367
0.8325	0.39736818277304292	0.064775781441445052
0.8658	0.39655630822394727	0.064582663672052273
0.8991	0.39581337347262124	0.064405822912759925
0.9324	0.39513319489825044	0.064243818785277684
0.9657	0.39451019530163095	0.064095349048720371
0.999	0.39393933640067702	0.063959234712073765
1.0323	0.39341606005381241	0.063834406996168172
1.0656	0.39293623690485702	0.063719895880036792
1.0989	0.39249612136457201	0.063614820009568279
1.1322	0.39209231202402123	0.06351837778166923
1.1655	0.39172171674173339	0.063429839446232636
1.1988	0.3913815217670486	0.063348540092266148
1.2321	0.39106916436116967	0.063273873404507602
1.2654	0.39078230845937761	0.063205286093511948
1.2987	0.39051882298595308	0.063142272916118541
1.332	0.39027676249003029	0.063084372214909715
1.3653	0.39005434981808745	0.063031161915120454
1.3986	0.38984996057859489	0.062982255925792097
1.4319	0.38966210918794347	0.062937300899022663
1.4652	0.38948943631513427	0.062895973307176251
1.4985	0.38933069756681477	0.062857976803043572
1.5318	0.38918475327474172	0.062823039832330285
1.5651	0.38905055926523635	0.062790913471620705
1.5984	0.38892715850521614	0.062761369468204459
1.6317	0.38881367353223023	0.06273419846095693
1.665	0.38870929958704814	0.062709208363885438
1.6983	0.38861329837692371	0.062686222896060295
1.7316	0.38852499240596022	0.062665080243477778
1.7649	0.38844375981623008	0.062645631840003435
1.7982	0.38836902968957893	0.062627741255940395
1.8315	0.38830027776554671	0.062611283183992769
1.8648	0.38823702253562914	0.062596142513474867
1.8981	0.3881788216783571	0.062582213484563512
1.9314	0.38812526880334014	0.062569398915229557
1.9647	0.38807599047575109	0.062557609494229852
1.998	0.3880306434955762	0.062546763134196923
2.0313	0.38798891240855493	0.062536784379447194
2.0646	0.38795050722799895	0.062527603863653691
2.0979	0.38791516134870374	0.062519157812991347
2.1312	0.38788262963599074	0.062511387590778664
2.1645	0.38785268667450484	0.062504239280012877
2.1978	0.38782512516286738	0.06249766330052766
2.2311	0.38779975444155002	0.062491614057804609
2.2644	0.38777639914251927	0.062486049620738324
2.2977	0.38775489795023194	0.062480931425897196
2.331	0.38773510246451204	0.062476224006043017
2.3643	0.38771687615667888	0.062471894740869741
2.3976	0.38770009341107348	0.062467913628101696
2.4309	0.38768463864481434	0.062464253073253456
2.4642	0.38767040549924214	0.062460887696500905
2.4975	0.38765729609708743	0.062457794155246944
2.5308	0.38764522035989951	0.062454950981086679
2.5641	0.38763409538076177	0.062452338429987632
2.5974	0.38762384484771967	0.062449938344599699
2.6307	0.38761439851375551	0.062447734027703788
2.664	0.38760569170948933	0.062445710125888239
2.6973	0.38759766489510422	0.06244385252262151
2.7306	0.38759026324828882	0.062442148239956988
2.7639	0.38758343628526815	0.062440585348169361
2.7972	0.38757713751221057	0.062439152882682106
2.8305	0.38757132410455902	0.062437840767695582
2.8638	0.38756595661200521	0.062436639745976394
2.8971	0.38756099868703542	0.062435541314312455
2.9304	0.38755641683512987	0.06243453766417744
2.9637	0.38755218018487053	0.062433621627187977
2.997	0.38754826027634148	0.062432786624968893
3.0303	0.387544630866344	0.062432026623075378
3.0636	0.38754126774906827	0.062431336088647552
3.0969	0.38753814859097196	0.062430709951500026
3.1302	0.38753525277871964	0.062430143568374848
3.1635	0.38753256127912367	0.062429632690105409
3.1968	0.38753005651012246	0.062429173431461642
3.2301	0.38752772222189841	0.062428762243465441
3.2634	0.38752554338732048	0.062428395887980548
3.2967	0.38752350610095038	0.062428071414399357
3.33	0.38752159748592241	0.062427786138262172
3.3633	0.38751980560806248	0.062427537621657973
3.3966	0.38751811939664299	0.062427323655268638
3.4299	0.38751652857125102	0.062427142241929606
3.4632	0.3875150235742566	0.062426991581589486
3.4965	0.38751359550843045	0.062426870057562187
3.5298	0.38751223607928503	0.062426776223973225
3.5631	0.3875109375417502	0.062426708794309713
3.5964	0.38750969265082763	0.062426666630991015
3.6297	0.38750849461588449	0.062426648735885278

# DK0 = 9.31323e-10	(data set 6)
0	0.49510828964412212	0.086877041400003061
0.0333	0.48321784749057828	0.084317991175607121
0.0666	0.47297109106152396	0.082082913612252131
0.0999	0.46407498218865523	0.080120255948192665
0.1332	0.45630203841509193	0.078388660709596131
0.1665	0.44947282844336883	0.076854558097889228
0.1998	0.44344381995484305	0.075490411725988749
0.2331	0.43809875784426633	0.074273419499339827
0.2664	0.43334242803957296	0.073184537369763977
0.2997	0.42909606833559916	0.072207735916119023
0.333	0.42529393842883773	0.071329427336402976
0.3663	0.42188072009180239	0.070538018872434341
0.3996	0.41880952124623766	0.069823561210979504
0.4329	0.41604032567661153	0.069177469050864582
0.4662	0.41353877592314386	0.06859229708460822
0.4995	0.41127520827851494	0.068061558948332657
0.5328	0.40922388065990456	0.067579579792054992
0.5661	0.40736234955721728	0.067141375378765522
0.5994	0.40567096330077584	0.066742552281966266
0.6327	0.40413244689257227	0.066379224987074714
0.666	0.40273155950886164	0.066047946630129847
0.6993	0.40145481012530754	0.065745650810449752
0.7326	0.40029021996529718	0.065469602451231138
0.7659	0.39922712292572138	0.065217356095925147
0.7992	0.39825599700349157	0.06498672034933059
0.8325	0.39736832118134746	0.064775727423235771
0.8658	0.39655645334230966	0.064582606943774851
0.8991	0.39581352564794609	0.064405763333840294
0.9324	0.39513335449524023	0.064243756208234748
0.9657	0.39451036270365253	0.064095283318792898
0.999	0.39393951201067784	0.063959165666830284
1.0323	0.39341624429529093	0.063834334465100062
1.0656	0.39293643022288127	0.063719819684131609
1.0989	0.39249632422685554	0.06361473996086342
1.1322	0.39209252492205587	0.06351829368278436
1.1655	0.39172194019197965	0.06342975108987961
1.1988	0.39138175631219363	0.063348447260734644
1.2321	0.39106941057144595	0.063273775869126428
1.2654	0.39078256693395202	0.063205183614082866
1.2987	0.39051909435438764	0.063142165240322762
1.332	0.39027704741382002	0.063084259077684959
1.3653	0.3900546489922736	0.063031043038006537
1.3986	0.38985027473346584	0.062982131016244197
1.4319	0.38966243909081882	0.062937169649689526
1.4652	0.38948978277224322	0.062895835395143124
1.4985	0.38933106142526935	0.062857831889036403
1.5318	0.38918513542461025	0.062822887559880539
1.5651	0.38905096064172634	0.062790753466186677
1.5984	0.3889275800909634	0.062761201336249808
1.6317	0.38881411635970786	0.062734021788981714
1.665	0.38870976474110019	0.06270902271740858
1.6983	0.38861378699742422	0.06268602781855033
1.7316	0.38852550569060856	0.062664875255229735
1.7649	0.38844429902349054	0.06264541643695877
1.7982	0.38836959614177097	0.062627514908446369
1.8315	0.38830087285208648	0.062611045335500201
1.8648	0.38823764771644381	0.06259589257916931
1.8981	0.38817947848746537	0.062581950849926626
1.9314	0.38812595885262174	0.062569122934527599
1.9647	0.38807671545890388	0.062557319488926094
1.998	0.38803140519227663	0.06254645839128288
2.0313	0.38798971268882837	0.062536464149689011
2.0646	0.38795134805681181	0.062527267359750519
2.0979	0.38791604479079289	0.062518804207638709
2.1312	0.38788355786093259	0.062511016014634685
2.1645	0.38785366196204935	0.062503848819560351
2.1978	0.38782614990853626	0.062497252995828145
2.2311	0.38780083116252473	0.062491182900138456
2.2644	0.38777753048382502	0.062485596550124187
2.2977	0.38775608669123723	0.062480455328485909
2.331	0.3877363515257588	0.062475723711379105
2.3643	0.38771818860705864	0.062471369019013623
2.3976	0.38770147247537218	0.06246736118660582
2.4309	0.38768608771163432	0.062463672553984641
2.4642	0.38767192812933116	0.062460277672301237
2.4975	0.38765889603209014	0.062457153126425011
2.5308	0.38764690153155479	0.062454277371730392
2.5641	0.38763586192056443	0.062451630584089729
2.5974	0.38762570109707584	0.06244919452198644
2.6307	0.38761634903465314	0.06244695239975636
2.664	0.38760774129571129	0.062444888771047057
2.6973	0.38759981858401121	0.062442989421662043
2.7306	0.38759252633320257	0.06244124127102503
2.7639	0.38758581432847911	0.062439632281564496
2.7972	0.3875796363586545	0.0624381513753757
2.8305	0.38757394989618144	0.062436788357570008
2.8638	0.38756871580285934	0.062435533845772079
2.8971	0.38756389805914659	0.062434379205266302
2.9304	0.38755946351516773	0.062433316489338621
2.9637	0.38755538166166698	0.062432338384393465
2.997	0.38755162441929814	0.062431438159462505
3.0303	0.38754816594477809	0.062430609619751019
3.0636	0.38754498245253766	0.062429847063898307
3.0969	0.3875420520506383	0.062429145244653296
3.1302	0.38753935458979261	0.062428499332691421
3.1635	0.38753687152444799	0.062427904883321471
3.1968	0.38753458578496391	0.062427357805849952
3.2301	0.38753248165998866	0.062426854335390899
3.2634	0.3875305446882259	0.062426391006925111
3.2967	0.3875287615588327	0.062425964631428701
3.33	0.38752712001976081	0.062425572273906403
3.3633	0.3875256087934093	0.06242521123317582
3.3966	0.38752421749899729	0.062424879023264442
3.4299	0.3875229365811238	0.062424573356289551
3.4632	0.38752175724402171	0.062424292126703002
3.4965	0.38752067139104679	0.062424033396791992
3.5298	0.38751967156898875	0.06242379538333568
3.5631	0.38751875091681326	0.062423576445325313
3.5964	0.38751790311848799	0.062423375072663115
3.6297	0.38751712235956037	0.062423189875762154
3.663	0.38751640328719605	0.062423019575975014
3.6963	0.38751574097339125	0.062422862996785664
3.7296	0.38751513088111672	0.062422719055703541
3.7629	0.38751456883315072	0.062422586756803788
3.7962	0.38751405098339187	0.062422465183862651
3.8295	0.38751357379045265	0.062422353494040211
3.8628	0.38751313399335297	0.062422250912067351
3.8961	0.38751272858914149	0.062422156724896531
3.9294	0.38751235481229868	0.062422070276779464
3.9627	0.38751201011577341	0.062421990964738168
3.996	0.38751169215352405	0.062421918234397869
4.0293	0.38751139876444834	0.062421851576153049
4.0626	0.38751112795758325	0.062421790521639764
4.0959	0.3875108778984821	0.062421734640491437
4.1292	0.38751064689666909	0.062421683537353521
4.1625	0.38751043339408719	0.062421636849138075
4.1958	0.3875102359544611	0.062421594242498622
4.2291	0.38751005325350146	0.06242155541150856
4.2624	0.38750988406987996	0.062421520075525483
4.2957	0.38750972727692001	0.062421487977228671
4.329	0.38750958183494144	0.062421458880814663
4.3623	0.38750944678420568	0.062421432570339191
4.3956	0.38750932123841891	0.062421408848193506
4.4289	0.38750920437874253	0.062421387533704992
4.4622	0.38750909544827239	0.062421368461851999
4.4955	0.38750899374695058	0.062421351482083963
4.5288	0.38750889862687332	0.062421336457238734
4.5621	0.38750880948796362	0.062421323262549726
4.5954	0.38750872577397705	0.06242131178473509
4.6287	0.38750864696882087	0.062421301921164192
4.662	0.38750857259314753	0.062421293579093408
4.6953	0.38750850220121885	0.062421286674967304
4.7286	0.38750843537799745	0.062421281133780371
4.7619	0.38750837173646874	0.062421276888493214
4.7952	0.38750831091515453	0.062421273879500992
4.8285	0.38750825257581745	0.062421272054148727
4.8618	0.38750819640133116	0.06242127136629088

# DK0 = 1.45519e-11	(data set 7)
0	0.49510828996426426	0.086877041262751364
0.0333	0.48321784782947769	0.084317991034824388
0.0666	0.47297109141883248	0.082082913467284663
0.0999	0.46407498256434415	0.08012025579843958
0.1332	0.45630203880936998	0.078388660554492437
0.1665	0.44947282885663026	0.07685455793689365
0.1998	0.4434438203876313	0.075490411558574319
0.2331	0.43809875829725226	0.074273419324986059
0.2664	0.43334242851353516	0.073184537187951038
0.2997	0.42909606883141382	0.072207735726323136
0.333	0.42529393894747231	0.071329427138092233
0.3663	0.42188072063430854	0.070538018665065358
0.3996	0.41880952181374981	0.069823560993994699
0.4329	0.41604032627034543	0.069177468823688887
0.4662	0.41353877654439447	0.06859229684664718
0.4995	0.41127520892865899	0.06806155869896964
0.5328	0.40922388134040061	0.067579579530649303
0.5661	0.40736235026960915	0.067141375104649945
0.5994	0.40567096404669412	0.066742551994445426
0.6327	0.40413244767373868	0.066379224685422386
0.666	0.40273156032709068	0.066047946313587319
0.6993	0.40145481098251012	0.065745650478223588
0.7326	0.40029022086348581	0.06546960210249067
0.7659	0.39922712386701431	0.065217355729800766
0.7992	0.39825599799011757	0.064986719964911038
0.8325	0.3973683222156516	0.064775727019566048
0.8658	0.39655645442675691	0.064582606519853425
0.8991	0.39581352678512932	0.064405762888616713
0.9324	0.39513335568788394	0.06424375574060677
0.9657	0.39451036395462191	0.064095282827603836
0.999	0.39393951332298394	0.063959165150866498
1.0323	0.3934162456720996	0.063834333923087197
1.0656	0.39293643166751774	0.063719819114731874
1.0989	0.39249632574281479	0.063614739362672271
1.1322	0.39209252651301013	0.063518293054326713
1.1655	0.39172194186178899	0.063429750429606718
1.1988	0.3913817580649131	0.063348446567019448
1.2321	0.39106941241133669	0.063273775140260058
1.2654	0.39078256886549229	0.063205182848270355
1.2987	0.39051909638228216	0.063142164435678882
1.332	0.39027704954301212	0.063084258232228754
1.3653	0.39005465122795641	0.063031042149657171
1.3986	0.38985027708109665	0.062982130082815488
1.4319	0.38966244155613255	0.062937168668884658
1.4652	0.38948978536126344	0.062895834364549069
1.4985	0.38933106414432717	0.062857830806117787
1.5318	0.38918513828035717	0.062822886421973478
1.5651	0.38905096364115055	0.06279075227049237
1.5984	0.38892758324140814	0.062761200079827495
1.6317	0.38881411966888924	0.062734020468741214
1.665	0.38870976821712444	0.062709021330103268
1.6983	0.38861379064880908	0.062686026360768685
1.7316	0.38852550952630488	0.062664873723387055
1.7649	0.38844430305290334	0.062645414827288151
1.7982	0.38836960037478108	0.062627513216989783
1.8315	0.38830087729907697	0.062611043558098753
1.8648	0.38823765238832447	0.062595890711452912
1.8981	0.38817948339569947	0.062581948887302799
1.9314	0.38812596400925481	0.062569120872171036
1.9647	0.38807672087659267	0.062557317321766365
1.998	0.38803141088432008	0.062546456113991733
2.0313	0.38798971866920101	0.062536461756667647
2.0646	0.38795135434019812	0.062527264845115629
2.0979	0.38791605139262159	0.062518801565208032
2.1312	0.38788356479741654	0.06251101323791193
2.1645	0.38785366925022474	0.062503845901719118
2.1978	0.38782615756630529	0.062497249929695027
2.2311	0.38780083920869746	0.062491179678175475
2.2644	0.38777753893816735	0.062485593164410436
2.2977	0.38775609557451934	0.062480451770697887
2.331	0.38773636085980512	0.062475719972770169
2.3643	0.38771819841480404	0.062471365090392764
2.3976	0.38770148278091354	0.062467357058315125
2.4309	0.38768609854029451	0.062463668215875109
2.4642	0.38767193950771894	0.062460273113708074
2.4975	0.38765890798816605	0.062457148336141445
2.5308	0.38764691409470053	0.062454272337980246
2.5641	0.38763587512165454	0.062451625294498249
2.5974	0.38762571496855197	0.062449188963549965
2.6307	0.38761636361060753	0.062446946558810106
2.664	0.38760775661196695	0.062444882633231918
2.6973	0.38759983467821152	0.06244298297188907
2.7306	0.38759254324490411	0.062441234493438316
2.7639	0.38758583209924852	0.062439625159502424
2.7972	0.38757965503216979	0.062438143891329755
2.8305	0.38757396951834044	0.06243678049314183
2.8638	0.38756873642189321	0.062435525581628085
2.8971	0.38756391972573656	0.062434370521090417
2.9304	0.38755948628257003	0.062433307363782102
2.9637	0.38755540558584511	0.062432328795022564
2.997	0.38755164955905941	0.06243142808270314
3.0303	0.38754819236191734	0.062430599030831202
3.0636	0.38754501021199173	0.062429835936786804
3.0969	0.38754208122064332	0.062429133551995836
3.1302	0.38753938524205273	0.062428487045743435
3.1635	0.38753690373431177	0.062427891971877474
3.1968	0.3875346196316079	0.062427344238169161
3.2301	0.3875325172266148	0.062426840078119307
3.2634	0.38753058206226426	0.062426376025013386
3.2967	0.38752880083215607	0.062425948888046312
3.33	0.38752716128891213	0.062425555730350732
3.3633	0.38752565215983736	0.062425193848777163
3.3966	0.38752426306930687	0.062424860755285999
3.4299	0.38752298446733852	0.062424554159822315
3.4632	0.38752180756385762	0.062424271954555494
3.4965	0.38752072426820339	0.062424012199374296
3.5298	0.3875197271334519	0.062423773108537389
3.5631	0.38751880930517596	0.062423553038387279
3.5964	0.38751796447428494	0.062423350476043034
3.6297	0.38751718683362069	0.062423164028993186
3.663	0.38751647103801573	0.062422992415516951
3.6963	0.38751581216752201	0.062422834455868846
3.7296	0.38751520569357562	0.062422689064164642
3.7629	0.38751464744784786	0.062422555240913349
3.7962	0.38751413359358544	0.062422432066143778
3.8295	0.38751366059922465	0.06242231869307846
3.8628	0.38751322521410508	0.062422214342310052
3.8961	0.38751282444612345	0.062422118296442758
3.9294	0.38751245554115638	0.062422029895158875
3.9627	0.38751211596413021	0.062421948530678971
3.996	0.38751180338158975	0.062421873643582565
4.0293	0.38751151564565628	0.062421804718962158
4.0626	0.38751125077926496	0.062421741282882338
4.0959	0.38751100696257224	0.062421682899121846
4.1292	0.38751078252044918	0.062421629166173637
4.1625	0.38751057591096455	0.062421579714484879
4.1958	0.38751038571478852	0.062421534203915621
4.2291	0.387510210625438	0.062421492321400249
4.2624	0.38751004944029749	0.062421453778794773
4.2957	0.38750990105235289	0.062421418310895434
4.329	0.38750976444258667	0.062421385673615097
4.3623	0.387509638672974	0.062421355642304832
4.3956	0.38750952288003643	0.062421328010208832
4.4289	0.38750941626891022	0.062421302587042406
4.4622	0.38750931810788702	0.062421279197683283
4.4955	0.38750922772338336	0.062421257680967041
4.5288	0.38750914449531648	0.062421237888578084
4.5621	0.38750906785284267	0.062421219684029333
4.5954	0.3875089972704398	0.062421202941723354
4.6287	0.38750893226429572	0.062421187546087213
4.662	0.38750887238898662	0.062421173390777636
4.6953	0.38750881723441949	0.062421160377948336
4.7286	0.38750876642301729	0.062421148417576178
4.7619	0.38750871960712691	0.06242113742684121
4.7952	0.38750867646663395	0.062421127329555855
4.8285	0.38750863670676622	0.062421118055639567
4.8618	0.38750860005607218	0.062421109540635622
4.8951	0.38750856626455893	0.06242110172526643
4.9284	0.38750853510198202	0.062421094555024099
4.9617	0.38750850635626477	0.062421087979793947
4.995	0.38750847983204539	0.062421081953507741
5.0283	0.38750845534934231	0.062421076433825523
5.0616	0.38750843274232094	0.062421071381841747
5.0949	0.38750841185816109	0.062421066761816066
5.1282	0.38750839255601183	0.062421062540924596
5.1615	0.387508374706031	0.062421058689032111
5.1948	0.38750835818849894	0.062421055178482128
5.2281	0.38750834289300456	0.062421051983903617
5.2614	0.3875083287176917	0.062421049082034115
5.2947	0.38750831556856902	0.062421046451556078
5.328	0.38750830335887243	0.062421044072947372
5.3613	0.38750829200847636	0.062421041928343302
5.3946	0.3875082814433547	0.062421040001410404
5.4279	0.38750827159507756	0.062421038277230008
5.4612	0.3875082624003563	0.06242103674219162
5.4945	0.38750825380061654	0.062421035383895103
5.5278	0.38750824574160764	0.062421034191061077
5.5611	0.38750823817304131	0.062421033153448387
5.5944	0.38750823104825849	0.062421032261778718
5.6277	0.38750822432392346	0.062421031507667604
5.661	0.38750821795973811	0.062421030883561414
5.6943	0.38750821191817958	0.062421030382679127
5.7276	0.38750820616425852	0.062421029998960417
5.7609	0.38750820066529434	0.062421029727016672
5.7942	0.38750819539070763	0.062421029562087706
5.8275	0.38750819031182715	0.06242102950000189

# DK0 = 2.27374e-13	(data set 8)
0	0.49510828997108547	0.086877041259826981
0.0333	0.48321784783669836	0.084317991031824746
0.0666	0.47297109142644556	0.082082913464195828
0.0999	0.46407498257234858	0.080120255795248743
0.1332	0.45630203881776971	0.078388660551187733
0.1665	0.44947282886543355	0.076854557933463588
0.1998	0.44344382039685087	0.075490411555007575
0.2331	0.43809875830690181	0.0742734193212716
0.2664	0.43334242852363186	0.073184537184077539
0.2997	0.42909606884197576	0.07220773572227962
0.333	0.42529393895852086	0.07132942713386739
0.3663	0.42188072064586585	0.070538018660647753
0.3996	0.41880952182584025	0.069823560989372063
0.4329	0.41604032628299426	0.069177468818849133
0.4662	0.41353877655762938	0.068592296841577582
0.4995	0.41127520894250941	0.068061558693657168
0.5328	0.40922388135489779	0.067579579525080175
0.5661	0.40736235028478546	0.067141375098810144
0.5994	0.40567096406258546	0.066742551988320159
0.6327	0.40413244769038059	0.066379224678996179
0.666	0.40273156034452184	0.066047946306843824
0.6993	0.40145481100077218	0.065745650471146069
0.7326	0.40029022088262062	0.065469602095061391
0.7659	0.39922712388706816	0.06521735572200113
0.7992	0.39825599801113731	0.064986719956721645
0.8325	0.39736832223768709	0.064775727010966525
0.8658	0.3965564544498601	0.064582606510822482
0.8991	0.39581352680935583	0.064405762879131773
0.9324	0.39513335571329222	0.064243755730644628
0.9657	0.39451036398127304	0.064095282817139818
0.999	0.39393951335094174	0.063959165139874624
1.0323	0.39341624570143091	0.063834333911540461
1.0656	0.39293643169829362	0.063719819102601716
1.0989	0.39249632577511034	0.063614739349928895
1.1322	0.3920925265469038	0.063518293040938562
1.1655	0.39172194189736192	0.063429750415540595
1.1988	0.39138175810225306	0.063348446552240825
1.2321	0.39106941245053362	0.063273775124732687
1.2654	0.39078256890664143	0.063205182831956017
1.2987	0.39051909642548377	0.063142164418537136
1.332	0.39027704958837134	0.063084258214217412
1.3653	0.39005465127558453	0.06303104213073206
1.3986	0.38985027713110953	0.062982130062930033
1.4319	0.38966244160865277	0.062937168647989886
1.4652	0.38948978541641932	0.06289583434259377
1.4985	0.38933106420225311	0.062857830783047824
1.5318	0.38918513834119506	0.062822886397731897
1.5651	0.38905096370504966	0.062790752245019732
1.5984	0.38892758330852445	0.062761200053061003
1.6317	0.38881411973938734	0.062734020440615199
1.665	0.38870976829117737	0.062709021300548465
1.6983	0.38861379072659763	0.062686026329712471
1.7316	0.38852550960802007	0.062664873690752992
1.7649	0.38844430313874551	0.062645414792995999
1.7982	0.38836960046496083	0.062627513180955358
1.8315	0.38830087739381497	0.062611043520233431
1.8648	0.3882376524878533	0.062595890671663462
1.8981	0.38817948350026366	0.062581948845491453
1.9314	0.38812596411911138	0.062569120828234931
1.9647	0.38807672099201185	0.062557317275597449
1.998	0.38803141100558441	0.062546456065476638
2.0313	0.38798971879660843	0.062536461705687191
2.0646	0.38795135447406037	0.062527264791544246
2.0979	0.3879160515332678	0.062518801508914146
2.1312	0.38788356494519316	0.06251101317875693
2.1645	0.38785366940549415	0.062503845839557592
2.1978	0.38782615772944895	0.062497249864374334
2.2311	0.38780083938011539	0.06249117960953491
2.2644	0.3877775391182805	0.062485593092281251
2.2977	0.38775609576377051	0.062480451694902787
2.331	0.38773636105865955	0.062475719893122818
2.3643	0.38771819862375001	0.062471365006697428
2.3976	0.38770148300046453	0.06246735697036588
2.4309	0.38768609877098964	0.062463668123455794
2.4642	0.38767193975012626	0.062460273016591634
2.4975	0.38765890824288063	0.062457148234089203
2.5308	0.38764691436234844	0.062454272230741167
2.5641	0.38763587540289296	0.062451625181808648
2.5974	0.38762571526407302	0.062449188845132723
2.6307	0.38761636392113663	0.062446946434374193
2.664	0.38760775693826732	0.062444882502471412
2.6973	0.38759983502108553	0.062442982834482602
2.7306	0.38759254360519396	0.06244123434904808
2.7639	0.38758583247784034	0.06243962500777344
2.7972	0.38757965542999406	0.062438143731889016
2.8305	0.387573969936375	0.062436780325597269
2.8638	0.38756873686116522	0.062435525405567842
2.8971	0.38756392018732572	0.062434370336081645
2.9304	0.38755948676761148	0.062433307169370032
2.9637	0.3875554060955308	0.06243232859072928
2.997	0.38755165009464182	0.062431427868026537
3.0303	0.38754819292471332	0.062430598805243376
3.0636	0.38754501080338516	0.062429835699733226
3.0969	0.38754208184208727	0.062429133302893701
3.1302	0.38753938589507519	0.062428486783980421
3.1635	0.38753690442051753	0.062427891696810012
3.1968	0.38753462035268449	0.062427343949121056
3.2301	0.38753251798433413	0.062426839774379995
3.2634	0.3875305828584889	0.062426375705836194
3.2967	0.38752880166884368	0.062425948552646576
3.33	0.38752716216811922	0.062425555377903924
3.3633	0.38752565308372522	0.062425193478416838
3.3966	0.38752426404014678	0.062424860366101717
3.4299	0.38752298548751624	0.062424553750857405
3.4632	0.38752180863588204	0.062424271524804537
3.4965	0.38752072539470966	0.062424011747780707
3.5298	0.38751972831720888	0.062423772633990959
3.5631	0.38751881054909387	0.062423552539721483
3.5964	0.38751796578142134	0.062423349952032123
3.6297	0.38751718820718972	0.062423163478348795
3.663	0.38751647248139326	0.062422991836885475
3.6963	0.38751581368425669	0.062422833847827798
3.7296	0.38751520728739502	0.062422688425219329
3.7629	0.3875146491226712	0.062422554569492958
3.7962	0.38751413535352985	0.06242243136059783
3.8295	0.38751366244861629	0.062422317951672399
3.8628	0.38751322715749054	0.062422213563221238
3.8961	0.38751282648828017	0.062422117477755799
3.9294	0.38751245768710491	0.062422029034861277
3.9627	0.38751211821914566	0.06242194762665583
3.996	0.38751180575121535	0.062421872693611574
4.0293	0.38751151813571766	0.062421803720707859
4.0626	0.38751125339588349	0.062421740233890716
4.0959	0.38751100971218111	0.062421681796814024
4.1292	0.38751078540980693	0.062421628007839854
4.1625	0.38751057894717439	0.062421578497277516
4.1958	0.3875103889053147	0.062421532924842385
4.2291	0.38751021397812341	0.062421490977316724
4.2624	0.38751005296338359	0.062421452366396755
4.2957	0.38750990475450153	0.062421416826710721
4.329	0.38750976833289841	0.062421384113995185
4.3623	0.38750964276101185	0.062421354003415572
4.3956	0.38750952717585102	0.0624213262880213
4.4289	0.3875094207830625	0.062421300777322927
4.4622	0.38750932285147316	0.062421277295983013
4.4955	0.38750923270806542	0.062421255682610817
4.5288	0.38750914973334799	0.062421235788653308
4.5621	0.3875090733571015	0.062421217477373801
4.5954	0.3875090030544564	0.062421200622912273
4.6287	0.38750893834228883	0.062421185109420185
4.662	0.3875088787758984	0.062421170830264411
4.6953	0.38750882394595199	0.062421157687294337
4.7286	0.38750877347566914	0.062421145590166725
4.7619	0.38750872701823508	0.062421134455725759
4.7952	0.38750868425441709	0.062421124207430331
4.8285	0.3875086448903694	0.062421114774828777
4.8618	0.3875086086556131	0.062421106093074344
4.8951	0.38750857530118049	0.062421098102479249
4.9284	0.38750854459789835	0.062421090748104979
4.9617	0.3875085163348197	0.062421083979384125
4.995	0.38750849031776974	0.062421077749772978
5.0283	0.38750846636801339	0.062421072016431454
5.0616	0.38750844432102655	0.062421066739929032
5.0949	0.38750842402536512	0.062421061883973214
5.1282	0.38750840534162545	0.062421057415160325
5.1615	0.38750838814148547	0.062421053302745527
5.1948	0.38750837230682356	0.062421049518431942
5.2281	0.38750835772890641	0.06242104603617557
5.2614	0.38750834430764297	0.062421042832006543
5.2947	0.38750833195089501	0.062421039883864403
5.328	0.3875083205738466	0.062421037171445919
5.3613	0.38750831009841907	0.062421034676065898
5.3946	0.38750830045273643	0.062421032380528464
5.4279	0.38750829157063027	0.062421030269008734
5.4612	0.38750828339118698	0.062421028326944093
5.4945	0.38750827585832814	0.062421026540933865
5.5278	0.387508268920425	0.062421024898647058
5.5611	0.38750826252994575	0.062421023388737652
5.5944	0.38750825664312805	0.062421022000766303
5.6277	0.38750825121967908	0.062421020725128541
5.661	0.38750824622249735	0.062421019552988455
5.6943	0.3875082416174227	0.062421018476218011
5.7276	0.38750823737299606	0.062421017487340802
5.7609	0.3875082334602481	0.062421016579480848
5.7942	0.38750822985249872	0.062421015746314583
5.8275	0.38750822652517369	0.062421014982027671
5.8608	0.3875082234556389	0.062421014281274612
5.8941	0.38750822062304263	0.06242101363914173
5.9274	0.3875082180081737	0.062421013051113299
5.9607	0.38750821559333132	0.062421012513040303
5.994	0.38750821336220209	0.06242101202111134
6.0273	0.38750821129974944	0.062421011571826689
6.0606	0.38750820939211178	0.062421011161973287
6.0939	0.38750820762650751	0.062421010788603085
6.1272	0.38750820599114666	0.062421010449011702
6.1605	0.38750820447515338	0.062421010140720046
6.1938	0.38750820306848904	0.062421009861456801
6.2271	0.38750820176188749	0.062421009609142257
6.2604	0.38750820054678892	0.062421009381873956
6.2937	0.38750819941528436	0.06242100917791276
6.327	0.38750819836006239	0.062421008995670879
6.3603	0.38750819737435926	0.062421008833700234
6.3936	0.38750819645191303	0.062421008690682143
6.4269	0.38750819558692245	0.062421008565417671
6.4602	0.38750819477400922	0.062421008456819138
6.4935	0.38750819400818137	0.062421008363901492
6.5268	0.38750819328480235	0.062421008285775709
6.5601	0.38750819259955671	0.062421008221641414
6.5934	0.38750819194842473	0.062421008170781229
6.6267	0.38750819132765829	0.062421008132554752
6.66	0.38750819073375264	0.062421008106393637
6.6933	0.38750819016342763	0.062421008091797001

# DK0 = 3.55271e-15	(data set 9)
0	0.49510828997129153	0.086877041259738635
0.0333	0.48321784783691596	0.084317991031734346
0.0666	0.47297109142667487	0.082082913464102777
0.0999	0.46407498257259017	0.080120255795152487
0.1332	0.45630203881802367	0.07838866055108798
0.1665	0.44947282886570056	0.076854557933360032
0.1998	0.4434438203971301	0.075490411554899842
0.2331	0.43809875830719397	0.074273419321159342
0.2664	0.4333424285239369	0.07318453718396048
0.2997	0.42909606884229529	0.072207735722157412
0.333	0.4252939389588547	0.071329427133739826
0.3663	0.4218807206462149	0.070538018660514373
0.3996	0.41880952182620573	0.069823560989232522
0.4329	0.41604032628337612	0.069177468818703056
0.4662	0.41353877655802906	0.068592296841424594
0.4995	0.41127520894292774	0.068061558693496935
0.5328	0.40922388135533522	0.067579579524912226
0.5661	0.40736235028524415	0.067141375098633937
0.5994	0.4056709640630658	0.066742551988135362
0.6327	0.4041324476908833	0.066379224678802196
0.666	0.40273156034504831	0.066047946306640293
0.6993	0.4014548110013233	0.065745650470932351
0.7326	0.40029022088319821	0.065469602094837251
0.7659	0.39922712388767323	0.065217355721765916
0.7992	0.39825599801177164	0.064986719956474662
0.8325	0.39736832223835195	0.064775727010707315
0.8658	0.39655645445055793	0.064582606510550228
0.8991	0.39581352681008741	0.064405762878845849
0.9324	0.39513335571405905	0.064243755730344257
0.9657	0.39451036398207706	0.064095282816824348
0.999	0.39393951335178523	0.063959165139543361
1.0323	0.39341624570231587	0.063834333911192392
1.0656	0.39293643169922315	0.063719819102236022
1.0989	0.39249632577608518	0.063614739349544591
1.1322	0.39209252654792637	0.063518293040534829
1.1655	0.39172194189843546	0.063429750415116573
1.1988	0.3913817581033795	0.063348446551795501
1.2321	0.39106941245171617	0.063273775124264742
1.2654	0.39078256890788271	0.063205182831464271
1.2987	0.39051909642678762	0.063142164418020619
1.332	0.39027704958974008	0.063084258213674846
1.3653	0.39005465127702149	0.063031042130161891
1.3986	0.38985027713261788	0.062982130062330818
1.4319	0.38966244161023617	0.062937168647360389
1.4652	0.3894897854180826	0.062895834341932216
1.4985	0.38933106420399965	0.062857830782352839
1.5318	0.38918513834302892	0.062822886397001773
1.5651	0.38905096370697556	0.062790752244252512
1.5984	0.38892758331054739	0.062761200052254842
1.6317	0.38881411974151175	0.06273402043976814
1.665	0.38870976829340842	0.062709021299658357
1.6983	0.38861379072894131	0.062686026328777025
1.7316	0.38852550961048155	0.062664873689769973
1.7649	0.38844430314133088	0.062645414791963047
1.7982	0.38836960046767677	0.062627513179869768
1.8315	0.3883008773966688	0.062611043519092843
1.8648	0.3882376524908514	0.062595890670465004
1.8981	0.38817948350341325	0.062581948844232169
1.9314	0.38812596412242006	0.062569120826911809
1.9647	0.38807672099548751	0.062557317274207061
1.998	0.38803141100923627	0.062546456064015557
2.0313	0.38798971880044536	0.062536461704151794
2.0646	0.38795135447809215	0.0625272647899308
2.0979	0.38791605153750386	0.062518801507218655
2.1312	0.38788356494964349	0.062511013176975383
2.1645	0.38785366941017002	0.062503845837685548
2.1978	0.38782615773436108	0.06249724986240706
2.2311	0.38780083938527732	0.062491179607467751
2.2644	0.3877775391237045	0.06248559309010901
2.2977	0.38775609576946951	0.062480451692620141
2.331	0.38773636106464732	0.062475719890724229
2.3643	0.38771819863004098	0.062471365004176917
2.3976	0.38770148300707463	0.062467356967717338
2.4309	0.38768609877793553	0.062463668120672687
2.4642	0.38767193975742431	0.062460273013667057
2.4975	0.38765890825054888	0.062457148231015967
2.5308	0.38764691437040588	0.062454272227511765
2.5641	0.38763587541135991	0.062451625178415196
2.5974	0.38762571527296991	0.062449188841566812
2.6307	0.38761636393048532	0.062446946430627065
2.664	0.38760775694809119	0.062444882498533888
2.6973	0.3875998350314081	0.062442982830344933
2.7306	0.38759254361604112	0.062441234344700183
2.7639	0.38758583248923878	0.062439625003204637
2.7972	0.38757965544197193	0.062438143727087947
2.8305	0.38757396994896115	0.062436780320552263
2.8638	0.38756873687439058	0.062435525400266596
2.8971	0.38756392020122382	0.062434370330510983
2.9304	0.38755948678221597	0.062433307163516291
2.9637	0.38755540611087697	0.06243232858457809
2.997	0.38755165011076764	0.06243142786156268
3.0303	0.38754819294165826	0.062430598798451017
3.0636	0.38754501082119025	0.062429835692595637
3.0969	0.38754208186079669	0.062429133295393395
3.1302	0.3875393859147348	0.062428486776098926
3.1635	0.38753690444117578	0.062427891688528012
3.1968	0.38753462037439285	0.062427343940418184
3.2301	0.38753251800714666	0.06242683976523479
3.2634	0.38753058288246084	0.062426375696226208
3.2967	0.38752880169403359	0.062425948542548217
3.33	0.3875271621945896	0.062425555367292218
3.3633	0.38752565311154152	0.062425193467265792
3.3966	0.38752426406937668	0.062424860354383965
3.4299	0.38752298551823156	0.062424553738544053
3.4632	0.38752180866815811	0.06242427151186531
3.4965	0.38752072542862626	0.062424011734183889
3.5298	0.38751972835284948	0.062423772619703104
3.5631	0.38751881058654541	0.062423552524707472
3.5964	0.38751796582077613	0.062423349936254931
3.6297	0.38751718824854436	0.0624231634617698
3.663	0.38751647252485061	0.062422991819463883
3.6963	0.38751581372992261	0.062422833829520796
3.7296	0.38751520733538203	0.062422688405981808
3.7629	0.38751464917309714	0.062422554549277733
3.7962	0.38751413540651863	0.062422431339355197
3.8295	0.38751366250429847	0.062422317929349998
3.8628	0.3875132272160034	0.062422213539764272
3.8961	0.38751282654976649	0.062422117453106656
3.9294	0.38751245775171667	0.062422029008959316
3.9627	0.38751211828704152	0.062421947599437359
3.996	0.38751180582256189	0.062421872665009558
4.0293	0.38751151821068974	0.062421803690652068
4.0626	0.38751125347466564	0.062421740202307285
4.0959	0.38751100979496705	0.062421681763625309
4.1292	0.38751078549680074	0.062421627972964334
4.1625	0.38751057903858899	0.06242157846062947
4.1958	0.38751038900137519	0.062421532886331718
4.2291	0.3875102140790665	0.062421490936848789
4.2624	0.38751005306945802	0.062421452323871862
4.2957	0.38750990486596754	0.062421416782024515
4.329	0.38750976845003016	0.062421384067037601
4.3623	0.38750964288409723	0.062421353954071349
4.3956	0.38750952730519167	0.062421326236169056
4.4289	0.38750942091897694	0.062421300722835242
4.4622	0.38750932299429608	0.062421277238725884
4.4955	0.38750923285814726	0.062421255622443578
4.5288	0.38750914989105772	0.062421235725427911
4.5621	0.3875090735228266	0.062421217410934794
4.5954	0.38750900322860449	0.062421200553096266
4.6287	0.38750893852528762	0.062421185036055746
4.662	0.38750887896819847	0.062421170753171239
4.6953	0.3875088241480249	0.062421157606282786
4.7286	0.38750877368801268	0.062421145505037821
4.7619	0.38750872724137192	0.062421134366269983
4.7952	0.38750868448889625	0.062421124113427838
4.8285	0.38750864513676697	0.062421114676048502
4.8618	0.38750860891453515	0.062421105989273369
4.8951	0.38750857557326113	0.062421097993402536
4.9284	0.38750854488380809	0.062421090633484333
4.9617	0.38750851663526015	0.062421083858937687
4.995	0.38750849063348036	0.062421077623204674
5.0283	0.38750846669976996	0.062421071883430261
5.0616	0.38750844466964479	0.062421066600167954
5.0949	0.38750842439170241	0.062421061737108652
5.1282	0.38750840572658163	0.062421057260831199
5.1615	0.38750838854600761	0.062421053140572474
5.1948	0.3875083727319058	0.062421049348016212
5.2281	0.38750835817559365	0.062421045857098248
5.2614	0.38750834477703344	0.062421042643827571
5.2947	0.38750833244414301	0.06242103968612104
5.328	0.38750832109216438	0.062421036963652039
5.3613	0.38750831064308061	0.062421034457710661
5.3946	0.38750830102508049	0.06242103215107505
5.4279	0.38750829217206423	0.062421030027893218
5.4612	0.38750828402318938	0.062421028073573651
5.4945	0.38750827652245246	0.06242102627468564
5.5278	0.38750826961830387	0.062421024618866554
5.5611	0.38750826326329485	0.062421023094737023
5.5944	0.38750825741374995	0.062421021691822801
5.6277	0.38750825202946848	0.062421020400482599
5.661	0.38750824707344567	0.062421019211842031
5.6943	0.38750824251162158	0.062421018117732367
5.7276	0.38750823831264397	0.062421017110634851
5.7609	0.38750823444765475	0.062421016183628358
5.7942	0.3875082308900914	0.062421015330342507
5.8275	0.38750822761550346	0.062421014544913375
5.8608	0.38750822460138579	0.062421013821943476
5.8941	0.38750822182702332	0.062421013156464616
5.9274	0.38750821927334811	0.062421012543903615
5.9607	0.38750821692280968	0.062421011980051115
5.994	0.38750821475925235	0.062421011461032475
6.0273	0.38750821276780628	0.062421010983281192
6.0606	0.3875082109347841	0.062421010543514427
6.0939	0.38750820924758705	0.062421010138710327
6.1272	0.3875082076946188	0.062421009766087464
6.1605	0.38750820626520593	0.062421009423085497
6.1938	0.38750820494952298	0.062421009107347755
6.2271	0.38750820373852712	0.062421008816704954
6.2604	0.38750820262389329	0.062421008549160203
6.2937	0.38750820159795968	0.062421008302875447
6.327	0.38750820065367458	0.062421008076158892
6.3603	0.38750819978454631	0.06242100786745311
6.3936	0.38750819898460021	0.062421007675324547
6.4269	0.38750819824833649	0.062421007498453529
6.4602	0.38750819757069305	0.062421007335625327
6.4935	0.38750819694701044	0.062421007185721897
6.5268	0.38750819637299988	0.06242100704771384
6.5601	0.38750819584471496	0.062421006920653818
6.5934	0.38750819535852193	0.062421006803669472
6.6267	0.38750819491107741	0.062421006695958056
6.66	0.38750819449930285	0.062421006596780342
6.6933	0.38750819412036602	0.062421006505455907
6.7266	0.38750819377165874	0.062421006421358512
6.7599	0.38750819345078202	0.0624210063439114
6.7932	0.38750819315552698	0.062421006272583617
6.8265	0.3875081928838609	0.062421006206886544
6.8598	0.38750819263391334	0.062421006146370063
6.8931	0.38750819240396228	0.062421006090619929
6.9264	0.38750819219242283	0.062421006039254656
6.9597	0.3875081919978377	0.062421005991923045
6.993	0.38750819181886437	0.062421005948301515
7.0263	0.38750819165426825	0.062421005908092304
7.0596	0.38750819150291199	0.062421005871021118
7.0929	0.38750819136375242	0.06242100583683536
7.1262	0.38750819123582625	0.062421005805302243
7.1595	0.38750819111824825	0.062421005776207537
7.1928	0.38750819101020495	0.062421005749353616
7.2261	0.38750819091094668	0.062421005724558554
7.2594	0.38750819081978444	0.062421005701654771
7.2927	0.38750819073608478	0.062421005680487696
7.326	0.3875081906592649	0.062421005660914949
7.3593	0.38750819058878971	0.062421005642805033
7.3926	0.38750819052416463	0.062421005626036884
7.4259	0.38750819046493784	0.06242100561049882
7.4592	0.38750819041069334	0.062421005596087764
7.4925	0.3875081903610485	0.06242100558270848
7.5258	0.38750819031565226	0.062421005570273191
7.5591	0.38750819027418149	0.062421005558700615
7.5924	0.38750819023634009	0.06242100554791586
7.6257	0.38750819020185595	0.062421005537849329
7.659	0.38750819017048088	0.062421005528436893
7.6923	0.38750819014198495	0.062421005519619051
7.7256	0.387508190116159	0.062421005511340735
7.7589	0.38750819009281134	0.062421005503550772
7.7922	0.38750819007176629	0.062421005496201658
7.8255	0.38750819005286313	0.062421005489249282
7.8588	0.38750819003595594	0.062421005482652579
7.8921	0.3875081900209108	0.062421005476373193
7.9254	0.38750819000760556	0.062421005470375351
7.9587	0.3875081899959294	0.062421005464625527
7.992	0.38750818998578229	0.062421005459092481
8.0253	0.38750818997707281	0.062421005453746674
8.0586	0.38750818996971892	0.062421005448560357
8.0919	0.38750818996364655	0.062421005443507337
8.1252	0.38750818995878872	0.062421005438562854
8.1585	0.38750818995508612	0.062421005433703367
8.1918	0.38750818995248609	0.062421005428906391
8.2251	0.38750818995094211	0.062421005424150536
8.2584	0.3875081899504132	0.062421005419415206

# DK0 = 5.55112e-17	(data set 10)
0	0.49510828997129097	0.086877041259738871
0.0333	0.4832178478369154	0.084317991031734596
0.0666	0.47297109142667426	0.082082913464103027
0.0999	0.46407498257258956	0.080120255795152764
0.1332	0.45630203881802306	0.078388660551088257
0.1665	0.44947282886569989	0.076854557933360323
0.1998	0.44344382039712937	0.075490411554900147
0.2331	0.43809875830719325	0.074273419321159662
0.2664	0.43334242852393612	0.073184537183960799
0.2997	0.42909606884229445	0.072207735722157732
0.333	0.42529393895885381	0.071329427133740159
0.3663	0.42188072064621396	0.070538018660514734
0.3996	0.41880952182620479	0.069823560989232938
0.4329	0.41604032628337517	0.0691774688187035
0.4662	0.41353877655802812	0.068592296841425052
0.4995	0.41127520894292663	0.06806155869349742
0.5328	0.40922388135533394	0.067579579524912753
0.5661	0.40736235028524287	0.067141375098634465
0.5994	0.40567096406306447	0.066742551988135904
0.6327	0.40413244769088197	0.066379224678802765
0.666	0.40273156034504692	0.066047946306640917
0.6993	0.40145481100132185	0.06574565047093299
0.7326	0.40029022088319655	0.065469602094837903
0.7659	0.39922712388767156	0.065217355721766623
0.7992	0.39825599801176992	0.064986719956475383
0.8325	0.39736832223835011	0.064775727010708078
0.8658	0.3965564544505561	0.064582606510551019
0.8991	0.39581352681008541	0.064405762878846695
0.9324	0.39513335571405689	0.064243755730345159
0.9657	0.39451036398207484	0.064095282816825264
0.999	0.3939395133517829	0.063959165139544277
1.0323	0.39341624570231343	0.06383433391119335
1.0656	0.39293643169922049	0.063719819102237063
1.0989	0.3924963257760824	0.063614739349545715
1.1322	0.39209252654792343	0.063518293040535995
1.1655	0.39172194189843229	0.063429750415117753
1.1988	0.39138175810337617	0.063348446551796708
1.2321	0.39106941245171267	0.063273775124266005
1.2654	0.39078256890787905	0.063205182831465631
1.2987	0.39051909642678378	0.063142164418022034
1.332	0.39027704958973591	0.063084258213676359
1.3653	0.39005465127701722	0.06303104213016357
1.3986	0.38985027713261355	0.062982130062332609
1.4319	0.38966244161023156	0.062937168647362263
1.4652	0.38948978541807761	0.062895834341934159
1.4985	0.3893310642039946	0.062857830782354879
1.5318	0.38918513834302343	0.062822886397003952
1.5651	0.38905096370696979	0.062790752244254816
1.5984	0.38892758331054128	0.062761200052257299
1.6317	0.38881411974150548	0.06273402043977068
1.665	0.38870976829340187	0.062709021299661022
1.6983	0.38861379072893454	0.062686026328779801
1.7316	0.38852550961047405	0.062664873689772888
1.7649	0.38844430314132317	0.062645414791966073
1.7982	0.38836960046766861	0.062627513179873029
1.8315	0.3883008773966598	0.062611043519096313
1.8648	0.38823765249084208	0.062595890670468599
1.8981	0.38817948350340359	0.062581948844236027
1.9314	0.38812596412240968	0.062569120826915861
1.9647	0.38807672099547674	0.062557317274211363
1.998	0.38803141100922478	0.06254645606402004
2.0313	0.38798971880043337	0.062536461704156457
2.0646	0.38795135447807966	0.062527264789935727
2.0979	0.38791605153749059	0.062518801507223859
2.1312	0.38788356494962956	0.062511013176980837
2.1645	0.38785366941015553	0.062503845837691252
2.1978	0.3878261577343457	0.062497249862413097
2.2311	0.387800839385261	0.062491179607474051
2.2644	0.38777753912368723	0.062485593090115629
2.2977	0.3877560957694513	0.062480451692627115
2.331	0.38773636106462839	0.062475719890731592
2.3643	0.38771819863002144	0.062471365004184688
2.3976	0.38770148300705398	0.062467356967725436
2.4309	0.38768609877791382	0.062463668120681264
2.4642	0.38767193975740161	0.062460273013676092
2.4975	0.3876589082505249	0.062457148231025439
2.5308	0.38764691437038057	0.062454272227521743
2.5641	0.38763587541133321	0.062451625178425625
2.5974	0.38762571527294176	0.062449188841577859
2.6307	0.38761636393045557	0.062446946430638674
2.664	0.38760775694806004	0.062444882498546191
2.6973	0.38759983503137541	0.062442982830357902
2.7306	0.38759254361600692	0.062441234344713832
2.7639	0.38758583248920303	0.062439625003218972
2.7972	0.38757965544193401	0.062438143727103081
2.8305	0.3875739699489214	0.062436780320568243
2.8638	0.38756873687434934	0.062435525400283291
2.8971	0.38756392020118025	0.062434370330528566
2.9304	0.38755948678217012	0.062433307163534783
2.9637	0.38755540611082845	0.062432328584597477
2.997	0.38755165011071635	0.062431427861583101
3.0303	0.38754819294160453	0.062430598798472361
3.0636	0.38754501082113402	0.062429835692618112
3.0969	0.38754208186073796	0.062429133295416953
3.1302	0.38753938591467302	0.062428486776123698
3.1635	0.387536904441111	0.062427891688554053
3.1968	0.38753462037432457	0.062427343940445509
3.2301	0.38753251800707439	0.062426839765263552
3.2634	0.38753058288238484	0.062426375696256434
3.2967	0.38752880169395443	0.062425948542579907
3.33	0.387527162194506	0.062425555367325629
3.3633	0.38752565311145315	0.062425193467300841
3.3966	0.3875242640692837	0.062424860354420686
3.4299	0.38752298551813436	0.062424553738582647
3.4632	0.38752180866805569	0.062424271511905896
3.4965	0.38752072542851884	0.06242401173422657
3.5298	0.38751972835273685	0.06242377261974795
3.5631	0.38751881058642668	0.06242355252475458
3.5964	0.38751796582065118	0.062423349936304467
3.6297	0.38751718824841364	0.062423163461821869
3.663	0.3875164725247125	0.062422991819518624
3.6963	0.38751581372977745	0.062422833829578354
3.7296	0.38751520733522954	0.062422688406042322
3.7629	0.38751464917293671	0.062422554549341348
3.7962	0.38751413540635066	0.062422431339421984
3.8295	0.38751366250412195	0.062422317929420247
3.8628	0.38751322721581755	0.062422213539838102
3.8961	0.38751282654957214	0.062422117453184253
3.9294	0.38751245775151216	0.062422029009040779
3.9627	0.38751211828682652	0.062421947599522958
3.996	0.38751180582233613	0.062421872665099583
4.0293	0.38751151821045299	0.062421803690746659
4.0626	0.38751125347441745	0.062421740202406727
4.0959	0.38751100979470643	0.062421681763729829
4.1292	0.38751078549652684	0.062421627973074101
4.1625	0.38751057903830177	0.06242157846074483
4.1958	0.38751038900107343	0.062421532886452878
4.2291	0.38751021407874953	0.062421490936976007
4.2624	0.38751005306912489	0.062421452324005658
4.2957	0.38750990486561715	0.062421416782165021
4.329	0.3875097684496619	0.06242138406718524
4.3623	0.38750964288371015	0.062421353954226495
4.3956	0.38750952730478516	0.06242132623633205
4.4289	0.38750942091854973	0.062421300723006452
4.4622	0.38750932299384716	0.062421277238905788
4.4955	0.38750923285767569	0.062421255622632642
4.5288	0.38750914989056245	0.062421235725626606
4.5621	0.38750907352230601	0.062421217411143669
4.5954	0.3875090032280577	0.062421200553315924
4.6287	0.38750893852471402	0.062421185036286471
4.662	0.38750887896759495	0.06242117075341367
4.6953	0.38750882414739124	0.062421157606537464
4.7286	0.3875087736873466	0.062421145505305434
4.7619	0.38750872724067192	0.06242113436655123
4.7952	0.38750868448816006	0.062421124113723372
4.8285	0.38750864513599315	0.062421114676359038
4.8618	0.38750860891372191	0.06242110598959974
4.8951	0.38750857557240709	0.062421097993745435
4.9284	0.38750854488291009	0.062421090633844607
4.9617	0.38750851663431723	0.062421083859316266
4.995	0.38750849063248904	0.062421077623602481
5.0283	0.38750846669872813	0.062421071883848281
5.0616	0.38750844466854967	0.062421066600607242
5.0949	0.38750842439055161	0.062421061737570248
5.1282	0.38750840572537254	0.062421057261316228
5.1615	0.38750838854473707	0.062421053141082164
5.1948	0.38750837273057065	0.062421049348551735
5.2281	0.38750835817419071	0.062421045857661013
5.2614	0.38750834477555923	0.062421042644418813
5.2947	0.38750833244259375	0.062421039686742251
5.328	0.38750832109053662	0.062421036964304837
5.3613	0.38750831064137059	0.062421034458396626
5.3946	0.3875083010232836	0.062421032151795917
5.4279	0.38750829217017629	0.062421030028650556
5.4612	0.38750828402120485	0.062421028074369465
5.4945	0.3875082765203664	0.062421026275521797
5.5278	0.38750826961611151	0.062421024619745247
5.5611	0.38750826326099053	0.062421023095660395
5.5944	0.38750825741132866	0.062421021692793149
5.6277	0.38750825202692429	0.062421020401502311
5.661	0.38750824707077247	0.062421019212913598
5.6943	0.38750824250881166	0.062421018118858543
5.7276	0.38750823830969144	0.062421017111818182
5.7609	0.38750823444455207	0.062421016184871926
5.7942	0.38750823088683045	0.062421015331649239
5.8275	0.38750822761207715	0.062421014546286575
5.8608	0.38750822459778539	0.062421013823386454
5.8941	0.38750822182323957	0.06242101315798091
5.9274	0.38750821926937185	0.062421012545497055
5.9607	0.38750821691863124	0.062421011981725574
5.994	0.38750821475486158	0.062421011462792081
6.0273	0.38750821276319203	0.062421010985130296
6.0606	0.38750821092993576	0.062421010545457574
6.0939	0.38750820924249274	0.062421010140752325
6.1272	0.38750820768926608	0.062421009768233213
6.1605	0.38750820625958149	0.06242100942534036
6.1938	0.38750820494361282	0.062421009109717249
6.2271	0.38750820373231581	0.062421008819194837
6.2604	0.38750820261736602	0.06242100855177659
6.2937	0.38750820159110133	0.062421008305624831
6.327	0.3875082006464674	0.06242100807904797
6.3603	0.38750819977697287	0.062421007870489015
6.3936	0.38750819897664152	0.062421007678514689
6.4269	0.38750819823997334	0.062421007501805813
6.4602	0.38750819756190413	0.062421007339148057
6.4935	0.38750819693777477	0.062421007189423783
6.5268	0.38750819636329475	0.062421007051603937
6.5601	0.38750819583451696	0.062421006924741659
6.5934	0.38750819534780595	0.062421006807965175
6.6267	0.38750819489981647	0.062421006700472105
6.66	0.38750819448746976	0.062421006601523908
6.6933	0.38750819410793153	0.06242100651044058
6.7266	0.38750819375859258	0.062421006426596502
6.7599	0.38750819343705162	0.062421006349415678
6.7932	0.38750819314109797	0.062421006278367719
6.8265	0.38750819286869853	0.062421006212964522
6.8598	0.38750819261798025	0.06242100615275701
6.8931	0.38750819238721995	0.062421006097331415
6.9264	0.38750819217482974	0.062421006046307285
6.9597	0.38750819197935055	0.062421005999334159
6.993	0.38750819179943791	0.06242100595608932
7.0263	0.38750819163385436	0.062421005916275932
7.0596	0.38750819148146137	0.062421005879620718
7.0929	0.38750819134121139	0.06242100584587202
7.1262	0.38750819121213953	0.062421005814798203
7.1595	0.3875081910933576	0.062421005786186139
7.1928	0.38750819098404921	0.062421005759839353
7.2261	0.38750819088346167	0.062421005735577267
7.2594	0.38750819079090221	0.062421005713233543
7.2927	0.38750819070573467	0.062421005692654991
7.326	0.38750819062737185	0.06242100567370068
7.3593	0.38750819055527552	0.06242100565624064
7.3926	0.38750819048894714	0.062421005640155389
7.4259	0.38750819042793078	0.062421005625334952
7.4592	0.38750819037180545	0.062421005611678002
7.4925	0.38750819032018413	0.062421005599091174
7.5258	0.38750819027271005	0.062421005587488525
7.5591	0.38750819022905664	0.062421005576790936
7.5924	0.3875081901889218	0.062421005566925467
7.6257	0.38750819015202792	0.062421005557825128
7.659	0.38750819011811982	0.062421005549427998
7.6923	0.38750819008696263	0.06242100554167708
7.7256	0.38750819005834042	0.062421005534519861
7.7589	0.38750819003205411	0.062421005527907976
7.7922	0.3875081900079213	0.062421005521796857
7.8255	0.38750818998577363	0.062421005516145427
7.8588	0.38750818996545661	0.062421005510915735
7.8921	0.38750818994682817	0.062421005506072887
7.9254	0.38750818992975733	0.062421005501584553
7.9587	0.38750818991412483	0.062421005497421009
7.992	0.38750818989982017	0.062421005493554817
8.0253	0.38750818988674157	0.062421005489960608
8.0586	0.38750818987479657	0.062421005486614889
8.0919	0.3875081898638994	0.062421005483496064
8.1252	0.38750818985397173	0.062421005480584067
8.1585	0.38750818984494173	0.062421005477860336
8.1918	0.38750818983674357	0.062421005475307718
8.2251	0.3875081898293169	0.06242100547291024
8.2584	0.38750818982260632	0.062421005470653192
8.2917	0.38750818981656127	0.062421005468522812
8.325	0.38750818981113533	0.062421005466506356
8.3583	0.38750818980628665	0.062421005464591957
8.3916	0.3875081898019766	0.062421005462768492
8.4249	0.38750818979817003	0.062421005461025643
8.4582	0.38750818979483492	0.062421005459353723
8.4915	0.38750818979194246	0.062421005457743629
8.5248	0.38750818978946644	0.062421005456186847
8.5581	0.38750818978738322	0.062421005454675334
8.5914	0.38750818978567203	0.062421005453201506
8.6247	0.38750818978431312	0.06242100545175816
8.658	0.38750818978328955	0.062421005450338456
8.6913	0.38750818978258639	0.062421005448935904
8.7246	0.3875081897821902	0.062421005447544246

# DK0 = 1.38778e-17	(data set 11)
0	0.49510828997129086	0.086877041259738941
0.0333	0.48321784783691529	0.084317991031734665
0.0666	0.47297109142667415	0.082082913464103097
0.0999	0.46407498257258939	0.080120255795152848
0.1332	0.45630203881802284	0.078388660551088341
0.1665	0.44947282886569967	0.076854557933360407
0.1998	0.44344382039712915	0.07549041155490023
0.2331	0.43809875830719303	0.074273419321159745
0.2664	0.4333424285239359	0.073184537183960896
0.2997	0.42909606884229423	0.072207735722157829
0.333	0.42529393895885359	0.071329427133740256
0.3663	0.42188072064621368	0.070538018660514831
0.3996	0.41880952182620451	0.069823560989233049
0.4329	0.41604032628337489	0.069177468818703611
0.4662	0.41353877655802784	0.068592296841425163
0.4995	0.4112752089429263	0.068061558693497559
0.5328	0.40922388135533361	0.067579579524912906
0.5661	0.40736235028524254	0.067141375098634631
0.5994	0.40567096406306413	0.066742551988136084
0.6327	0.40413244769088164	0.066379224678802945
0.666	0.40273156034504659	0.066047946306641112
0.6993	0.40145481100132147	0.065745650470933212
0.7326	0.4002902208831961	0.065469602094838125
0.7659	0.39922712388767106	0.065217355721766859
0.7992	0.39825599801176936	0.064986719956475661
0.8325	0.3973683222383495	0.064775727010708356
0.8658	0.39655645445055543	0.06458260651055131
0.8991	0.39581352681008469	0.064405762878847
0.9324	0.39513335571405617	0.064243755730345464
0.9657	0.39451036398207412	0.064095282816825597
0.999	0.39393951335178212	0.063959165139544624
1.0323	0.39341624570231265	0.063834333911193711
1.0656	0.3929364316992196	0.063719819102237438
1.0989	0.39249632577608151	0.063614739349546104
1.1322	0.39209252654792248	0.063518293040536411
1.1655	0.39172194189843135	0.063429750415118183
1.1988	0.39138175810337522	0.063348446551797138
1.2321	0.39106941245171167	0.063273775124266449
1.2654	0.39078256890787799	0.063205182831466103
1.2987	0.39051909642678273	0.06314216441802252
1.332	0.3902770495897348	0.063084258213676844
1.3653	0.39005465127701611	0.063031042130164056
1.3986	0.38985027713261222	0.062982130062333136
1.4319	0.38966244161023017	0.062937168647362818
1.4652	0.38948978541807611	0.062895834341934742
1.4985	0.3893310642039931	0.062857830782355489
1.5318	0.38918513834302193	0.062822886397004604
1.5651	0.38905096370696829	0.062790752244255538
1.5984	0.38892758331053962	0.062761200052258048
1.6317	0.38881411974150376	0.062734020439771471
1.665	0.38870976829339998	0.062709021299661827
1.6983	0.38861379072893254	0.062686026328780647
1.7316	0.38852550961047205	0.062664873689773762
1.7649	0.38844430314132111	0.062645414791967002
1.7982	0.38836960046766633	0.062627513179874014
1.8315	0.38830087739665747	0.062611043519097326
1.8648	0.38823765249083975	0.062595890670469667
1.8981	0.38817948350340103	0.062581948844237179
1.9314	0.38812596412240696	0.062569120826917041
1.9647	0.38807672099547386	0.062557317274212598
1.998	0.38803141100922156	0.062546456064021358
2.0313	0.38798971880043004	0.062536461704157831
2.0646	0.38795135447807594	0.062527264789937184
2.0979	0.38791605153748671	0.062518801507225399
2.1312	0.38788356494962561	0.062511013176982447
2.1645	0.38785366941015148	0.062503845837692973
2.1978	0.38782615773434148	0.062497249862414873
2.2311	0.3878008393852565	0.062491179607475918
2.2644	0.38777753912368246	0.062485593090117614
2.2977	0.38775609576944636	0.062480451692629162
2.331	0.38773636106462334	0.062475719890733736
2.3643	0.38771819863001611	0.06247136500418693
2.3976	0.38770148300704821	0.062467356967727844
2.4309	0.38768609877790738	0.062463668120683762
2.4642	0.38767193975739511	0.06246027301367877
2.4975	0.38765890825051819	0.062457148231028201
2.5308	0.38764691437037341	0.062454272227524678
2.5641	0.38763587541132566	0.062451625178428671
2.5974	0.38762571527293371	0.062449188841581078
2.6307	0.38761636393044702	0.062446946430642074
2.664	0.38760775694805111	0.06244488249854975
2.6973	0.38759983503136619	0.062442982830361621
2.7306	0.38759254361599704	0.062441234344717697
2.7639	0.38758583248919243	0.062439625003223032
2.7972	0.38757965544192285	0.062438143727107341
2.8305	0.38757396994890964	0.062436780320572718
2.8638	0.38756873687433702	0.062435525400287982
2.8971	0.38756392020116714	0.062434370330533485
2.9304	0.38755948678215651	0.062433307163539939
2.9637	0.38755540611081435	0.062432328584602868
2.997	0.38755165011070153	0.062431427861588805
3.0303	0.38754819294158921	0.062430598798478398
3.0636	0.38754501082111786	0.062429835692624461
3.0969	0.38754208186072103	0.062429133295423676
3.1302	0.38753938591465548	0.062428486776130727
3.1635	0.3875369044410924	0.062427891688561388
3.1968	0.38753462037430503	0.062427343940453246
3.2301	0.38753251800705385	0.062426839765271698
3.2634	0.38753058288236347	0.062426375696264955
3.2967	0.38752880169393206	0.06242594854258892
3.33	0.38752716219448247	0.062425555367334996
3.3633	0.38752565311142834	0.062425193467310743
3.3966	0.38752426406925722	0.062424860354431226
3.4299	0.38752298551810649	0.062424553738593763
3.4632	0.38752180866802716	0.062424271511917637
3.4965	0.38752072542848842	0.062424011734238859
3.5298	0.38751972835270498	0.062423772619760835
3.5631	0.38751881058639365	0.062423552524768146
3.5964	0.38751796582061637	0.062423349936318782
3.6297	0.38751718824837711	0.062423163461836899
3.663	0.38751647252467419	0.062422991819534382
3.6963	0.38751581372973715	0.062422833829594807
3.7296	0.3875152073351873	0.062422688406059572
3.7629	0.38751464917289202	0.062422554549359362
3.7962	0.38751413540630397	0.062422431339440962
3.8295	0.38751366250407249	0.062422317929440141
3.8628	0.38751322721576531	0.062422213539858995
3.8961	0.38751282654951658	0.062422117453206187
3.9294	0.38751245775145421	0.062422029009063899
3.9627	0.38751211828676513	0.062421947599547244
3.996	0.3875118058222714	0.062421872665125104
4.0293	0.38751151821038515	0.062421803690773478
4.0626	0.3875112534743459	0.062421740202434892
4.0959	0.38751100979463127	0.062421681763759458
4.1292	0.38751078549644785	0.062421627973105347
4.1625	0.38751057903821851	0.06242157846077763
4.1958	0.387510389000986	0.062421532886487475
4.2291	0.38751021407865732	0.062421490937012457
4.2624	0.38751005306902808	0.062421452324044009
4.2957	0.38750990486551595	0.062421416782205329
4.329	0.38750976844955498	0.062421384067227595
4.3623	0.38750964288359818	0.062421353954271001
4.3956	0.38750952730466781	0.062421326236378839
4.4289	0.38750942091842644	0.062421300723055628
4.4622	0.38750932299371699	0.06242127723895749
4.4955	0.38750923285753885	0.062421255622686932
4.5288	0.38750914989041829	0.062421235725683706
4.5621	0.38750907352215419	0.062421217411203676
4.5954	0.38750900322789805	0.062421200553378901
4.6287	0.38750893852454554	0.062421185036352765
4.662	0.38750887896741881	0.062421170753483274
4.6953	0.38750882414720594	0.062421157606610662
4.7286	0.38750877368715198	0.062421145505382344
4.7619	0.38750872724046775	0.062421134366632137
4.7952	0.38750868448794562	0.062421124113808457
4.8285	0.3875086451357671	0.062421114676448473
4.8618	0.38750860891348377	0.062421105989693769
4.8951	0.38750857557215718	0.062421097993844391
4.9284	0.38750854488264797	0.062421090633948739
4.9617	0.38750851663404173	0.062421083859425762
4.995	0.38750849063220016	0.062421077623717527
5.0283	0.38750846669842509	0.062421071883969136
5.0616	0.3875084446682312	0.06242106660073423
5.0949	0.38750842439021743	0.062421061737703697
5.1282	0.38750840572502115	0.062421057261456456
5.1615	0.38750838854436781	0.062421053141229511
5.1948	0.38750837273018279	0.062421049348706723
5.2281	0.38750835817378315	0.062421045857823779
5.2614	0.38750834477513113	0.062421042644589864
5.2947	0.38750833244214417	0.062421039686922045
5.328	0.38750832109006367	0.06242103696449379
5.3613	0.38750831064087354	0.062421034458595225
5.3946	0.38750830102276151	0.062421032152004542
5.4279	0.38750829216962784	0.062421030028869888
5.4612	0.38750828402062937	0.062421028074599968
5.4945	0.38750827651976205	0.062421026275764027
5.5278	0.38750826961547669	0.062421024619999703
5.5611	0.38750826326032417	0.062421023095927806
5.5944	0.38750825741062855	0.062421021693074168
5.6277	0.38750825202618833	0.062421020401797533
5.661	0.38750824706999887	0.062421019213223752
5.6943	0.38750824250799898	0.062421018119184393
5.7276	0.38750823830883691	0.062421017112160609
5.7609	0.38750823444365423	0.062421016185231652
5.7942	0.38750823088588771	0.062421015332027284
5.8275	0.38750822761108611	0.062421014546683799
5.8608	0.3875082245967445	0.062421013823803821
5.8941	0.38750822182214617	0.062421013158419483
5.9274	0.38750821926822299	0.062421012545957832
5.9607	0.38750821691742404	0.062421011982209756
5.994	0.38750821475359259	0.062421011463300841
6.0273	0.38750821276185909	0.062421010985664875
6.0606	0.38750821092853477	0.06242101054601925
6.0939	0.38750820924102025	0.062421010141342541
6.1272	0.38750820768771821	0.062421009768853453
6.1605	0.38750820625795551	0.062421009425992158
6.1938	0.38750820494190452	0.062421009110402124
6.2271	0.38750820373052125	0.062421008819914491
6.2604	0.38750820261548063	0.062421008552532874
6.2937	0.38750820158911953	0.062421008306419487
6.327	0.38750820064438535	0.062421008079883052
6.3603	0.38750819977478462	0.062421007871366542
6.3936	0.3875081989743423	0.062421007679436834
6.4269	0.38750819823755722	0.062421007502774732
6.4602	0.38750819755936577	0.062421007340166257
6.4935	0.38750819693510757	0.062421007190493615
6.5268	0.38750819636049244	0.062421007052728163
6.5601	0.38750819583157203	0.062421006925922964
6.5934	0.38750819534471076	0.062421006809206508
6.6267	0.38750819489656413	0.062421006701776492
6.66	0.38750819448405166	0.06242100660289461
6.6933	0.38750819410433918	0.062421006511880969
6.7266	0.38750819375481732	0.062421006428110069
6.7599	0.38750819343308451	0.062421006351006086
6.7932	0.38750819313692997	0.06242100628003891
6.8265	0.38750819286431881	0.062421006214720715
6.8598	0.38750819261337788	0.062421006154602464
6.8931	0.38750819238238349	0.062421006099270808
6.9264	0.38750819216974763	0.062421006048345218
6.9597	0.38750819197400999	0.06242100600147564
6.993	0.38750819179382584	0.062421005958339625
7.0263	0.38750819162795724	0.062421005918640617
7.0596	0.3875081914752655	0.062421005882105557
7.0929	0.38750819133470038	0.062421005848483098
7.1262	0.38750819120529756	0.062421005817541952
7.1595	0.38750819108616802	0.062421005789069277
7.1928	0.38750819097649403	0.062421005762868992
7.2261	0.38750819087552224	0.062421005738760874
7.2594	0.38750819078255938	0.062421005716578902
7.2927	0.38750819069696746	0.062421005696170331
7.326	0.38750819061815917	0.062421005677394677
7.3593	0.38750819054559393	0.062421005660122347
7.3926	0.38750819047877338	0.062421005644234369
7.4259	0.38750819041723944	0.062421005629621253
7.4592	0.38750819036057071	0.062421005616182107
7.4925	0.3875081903083783	0.062421005603824194
7.5258	0.3875081902603047	0.062421005592462102
7.5591	0.3875081902160209	0.062421005582017297
7.5924	0.38750819017522353	0.062421005572417546
7.6257	0.38750819013763349	0.062421005563596234
7.659	0.38750819010299359	0.06242100555549239
7.6923	0.38750819007106768	0.062421005548049684
7.7256	0.38750819004163756	0.062421005541216379
7.7589	0.38750819001450237	0.062421005534944889
7.7922	0.38750818998947723	0.062421005529191415
7.8255	0.38750818996639202	0.062421005523915801
7.8588	0.38750818994508995	0.062421005519081016
7.8921	0.38750818992542596	0.062421005514653079
7.9254	0.38750818990726776	0.062421005510600841
7.9587	0.38750818989049229	0.062421005506895576
7.992	0.3875081898749862	0.062421005503510929
8.0253	0.38750818986064567	0.062421005500422726
8.0586	0.3875081898473744	0.062421005497608713
8.0919	0.38750818983508345	0.062421005495048636
8.1252	0.38750818982369123	0.062421005492723794
8.1585	0.38750818981312241	0.062421005490617062
8.1918	0.38750818980330703	0.062421005488712739
8.2251	0.38750818979418078	0.062421005486996611
8.2584	0.38750818978568419	0.062421005485455518
8.2917	0.38750818977776247	0.062421005484077453
8.325	0.38750818977036461	0.062421005482851566
8.3583	0.3875081897634437	0.062421005481767891
8.3916	0.38750818975695606	0.062421005480817388
8.4249	0.38750818975086121	0.062421005479991888
8.4582	0.38750818974512158	0.062421005479283941
8.4915	0.38750818973970264	0.062421005478686821
8.5248	0.38750818973457152	0.062421005478194506
8.5581	0.38750818972969847	0.062421005477801571
8.5914	0.38750818972505491	0.062421005477503129
8.6247	0.38750818972061518	0.062421005477294934
8.658	0.3875081897163542	0.06242100547717315

