# Filename: 3Dvlt_K0cFind_Plot_Output5_Op1.dat
# Source: 3Dvlt_K0cFind_Plot.c
# Source version: 2 (2012 Jul 27 - ...)
# Constant values: PI= 3.141592653589793116, PISQ=9.8696044010893579923, PICU=31.0062766802998162063
# Parameter values: A3=41.3417022403997549418, THETA=0.6, N=2, dl=0.0001, LDataPerOne=30, MRecDataSets=10, uncertainty=1e-17, DK01=2
# l	K	y

# DK0 = 1	(data set 1)
0	                2	1.9258989042469723e-08

# DK0 = 0.015625	(data set 2)
0	          0.34375	0.047197759223921325
0.0333	0.3474427602665015	0.04785384382434376
0.0666	0.35098562984516346	0.048459418200806167
0.0999	0.35438316055009472	0.049015146284025514
0.1332	0.35764060098010275	0.049521848881237
0.1665	0.36076380076230075	0.049980473294547127
0.1998	0.36375911804151473	0.050392064863534328
0.2331	0.36663333175659912	0.050757740711929206
0.2664	0.36939355989203593	0.05107866587690494
0.2997	0.37204718456089708	0.051356031911840128
0.333	0.37460178447332526	0.051591037979985668
0.3663	0.37706507507947495	0.051784874397076124
0.3996	0.37944485645053394	0.051938708534805735
0.4329	0.38174896877665931	0.05205367296305094
0.4662	0.38398525521495541	0.052130855685349857
0.4995	0.38616153171124151	0.052171292307912225

# DK0 = 0.000244141	(data set 3)
0	    0.33740234375	0.049935410874633317
0.0333	0.34072497899147408	0.050743040264148422
0.0666	0.34387587074994347	0.051506387699170729
0.0999	0.3468586797841629	0.052226419141302806
0.1332	0.3496777256070534	0.052904273382050178
0.1665	0.35233788492140949	0.053541231021297139
0.1998	0.3548444932757121	0.054138685375528461
0.2331	0.3572032515290251	0.054698115603321516
0.2664	0.3594201383451911	0.055221062229905263
0.2997	0.36150132958926412	0.055709105160948277
0.333	0.36345312518372513	0.056163844198850205
0.3663	0.36528188370521963	0.056586882012489383
0.3996	0.36699396476756435	0.056979809462819532
0.4329	0.36859567904426743	0.057344193150692162
0.4662	0.37009324563221691	0.057681565028325728
0.4995	0.37149275634452217	0.057993413900364402
0.5328	0.37280014644074944	0.058281178632868573
0.5661	0.37402117125241741	0.058546242887328355
0.5994	0.37516138813598227	0.058789931200502236
0.6327	0.37622614318002418	0.059013506238295911
0.666	0.37722056210368254	0.059218167061951869
0.6993	0.3781495448057558	0.05940504825660519
0.7326	0.37901776305484697	0.05957521978504119
0.7659	0.37982966084772551	0.059729687442676316
0.7992	0.38058945700320512	0.059869393802917295
0.8325	0.38130114960054035	0.059995219554797662
0.8658	0.38196852191301833	0.060107985146903228
0.8991	0.38259514952801177	0.060208452662914122
0.9324	0.38318440838342421	0.060297327864516137
0.9657	0.38373948348670506	0.060375262346918868
0.999	0.38426337811599709	0.060442855760757967
1.0323	0.38475892333347017	0.060500658061770338
1.0656	0.38522878766829777	0.060549171756358808
1.0989	0.3856754868512427	0.060588854117058583
1.1322	0.38610139350444644	0.060620119347047044
1.1655	0.38650874670897534	0.060643340677265928
1.1988	0.38689966138918508	0.060658852383522983
1.2321	0.38727613746717715	0.060666951714167382

# DK0 = 3.8147e-06	(data set 4)
0	0.33702850341796875	0.050101506546055212
0.0333	0.34032942688219531	0.050918574743080224
0.0666	0.34345732893170067	0.051691776813348932
0.0999	0.34641581932972798	0.052422101411959354
0.1332	0.34920916454286327	0.053110711465527857
0.1665	0.35184218584701715	0.053758913159908515
0.1998	0.35432016065359945	0.054368126862499394
0.2331	0.35664872864796421	0.054939860267557414
0.2664	0.35883380396250458	0.055475683946974767
0.2997	0.36088149425857935	0.055977209397131619
0.333	0.36279802727528093	0.05644606959537643
0.3663	0.36458968512552875	0.056883902017220517
0.3996	0.3662627463844334	0.057292334016668035
0.4329	0.36782343582190113	0.057672970436001864
0.4662	0.36927788147952745	0.058027383286341196
0.4995	0.37063207867791387	0.058357103324771537
0.5328	0.37189186046063455	0.058663613346235224
0.5661	0.37306287393063864	0.058948343007122338
0.5994	0.37415056190918339	0.059212665001217191
0.6327	0.37516014934191227	0.059457892416094331
0.666	0.37609663388705949	0.059685277108131318
0.6993	0.37696478014319007	0.059896008946121765
0.7326	0.37776911700494348	0.060091215786276519
0.7659	0.37851393767207236	0.060271964054616961
0.7992	0.37920330187732942	0.060439259825923325
0.8325	0.37984103994046564	0.060594050301171196
0.8658	0.38043075829737444	0.0607372255975216
0.8991	0.3809758461940263	0.060869620776268611
0.9324	0.38147948327355347	0.060992018044586274
0.9657	0.38194464782108661	0.061105149076418237
0.999	0.38237412546436256	0.061209697406399206
1.0323	0.38277051815856672	0.061306300858317467
1.0656	0.38313625331129719	0.061395553976356224
1.0989	0.38347359292797351	0.061478010433247771
1.1322	0.38378464267960788	0.061554185394597283
1.1655	0.38407136081376875	0.061624557823054364
1.1988	0.38433556684597958	0.061689572709791557
1.2321	0.38457894998294156	0.06174964322396656
1.2654	0.38480307724106472	0.061805152773551239
1.2987	0.38500940123402838	0.061856456973178403
1.332	0.38519926761170725	0.061903885516531143
1.3653	0.38537392213996763	0.061947743952342767
1.3986	0.38553451741675471	0.061988315364318286
1.4319	0.38568211922470425	0.062025861956293511
1.4652	0.38581771252439312	0.062060626544727708
1.4985	0.38594220709541394	0.062092833961237
1.5318	0.38605644283483637	0.062122692368326606
1.5651	0.38616119472442978	0.06215039449181025
1.5984	0.38625717747932636	0.062176118773625742
1.6317	0.38634504989171731	0.062200030448894258
1.665	0.38642541888375026	0.062222282551133677
1.6983	0.38649884328408046	0.062243016849547445
1.7316	0.38656583734261962	0.062262364722272208
1.7649	0.38662687399789503	0.062280447969395476
1.7982	0.38668238791120979	0.062297379569453741
1.8315	0.38673277828141761	0.062313264383002581
1.8648	0.38677841145368957	0.062328199806712045
1.8981	0.38681962333514636	0.062342276381298363
1.9314	0.38685672162968043	0.062355578356446534
1.9647	0.3868899879037252	0.062368184215726867
1.998	0.38691967949412487	0.062380167164350034
2.0313	0.38694603126867683	0.062391595582450249
2.0646	0.38696925724930314	0.062402533446436238
2.0979	0.38698955210725283	0.062413040720798889
2.1312	0.38700709253912768	0.062423173722623189
2.1645	0.38702203853200157	0.062432985460914574
2.1978	0.3870345345253387	0.062442525952718236
2.2311	0.38704471047692679	0.062451842517885235
2.2644	0.38705268283952549	0.062460980054221127
2.2977	0.38705855545448137	0.06246998129464109
2.331	0.38706242036810656	0.062478887047851699
2.3643	0.38706435857619786	0.062487736423979118

# DK0 = 5.96046e-08	(data set 5)
0	0.33703529834747314	0.050098482663711426
0.0333	0.34033661635429518	0.050915378774682107
0.0666	0.34346493616454049	0.051688401149814336
0.0999	0.34642386846678141	0.052418538026504508
0.1332	0.34921768069000381	0.053106951886910704
0.1665	0.35185119511557056	0.053754948445449223
0.1998	0.35432969020936739	0.054363947570784214
0.2331	0.35665880676616685	0.054935456430714701
0.2664	0.35884446008853521	0.055471045042400795
0.2997	0.36089275907445167	0.055972324318532822
0.333	0.36280993277163931	0.056440926622990141
0.3663	0.3646022646790899	0.05687848878707339
0.3996	0.36627603484074855	0.05728663748872824
0.4329	0.36783746958335106	0.057666976861082499
0.4662	0.36929269859848102	0.058021078171612228
0.4995	0.37064771895503074	0.058350471397739551
0.5328	0.37190836554831458	0.058656638517051371
0.5661	0.37308028744166427	0.058941008329078948
0.5994	0.37416892953064035	0.059204952629296807
0.6327	0.37517951895450635	0.059449783563432279
0.666	0.37611705568998827	0.059676752000255795
0.6993	0.3769863067847643	0.059887046772831312
0.7326	0.37779180371918342	0.060081794651015319
0.7659	0.37853784242154248	0.060262060921204674
0.7992	0.37922848550249633	0.060428850462493591
0.8325	0.37986756631590879	0.060583109221167629
0.8658	0.38045869449519781	0.060725725997597312
0.8991	0.38100526265484036	0.060857534470927163
0.9324	0.38151045398544642	0.060979315397398537
0.9657	0.38197725050700548	0.061091798927639787
0.999	0.38240844177836836	0.061195666996807396
1.0323	0.38280663389144648	0.061291555749077672
1.0656	0.38317425860604337	0.061380057964718168
1.0989	0.38351358250566964	0.061461725463863241
1.1322	0.38382671607628588	0.06153707146624008
1.1655	0.3841156226288302	0.06160657289051176
1.1988	0.38438212700280783	0.061670672580686259
1.2321	0.38462792400235513	0.061729781450253506
1.2654	0.38485458652829851	0.061784280537423041
1.2987	0.38506357337996222	0.061834522967096857
1.332	0.38525623670909193	0.061880835817090363
1.3653	0.38543382911544288	0.061923521887650365
1.3986	0.38559751037948375	0.06196286137456971
1.4319	0.38574835383249279	0.061999113447192437
1.4652	0.38588735236820443	0.062032517733391669
1.4985	0.38601542410323614	0.062063295714205581
1.5318	0.38613341769589959	0.062091652031271406
1.5651	0.38624211733482616	0.062117775710524292
1.5984	0.38634224741013706	0.062141841305847489
1.6317	0.38643447688080235	0.062164009966499005
1.665	0.38651942335241424	0.062184430432200878
1.6983	0.38659765687988917	0.062203239959785668
1.7316	0.38666970350970692	0.062220565185257981
1.7649	0.38673604857616628	0.062236522925052426
1.7982	0.38679713976591429	0.062251220920169797
1.8315	0.38685338996464197	0.062264758526750674
1.8648	0.38690517989939455	0.062277227356507293
1.8981	0.38695286058945916	0.062288711870288775
1.9314	0.38699675561823788	0.062299289927899133
1.9647	0.38703716323794818	0.062309033297131021
1.998	0.38707435831840731	0.062318008124819191
2.0313	0.3871085941505617	0.062326275372562093
2.0646	0.38714010411484279	0.062333891219602831
2.0979	0.3871691032238293	0.062340907435213679
2.1312	0.38719578954815698	0.062347371722779925
2.1645	0.38722034553404738	0.062353328037640612
2.1978	0.3872429392202909	0.0623588168806085
2.2311	0.38726372536204184	0.062363875568964881
2.2644	0.38728284646826205	0.062368538486601649
2.2977	0.38730043375921042	0.062372837314870665
2.331	0.38731660804993218	0.062376801245589537
2.3643	0.3873314805652906	0.062380457177551557
2.3976	0.38734515369168593	0.062383829897792606
2.4309	0.3873577216702544	0.062386942248775563
2.4642	0.38736927123598647	0.062389815282571121
2.4975	0.38737988220687841	0.062392468403031996
2.5308	0.38738962802694277	0.062394919496887281
2.5641	0.38739857626661123	0.062397185054612204
2.5974	0.38740678908380488	0.062399280281866684
2.6307	0.38741432364870304	0.062401219202235375
2.664	0.38742123253500932	0.062403014751947906
2.6973	0.38742756408031376	0.062404678867205486
2.7306	0.3874333627179371	0.062406222564693345
2.7639	0.38743866928247811	0.062407656015814925
2.7972	0.38744352129110154	0.062408988615140215
2.8305	0.38744795320245146	0.062410229043526826
2.8638	0.38745199665493912	0.062411385326333786
2.8971	0.38745568068600222	0.062412464887118033
2.9304	0.38745903193382458	0.062413474597172121
2.9637	0.38746207482287726	0.062414420821234655
2.997	0.38746483173454926	0.062415309459679914
3.0303	0.38746732316401761	0.0624161459874681
3.0636	0.38746956786443731	0.062416935490117675
3.0969	0.38747158297943401	0.062417682696939057
3.1302	0.3874733841648067	0.062418392011752435
3.1635	0.38747498570027689	0.06241906754129433
3.1968	0.38747640059205835	0.06241971312150113
3.2301	0.38747764066695312	0.062420332341844964
3.2634	0.3874787166586231	0.062420928567882311
3.2967	0.38747963828665211	0.062421504962164753
3.33	0.38748041432892738	0.062422064503648463
3.3633	0.38748105268787136	0.062422610005729767
3.3966	0.38748156045097565	0.062423144133024563
3.4299	0.38748194394607233	0.062423669416999013
3.4632	0.38748220879173534	0.062424188270553377
3.4965	0.38748235994317282	0.062424703001650129

# DK0 = 9.31323e-10	(data set 6)
0	0.33703537099063396	0.05009845033700791
0.0333	0.3403366932154458	0.050915344608348276
0.0666	0.34346501749190372	0.051688365062513383
0.0999	0.34642395451847213	0.052418499932434921
0.1332	0.34921777173442609	0.053106911695520662
0.1665	0.35185129143187799	0.053754906061148057
0.1998	0.35432979208798754	0.05436390289265098
0.2331	0.35665891450938736	0.054935409352201779
0.2664	0.35884457401115499	0.055470995451031624
0.2997	0.36089287950449161	0.055972272095592565
0.333	0.36281006005111016	0.056440871643207845
0.3663	0.3646023991648214	0.056878430918293206
0.3996	0.36627617690527503	0.057286576591569181
0.4329	0.36783761961585026	0.057666912788585073
0.4662	0.36929285700577319	0.058021010768869966
0.4995	0.37064788616262639	0.058350400501514271
0.5328	0.37190854200152201	0.058656563955370389
0.5661	0.37308047360675234	0.058940929920813422
0.5994	0.37416912589605417	0.059204870183718707
0.6327	0.37517972603214461	0.059449696879749783
0.666	0.37611727401653772	0.059676660867124282
0.6993	0.37698653692309719	0.059886950967839699
0.7326	0.37779204625981727	0.060081693940145467
0.7659	0.37853809798416721	0.06026195505826254
0.7992	0.37922875473757212	0.060428739188510661
0.8325	0.37986784990633676	0.060582992263770945
0.8658	0.38045899315806486	0.060725603070346697
0.8991	0.38100557714325034	0.060857405272617418
0.9324	0.38151078509043174	0.060979179611325339
0.9657	0.38197759905953227	0.061091656220827038
0.999	0.38240880865143417	0.061195517019194567
1.0323	0.38280702000227995	0.061291398132664439
1.0656	0.38317466491840874	0.061379892322665247
1.0989	0.38351401003227886	0.06146155138954592
1.1322	0.38382716588133431	0.061536888532253239
1.1655	0.38411609583065481	0.061606380647623325
1.1988	0.38438262477667073	0.061670470556736703
1.2321	0.38462844758337061	0.061729569148998811
1.2654	0.38485513721450093	0.061784057437318025
1.2987	0.38506415253552739	0.061834288520016205
1.332	0.38525684576771946	0.061880589446983617
1.3653	0.38543446958390781	0.061923262989128876
1.3986	0.38559818384136435	0.061962589311420457
1.4319	0.38574906195208675	0.061998827550816225
1.4652	0.38588809689464271	0.062032217301161444
1.4985	0.38601620687480087	0.062062980007740853
1.5318	0.38613424064456159	0.062091320274624988
1.5651	0.38624298249101424	0.062117427088275744
1.5984	0.38634315690774435	0.062141474961100271
1.6317	0.38643543296244609	0.062163624998775098
1.665	0.38652042837496176	0.062184025895227965
1.6983	0.38659871332026841	0.062202814859172034
1.7316	0.38667081397100583	0.062220118476048782
1.7649	0.38673721579404324	0.062236053509161546
1.7982	0.38679836661533629	0.062250727643681211
1.8315	0.38685467946695845	0.062264240177082104
1.8648	0.38690653522977736	0.062276682659429941
1.8981	0.38695428508471663	0.062288139486795256
1.9314	0.38699825278502503	0.062298688450911986
1.9647	0.387038736761397	0.062308401248044001
1.998	0.38707601207119213	0.062317343949862727
2.0313	0.3871103322024273	0.062325577438983502
2.0646	0.38714193074261399	0.062333157811652766
2.0979	0.38717102292193289	0.062340136749928138
2.1312	0.38719780703967716	0.062346561865548045
2.1645	0.38722246578233904	0.062352477017546842
2.1978	0.38724516744118981	0.06235792260553831
2.2311	0.38726606703668953	0.062362935840461139
2.2644	0.38728530735658734	0.062367550994460078
2.2977	0.38730301991409177	0.062371799631460223
2.331	0.38731932583208245	0.062375710819883683
2.3643	0.38733433665889772	0.062379311328856886
2.3976	0.38734815512084886	0.062382625809157904
2.4309	0.38736087581625545	0.062385676960066319
2.4642	0.38737258585543838	0.062388485683191608
2.4975	0.38738336545079655	0.062391071224277603
2.5308	0.38739328846078708	0.062393451303907908
2.5641	0.38740242289134436	0.062395642237967133
2.5974	0.38741083135802368	0.062397659048649953
2.6307	0.38741857151189246	0.062399515566750434
2.664	0.38742569643197866	0.062401224525907559
2.6973	0.38743225498687672	0.062402797649434086
2.7306	0.3874382921678966	0.062404245730305639
2.7639	0.38744384939598125	0.062405578704843728
2.7972	0.38744896480443536	0.062406805720587141
2.8305	0.38745367349935622	0.062407935198804727
2.8638	0.38745800779951062	0.06240897489207111
2.8971	0.38746199745726762	0.062409931937291982
2.9304	0.38746566986207392	0.062410812904536969
2.9637	0.38746905022784445	0.062411623842009351
2.997	0.38747216176553007	0.06241237031745666
3.0303	0.38747502584202936	0.062413057456303343
3.0636	0.38747766212652146	0.062413689976762728
3.0969	0.38748008872520862	0.062414272222167555
3.1302	0.38748232230538687	0.062414808190738462
3.1635	0.38748437820967857	0.062415301562992381
3.1968	0.3874862705612187	0.062415755726977662
3.2301	0.38748801236049291	0.062416173801508157
3.2634	0.38748961557449724	0.062416558657554015
3.2967	0.38749109121882608	0.062416912937935137
3.33	0.38749244943324801	0.062417239075452283
3.3633	0.38749369955127727	0.0624175393095786
3.3966	0.38749485016422891	0.062417815701826952
3.4299	0.387495909180187	0.062418070149896317
3.4632	0.38749688387828762	0.062418304400695852
3.4965	0.38749778095869369	0.062418520062334101
3.5298	0.38749860658859947	0.062418718615156916
3.5631	0.38749936644458088	0.062418901421907848
3.5964	0.38750006575157914	0.062419069737082111
3.6297	0.38750070931878799	0.062419224715537784
3.663	0.38750130157269036	0.062419367420422561
3.6963	0.38750184658746689	0.062419498830471327
3.7296	0.38750234811298728	0.062419619846723562
3.7629	0.3875028096005787	0.062419731298707926
3.7962	0.38750323422674299	0.062419833950135055
3.8295	0.3875036249149903	0.062419928504138224
3.8628	0.38750398435593264	0.062420015608098428
3.8961	0.38750431502578309	0.062420095858085313
3.9294	0.3875046192033807	0.062420169802946499
3.9627	0.38750489898586427	0.062420237948071736
3.996	0.38750515630309246	0.062420300758858085
4.0293	0.38750539293092534	0.062420358663900631
4.0626	0.38750561050344035	0.062420412057929357
4.0959	0.38750581052417965	0.062420461304513862
4.1292	0.38750599437650252	0.062420506738552879
4.1625	0.3875061633331105	0.06242054866856668
4.1958	0.38750631856481482	0.062420587378808165
4.2291	0.38750646114860687	0.062420623131206103
4.2624	0.38750659207508087	0.062420656167155066
4.2957	 0.38750671225527	0.062420686709163536
4.329	0.38750682252693092	0.062420714962371796
4.3623	0.38750692366033301	0.06242074111594989
4.3956	0.38750701636357965	0.062420765344385155
4.4289	0.38750710128750671	0.062420787808668547
4.4622	0.387507179030188	0.062420808657387146
4.4955	0.38750725014108356	0.062420828027731294
4.5288	0.38750731512484843	0.062420846046422042
4.5621	0.38750737444484318	0.06242086283056654
4.5954	0.387507428526357	0.062420878488446102
4.6287	0.387507477759577	0.062420893120242939
4.662	0.38750752250231074	0.062420906818710355
4.6953	0.38750756308249618	0.062420919669791165
4.7286	0.38750759980050475	0.062420931753188115
4.7619	0.38750763293125629	0.062420943142889984
4.7952	0.38750766272616766	0.062420953907658422
4.8285	0.3875076894149353	0.062420964111476858
4.8618	0.38750771320717753	0.062420973813965386
4.8951	0.38750773429393848	0.062420983070765164
4.9284	0.38750775284906791	0.062420991933893166
4.9617	0.38750776903048778	0.062421000452071447
4.995	0.38750778298135335	0.062421008671031959
5.0283	0.3875077948311148	0.062421016633799252
5.0616	0.38750780469648749	0.062421024380953094
5.0949	0.38750781268234374	0.062421031950872827
5.1282	0.38750781888252295	0.062421039379964023
5.1615	0.38750782338057199	0.062421046702870957
5.1948	0.38750782625042213	0.062421053952673888
5.2281	0.38750782755700031	0.062421061161074112

# DK0 = 1.45519e-11	(data set 7)
0	0.33703537107794546	0.050098450298153706
0.0333	0.34033669330782701	0.050915344567282951
0.0666	0.3434650175896532	0.051688365019139128
0.0999	0.34642395462190023	0.052418499886648692
0.1332	0.34921777184385494	0.053106911647213623
0.1665	0.35185129154764389	0.053754906010205286
0.1998	0.35432979221043931	0.054363902838951136
0.2331	0.35665891463888805	0.054935409295616765
0.2664	0.35884457414808324	0.055470995391426262
0.2997	0.36089287964924088	0.055972272032824344
0.333	0.3628100602040924	0.056440871577126094
0.3663	0.36460239932646493	0.056878430848739038
0.3996	0.36627617707602839	0.057286576518375071
0.4329	0.36783761979618101	0.057666912711574439
0.4662	0.3692928571961695	0.058021010687856603
0.4995	0.37064788636359952	0.058350400416301927
0.5328	0.37190854221360786	0.05865656386575243
0.5661	0.37308047383051124	0.058940929826572043
0.5994	0.37416912613207293	0.059204870084624744
0.6327	0.37517972628103863	0.059449696775561861
0.666	0.37611727427895214	0.059676660757588408
0.6993	0.37698653719970887	0.059886950852688609
0.7326	0.37779204655133541	0.06008169381909783
0.7659	0.378538098291337	0.060261954931022453
0.7992	0.37922875506117515	0.060428739054766825
0.8325	0.37986785024719405	0.060582992123196025
0.8658	0.38045899351703838	0.060725602922596371
0.8991	0.38100557752124492	0.060857405117329649
0.9324	0.38151078548839851	0.06097917944811946
0.9657	0.38197759947846999	0.061091656049302952
0.999	0.38240880909239261	0.061195516838931464
1.0323	0.3828070204663615	0.061291397943220076
1.0656	0.38317466540677086	0.061379892123574614
1.0989	0.38351401054613893	0.06146155118032022
1.1322	0.38382716642197179	0.061536888312378739
1.1655	0.38411609639941391	0.061606380416560164
1.1988	0.3843826253749642	0.061670470313917328
1.2321	0.38462844821268266	0.061729568893826775
1.2654	0.38485513787639158	0.061784057169166455
1.2987	0.38506415323163601	0.061834288238226225
1.332	0.38525684649976988	0.061880589150862947
1.3653	0.38543447035371053	0.061923262677949883
1.3986	0.38559818465082324	0.061962588984418469
1.4319	0.38574906280320209	0.061998827207187718
1.4652	0.38588809778951699	0.062032216940061759
1.4985	0.38601620781564289	0.062062979628282659
1.5318	0.38613424163369447	0.062091319875875545
1.5651	0.38624298353087794	0.062117426669255064
1.5984	0.38634315800090346	0.062141474520778416
1.6317	0.38643543411159548	0.062163624536069745
1.665	0.38652042958293514	0.062184025409001829
1.6983	0.38659871459004302	0.062202814348229933
1.7316	0.38667081530571029	0.062220117939134678
1.7649	0.38673721719696608	0.062236052944955648
1.7982	0.38679836808993184	0.062250727050796595
1.8315	0.38685468101685955	0.062264239554061442
1.8648	0.38690653685879917	0.062276682004741651
1.8981	0.38695428679687022	0.062288138798829926
1.9314	0.38699825458452547	0.062298687727978426
1.9647	0.38703873865267313	0.062308400488365126
1.998	0.38707601405889913	0.062317343151571065
2.0313	0.38711033429145675	0.062325576600116582
2.0646	0.3871419329381065	0.062333156930148508
2.0979	0.38717102522929053	0.062340135823619532
2.1312	0.38719780946457644	0.062346560892157905
2.1645	0.38722246833074553	0.062352475994682299
2.1978	0.38724517011937243	0.062357921530684812
2.2311	0.38726606985123752	0.062362934710976314
2.2644	0.38728531031442259	0.062367549807567299
2.2977	0.38730302302248981	0.062371798384241658
2.331	0.38731932909868849	0.062375709509273375
2.3643	0.38733434009174611	0.062379309951632905
2.3976	0.38734815872838158	0.062382624361934549
2.4309	0.38736087960734439	0.06238567543928588
2.4642	0.38737258983940709	0.062388484085115554
2.4975	0.38738336963744247	0.062391069544977251
2.5308	0.38739329286040491	0.062393449539255019
2.5641	0.38740242751475301	0.062395640383623614
2.5974	0.38741083621659184	0.06239765710005718
2.6307	0.38741857661756607	0.062399513519118065
2.664	0.38742570179731256	0.062401222374201891
2.6973	0.38743226062506281	0.062402795388365517
2.7306	0.38743829809279801	0.06240424335431561
2.7639	0.38744385562216516	0.062405576208091319
2.7972	0.38744897134721051	0.06240680309693452
2.8305	0.38745368037480982	0.062407932441802087
2.8638	0.3874580150245473	0.062408971994940811
2.8971	0.38746200504965028	0.062409928892911894
2.9304	0.38746567784046937	0.062410809705422933
2.9637	0.38746905861186781	0.062411620480296907
2.997	0.38747217057579425	0.062412366784881546
3.0303	0.38747503510019482	0.062413053744181192
3.0636	0.38747767185534987	0.062413686075967922
3.0969	0.38748009894861901	0.062414268123110662
3.1302	0.38748233304851254	0.062414803883342564
3.1635	0.38748438949893216	0.06241529703666851
3.1968	0.38748628242435446	0.062415750970598524
3.2301	0.38748802482667571	0.062416168803381016
3.2634	0.38748962867437442	0.062416553405391637
3.2967	0.38749110498460387	0.062416907418826016
3.33	0.38749246389876735	0.062417233275828599
3.3633	0.38749371475210059	0.062417533215182938
3.3966	0.38749486613772649	0.062417809297677207
3.4299	0.38749592596562821	0.062418063420248866
3.4632	0.38749690151693772	0.062418297329006986
3.4965	0.38749779949391505	0.062418512631219225
3.5298	0.38749862606595969	0.062418710806347776
3.5631	0.38749938691196356	0.06241889321620768
3.5964	0.38750008725930046	0.062419061114318643
3.6297	0.38750073191972317	0.062419215654513346
3.663	0.38750132532240061	0.06241935789886207
3.6963	0.38750187154433735	0.062419488824967437
3.7296	0.38750237433837165	0.06241960933267944
3.7629	0.38750283715894901	0.062419720250276443
3.7962	0.38750326318584821	0.062419822340155397
3.8295	0.38750365534602216	0.062419916304069116
3.8628	0.38750401633370146	0.062420002787947862
3.8961	0.38750434862890182	0.062420082386337145
3.9294	0.38750465451445826	0.062420155646482609
3.9627	0.38750493609170683	0.062420223072090664
3.996	0.38750519529492089	0.062420285126789626
4.0293	0.3875054339045948	0.06242034223731581
4.0626	0.38750565355967803	0.062420394796446087
4.0959	0.38750585576883351	0.06242044316569751
4.1292	0.38750604192079974	0.062420487677812102
4.1625	0.38750621329393115	0.062420528639043828
4.1958	0.38750637106498032	0.062420566331263826
4.2291	0.38750651631718058	0.062420601013898194
4.2624	0.38750665004768714	0.062420632925711747
4.2957	0.38750677317442578	0.062420662286449428
4.329	0.38750688654239734	0.062420689298347563
4.3623	0.3875069909294816	0.06242071414752455
4.3956	0.38750708705178133	0.062420737005261191
4.4289	0.38750717556853748	0.062420758029178708
4.4622	0.38750725708665673	0.062420777364323353
4.4955	0.38750733216487876	0.062420795144164508
4.5288	0.38750740131761263	0.062420811491513316
4.5621	0.38750746501846822	0.062420826519368151
4.5954	0.38750752370350439	0.062420840331692616
4.6287	0.38750757777422434	0.062420853024132063
4.662	0.38750762760032897	0.062420864684672249
4.6953	0.38750767352225185	0.062420875394246039
4.7286	0.38750771585349575	0.062420885227291355
4.7619	0.3875077548827815	0.06242089425226522
4.7952	0.38750779087602505	0.062420902532115831
4.8285	0.3875078240781612	0.062420910124717711
4.8618	0.38750785471482019	0.062420917083271917
4.8951	0.38750788299387068	0.062420923456673751
4.9284	0.38750790910684496	0.062420929289852038
4.9617	0.38750793323024546	0.062420934624080111
4.995	0.3875079555267506	0.062420939497262629
5.0283	0.38750797614632654	0.0624209439441991
5.0616	0.38750799522724844	0.062420947996826251
5.0949	0.38750801289704256	0.062420951684440847
5.1282	0.38750802927335515	0.062420955033904553
5.1615	0.38750804446475046	0.062420958069832368
5.1948	0.38750805857144599	0.062420960814765732
5.2281	0.38750807168599405	0.062420963289331263
5.2614	0.38750808389390284	0.062420965512387384
5.2947	0.38750809527421681	0.062420967501158026
5.328	0.38750810590004453	0.062420969271355806
5.3613	0.38750811583905265	0.062420970837295288
5.3946	0.3875081251539117	0.062420972211996655
5.4279	0.38750813390272004	0.062420973407280263
5.4612	0.38750814213938217	0.062420974433854255
5.4945	0.38750814991396865	0.06242097530139408
5.5278	0.38750815727304172	0.062420976018615286
5.5611	0.38750816425995838	0.062420976593340415
5.5944	0.38750817091515216	0.062420977032559728
5.6277	0.38750817727639014	0.062420977342486778
5.661	0.38750818337901588	0.062420977528609027
5.6943	0.38750818925616809	0.062420977595733639

# DK0 = 2.27374e-13	(data set 8)
0	0.33703537107021475	0.050098450301593919
0.0333	0.340336693299648	0.050915344570918966
0.0666	0.34346501758099851	0.051688365022979618
0.0999	0.34642395461274256	0.052418499890702748
0.1332	0.34921777183416586	0.053106911651490833
0.1665	0.35185129153739336	0.053754906014715852
0.1998	0.35432979219959637	0.054363902843705812
0.2331	0.35665891462742111	0.054935409300626938
0.2664	0.35884457413595844	0.05547099539670395
0.2997	0.36089287963642408	0.055972272038382107
0.333	0.36281006019054607	0.056440871582977281
0.3663	0.36460239931215171	0.056878430854897612
0.3996	0.36627617706090831	0.057286576524855956
0.4329	0.36783761978021312	0.057666912718393332
0.4662	0.36929285717931054	0.058021010695029865
0.4995	0.37064788634580409	0.058350400423846975
0.5328	0.3719085421948285	0.058656563873687541
0.5661	0.37308047381069753	0.058940929834916625
0.5994	0.37416912611117398	0.059204870093399024
0.6327	0.37517972625899992	0.059449696784787232
0.666	0.37611727425571612	0.059676660767287379
0.6993	0.37698653717521524	0.059886950862884834
0.7326	0.37779204652552223	0.060081693829816166
0.7659	0.37853809826413787	0.060261954942289142
0.7992	0.37922875503252096	0.060428739066609422
0.8325	0.37986785021701164	0.060582992135643568
0.8658	0.38045899348525197	0.060725602935679274
0.8991	0.38100557748777492	0.060857405131080039
0.9324	0.38151078545315997	0.060979179462570962
0.9657	0.38197759944137399	0.061091656064490983
0.999	0.38240880905334668	0.061195516854893321
1.0323	0.38280702042526749	0.061291397959994956
1.0656	0.38317466536352635	0.061379892141203672
1.0989	0.38351401050063627	0.061461551198846803
1.1322	0.38382716637409814	0.061536888331848338
1.1655	0.38411609634904953	0.061606380437020505
1.1988	0.38438262532198419	0.061670470335418684
1.2321	0.38462844815695546	0.061729568916422006
1.2654	0.38485513781777941	0.061784057192911086
1.2987	0.38506415316999387	0.061834288263178605
1.332	0.38525684643494496	0.061880589177084437
1.3653	0.38543447028554328	0.0619232627055048
1.3986	0.38559818457914463	0.06196258901337455
1.4319	0.38574906272783471	0.061998827237616017
1.4652	0.38588809771027477	0.062032216972037223
1.4985	0.38601620773233031	0.062062979661883781
1.5318	0.38613424154610537	0.062091319911184981
1.5651	0.38624298343879687	0.062117426706359551
1.5984	0.38634315790410306	0.062141474559769115
1.6317	0.38643543400983726	0.062163624577042532
1.665	0.38652042947596776	0.062184025452057382
1.6983	0.3865987144776033	0.06220281439347411
1.7316	0.38667081518752122	0.062220117986678806
1.7649	0.38673721707273612	0.062236052994916462
1.7982	0.38679836795935557	0.062250727103296877
1.8315	0.38685468087961439	0.062264239609230276
1.8648	0.38690653671454828	0.062276682062714681
1.8981	0.38695428664525783	0.062288138859749681
1.9314	0.38699825442517899	0.06229868779199469
1.9647	0.38703873848520054	0.062308400555635142
1.998	0.38707601388288754	0.062317343222260173
2.0313	0.38711033410647255	0.062325576674398649
2.0646	0.38714193274369452	0.06233315700820604
2.0979	0.38717102502497264	0.062340135905644495
2.1312	0.38719780924985042	0.06234656097835193
2.1645	0.38722246810508276	0.06235247608525734
2.1978	0.38724516988221797	0.062357921625863497
2.2311	0.38726606960200771	0.062362934810992705
2.2644	0.38728531005250466	0.062367549912667186
2.2977	0.38730302274723855	0.062371798494683474
2.331	0.3873193288094276	0.062375709625328533
2.3643	0.38733433978776366	0.062379310073586748
2.3976	0.38734815840893133	0.062382624490086941
2.4309	0.38736087927164087	0.06238567557395179
2.4642	0.38737258948662434	0.062388484226625969
2.4975	0.38738336926671219	0.062391069693680169
2.5308	0.38739329247081555	0.062393449695515982
2.5641	0.38740242710534639	0.062395640547826745
2.5974	0.38741083578636187	0.062397657272606273
2.6307	0.38741857616545505	0.062399513700437129
2.664	0.38742570132220788	0.06240122256473677
2.6973	0.3874322601257969	0.062402795588584643
2.7306	0.3874382975681428	0.062404243564711095
2.7639	0.38744385507083134	0.06240557642918048
2.7972	0.3874489707678424	0.062406803329260803
2.8305	0.38745367976598261	0.062407932685936598
2.8638	0.38745801438476329	0.062408972251483709
2.8971	0.38746200437733758	0.062409929162493889
2.9304	0.38746567713397528	0.062410809988706843
2.9637	0.38746905786945562	0.062411620777979009
2.997	0.38747216979563759	0.062412367097693745
3.0303	0.38747503428037616	0.062413054072892507
3.0636	0.38747767099385377	0.062413686421386338
3.0969	0.38748009804332767	0.062414268486085424
3.1302	0.38748233209719962	0.06241480426476595
3.1635	0.38748438849925931	0.062415297437478034
3.1968	0.38748628137386404	0.062415751391779691
3.2301	0.38748802372278451	0.062416169245969093
3.2634	0.38748962751436827	0.062416553870474775
3.2967	0.38749110376563167	0.062416907907547559
3.33	0.38749246261783304	0.062417233789389924
3.3633	0.38749371340605432	0.062417533754846558
3.3966	0.38749486472325939	0.062417809864769816
3.4299	0.38749592447926245	0.0624180640161646
3.4632	0.38749689995501974	0.062418297955210741
3.4965	0.38749779785260602	0.062418513289250521
3.5298	0.38749862434122434	0.062418711497824235
3.5631	0.38749938509956028	0.062418893942829151
3.5964	0.38750008535477504	0.062419061877871343
3.6297	0.38750072991839218	0.062419216456874316
3.663	0.38750132321934477	0.062419358742003876
3.6963	0.38750186933438657	0.062419489710962915
3.7296	0.38750237201609244	0.062419610263706585
3.7629	0.387502834718633	0.062419721228624131
3.7962	0.38750326062149576	0.062419823368228634
3.8295	0.38750365265132952	0.062419917384395292
3.8628	0.38750401350204405	0.062420003923182706
3.8961	0.38750434565331837	0.062420083579271431
3.9294	0.38750465138763357	0.062420156900048943
3.9627	0.3875049328059551	0.062420224389370789
3.996	0.3875051918421627	0.062420286511021883
4.0293	0.38750543027634304	0.06242034369190308
4.0626	0.38750564974701446	0.062420396324964239
4.0959	0.38750585176238406	0.062420444771904227
4.1292	0.38750603771071546	0.062420489365655848
4.1625	0.38750620886986137	0.062420530412673876
4.1958	0.38750636641604996	0.062420568195040452
4.2291	0.38750651143196047	0.062420602972403164
4.2624	0.38750664491416781	0.062420634983759715
4.2957	0.38750676777998633	0.062420664449099779
4.329	0.38750688087377694	0.062420691570916884
4.3623	0.38750698497274555	0.062420716535599573
4.3956	0.38750708079228507	0.062420739514712616
4.4289	0.38750716899089316	0.06242076066617562
4.4622	0.38750725017469412	0.062420780135348401
4.4955	0.38750732490160622	0.062420798056029757
4.5288	0.38750739368517428	0.062420814551377171
4.5621	0.38750745699810046	0.062420829734752735
4.5954	0.38750751527549138	0.062420843710502522
4.6287	0.38750756891784638	0.062420856574673549
4.662	0.38750761829381453	0.062420868415673791
4.6953	0.387507663742722	0.062420879314879558
4.7286	0.38750770557690961	0.062420889347195245
4.7619	0.38750774408387501	0.062420898581567533
4.7952	0.38750777952825077	0.062420907081459441
4.8285	0.38750781215362246	0.062420914905286472
4.8618	0.38750784218420231	0.062420922106818037
4.8951	0.38750786982637064	0.062420928735546895
4.9284	0.38750789527009194	0.062420934837029395
4.9617	0.387507918690223	0.06242094045319857
4.995	0.38750794024771479	0.062420945622652088
5.0283	0.38750796009071631	0.062420950380917932
5.0616	0.38750797835559275	0.062420954760698033
5.0949	0.38750799516786699	0.062420958792093445
5.1282	0.38750801064307516	0.062420962502810991
5.1615	0.38750802488756592	0.062420965918353812
5.1948	0.38750803799922989	0.062420969062196456
5.2281	0.38750805006817196	0.062420971955946203
5.2614	0.38750806117733133	0.062420974619492031
5.2947	0.38750807140305066	0.062420977071140707
5.328	0.38750808081560084	0.062420979327742911
5.3613	0.38750808947966447	0.06242098140480884
5.3946	0.38750809745477949	0.062420983316615102
5.4279	0.3875081047957496	0.062420985076302546
5.4612	0.38750811155301923	0.062420986695966747
5.4945	0.38750811777302102	0.062420988186741189
5.5278	0.3875081234984955	0.062420989558873534
5.5611	0.38750812876878532	0.062420990821796335
5.5944	0.38750813362010267	0.062420991984191668
5.6277	0.38750813808578033	0.062420993054050938
5.661	0.38750814219650109	0.062420994038729756
5.6943	0.38750814598050848	0.06242099494499842
5.7276	0.38750814946379891	0.062420995779088481
5.7609	0.38750815267030281	0.062420996546735733
5.7942	0.38750815562204788	0.062420997253219472
5.8275	0.38750815833930907	0.062420997903398792
5.8608	0.38750816084075174	0.062420998501746185
5.8941	0.38750816314355579	0.062420999052377871
5.9274	0.3875081652635356	0.062420999559082632
5.9607	0.38750816721524917	0.06242100002534736
5.994	0.38750816901209828	0.062421000454381537
6.0273	0.38750817066641735	0.062421000849138784
6.0606	0.38750817218956196	0.062421001212337519
6.0939	0.3875081735919863	0.062421001546479567
6.1272	0.38750817488331285	0.062421001853867328
6.1605	0.38750817607240018	0.062421002136619663
6.1938	0.38750817716740454	0.062421002396686506
6.2271	0.38750817817583372	0.062421002635862047
6.2604	0.38750817910459834	0.062421002855797457
6.2937	0.38750817996006376	0.062421003058011883
6.327	0.38750818074808702	0.062421003243903185
6.3603	0.38750818147406391	0.06242100341475746
6.3936	0.38750818214296101	0.062421003571757831
6.4269	0.38750818275935128	0.062421003715992768
6.4602	0.3875081833274468	0.062421003848463399
6.4935	0.38750818385112623	0.062421003970090455
6.5268	0.38750818433395984	0.062421004081720931
6.5601	0.38750818477923843	0.06242100418413328
6.5934	0.38750818518999125	0.062421004278043542
6.6267	0.38750818556901018	0.062421004364109703
6.66	0.38750818591886588	0.062421004442936662
6.6933	0.38750818624192779	0.062421004515080168
6.7266	0.38750818654038011	0.062421004581050717
6.7599	0.38750818681623533	0.062421004641317272
6.7932	0.38750818707134843	0.062421004696310178
6.8265	0.38750818730743036	0.062421004746424563
6.8598	0.38750818752605792	0.062421004792022616
6.8931	0.38750818772868767	0.062421004833436676
6.9264	0.38750818791666164	0.062421004870971221
6.9597	0.38750818809121962	0.062421004904905014
6.993	0.38750818825350775	0.062421004935493178
7.0263	0.3875081884045834	0.062421004962968846
7.0596	0.38750818854542451	0.06242100498754518
7.0929	0.38750818867693554	0.062421005009416421
7.1262	0.38750818879995369	0.062421005028759538
7.1595	0.38750818891525451	0.062421005045735584
7.1928	0.38750818902355694	0.06242100506049069
7.2261	0.38750818912552737	0.062421005073157211
7.2594	0.38750818922178648	0.062421005083854876
7.2927	0.3875081893129102	0.062421005092691245
7.326	0.3875081893994346	0.062421005099763061
7.3593	0.38750818948186028	0.062421005105156711
7.3926	0.38750818956065458	0.062421005108949094
7.4259	0.38750818963625455	0.062421005111207732
7.4592	0.38750818970907114	0.062421005111992112

# DK0 = 3.55271e-15	(data set 9)
0	0.33703537107020765	0.050098450301597104
0.0333	0.34033669329964061	0.050915344570922332
0.0666	0.34346501758099079	0.051688365022983171
0.0999	0.34642395461273434	0.052418499890706412
0.1332	0.34921777183415692	0.05310691165149467
0.1665	0.35185129153738415	0.053754906014719987
0.1998	0.35432979219958682	0.054363902843710114
0.2331	0.35665891462741078	0.054935409300631434
0.2664	0.3588445741359475	0.055470995396708661
0.2997	0.36089287963641281	0.055972272038387089
0.333	0.3628100601905343	0.056440871582982506
0.3663	0.36460239931213934	0.056878430854903149
0.3996	0.36627617706089505	0.05728657652486175
0.4329	0.3678376197801988	0.057666912718399424
0.4662	0.36929285717929544	0.058021010695036256
0.4995	0.37064788634578821	0.058350400423853685
0.5328	0.37190854219481168	0.058656563873694598
0.5661	0.3730804738106801	0.058940929834924029
0.5994	0.37416912611115571	0.059204870093406796
0.6327	0.37517972625898044	0.059449696784795329
0.666	0.37611727425569569	0.059676660767295914
0.6993	0.37698653717519365	0.059886950862893668
0.7326	0.37779204652549914	0.06008169382982545
0.7659	0.37853809826411333	0.060261954942298919
0.7992	0.37922875503249565	0.060428739066619698
0.8325	0.37986785021698499	0.0605829921356544
0.8658	0.38045899348522433	0.060725602935690647
0.8991	0.38100557748774549	0.060857405131091974
0.9324	0.38151078545312911	0.060979179462583522
0.9657	0.38197759944134224	0.061091656064504174
0.999	0.38240880905331348	0.061195516854907157
1.0323	0.38280702042523296	0.06129139796000941
1.0656	0.38317466536348971	0.061379892141218854
1.0989	0.38351401050059802	0.061461551198862756
1.1322	0.38382716637405784	0.061536888331864992
1.1655	0.38411609634900712	0.061606380437038047
1.1988	0.38438262532193951	0.061670470335437169
1.2321	0.38462844815690883	0.061729568916441407
1.2654	0.38485513781773034	0.061784057192931424
1.2987	0.38506415316994275	0.061834288263200025
1.332	0.38525684643489189	0.06188058917710685
1.3653	0.3854344702854875	0.061923262705528379
1.3986	0.38559818457908551	0.061962589013399218
1.4319	0.38574906272777293	0.061998827237641919
1.4652	0.38588809771020949	0.062032216972064305
1.4985	0.38601620773226181	0.062062979661912154
1.5318	0.3861342415460331	0.062091319911214707
1.5651	0.38624298343872093	0.062117426706390755
1.5984	0.3863431579040229	0.06214147455980195
1.6317	0.38643543400975289	0.062163624577077074
1.665	0.38652042947587933	0.062184025452093672
1.6983	0.38659871447751054	0.062202814393512204
1.7316	0.38667081518742308	0.06222011798671874
1.7649	0.38673721707263264	0.062236052994958498
1.7982	0.38679836795924688	0.062250727103341036
1.8315	0.38685468087950042	0.062264239609276593
1.8648	0.38690653671442882	0.062276682062763322
1.8981	0.38695428664513287	0.062288138859800772
1.9314	0.38699825442504715	0.062298687792048314
1.9647	0.38703873848506165	0.062308400555691479
1.998	0.38707601388274093	0.062317343222319403
2.0313	0.3871103341063184	0.062325576674460856
2.0646	0.38714193274353265	0.062333157008271432
2.0979	0.38717102502480244	0.062340135905713148
2.1312	0.38719780924967112	0.062346560978424059
2.1645	0.38722246810489486	0.062352476085333078
2.1978	0.38724516988202029	0.062357921625943009
2.2311	0.3872660696018001	0.062362934811076201
2.2644	0.38728531005228628	0.062367549912754991
2.2977	0.38730302274700962	0.062371798494775706
2.331	0.38731932880918735	0.062375709625425435
2.3643	0.38733433978751181	0.062379310073688521
2.3976	0.38734815840866615	0.062382624490193848
2.4309	0.38736087927136187	0.062385675574064083
2.4642	0.3873725894863303	0.062388484226744055
2.4975	0.38738336926640332	0.062391069693804223
2.5308	0.38739329247049092	0.062393449695646246
2.5641	0.38740242710500522	0.062395640547963642
2.5974	0.38741083578600355	0.062397657272750144
2.6307	0.38741857616507858	0.062399513700588341
2.664	0.38742570132181237	0.062401222564895491
2.6973	0.38743226012538134	0.06240279558875135
2.7306	0.38743829756770631	0.062404243564886282
2.7639	0.38744385507037293	0.062405576429364493
2.7972	0.38744897076736062	0.062406803329454141
2.8305	0.38745367976547679	0.062407932686139742
2.8638	0.38745801438423227	0.062408972251697045
2.8971	0.38746200437677958	0.06240992916271805
2.9304	0.38746567713338859	0.062410809988942363
2.9637	0.38746905786883873	0.062411620778226512
2.997	0.38747216979498955	0.062412367097953704
3.0303	0.38747503427969515	0.062413054073165643
3.0636	0.38747767099313796	0.062413686421673359
3.0969	0.38748009804257544	0.062414268486386981
3.1302	0.38748233209640898	0.062414804265082904
3.1635	0.38748438849842826	0.062415297437811185
3.1968	0.3874862813729904	0.062415751392129674
3.2301	0.38748802372186592	0.062416169246336944
3.2634	0.38748962751340332	0.062416553870861355
3.2967	0.38749110376461726	0.062416907907953775
3.33	0.38749246261676684	0.062417233789816846
3.3633	0.38749371340493416	0.062417533755295289
3.3966	0.38749486472208206	0.062417809865241362
3.4299	0.38749592447802533	0.062418064016660203
3.4632	0.38749689995371966	0.062418297955731561
3.4965	0.38749779785123861	0.062418513289797813
3.5298	0.38749862433978693	0.062418711498399372
3.5631	0.38749938509805021	0.062418893943433564
3.5964	0.38750008535318792	0.062419061878506488
3.6297	0.38750072991672541	0.06241921645754183
3.663	0.38750132321759317	0.062419358742705287
3.6963	0.3875018693325461	0.062419489711699958
3.7296	0.3875023720141586	0.062419610264481076
3.7629	0.38750283471660057	0.062419721229438001
3.7962	0.38750326061936047	0.062419823369083888
3.8295	0.38750365264908576	0.062419917385294038
3.8628	0.38750401349968605	0.062420003924127276
3.8961	0.38750434565084035	0.062420083580263998
3.9294	0.38750465138502976	0.062420156901092115
3.9627	0.38750493280321868	0.062420224390467037
3.996	0.38750519183928855	0.062420286512173913
4.0293	0.38750543027332324	0.062420343693113625
4.0626	0.38750564974384016	0.062420396326236353
4.0959	0.38750585175904834	0.062420444773241018
4.1292	0.38750603770720965	0.062420489367060648
4.1625	0.38750620886617815	0.062420530414150133
4.1958	0.38750636641217934	0.062420568196591752
4.2291	0.38750651142789372	0.06242060297403338
4.2624	0.38750664490989412	0.062420634985472831
4.2957	0.38750676777549625	0.062420664450899999
4.329	0.38750688086905877	0.062420691572808565
4.3623	0.38750698496778746	0.062420716537587378
4.3956	0.38750708078707546	0.062420739516801431
4.4289	0.38750716898541898	0.062420760668370573
4.4622	0.38750725016894205	0.06242078013765489
4.4955	0.38750732489556183	0.062420798058453471
4.5288	0.38750739367882298	0.062420814553923988
4.5621	0.38750745699142725	0.062420829737428941
4.5954	0.38750751526847871	0.062420843713314668
4.6287	0.3875075689104775	0.06242085657762856
4.662	0.38750761828607044	0.062420868418778877
4.6953	0.3875076637345839	0.062420879318142525
4.7286	0.38750770556835762	0.062420889350624072
4.7619	0.38750774407488858	0.062420898585170581
4.7952	0.38750777951880777	0.062420907085245607
4.8285	0.38750781214369978	0.062420914909265074
4.8618	0.3875078421737751	0.062420922110998776
4.8951	0.38750786981541302	0.062420928739940144
4.9284	0.38750789525857754	0.062420934841645924
4.9617	0.38750791867812362	0.062420940458049641
4.995	0.38750794023500013	0.06242094562774976
5.0283	0.38750796007735466	0.062420950386274744
5.0616	0.38750797834155248	0.062420954766327148
5.0949	0.38750799515311207	0.06242095879800863
5.1282	0.38750801062756923	0.062420962509026907
5.1615	0.38750802487127162	0.062420965924885698
5.1948	0.38750803798210715	0.062420969069060292
5.2281	0.3875080500501793	0.062420971963159017
5.2614	0.38750806115842462	0.062420974627071552
5.2947	0.38750807138318299	0.062420977079105447
5.328	0.38750808079472371	0.062420979336112424
5.3613	0.38750808945772669	0.062420981413603721
5.3946	0.38750809743172698	0.062420983325856959
5.4279	0.38750810477152503	0.062420985086014132
5.4612	0.38750811152756354	0.062420986706171959
5.4945	0.38750811774627092	0.062420988197465076
5.5278	0.38750812347038671	0.062420989570142513
5.5611	0.38750812873924739	0.062420990833638057
5.5944	0.38750813358906322	0.06242099199663529
5.6277	0.3875081380531632	0.062420993067127083
5.661	0.38750814216222618	0.062420994052470424
5.6943	0.38750814594449157	0.062420994959437398
5.7276	0.38750814942595174	0.06242099579426133
5.7609	0.38750815263053273	0.062420996562679722
5.7942	0.38750815558025664	0.062420997269973799
5.8275	0.38750815829539398	0.062420997921004612
5.8608	0.38750816079460465	0.062420998520246775
5.8941	0.38750816309506364	0.062420999071818771
5.9274	0.38750816521257941	0.062420999579511555
5.9607	0.38750816716170289	0.06242100004681455
5.994	0.38750816895582929	0.062421000476939714
6.0273	0.38750817060728809	0.062421000872843503
6.0606	0.38750817212742705	0.062421001237247122
6.0939	0.38750817352669303	0.062421001572655246
6.1272	0.38750817481470134	0.062421001881373478
6.1605	0.38750817600030163	0.062421002165523889
6.1938	0.38750817709164115	0.06242100242705978
6.2271	0.38750817809621901	0.06242100266777912
6.2604	0.38750817902093737	0.062421002889336726
6.2937	0.38750817987214969	0.062421003093255899
6.327	0.3875081806557048	0.062421003280938553
6.3603	0.38750818137698634	0.062421003453675267
6.3936	0.38750818204094911	0.062421003612653736
6.4269	0.38750818265215492	0.06242100375896726
6.4602	0.38750818321480213	0.062421003893622151
6.4935	0.38750818373275592	0.062421004017544482
6.5268	0.38750818420957373	0.062421004131586841
6.5601	0.38750818464853004	0.062421004236533774
6.5934	0.38750818505263951	0.062421004333107342
6.6267	0.3875081854246773	0.062421004421972265
6.66	0.38750818576719709	0.062421004503740218
6.6933	0.38750818608255072	0.062421004578974155
6.7266	0.38750818637290241	0.062421004648192335
6.7599	0.38750818664024539	0.06242100471187139
6.7932	0.38750818688641353	0.062421004770450338
6.8265	0.38750818711309654	0.062421004824332861
6.8598	0.38750818732184711	0.062421004873890719
6.8931	0.38750818751409705	0.062421004919465888
6.9264	0.3875081876911643	0.062421004961372949
6.9597	0.38750818785426178	0.062421004999901518
6.993	0.38750818800450781	0.062421005035318042
7.0263	0.38750818814292759	0.062421005067867456
7.0596	0.38750818827047007	0.06242100509777531
7.0929	0.3875081883880061	0.062421005125249097
7.1262	0.38750818849633928	0.062421005150479499
7.1595	0.38750818859620845	0.062421005173642019
7.1928	0.3875081886882949	0.06242100519489803
7.2261	0.38750818877322563	0.062421005214395947
7.2594	0.38750818885157823	0.062421005232272245
7.2927	0.38750818892388506	0.062421005248652045
7.326	0.38750818899063671	0.062421005263650756
7.3593	0.38750818905228462	0.062421005277374153
7.3926	0.38750818910924512	0.062421005289919576
7.4259	0.38750818916190194	0.062421005301376224
7.4592	0.38750818921060937	0.06242100531182615
7.4925	0.38750818925569291	0.062421005321344515
7.5258	0.38750818929745501	0.0624210053300003
7.5591	0.38750818933617126	0.062421005337856675
7.5924	0.38750818937209902	0.062421005344971768
7.6257	0.38750818940547443	0.062421005351398509
7.659	0.38750818943651627	0.062421005357185443
7.6923	0.38750818946542709	0.062421005362376929
7.7256	0.3875081894923923	0.062421005367013428
7.7589	0.3875081895175852	0.062421005371131842
7.7922	0.38750818954116584	0.062421005374765824
7.8255	0.38750818956328204	0.062421005377945975
7.8588	0.38750818958407135	0.062421005380699925
7.8921	0.38750818960366124	0.062421005383052806
7.9254	0.38750818962217015	0.062421005385027276
7.9587	0.38750818963970823	0.062421005386643677
7.992	0.38750818965637829	0.062421005387920309
8.0253	0.38750818967227635	0.062421005388873428
8.0586	0.38750818968749173	0.062421005389517489
8.0919	0.38750818970210821	0.062421005389865253

# DK0 = 5.55112e-17	(data set 10)
0	0.33703537107020731	0.050098450301597236
0.0333	0.34033669329964022	0.050915344570922477
0.0666	0.34346501758099041	0.051688365022983324
0.0999	0.3464239546127339	0.052418499890706564
0.1332	0.34921777183415648	0.053106911651494837
0.1665	0.3518512915373837	0.053754906014720175
0.1998	0.35432979219958638	0.054363902843710316
0.2331	0.35665891462741034	0.054935409300631649
0.2664	0.35884457413594706	0.055470995396708883
0.2997	0.3608928796364122	0.055972272038387325
0.333	0.36281006019053369	0.056440871582982742
0.3663	0.36460239931213873	0.05687843085490342
0.3996	0.36627617706089438	0.057286576524862041
0.4329	0.36783761978019813	0.057666912718399736
0.4662	0.36929285717929472	0.058021010695036582
0.4995	0.37064788634578749	0.058350400423854018
0.5328	0.3719085421948109	0.058656563873694945
0.5661	0.37308047381067927	0.05894092983492439
0.5994	0.37416912611115488	0.059204870093407164
0.6327	0.37517972625897955	0.059449696784795725
0.666	0.3761172742556948	0.059676660767296323
0.6993	0.3769865371751927	0.059886950862894084
0.7326	0.37779204652549814	0.060081693829825894
0.7659	0.37853809826411222	0.060261954942299419
0.7992	0.37922875503249442	0.060428739066620205
0.8325	0.37986785021698377	0.060582992135654927
0.8658	0.38045899348522288	0.060725602935691195
0.8991	0.38100557748774394	0.06085740513109255
0.9324	0.38151078545312755	0.060979179462584132
0.9657	0.38197759944134058	0.061091656064504812
0.999	0.38240880905331182	0.061195516854907865
1.0323	0.38280702042523118	0.061291397960010166
1.0656	0.38317466536348793	0.061379892141219639
1.0989	0.38351401050059614	0.061461551198863568
1.1322	0.38382716637405584	0.061536888331865852
1.1655	0.38411609634900507	0.061606380437038949
1.1988	0.38438262532193734	0.061670470335438085
1.2321	0.38462844815690661	0.061729568916442372
1.2654	0.3848551378177279	0.061784057192932437
1.2987	0.38506415316994003	0.061834288263201073
1.332	0.385256846434889	0.061880589177107932
1.3653	0.38543447028548428	0.061923262705529517
1.3986	0.38559818457908207	0.061962589013400425
1.4319	0.3857490627277691	0.061998827237643189
1.4652	0.3858880977102056	0.062032216972065637
1.4985	0.3860162077322577	0.062062979661913528
1.5318	0.38613424154602893	0.062091319911216164
1.5651	0.38624298343871649	0.062117426706392274
1.5984	0.38634315790401835	0.06214147455980356
1.6317	0.38643543400974806	0.062163624577078774
1.665	0.38652042947587439	0.062184025452095448
1.6983	0.38659871447750538	0.06220281439351414
1.7316	0.38667081518741747	0.062220117986720794
1.7649	0.38673721707262682	0.062236052994960607
1.7982	0.38679836795924089	0.062250727103343249
1.8315	0.38685468087949409	0.062264239609278987
1.8648	0.38690653671442227	0.06227668206276582
1.8981	0.38695428664512599	0.062288138859803402
1.9314	0.38699825442503982	0.062298687792051055
1.9647	0.38703873848505399	0.06230840055569431
1.998	0.38707601388273277	0.062317343222322408
2.0313	0.38711033410630979	0.062325576674464041
2.0646	0.38714193274352376	0.06233315700827477
2.0979	0.38717102502479317	0.062340135905716666
2.1312	0.38719780924966146	0.062346560978427723
2.1645	0.38722246810488486	0.062352476085336964
2.1978	0.38724516988201013	0.062357921625947131
2.2311	0.38726606960178933	0.062362934811080524
2.2644	0.38728531005227501	0.062367549912759501
2.2977	0.38730302274699768	0.062371798494780459
2.331	0.38731932880917463	0.06237570962543048
2.3643	0.38733433978749854	0.062379310073693794
2.3976	0.38734815840865222	0.062382624490199372
2.4309	0.38736087927134738	0.062385675574069911
2.4642	0.3873725894863152	0.062388484226750113
2.4975	0.38738336926638728	0.062391069693810614
2.5308	0.38739329247047416	0.062393449695652935
2.5641	0.38740242710498768	0.062395640547970678
2.5974	0.38741083578598501	0.062397657272757465
2.6307	0.38741857616505881	0.062399513700596106
2.664	0.38742570132179183	0.062401222564903734
2.6973	0.38743226012535992	0.062402795588760045
2.7306	0.38743829756768355	0.06240424356489542
2.7639	0.38744385507034862	0.062405576429374172
2.7972	0.38744897076733537	0.0624068033294643
2.8305	0.38745367976544981	0.062407932686150372
2.8638	0.38745801438420435	0.062408972251708245
2.8971	0.3874620043767501	0.062409929162729819
2.9304	0.38746567713335722	0.062410809988954694
2.9637	0.38746905786880587	0.062411620778239432
2.997	0.38747216979495541	0.062412367097967325
3.0303	0.38747503427965935	0.062413054073179965
3.0636	0.38747767099310043	0.06241368642168843
3.0969	0.38748009804253603	0.062414268486402809
3.1302	0.38748233209636784	0.062414804265099454
3.1635	0.38748438849838518	0.062415297437828539
3.1968	0.38748628137294483	0.062415751392147972
3.2301	0.38748802372181801	0.062416169246356117
3.2634	0.38748962751335331	0.06241655387088161
3.2967	0.38749110376456464	0.062416907907975043
3.33	0.38749246261671128	0.062417233789839134
3.3633	0.38749371340487565	0.062417533755318638
3.3966	0.38749486472202088	0.062417809865265836
3.4299	0.38749592447796144	0.062418064016685801
3.4632	0.38749689995365205	0.062418297955758449
3.4965	0.38749779785116806	0.062418513289826019
3.5298	0.3874986243397136	0.062418711498429022
3.5631	0.38749938509797327	0.062418893943464761
3.5964	0.38750008535310704	0.062419061878539288
3.6297	0.38750072991663981	0.06241921645757624
3.663	0.38750132321750302	0.062419358742741488
3.6963	0.38750186933245157	0.062419489711737955
3.7296	0.3875023720140594	0.062419610264521017
3.7629	0.38750283471649616	0.062419721229479967
3.7962	0.3875032606192505	0.062419823369127984
3.8295	0.38750365264896919	0.062419917385340362
3.8628	0.3875040134995637	0.062420003924175967
3.8961	0.38750434565071201	0.062420083580315269
3.9294	0.38750465138489482	0.062420156901145961
3.9627	0.38750493280307641	0.06242022439052361
3.996	0.38750519183913851	0.062420286512233282
4.0293	0.38750543027316536	0.062420343693176068
4.0626	0.38750564974367457	0.062420396326302079
4.0959	0.38750585175887481	0.062420444773310144
4.1292	0.38750603770702746	0.062420489367133333
4.1625	0.38750620886598675	0.062420530414226572
4.1958	0.38750636641197811	0.06242056819667207
4.2291	0.38750651142768172	0.062420602974117737
4.2624	0.38750664490967152	0.062420634985561475
4.2957	0.38750676777526188	0.062420664450993153
4.329	0.38750688086881224	0.062420691572906493
4.3623	0.3875069849675285	0.062420716537690345
4.3956	0.3875070807868034	0.062420739516909664
4.4289	0.38750716898513321	0.062420760668484357
4.4622	0.38750725016864157	0.062420780137774537
4.4955	0.3875073248952462	0.062420798058579273
4.5288	0.38750739367849235	0.062420814554056132
4.5621	0.38750745699107969	0.062420829737567844
4.5954	0.38750751526811339	0.062420843713460655
4.6287	0.38750756891009375	0.062420856577781979
4.662	0.38750761828566743	0.062420868418940206
4.6953	0.38750766373416051	0.062420879318311993
4.7286	0.38750770556791286	0.062420889350802131
4.7619	0.38750774407442112	0.062420898585357779
4.7952	0.38750777951831733	0.062420907085442297
4.8285	0.3875078121431843	0.062420914909471721
4.8618	0.38750784217323386	0.06242092211121595
4.8951	0.38750786981484436	0.062420928740168385
4.9284	0.38750789525797996	0.062420934841885718
4.9617	0.38750791867749601	0.062420940458301613
4.995	0.38750794023434032	0.062420945628014479
5.0283	0.38750796007666188	0.062420950386552855
5.0616	0.38750797834082457	0.062420954766619373
5.0949	0.3875079951523473	0.062420958798315745
5.1282	0.38750801062676593	0.06242096250934958
5.1615	0.38750802487042751	0.062420965925224739
5.1948	0.38750803798122008	0.062420969069416514
5.2281	0.38750805004924704	0.062420971963533273
5.2614	0.38750806115744457	0.062420974627464806
5.2947	0.38750807138215365	0.062420977079518651
5.328	0.38750808079364163	0.062420979336546611
5.3613	0.38750808945658921	0.062420981414059988
5.3946	0.38750809743053094	0.062420983326336443
5.4279	0.38750810477026831	0.062420985086517944
5.4612	0.38750811152624198	0.062420986706701417
5.4945	0.38750811774488308	0.062420988198021443
5.5278	0.38750812346892816	0.062420989570727066
5.5611	0.38750812873771495	0.062420990834252392
5.5944	0.38750813358745273	0.06242099199728085
5.6277	0.38750813805147105	0.06242099306780545
5.661	0.3875081421604491	0.062420994053183403
5.6943	0.38750814594262423	0.062420994960186597
5.7276	0.38750814942398981	0.062420995795048617
5.7609	0.38750815262847038	0.062420996563506949
5.7942	0.38750815557808888	0.062420997270843
5.8275	0.38750815829311591	0.06242099792191802
5.8608	0.38750816079221073	0.062420998521206542
5.8941	0.38750816309254732	0.062420999072827298
5.9274	0.38750816520993564	0.062420999580571325
5.9607	0.38750816715892511	0.062421000047928214
5.994	0.38750816895291079	0.062421000478110042
6.0273	0.38750817060422066	0.062421000874073311
6.0606	0.38750817212420419	0.062421001238539366
6.0939	0.38750817352330624	0.062421001574013216
6.1272	0.38750817481114241	0.062421001882800434
6.1605	0.38750817599656162	0.062421002167023412
6.1938	0.38750817708771113	0.062421002428635526
6.2271	0.38750817809208893	0.062421002669434976
6.2604	0.38750817901659734	0.06242100289107673
6.2937	0.38750817986758929	0.062421003095084297
6.327	0.3875081806509128	0.06242100328285994
6.3603	0.38750818137195114	0.062421003455694291
6.3936	0.38750818203565807	0.062421003614775379
6.4269	0.38750818264659537	0.062421003761196803
6.4602	0.38750818320896024	0.062421003895964958
6.4935	0.38750818372661683	0.062421004020006422
6.5268	0.387508184203122	0.062421004134173876
6.5601	0.38750818464175019	0.062421004239252231
6.5934	0.38750818504551515	0.062421004335963905
6.6267	0.38750818541719034	0.062421004424973968
6.66	0.38750818575932999	0.062421004506894417
6.6933	0.38750818607428372	0.062421004582288664
6.7266	0.38750818636421586	0.062421004651675188
6.7599	0.38750818663111708	0.062421004715531234
6.7932	0.38750818687682165	0.062421004774296178
6.8265	0.38750818710301588	0.062421004828374246
6.8598	0.38750818731125397	0.062421004878137516
6.8931	0.38750818750296562	0.062421004923928547
6.9264	0.3875081876794671	0.062421004966062427
6.9597	0.38750818784197016	0.062421005004829298
6.993	0.38750818799159054	0.062421005040496219
7.0263	0.38750818812935417	0.06242100507330884
7.0596	0.38750818825620625	0.062421005103493299
7.0929	0.3875081883730177	0.062421005131257611
7.1262	0.38750818848058943	0.06242100515679342
7.1595	0.38750818857965824	0.062421005180276948
7.1928	0.38750818867090359	0.062421005201870217
7.2261	0.38750818875495058	0.062421005221722482
7.2594	0.38750818883237353	0.062421005239970975
7.2927	0.38750818890370481	0.062421005256742108
7.326	0.38750818896943073	0.06242100527215199
7.3593	0.38750818903000095	0.062421005286307528
7.3926	0.38750818908582874	0.062421005299306956
7.4259	0.38750818913729557	0.062421005311240757
7.4592	0.38750818918475205	0.062421005322192046
7.4925	0.3875081892285217	0.062421005332237295
7.5258	0.38750818926890196	0.062421005341446748
7.5591	0.38750818930616687	0.062421005349885039
7.5924	0.38750818934056941	0.062421005357611511
7.6257	0.38750818937234266	0.062421005364680697
7.659	0.38750818940170073	0.062421005371142722
7.6923	0.38750818942884113	0.062421005377043592
7.7256	0.38750818945394688	0.062421005382425544
7.7589	0.3875081894771859	0.062421005387327345
7.7922	0.38750818949871324	0.062421005391784523
7.8255	0.38750818951867172	0.062421005395829732
7.8588	0.38750818953719351	0.062421005399492677
7.8921	0.38750818955440069	0.06242100540280076
7.9254	0.387508189570406	0.062421005405778947
7.9587	0.38750818958531319	0.062421005408450143
7.992	0.38750818959921873	0.062421005410835152
8.0253	0.38750818961221178	0.062421005412953041
8.0586	0.38750818962437433	0.062421005414821013
8.0919	0.38750818963578271	0.062421005416454858
8.1252	0.38750818964650807	0.062421005417868866
8.1585	0.38750818965661599	0.062421005419075956
8.1918	0.38750818966616762	0.062421005420087779
8.2251	0.38750818967521988	0.062421005420914777
8.2584	0.38750818968382561	0.062421005421566408
8.2917	0.38750818969203416	0.062421005422051035
8.325	0.3875081896998917	0.062421005422376059
8.3583	0.38750818970744155	0.062421005422548033

# DK0 = 1.38778e-17	(data set 11)
0	0.3370353710702072	0.050098450301597305
0.0333	0.34033669329964006	0.050915344570922547
0.0666	0.34346501758099024	0.051688365022983393
0.0999	0.34642395461273373	0.052418499890706634
0.1332	0.34921777183415631	0.053106911651494906
0.1665	0.35185129153738354	0.053754906014720258
0.1998	0.3543297921995861	0.054363902843710413
0.2331	0.35665891462741006	0.054935409300631746
0.2664	0.35884457413594673	0.055470995396708994
0.2997	0.36089287963641187	0.055972272038387443
0.333	0.36281006019053336	0.056440871582982867
0.3663	0.36460239931213839	0.056878430854903565
0.3996	0.36627617706089405	0.057286576524862201
0.4329	0.36783761978019774	0.057666912718399903
0.4662	0.36929285717929433	0.058021010695036755
0.4995	0.3706478863457871	0.058350400423854192
0.5328	0.37190854219481051	0.058656563873695125
0.5661	0.37308047381067888	0.058940929834924577
0.5994	0.37416912611115449	0.059204870093407358
0.6327	0.37517972625897916	0.05944969678479594
0.666	0.37611727425569436	0.059676660767296538
0.6993	0.37698653717519226	0.059886950862894306
0.7326	0.37779204652549769	0.060081693829826144
0.7659	0.37853809826411178	0.060261954942299675
0.7992	0.37922875503249398	0.060428739066620482
0.8325	0.37986785021698333	0.060582992135655205
0.8658	0.38045899348522244	0.060725602935691514
0.8991	0.38100557748774339	0.060857405131092876
0.9324	0.381510785453127	0.060979179462584472
0.9657	0.38197759944133997	0.061091656064505166
0.999	0.38240880905331115	0.061195516854908219
1.0323	0.38280702042523052	0.061291397960010527
1.0656	0.38317466536348721	0.06137989214122002
1.0989	0.38351401050059536	0.06146155119886397
1.1322	0.3838271663740549	0.061536888331866289
1.1655	0.38411609634900407	0.061606380437039414
1.1988	0.38438262532193634	0.061670470335438571
1.2321	0.38462844815690561	0.061729568916442892
1.2654	0.38485513781772684	0.061784057192932978
1.2987	0.38506415316993881	0.061834288263201628
1.332	0.38525684643488761	0.061880589177108494
1.3653	0.38543447028548272	0.061923262705530106
1.3986	0.38559818457908041	0.06196258901340105
1.4319	0.38574906272776732	0.061998827237643835
1.4652	0.38588809771020366	0.062032216972066359
1.4985	0.3860162077322557	0.062062979661914298
1.5318	0.38613424154602677	0.062091319911216997
1.5651	0.3862429834387141	0.062117426706393183
1.5984	0.38634315790401585	0.062141474559804524
1.6317	0.38643543400974545	0.062163624577079767
1.665	0.38652042947587167	0.06218402545209651
1.6983	0.38659871447750255	0.062202814393515229
1.7316	0.38667081518741458	0.062220117986721973
1.7649	0.38673721707262387	0.062236052994961828
1.7982	0.38679836795923783	0.062250727103344519
1.8315	0.38685468087949099	0.062264239609280334
1.8648	0.38690653671441905	0.062276682062767243
1.8981	0.38695428664512249	0.062288138859804873
1.9314	0.38699825442503616	0.062298687792052596
1.9647	0.38703873848505022	0.062308400555695954
1.998	0.38707601388272872	0.062317343222324136
2.0313	0.38711033410630558	0.062325576674465852
2.0646	0.38714193274351927	0.062333157008276636
2.0979	0.38717102502478817	0.062340135905718602
2.1312	0.38719780924965613	0.062346560978429763
2.1645	0.38722246810487915	0.062352476085339135
2.1978	0.38724516988200397	0.062357921625949407
2.2311	0.38726606960178284	0.062362934811082918
2.2644	0.38728531005226824	0.062367549912762013
2.2977	0.38730302274699069	0.062371798494783116
2.331	0.38731932880916703	0.062375709625433276
2.3643	0.38733433978749049	0.06237931007369675
2.3976	0.38734815840864406	0.062382624490202467
2.4309	0.38736087927133889	0.062385675574073242
2.4642	0.38737258948630643	0.062388484226753568
2.4975	0.38738336926637779	0.062391069693814305
2.5308	0.38739329247046422	0.062393449695656897
2.5641	0.38740242710497724	0.0623956405479748
2.5974	0.38741083578597391	0.062397657272761795
2.6307	0.38741857616504738	0.06239951370060072
2.664	0.38742570132177984	0.062401222564908647
2.6973	0.38743226012534743	0.06240279558876527
2.7306	0.38743829756767045	0.062404243564900888
2.7639	0.3874438550703348	0.062405576429379904
2.7972	0.38744897076732066	0.062406803329470358
2.8305	0.38745367976543421	0.062407932686156735
2.8638	0.38745801438418825	0.062408972251715031
2.8971	0.38746200437673317	0.062409929162736869
2.9304	0.38746567713333929	0.062410809988962035
2.9637	0.38746905786878716	0.062411620778247107
2.997	0.38747216979493543	0.062412367097975451
3.0303	0.38747503427963809	0.062413054073188513
3.0636	0.38747767099307834	0.062413686421697485
3.0969	0.38748009804251271	0.06241426848641235
3.1302	0.38748233209634375	0.062414804265109494
3.1635	0.38748438849835953	0.062415297437839058
3.1968	0.38748628137291807	0.062415751392159026
3.2301	0.38748802372179003	0.062416169246367739
3.2634	0.38748962751332378	0.06241655387089369
3.2967	0.38749110376453372	0.062416907907987741
3.33	0.38749246261667925	0.062417233789852429
3.3633	0.38749371340484223	0.062417533755332634
3.3966	0.38749486472198541	0.062417809865280532
3.4299	0.3874959244779243	0.062418064016701309
3.4632	0.38749689995361347	0.062418297955774735
3.4965	0.38749779785112753	0.062418513289843207
3.5298	0.38749862433967019	0.062418711498447021
3.5631	0.38749938509792731	0.062418893943483648
3.5964	0.38750008535305791	0.062419061878559091
3.6297	0.38750072991658779	0.062419216457597064
3.663	0.38750132321744862	0.062419358742763366
3.6963	0.38750186933239367	0.062419489711760992
3.7296	0.38750237201399923	0.062419610264545303
3.7629	0.38750283471643304	0.062419721229505433
3.7962	0.38750326061918416	0.062419823369154748
3.8295	0.38750365264890024	0.062419917385368534
3.8628	0.38750401349949132	0.062420003924205561
3.8961	0.38750434565063602	0.062420083580346293
3.9294	0.38750465138481538	0.062420156901178511
3.9627	0.38750493280299336	0.062420224390557826
3.996	0.3875051918390508	0.062420286512269295
4.0293	0.3875054302730731	0.062420343693213892
4.0626	0.38750564974357782	0.062420396326341707
4.0959	0.387505851758773	0.062420444773351701
4.1292	0.38750603770692105	0.062420489367176951
4.1625	0.387506208865875	0.062420530414272368
4.1958	0.3875063664118607	0.062420568196720101
4.2291	0.3875065114275586	0.062420602974168155
4.2624	0.38750664490954218	0.062420634985614405
4.2957	0.38750676777512644	0.062420664451048734
4.329	0.38750688086866991	0.062420691572964891
4.3623	0.38750698496737829	0.06242071653775165
4.3956	0.3875070807866452	0.062420739516973987
4.4289	0.3875071689849669	0.062420760668551831
4.4622	0.38750725016846688	0.062420780137845355
4.4955	0.38750732489506251	0.062420798058653595
4.5288	0.38750739367829828	0.062420814554134375
4.5621	0.38750745699087508	0.062420829737650035
4.5954	0.38750751526789867	0.062420843713547065
4.6287	0.38750756890986809	0.062420856577872788
4.662	0.3875076182854304	0.062420868419035616
4.6953	0.38750766373391177	0.062420879318412233
4.7286	0.38750770556765113	0.062420889350907491
4.7619	0.38750774407414601	0.06242089858546835
4.7952	0.38750777951802773	0.062420907085558454
4.8285	0.38750781214288038	0.062420914909593797
4.8618	0.38750784217291484	0.062420922111344194
4.8951	0.38750786981450902	0.062420928740302986
4.9284	0.38750789525762758	0.062420934842027209
4.9617	0.38750791867712564	0.062420940458450341
4.995	0.38750794023395113	0.062420945628170778
5.0283	0.38750796007625243	0.062420950386717085
5.0616	0.38750797834039402	0.062420954766791922
5.0949	0.38750799515189432	0.06242095879849701
5.1282	0.3875080106262902	0.062420962509540066
5.1615	0.38750802486992758	0.062420965925424822
5.1948	0.38750803798069472	0.062420969069626749
5.2281	0.38750805004869482	0.062420971963754256
5.2614	0.38750806115686443	0.062420974627697065
5.2947	0.38750807138154381	0.062420977079762727
5.328	0.38750808079300136	0.062420979336803087
5.3613	0.38750808945591664	0.062420981414329495
5.3946	0.38750809742982445	0.06242098332661964
5.4279	0.38750810476952607	0.062420985086815574
5.4612	0.38750811152546205	0.062420986707014105
5.4945	0.38750811774406296	0.062420988198350041
5.5278	0.38750812346806662	0.062420989571072401
5.5611	0.38750812873680901	0.062420990834615248
5.5944	0.38750813358650105	0.062420991997662191
5.6277	0.38750813805047096	0.062420993068206136
5.661	0.38750814215939777	0.062420994053604441
5.6943	0.38750814594151933	0.062420994960629042
5.7276	0.38750814942282874	0.062420995795513558
5.7609	0.3875081526272503	0.062420996563995641
5.7942	0.38750815557680685	0.062420997271356617
5.8275	0.38750815829176938	0.062420997922457762
5.8608	0.38750816079079564	0.062420998521773706
5.8941	0.38750816309106023	0.062420999073423272
5.9274	0.38750816520837217	0.062420999581197636
5.9607	0.38750816715728248	0.062421000048586417
5.994	0.38750816895118512	0.062421000478801655
6.0273	0.38750817060240861	0.062421000874800008
6.0606	0.38750817212229993	0.062421001239303019
6.0939	0.38750817352130551	0.062421001574815622
6.1272	0.38750817480903893	0.062421001883643655
6.1605	0.38750817599435183	0.062421002167909447
6.1938	0.38750817708538915	0.062421002429566608
6.2271	0.38750817808964882	0.06242100267041327
6.2604	0.38750817901403306	0.062421002892104727
6.2937	0.38750817986489505	0.062421003096164503
6.327	0.38750818064808179	0.062421003283995045
6.3603	0.3875081813689758	0.062421003456887073
6.3936	0.38750818203253118	0.062421003616028731
6.4269	0.38750818264330905	0.062421003762513798
6.4602	0.38750818320550656	0.062421003897348927
6.4935	0.38750818372298751	0.062421004021460766
6.5268	0.3875081841993086	0.062421004135702118
6.5601	0.38750818463774284	0.062421004240858197
6.5934	0.38750818504130402	0.062421004337651576
6.6267	0.38750818541276499	0.062421004426747487
6.66	0.38750818575467966	0.062421004508758163
6.6933	0.38750818606939713	0.062421004584247229
6.7266	0.38750818635908085	0.062421004653733327
6.7599	0.38750818662572123	0.062421004717694004
6.7932	0.38750818687115141	0.062421004776568853
6.8265	0.38750818709705748	0.062421004830762468
6.8598	0.38750818730499309	0.062421004880647162
6.8931	0.38750818749638649	0.062421004926565819
6.9264	0.38750818767255391	0.062421004968833745
6.9597	0.38750818783470564	0.062421005007741552
6.993	0.38750818798395698	0.062421005043556584
7.0263	0.38750818812133236	0.062421005076524788
7.0596	0.38750818824777689	0.0624210051068727
7.0929	0.38750818836415957	0.062421005134808923
7.1262	0.3875081884712806	0.062421005160525241
7.1595	0.38750818856987662	0.062421005184198401
7.1928	0.38750818866062475	0.062421005205991024
7.2261	0.38750818874414911	0.062421005226052727
7.2594	0.38750818882102384	0.062421005244521294
7.2927	0.38750818889177768	0.062421005261523672
7.326	0.38750818895689759	0.062421005277176568
7.3593	0.38750818901683082	0.062421005291587443
7.3926	0.38750818907198936	0.062421005304855261
7.4259	0.38750818912275259	0.062421005317071024
7.4592	0.38750818916947005	0.062421005328318631
7.4925	0.38750818921246283	0.06242100533867527
7.5258	0.3875081892520269	0.062421005348211829
7.5591	0.38750818928843422	0.062421005356993929
7.5924	0.3875081893219357	0.06242100536508173
7.6257	0.38750818935276166	0.062421005372530626
7.659	0.38750818938112463	0.062421005379391645
7.6923	0.38750818940721954	0.062421005385711791
7.7256	0.38750818943122639	0.062421005391534307
7.7589	0.38750818945331067	0.062421005396899085
7.7922	0.38750818947362436	0.062421005401842762
7.8255	0.38750818949230792	0.062421005406399173
7.8588	0.38750818950948984	0.062421005410599313
7.8921	0.38750818952528904	0.062421005414471882
7.9254	0.3875081895398147	0.062421005418043261
7.9587	0.38750818955316713	0.062421005421337758
7.992	0.38750818956543864	0.062421005424377764
8.0253	0.38750818957671457	0.062421005427183887
8.0586	0.38750818958707278	0.062421005429775148
8.0919	0.38750818959658551	0.062421005432169052
8.1252	0.38750818960531869	0.062421005434381747
8.1585	0.38750818961333322	0.062421005436428145
8.1918	0.38750818962068484	0.062421005438321901
8.2251	0.38750818962742528	0.0624210054400757
8.2584	0.38750818963360167	0.062421005441701219
8.2917	0.38750818963925765	0.062421005443209172
8.325	0.38750818964443268	0.062421005444609587
8.3583	0.38750818964916389	0.062421005445911615
8.3916	0.3875081896534846	0.062421005447123735
8.4249	0.38750818965742606	0.062421005448253797
8.4582	0.38750818966101613	0.062421005449309085
8.4915	0.38750818966428136	0.062421005450296267
8.5248	0.38750818966724532	0.062421005451221589
8.5581	0.38750818966992967	0.062421005452090811
8.5914	0.38750818967235501	0.062421005452909288
8.6247	0.38750818967453887	0.062421005453681989
8.658	0.38750818967649864	0.062421005454413557
8.6913	0.38750818967824918	0.062421005455108237
8.7246	0.3875081896798046	0.062421005455770111
8.7579	0.38750818968117778	0.062421005456402896
8.7912	0.38750818968237971	0.062421005457010112
8.8245	0.38750818968342104	0.06242100545759504
8.8578	0.38750818968431155	0.062421005458160782
8.8911	0.38750818968505957	0.06242100545871028
8.9244	0.38750818968567291	0.062421005459246268
8.9577	0.38750818968615813	0.062421005459771299
8.991	0.38750818968652212	0.0624210054602879
9.0243	0.3875081896867692	0.062421005460798443
9.0576	0.38750818968690515	0.062421005461305218

