# Filename: 3Dvlt_K0cFind_Plot_Output5_Op1.dat
# Source: 3Dvlt_K0cFind_Plot.c
# Source version: 2 (2012 Jul 27 - ...)
# Constant values: PI= 3.141592653589793116, PISQ=9.8696044010893579923, PICU=31.0062766802998162063
# Parameter values: A3=41.3417022403997549418, THETA=0.6, N=2, dl=0.0001, LDataPerOne=30, MRecDataSets=10, uncertainty=1e-17, DK01=2
# l	K	y

# DK0 = 1	(data set 1)
0	                2	3.716272863234488e-10

# DK0 = 0.015625	(data set 2)
0	          0.28125	0.047197759223921304
0.0333	0.285372007969803	0.048938642941569049
0.0666	0.2892789565267932	0.050666619942852813
0.0999	0.29296094882812745	0.052380789488559308
0.1332	0.29640942143661431	0.054080857183767185
0.1665	0.29961714439315074	0.055767136125843719
0.1998	0.30257819478071529	0.057440541635367215
0.2331	0.30528790635422931	0.05910258100354638
0.2664	0.30774279840391622	0.060755339759410304
0.2997	0.30994048741397978	0.062401465972324557
0.333	0.31187958527709236	0.064044154070839257
0.3663	0.31355958784413995	0.065687129589481641
0.3996	0.31498075745296855	0.067334636163233555
0.4329	0.31614400282014288	0.068991425987019739
0.4662	0.31705075932914006	0.070662754855476781
0.4995	0.31770287233973571	0.072354382806105691
0.5328	0.31810248570679184	0.074072581314659686
0.5661	0.3182519372583299	0.075824147941823225

# DK0 = 0.000244141	(data set 3)
0	    0.29638671875	0.040045393525234375
0.0333	0.30133783377653806	0.041281202993971707
0.0666	0.30613226602601479	0.042478892413852005
0.0999	0.31076303525524163	0.043636215130534992
0.1332	0.31522445837846141	0.044751362729066706
0.1665	0.31951215100923125	0.045822953568333914
0.1998	0.32362300615259065	0.046850014785790615
0.2331	0.32755515228701509	0.047831958910843977
0.2664	0.3313078935520804	0.048768556254290524
0.2997	0.33488163506940777	0.049659904220277135
0.333	0.33827779657535917	0.050506394625125753
0.3663	0.34149871754769712	0.05130868001360684
0.3996	0.34454755688562011	0.052067639847537962
0.4329	0.34742818997805541	0.052784347313005235
0.4662	0.35014510569558871	0.053460037359094596
0.4995	0.35270330549319828	0.054096076449462689
0.5328	0.35510820643828567	0.054693934383608998
0.5661	0.35736554960230832	0.055255158431091494
0.5994	0.35948131489164081	0.055781349921588078
0.6327	0.36146164305700551	0.056274143347883825
0.666	0.36331276531974355	0.056735187967852097
0.6993	0.36504094079259664	0.057166131834821519
0.7326	0.36665240165460711	0.057568608142392542
0.7659	0.36815330586390582	0.057944223738423305
0.7992	0.36954969705628471	0.058294549642011029
0.8325	0.37084747117807193	0.058621113385235214
0.8658	0.37205234933462922	0.058925392996631853
0.8991	0.37316985629614124	0.059208812444340182
0.9324	0.37420530408559016	0.059472738362272057
0.9657	0.37516378007537654	0.059718477891316991
0.999	0.37605013903489354	0.059947277478503647
1.0323	0.37686899859774803	0.060160322489363205
1.0656	0.37762473765112742	0.060358737501794206
1.0989	0.37832149718834002	0.060543587162987654
1.1322	0.37896318320665462	0.060715877504021062
1.1655	0.37955347127448957	0.060876557619281006
1.1988	0.3800958124334281	0.061026521629709472
1.2321	0.38059344014045365	0.061166610859862733
1.2654	0.38104937799357869	0.061297616168842134
1.2987	0.3814664480191356	0.061420280384280504
1.332	0.38184727933120277	0.061535300796745442
1.3653	0.38219431700285544	0.061643331679181353
1.3986	0.38250983101506414	0.061744986802412589
1.4319	0.38279592517234212	0.061840841923314314
1.4652	0.38305454589466176	0.061931437227103536
1.4985	0.38328749081300784	0.062017279709371757
1.5318	0.38349641711137888	0.062098845487043579
1.5651	0.3836828495712778	0.062176582030464327
1.5984	0.38384818828602441	0.062250910311367681
1.6317	0.38399371602173604	0.062322226863592962
1.665	0.38412060520978608	0.062390905755186278
1.6983	0.38422992456214988	0.062457300471958743
1.7316	0.38432264530645199	0.062521745713750965
1.7649	0.3843996470419202	0.062584559105593726
1.7982	0.38446172322092081	0.062646042826697335
1.8315	0.38450958626350723	0.062706485160788694
1.8648	0.38454387231449455	0.062766161971751375
1.8981	0.38456514565411981	0.062825338108858084
1.9314	0.38457390277444631	0.062884268746119562

# DK0 = 3.8147e-06	(data set 4)
0	0.29647064208984375	0.040008924015652439
0.0333	0.3014263791124282	0.041242293997004707
0.0666	0.30622575940025332	0.042437439733720342
0.0999	0.31086181960589671	0.043592110749851996
0.1332	0.31532889351588139	0.044704494313179494
0.1665	0.31962261361721056	0.04577320395067238
0.1998	0.32373988983428359	0.046797261439135297
0.2331	0.32767886767415277	0.047776073408646966
0.2664	0.33143886849401349	0.048709403725319657
0.2997	0.33502031491604195	0.049597342798948223
0.333	0.33842464456542776	0.050440274898990743
0.3663	0.34165421531114609	0.051238844468615631
0.3996	0.34471220506632066	0.051993922310911593
0.4329	0.34760250898071632	0.052706572392873248
0.4662	0.35032963655869848	0.05337801987946067
0.4995	0.35289861088814412	0.054009620878582881
0.5328	0.35531487179347654	0.054602834253482155
0.5661	0.35758418435020189	0.055159195745471346
0.5994	0.35971255383599066	0.05568029454971507
0.6327	0.36170614785738342	0.056167752400994544
0.666	0.36357122609043035	0.05662320515543507
0.6993	0.36531407781317371	0.057048286797545637
0.7326	0.36694096719004698	0.057444615758620053
0.7659	0.36845808609253394	0.057813783401224991
0.7992	0.36987151410469049	0.058157344503618501
0.8325	0.37118718526279243	0.058476809565885267
0.8658	0.37241086101123178	0.058773638754774635
0.8991	0.3735481088171419	0.059049237305190815
0.9324	0.37460428586943972	0.0593049522016834
0.9657	0.37558452728954689	0.059542069971931226
0.999	0.37649373829684007	0.059761815435109604
1.0323	0.37733658979826923	0.059965351260330577
1.0656	0.37811751690531947	0.060153778203388568
1.0989	0.378840719920019	0.06032813590327897
1.1322	0.37951016737274501	0.060489404132991621
1.1655	0.38012960073648377	0.060638504411611435
1.1988	0.38070254048358487	0.060776301896575291
1.2321	0.38123229319099128	0.060903607485909471
1.2654	0.38172195943764009	0.061021180070324449
1.2987	0.38217444227285235	0.061129728884148166
1.332	0.38259245606671682	0.061229915912237032
1.3653	0.38297853558268863	0.061322358317248589
1.3986	0.38333504513877015	0.061407630858036563
1.4319	0.38366418774691829	0.061486268275495463
1.4652	0.38396801414076343	0.061558767627006447
1.4985	0.3842484316195845	0.061625590554782436
1.5318	0.38450721265194865	0.061687165476951314
1.5651	0.3847460031956797	0.061743889693211151
1.5984	0.38496633070213127	0.061796131399411015
1.6317	0.38516961178228959	0.061844231607506135
1.665	0.38535715952021277	0.061888505969067552
1.6983	0.38553019042595932	0.061929246501938234
1.7316	0.38568983102559973	0.061966723220767052
1.7649	0.38583712409030313	0.062001185673057575
1.7982	0.38597303451004877	0.062032864383075099
1.8315	0.38609845482026744	0.062061972206494058
1.8648	0.38621421039185766	0.062088705599065999
1.8981	0.38632106429662072	0.062113245802869171
1.9314	0.38641972186128731	0.062135759953882881
1.9647	0.38651083492409483	0.062156402114734673
1.998	0.38659500580829914	0.062175314236506282
2.0313	0.38667279102724633	0.06219262705347138
2.0646	0.38674470473558298	0.062208460914583485
2.0979	0.38681122194106138	0.062222926555445292
2.1312	0.38687278149107723	0.062236125814380087
2.1645	0.38692978884769369	0.062248152296094511
2.1978	0.38698261866444239	0.062259091986282204
2.2311	0.38703161717767498	0.062269023820362743
2.2644	0.38707710442467969	0.062278020209396802
2.2977	0.38711937630021032	0.06228614752605828
2.331	0.38715870646247424	0.062293466553385655
2.3643	0.38719534809905293	0.062300032898877991
2.3976	0.38722953556262518	0.062305897376346293
2.4309	0.3872614858858151	0.062311106357783877
2.4642	0.38729140018389679	0.062315702097371542
2.4975	0.3873194649535836	0.062319723029598623
2.5308	0.38734585327557725	0.062323204043344897
2.5641	0.38737072592808613	0.062326176733644302
2.5974	0.38739423241802906	0.062328669632731121
2.6307	0.38741651193620141	0.062330708421854314
2.664	0.38743769424225766	0.062332316125240934
2.6973	0.38745790048495815	0.06233351328748625
2.7306	0.38747724396276095	0.062334318135555677
2.7639	0.38749583082947892	0.062334746726491426

# DK0 = 5.96046e-08	(data set 5)
0	0.29646885395050049	0.040009700718462875
0.0333	0.30142449249090297	0.041243122639344605
0.0666	0.30622376734945445	0.042438322532057357
0.0999	0.31085971481866986	0.04359305000173299
0.1332	0.31532666832549494	0.044705492407752997
0.1665	0.31962025999731275	0.045774263379611699
0.1998	0.32373739939790258	0.046798384807856648
0.2331	0.32767623167134968	0.047777263447735946
0.2664	0.33143607780783063	0.048710663302093969
0.2997	0.33501736005645028	0.049598674929106884
0.333	0.33842151566103046	0.050441682758317861
0.3663	0.34165090209844517	0.051240331404724532
0.3996	0.34470869687642136	0.051995491855032695
0.4329	0.34759879472338073	0.052708228271701851
0.4662	0.35032570470371371	0.053379766027095869
0.4995	0.35289444944399623	0.054011461448596088
0.5328	0.35531046828336199	0.054604773631163846
0.5661	0.3575795257854138	0.055161238560310036
0.5994	0.35970762668673933	0.055682445688166687
0.6327	0.36170093802111508	0.056170017019603329
0.666	0.36356571885770061	0.05662558869436924
0.6993	0.36530825783113996	0.057050794994611714
0.7326	0.36693481842361508	0.057447254663818746
0.7659	0.36845159178320419	0.057816559391913637
0.7992	0.36986465672711322	0.058160264300341151
0.8325	0.37117994647904035	0.058479880248934447
0.8658	0.37240322162277562	0.058776867781544923
0.8991	0.37354004871449148	0.05905263252838662
0.9324	0.37459578397940818	0.059308521888440588
0.9657	0.37557556152006877	0.059545822823914775
0.999	0.37648428547926571	0.059765760609646695
1.0323	0.37732662562702934	0.059969498392642991
1.0656	0.37810701587485357	0.060158137429985867
1.0989	0.37882965525884027	0.060332717886576993
1.1322	0.3794985109745001	0.060494220087222036
1.1655	0.3801173230878499	0.060643566130090865
1.1988	0.3806896105888451	0.060781621780403333
1.2321	0.38121867849310453	0.060909198574169363
1.2654	0.38170762573561645	0.061027056071861693
1.2987	0.38215935363523007	0.061135904211006897
1.332	0.38257657474093298	0.06123640571483642
1.3653	0.38296182190010702	0.061329178521386488
1.3986	0.38331745741513951	0.061414798203810697
1.4319	0.38364568217800332	0.061493800358238052
1.4652	0.38394854469288819	0.061566682940331963
1.4985	0.38422794991481651	0.061633908535853772
1.5318	0.38448566784762778	0.061695906554074531
1.5651	0.38472334185799389	0.06175307533587561
1.5984	0.38494249667342251	0.061805784170895856
1.6317	0.38514454604174969	0.061854375220181938
1.665	0.38533080003763148	0.061899165342527984
1.6983	0.38550247200814902	0.061940447824103295
1.7316	0.38566068515511764	0.061978494012106991
1.7649	0.38580647875606877	0.062013554854094016
1.7982	0.38594081402943531	0.062045862345324075
1.8315	0.38606457965222174	0.062075630887024016
1.8648	0.3861785969405877	0.062103058558852932
1.8981	0.38628362470536026	0.06212832830913937
1.9314	0.38638036379563367	0.062151609066645193
1.9647	0.38646946134436938	0.062173056777712531
1.998	0.38655151473038368	0.062192815372692223
2.0313	0.38662707527129009	0.062211017665536161
2.0646	0.38669665166196959	0.062227786190386242
2.0979	0.38676071317297467	0.06224323397890081
2.1312	0.38681969262298771	0.062257465281953681
2.1645	0.38687398913904097	0.062270576239209875
2.1978	0.38692397071776136	0.062282655499939173
2.2311	0.38696997660037113	0.062293784798279038
2.2644	0.38701231947361725	0.062304039486003278
2.2977	0.38705128750823958	0.062313489025693169
2.331	0.38708714624597645	0.062322197447051315
2.3643	0.38712014034553227	0.062330223768941248
2.3976	0.38715049519734046	0.062337622389583881
2.4309	0.38717841841636996	0.062344443447192643
2.4642	0.3872041012216787	0.062350733153186635
2.4975	0.38722771971086173	0.062356534099982111
2.5308	0.38724943603703005	0.062361885545233448
2.5641	0.38726939949544981	0.062366823674267116
2.5974	0.38728774752649864	0.062371381842334102
2.6307	0.38730460664115091	0.062375590798196212
2.664	0.38732009327475964	0.062379478890452124
2.6973	0.38733431457452661	0.062383072257912668
2.7306	0.38734736912563444	0.062386395005238654
2.7639	0.38735934762069851	0.062389469364970231
2.7972	0.3873703334768353	0.062392315846990877
2.8305	0.38738040340432783	0.062394953376395661
2.8638	0.38738962793060228	0.062397399420660637
2.8971	0.38739807188292708	0.062399670106943896
2.9304	0.38740579483301035	0.062401780330286878
2.9637	0.38741285150642085	0.062403743853426973
2.997	0.38741929215954696	0.062405573398878686
3.0303	0.3874251629266045	0.062407280733892158
3.0636	0.3874305061389906	0.062408876748849658
3.0969	0.38743536061914291	0.062410371529620437
3.1302	0.38743976195086133	0.062411774424352688
3.1635	0.38744374272792192	0.062413094105146658
3.1968	0.3874473327826562	0.062414338625017378
3.2301	0.38745055939605583	0.062415515470525477
3.2634	0.38745344749082034	0.062416631610425606
3.2967	0.38745601980867239	0.062417693540653699
3.33	0.38745829707315294	0.062418707325952401
3.3633	0.38746029813901034	0.062419678638408596
3.3966	0.38746204012921864	0.062420612793157651
3.4299	0.38746353856056903	0.062421514781488857
3.4632	0.38746480745870859	0.06242238930156907
3.4965	0.3874658594634276	0.06242324078698562
3.5298	0.38746670592493654	0.062424073433292211
3.5631	0.38746735699180562	0.062424891222731864
3.5964	0.38746782169119892	0.062425697947293024
3.6297	0.38746810800196307	0.062426497230247339
3.663	0.38746822292111383	0.062427292546305031

# DK0 = 9.31323e-10	(data set 6)
0	0.2964689377695322	0.040009664310181832
0.0333	0.30142458092628477	0.04124308379636097
0.0666	0.30622386072683039	0.0424382811504707
0.0999	0.31085981348056385	0.043593005973842074
0.1332	0.31532677263128422	0.044705445621562173
0.1665	0.31962037032323237	0.045774213718319023
0.1998	0.32373751613709095	0.046798332149328263
0.2331	0.32767635523395944	0.047777207663969951
0.2664	0.33143620862121781	0.048710604258678701
0.2997	0.3350174985654602	0.049598612484674766
0.333	0.33842166232838305	0.050441616763996486
0.3663	0.34165105740524043	0.05124026170358624
0.3996	0.34470886132276185	0.051995418281541854
0.4329	 0.34759896882912	0.052708150651159656
0.4662	0.35032588900932732	0.053379684175080225
0.4995	0.35289464451158431	0.054011375170396246
0.5328	0.35531067469777261	0.054604682721205861
0.5661	0.35757974415548788	0.055161142801571694
0.5994	0.35970785764668123	0.055682344851578899
0.6327	0.36170118223197761	0.056169910863434973
0.666	0.36356597700898441	0.05662547696359245
0.6993	0.36530853064250307	0.057050677420244812
0.7326	0.36693510664669599	0.057447130962243714
0.7659	0.36845189620355046	0.057816429264164942
0.7992	0.36986497816621788	0.058160127431363673
0.8325	0.37118028579648504	0.058479736306806841
0.8658	0.37240357971848043	0.058776716416665861
0.8991	0.373540426531077	0.059052473372620824
0.9324	0.37459618250466753	0.059308354554222287
0.9657	0.3755759817895537	0.059545646903305063
0.999	0.37648472857899112	0.059765575673342494
1.0323	0.37732709269630033	0.059969303988934464
1.0656	0.37810750810922461	0.060157933083659014
1.0989	0.37883017391320251	0.060332503097759303
1.1322	0.3794990573663149	0.06049399433016741
1.1655	0.38011789860052719	0.060643328851900179
1.1988	0.38069021667527997	0.060781372399678707
1.2321	0.38121931667937414	0.060908936479597379
1.2654	0.38170829762485609	0.061026780620722906
1.2987	0.38216006091168703	0.061135614727607285
1.332	0.38257731917421334	0.061236101488857109
1.3653	0.38296260534962795	0.06132885880614794
1.3986	0.38331828183479444	0.061414462214446727
1.4319	0.38364654962105427	0.061493447269775299
1.4652	0.38394945731709607	0.061566311885670057
1.4985	0.38422890998782133	0.061633518603641614
1.5318	0.38448667775259587	0.0616954967864769
1.5651	0.38472440409954334	0.06175264472622502
1.5984	0.38494361388384069	0.06180533166122365
1.6317	0.38514572098752359	0.061853899698623122
1.665	0.38533203562630142	0.061898665640593049
1.6983	0.385503771295507	0.061939922713809971
1.7316	0.38566205135276527	0.06197794220296559
1.7649	0.38580791523935565	0.062012974989939136
1.7982	0.38594232434579662	0.062045253000983631
1.8315	0.38606616752993622	0.062074990564818945
1.8648	0.38618026629797769	0.062102385684918091
1.8981	0.38628537966045751	0.062127621229557069
1.9314	0.38638220867633022	0.062150866043381159
1.9647	0.38647140069908925	0.062172275984345514
1.998	0.38655355333928854	0.06219199488992537
2.0313	0.38662921815805457	0.06221015547648083
2.0646	0.38669890410615343	0.062226880175604446
2.0979	0.38676308072302656	0.062242281911196011
2.1312	0.38682218110990152	0.062256464820896751
2.1645	0.38687660469071067	0.062269524925386135
2.1978	0.3869267197740649	0.062281550748902736
2.2311	0.38697286592901503	0.062292623894199733
2.2644	0.38701535618679295	0.062302819574990315
2.2977	0.38705447908011903	0.062312207108779501
2.331	0.38709050053110228	0.062320850372820931
2.3643	0.38712366559814032	0.0623288082257814
2.3976	0.38715420009166129	0.062336134897543735
2.4309	0.38718231206796616	0.06234288034942765
2.4642	0.38720819320986621	0.062349090606967694
2.4975	0.38723202010226693	0.062354808067248087
2.5308	0.38725395541034863	0.062360071782662861
2.5641	0.38727414896746076	0.062364917722844929
2.5974	0.38729273877940085	0.062369379016388324
2.6307	0.38730985195129092	0.062373486173877238
2.664	0.38732560554282031	0.062377267293625659
2.6973	0.38734010735724511	0.06238074825143744
2.7306	0.38735345666913795	0.062383952875597559
2.7639	0.38736574489553283	0.062386903108221141
2.7972	0.38737705621477131	0.062389619154003241
2.8305	0.38738746813704206	0.062392119617336796
2.8638	0.38739705203032199	0.062394421628692791
2.8971	0.38740587360514189	0.062396540961092477
2.9304	0.38741399336135351	0.062398492137437776
2.9637	0.38742146699983265	0.062400288529407898
2.997	0.38742834580183733	0.062401942448579134
3.0303	0.3874346769785289	0.0624034652303719
3.0636	0.38744050399298019	0.062404867311385274
3.0969	0.38744586685681115	0.06240615830063502
3.1302	0.38745080240343555	0.062407347045172708
3.1635	0.38745534453974562	0.062408441690525625
3.1968	0.38745952447791943	0.06240944973636392
3.2301	0.38746337094891514	0.062410378087770071
3.2634	0.38746691039908659	0.062411233102455693
3.2967	0.3874701671712395	0.062412020634245897
3.33	0.38747316367136414	0.062412746073124054
3.3633	0.38747592052215812	0.062413414382108748
3.3966	0.38747845670439229	0.062414030131212363
3.4299	0.3874807896870674	0.062414597528713013
3.4632	0.38748293554724811	0.062415120449950651
3.4965	0.3874849090803989	0.062415602463843575
3.5298	0.38748672390195099	0.062416046857306638
3.5631	0.38748839254081707	0.062416456657736069
3.5964	0.38748992652546821	0.062416834653714927
3.6297	0.38749133646317718	0.06241718341407982
3.663	0.38749263211296153	0.062417505305479022
3.6963	0.38749382245271924	0.06241780250854205
3.7296	0.38749491574102884	0.062418077032770296
3.7629	0.38749591957402979	0.062418330730250965
3.7962	0.38749684093776393	0.062418565308287537
3.8295	0.38749768625635506	0.062418782341033409
3.8628	0.38749846143633893	0.06241898328020741
3.8961	0.38749917190745892	0.062419169464965306
3.9294	0.38749982266020383	0.06241934213099315
3.9627	0.3875004182803406	0.062419502418886608
3.996	0.38750096298068937	0.062419651381871492
4.0293	0.38750146063034974	0.062419789992919007
4.0626	0.38750191478158291	0.062419919151304473
4.0959	0.38750232869453677	0.062420039688653353
4.1292	0.38750270535998271	0.062420152374516709
4.1625	0.38750304752021769	0.062420257921512824
4.1958	0.38750335768827948	0.062420356990071237
4.2291	0.38750363816560934	0.062420450192810187
4.2624	0.38750389105827948	0.062420538098577991
4.2957	0.38750411829190085	0.062420621236185143
4.329	0.38750432162531295	0.062420700097852277
4.3623	0.38750450266315373	0.062420775142397751
4.3956	0.38750466286739305	0.062420846798185839
4.4289	0.3875048035679135	0.062420915465855244
4.4622	0.38750492597220998	0.06242098152084611
4.4955	0.38750503117427765	0.062421045315743037
4.5288	0.38750512016275052	0.062421107182448442
4.5621	0.38750519382834619	0.062421167434201216
4.5954	0.38750525297067534	0.06242122636745448
4.6287	0.3875052983044539	0.062421284263623193
4.662	0.38750533046517316	0.062421341390714188
4.6953	0.38750535001426434	0.06242139800484893
4.7286	0.38750535744379089	0.062421454351687541

# DK0 = 1.45519e-11	(data set 7)
0	0.29646893902099691	0.040009663766586212
0.0333	0.30142458224667429	0.04124308321641397
0.0666	0.30622386212100705	0.042438280532620977
0.0999	0.31085981495364057	0.04359300531648156
0.1332	0.31532677418862781	0.044705444923018763
0.1665	0.31962037197046034	0.045774212976848846
0.1998	0.32373751788007232	0.046798331363107765
0.2331	0.32767635707881809	0.047777206831088048
0.2664	0.33143621057433487	0.048710603377128535
0.2997	0.33501750063347724	0.049598611552345448
0.333	0.33842166451820854	0.050441615778665398
0.3663	0.34165105972405757	0.051240260662910382
0.3996	0.34470886377803744	0.051995417183049716
0.4329	0.34759897142861562	0.052708149492242874
0.4662	0.35032589176111245	0.053379682952985369
0.4995	0.35289464742405202	0.054011373882216059
0.5328	0.35531067777965364	0.054604681363870991
0.5661	0.35757974741587373	0.055161141371841964
0.5994	0.35970786109504099	0.055682343346034238
0.6327	0.36170118587818129	0.056169909278466212
0.666	0.36356598086332648	0.056625475295391851
0.6993	0.36530853471572861	0.057050675664796345
0.7326	0.36693511095002679	0.057447129115312835
0.7659	0.36845190074871564	0.057816427321287889
0.7992	0.36986498296548237	0.058160125387836589
0.8325	0.37118029086268262	0.058479734157673949
0.8658	0.37240358506504784	0.058776714156707592
0.8991	0.3735404321720881	0.059052470996340749
0.9324	0.37459618845487053	0.059308352055833673
0.9657	 0.37557598806441	0.059545644276717186
0.999	0.37648473519471493	0.059765572912145661
1.0323	0.37732709966990319	0.059969301086384479
1.0656	0.3781075154585562	0.060157930032660817
1.0989	0.37883018165699955	0.060332499890849482
1.1322	0.37949906552424745	0.060493990959496383
1.1655	 0.38011790719325	0.060643325309212945
1.1988	0.38069022572448552	0.060781368676294731
1.2321	0.38121932620784865	0.060908932566389448
1.2654	0.38170830765653535	0.061026776508094994
1.2987	0.38216007147171654	0.061135610405471004
1.332	0.38257733028901497	0.061236096946607158
1.3653	0.3829626170469641	0.061328854032636056
1.3986	0.38331829414383828	0.061414457197954547
1.4319	0.38364656257246188	0.061493441997985621
1.4652	0.38394947094308401	0.061566306345636868
1.4985	0.38422892432224692	0.061633512781758069
1.5318	0.38448669283104148	0.061695490668442286
1.5651	0.3847244199594036	0.061752638297009221
1.5984	0.38494363056441677	0.061805324905030927
1.6317	0.38514573853012146	0.061853892598853051
1.665	0.38533205407433252	0.061898658179799587
1.6983	0.38550379069459595	0.06193991487365897
1.7316	0.38566207175086287	0.061977933964189824
1.7649	0.3858079366868577	0.06201296633229058
1.7982	0.3859423468956687	0.062045243903184125
1.8315	0.38606619123784414	0.062074981004507764
1.8648	0.3861802912224242	0.062102375638597121
1.8981	0.38628540586292659	0.062127610672532987
1.9314	0.38638223622144097	0.062150854949704799
1.9647	0.3864714296547514	0.062172264326748036
1.998	0.38655358377687271	0.06219198263975146
2.0313	0.3866292501525681	0.062210142603618013
2.0646	0.38669893773642333	0.062226866648409207
2.0979	0.3867631160718934	0.062242267696416088
2.1312	0.38682221826442659	0.062256449883589436
2.1645	0.38687664374238717	0.062269509228832336
2.1978	0.3869267608190442	0.062281534254516539
2.2311	0.3869729090683432	0.062292606561433907
2.2644	0.38701540152665914	0.062302801361236421
2.2977	0.38705452673211804	0.062312187969263189
2.331	0.38709055061250752	0.062320830260491879
2.3643	0.38712371823219227	0.062328787091197692
2.3976	0.38715425540787274	0.062336112688750292
2.4309	0.38718237020243818	0.06234285701182847
2.4642	0.38720825430562383	0.062349066083191809
2.4975	0.3872320843096127	0.062354782297008374
2.5308	0.38725402288722882	0.062360044702607989
2.5641	0.38727421987985639	0.062364889266403357
2.5974	0.38729281330173521	0.062369349113605088
2.6307	0.38730993026685812	0.062373454751241508
2.664	0.38732568784423693	0.062377234273890456
2.6973	0.38734019384692242	0.062380713553429307
2.7306	0.38735354755978085	0.06238391641401738
2.7639	0.38736584041066319	0.062386864793434194
2.7972	0.38737715658927518	0.062389578891819016
2.8305	0.3873875736177495	0.062392077308777355
2.8638	0.38739716287661369	0.062394377169749438
2.8971	0.38740599008958632	0.06239649424247027
2.9304	0.38741411577037738	0.06239844304428651
2.9637	0.38742159563442385	0.062400236941040049
2.997	0.38742848097828686	0.062401888238172928
3.0303	0.38743481902920884	0.062403408264659843
3.0636	0.38744065326715854	0.06240480745032622
3.0969	0.38744602372151221	0.062406095397070052
3.1302	0.38745096724434197	0.062407280944463517
3.1635	0.38745551776214437	0.062408372230174133
3.1968	0.38745970650770195	0.062409376745612886
3.2301	0.38746356223362372	0.062410301387183148
3.2634	0.38746711140901141	0.062411152503476529
3.2967	0.38747037840057802	0.062411935938734557
3.33	0.38747338563943501	0.062412657072869887
3.3633	0.38747615377467787	0.062413320858318452
3.3966	0.38747870181481725	0.062413931853972364
3.4299	0.38748104725800186	0.062414494256424036
3.4632	0.38748320621192955	0.06241501192873377
3.4965	0.38748519350425031	0.062415488426916188
3.5298	0.38748702278422043	0.06241592702432653
3.5631	0.38748870661629292	0.062416330734112326
3.5964	0.3874902565662891	0.062416702329883694
3.6297	0.38749168328072897	0.062417044364743109
3.663	0.38749299655987024	0.062417359188805331
3.6963	0.38749420542495022	0.062417648965325818
3.7296	0.38749531818008853	0.062417915685548823
3.7629	0.38749634246927783	0.062418161182376489
3.7962	0.38749728532884842	0.062418387142952204
3.8295	0.38749815323576614	0.062418595120244488
3.8628	0.3874989521520964	0.062418786543710601
3.8961	0.38749968756593384	0.062418962729113223
3.9294	0.38750036452908254	0.062419124887556465
3.9627	0.38750098769174396	0.062419274133804471
3.996	0.38750156133444574	0.062419411493938572
4.0293	0.38750208939743658	0.062419537912405919
4.0626	0.38750257550774309	0.062419654258507998
4.0959	0.38750302300407957	0.062419761332372987
4.1292	0.38750343495977507	0.062419859870453558
4.1625	0.38750381420388053	0.062419950550587515
4.1958	0.38750416334059895	0.062420033996656042
4.2291	0.38750448476716753	0.062420110782871518
4.2624	0.38750478069032618	0.062420181437724195
4.2957	0.38750505314146705	0.062420246447615083
4.329	0.38750530399058986	0.062420306260199974
4.3623	0.38750553495914059	0.062420361287467391
4.3956	0.38750574763183532	0.062420411908571283
4.4289	0.38750594346754119	0.062420458472438801
4.4622	0.38750612380929306	0.062420501300170413
4.4955	0.38750628989351493	0.062420540687248775
4.5288	0.38750644285850883	0.062420576905572241
4.5621	0.38750658375226793	0.062420610205325688
4.5954	0.38750671353967048	0.062420640816703225
4.6287	0.38750683310910183	0.06242066895149305
4.662	0.38750694327854857	0.062420694804536374
4.6953	0.38750704480121168	0.062420718555069962
4.7286	0.38750713837067269	0.062420740367961476
4.7619	0.38750722462564879	0.062420760394846578
4.7952	0.38750730415437207	0.062420778775175441
4.8285	0.3875073774986203	0.062420795637175064
4.8618	0.38750744515742802	0.062420811098735395
4.8951	0.38750750759050373	0.062420825268224435
4.9284	0.38750756522137558	0.062420838245237802
4.9617	0.38750761844028891	0.062420850121289242
4.995	0.38750766760687438	0.062420860980444422
5.0283	0.38750771305260268	0.062420870899905272
5.0616	0.38750775508304769	0.062420879950546862
5.0949	0.38750779397996815	0.062420888197410686
5.1282	0.38750783000322958	0.062420895700158942
5.1615	0.38750786339257087	0.062420902513491819
5.1948	0.38750789436922961	0.062420908687531029
5.2281	0.38750792313744609	0.062420914268172638
5.2614	0.38750794988584392	0.062420919297410574
5.2947	0.38750797478870341	0.062420923813634524
5.328	0.38750799800713742	0.062420927851903119
5.3613	0.38750801969017235	0.0624209314441945
5.3946	0.38750803997574695	0.062420934619636874
5.4279	0.38750805899163487	0.062420937404719073
5.4612	0.38750807685629002	0.062420939823484643
5.4945	0.38750809367963385	0.0624209418977087
5.5278	0.38750810956377857	0.062420943647060481
5.5611	0.38750812460369521	0.062420945089251639
5.5944	0.38750813888783159	0.062420946240172324
5.6277	0.38750815249868442	0.062420947114014545
5.661	0.38750816551332457	0.062420947723385502
5.6943	0.38750817800389148	0.062420948079410447

# DK0 = 2.27374e-13	(data set 8)
0	0.29646893900689975	0.04000966377270955
0.0333	0.3014245822318008	0.041243083222946682
0.0666	0.30622386210530234	0.042438280539580639
0.0999	0.3108598149370474	0.043593005323886248
0.1332	0.31532677417108496	0.044705444930887434
0.1665	0.31962037195190446	0.04577421298520104
0.1998	0.32373751786043803	0.046798331371964055
0.2331	0.32767635705803627	0.047777206840469919
0.2664	0.33143621055233397	0.048710603387058592
0.2997	0.33501750061018154	0.049598611562847617
0.333	0.33842166449354094	0.050441615789764555
0.3663	0.34165105969793774	0.051240260674633005
0.3996	0.34470886375038057	0.051995417195423735
0.4329	0.34759897139933355	0.052708149505297529
0.4662	0.3503258917301163	0.053379682966751628
0.4995	0.35289464739124543	0.054011373896726694
0.5328	0.35531067774493907	0.054604681379160587
0.5661	0.35757974737914855	0.055161141387946977
0.5994	0.35970786105619867	0.055682343362993166
0.6327	0.36170118583711042	0.056169909296319778
0.666	0.36356598081991121	0.056625475314183028
0.6993	0.36530853466984703	0.057050675684570284
0.7326	0.36693511090155329	0.057447129136117353
0.7659	0.3684519006975181	0.05781642734317325
0.7992	0.36986498291142283	0.05816012541085569
0.8325	0.37118029080561654	0.058479734181882695
0.8658	0.37240358500482373	0.058776714182164624
0.8991	0.37354043210854687	0.059052471023107997
0.9324	0.3745961883878472	0.059308352083976411
0.9657	0.37557598799373015	0.059545644306303998
0.999	0.37648473512019553	0.059765572943248781
1.0323	0.37732709959135285	0.059969301119079735
1.0656	0.37810751537577308	0.060157930067028208
1.0989	0.37883018156977322	0.060332499926973149
1.1322	0.37949906543235634	0.06049399099746465
1.1655	0.3801179070964617	0.060643325349118794
1.1988	0.38069022562255495	0.060781368718235966
1.2321	0.38121932610052006	0.060908932610468945
1.2654	0.38170830754353807	0.061026776554420792
1.2987	0.38216007135276819	0.061135610454156684
1.332	0.38257733016381712	0.061236096997772167
1.3653	0.38296261691520422	0.061328854086405933
1.3986	0.38331829400518797	0.061414457254461416
1.4319	0.38364656242657613	0.061493442057368251
1.4652	0.38394947078959968	0.061566306408041005
1.4985	0.38422892416078241	0.061633512847336966
1.5318	0.38448669266119545	0.061695490737357014
1.5651	0.38472441978075556	0.061752638369429139
1.5984	0.38494363037652402	0.061805324981133961
1.6317	0.38514573833251886	0.061853892678826183
1.665	0.38533205386653047	0.061898658263839341
1.6983	0.38550379047608108	0.061939914961971827
1.7316	0.38566207152109466	0.061977934056992846
1.7649	0.38580793644526939	0.062012966429811849
1.7982	0.38594234664166327	0.062045244005663296
1.8315	0.38606619097079387	0.062074981112196816
1.8648	0.38618029094167078	0.062102375751760627
1.8981	0.38628540556777785	0.062127610791449094
1.9314	0.38638223591116827	0.062150855074665792
1.9647	0.38647142932859063	0.062172264458061122
1.998	0.38655358343401985	0.062191982777739428
2.0313	0.38662924979217772	0.062210142748620093
2.0646	0.38669893735760708	0.062226866800781808
2.0979	0.38676311567371929	0.062242267856533764
2.1312	0.38682221784591303	0.062256450051845769
2.1645	0.38687664330250432	0.062269509405640903
2.1978	0.38692676035670776	0.062281534440311974
2.2311	0.38697290858241634	0.062292606756672947
2.2644	0.38701540101594512	0.062302801566399071
2.2977	0.38705452619536024	0.062312188184853713
2.331	0.38709055004838422	0.062320830487040228
2.3643	0.38712371763931575	0.062328787329260851
2.3976	0.38715425478478405	0.062336112938913432
2.4309	0.38718236954760493	0.062342857274706669
2.4642	0.38720825361743477	0.062349066359431167
2.4975	0.38723208358637379	0.062354782587288049
2.5308	0.38725402212716165	0.062360045007641481
2.5641	0.38727421908109044	0.062364889586940635
2.5974	0.38729281246230685	0.062369349450434111
2.6307	0.38730992938470249	0.062373455105190288
2.664	0.38732568691718411	0.062377234645829074
2.6973	0.38734019287269211	0.06238071394427229
2.7306	0.38735354653597748	0.062383916824725362
2.7639	0.38736583933476837	0.062386865225016942
2.7972	0.38737715545864349	0.062389579345337544
2.8305	0.38738757242960098	0.062392077785346556
2.8638	0.38739716162802623	0.062394377670540895
2.8971	0.38740598877748972	0.062396494768714991
2.9304	0.38741411439154561	0.062398443597278204
2.9637	0.38742159418546684	0.062400237522138108
2.997	0.38742847945564224	0.062401888848805993
3.0303	0.38743481742913199	0.062403408906328915
3.0636	0.38744065158571489	0.062404808124608885
3.0969	0.38744602195456751	0.062406096105623948
3.1302	0.38745096538755169	0.06240728168903046
3.1635	0.38745551581094417	0.06240837301258445
3.1968	0.38745970445729444	0.062409377567790005
3.2301	0.38746356007896671	0.062410302251148297
3.2634	0.38746710914480825	0.062411153411353663
3.2967	0.38747037602126183	0.062411936892755496
3.33	0.38747338313915597	0.062412658075380018
3.3633	0.38747615114728989	0.062413321911782275
3.3966	0.38747869905386068	0.0624139329609796
3.4299	0.38748104435668906	0.062414495419696119
3.4632	0.38748320316312701	0.062415013151130405
3.4965	0.38748519030046308	0.062415489711442361
3.5298	0.38748701941757169	0.062415928374140027
3.5631	0.38748870307850597	0.062416332152531388
3.5964	0.38749025284866623	0.062416703820395263
3.6297	0.3874916793741312	0.062417045931011543
3.663	0.38749299245469304	0.06241736083468101
3.6963	0.38749420111110133	0.062417650694854866
3.7296	0.38749531364696288	0.062417917502982923
3.7629	0.38749633770573111	0.062418163092183475
3.7962	0.3874972803231696	0.062418389149827093
3.8295	0.38749814797564869	0.06241859722912084
3.8628	0.38749894662460876	0.062418788759772893
3.8961	0.387499681757488	0.062418965057809167
3.9294	0.38750035842539887	0.062419127334610705
3.9627	0.38750098127781768	0.062419276705232743
3.996	0.38750155459450819	0.062419414196062353
4.0293	0.38750208231491884	0.062419540751867959
4.0626	0.38750256806523425	0.062419657242288623
4.0959	0.38750301518328256	0.062419764467807407
4.1292	0.38750342674146371	0.062419863165249716
4.1625	0.38750380556785108	0.06241995401284519
4.1958	0.38750415426562085	0.062420037634886613
4.2291	0.38750447523093201	0.062420114606018949
4.2624	0.38750477066938888	0.062420185455187092
4.2957	0.38750504261119312	0.062420250669269789
4.329	0.38750529292509212	0.062420310696424772
4.3623	0.38750552333121657	0.062420365949167951
4.3956	0.38750573541289973	0.06242041680720762
4.4289	0.38750593062755545	0.062420463620053442
4.4622	0.38750611031669163	0.062420506709417942
4.4955	0.38750627571512819	0.062420546371426994
4.5288	0.38750642795948181	0.062420582878654679
4.5621	0.3875065680959735	0.062420616481996226
4.5954	0.38750669708761964	0.062420647412392068
4.6287	0.38750681582084934	0.062420675882414622
4.662	0.38750692511159363	0.062420702087729159
4.6953	0.38750702571089457	0.062420726208438554
4.7286	0.38750711831006235	0.062420748410320429
4.7619	0.38750720354542928	0.062420768845966867
4.7952	0.38750728200272122	0.062420787655832706
4.8285	0.38750735422108162	0.062420804969200973
4.8618	0.38750742069677679	0.062420820905071263
4.8951	0.38750748188660755	0.062420835572977389
4.9284	0.38750753821104594	0.062420849073740646
4.9617	0.38750759005712559	0.062420861500161934
4.995	0.38750763778110137	0.062420872937660188
5.0283	0.38750768171089689	0.062420883464858912
5.0616	0.38750772214836066	0.062420893154127327
5.0949	0.38750775937133597	0.062420902072076775
5.1282	0.38750779363557275	0.062420910280019282
5.1615	0.38750782517648508	0.062420917834388627
5.1948	0.3875078542107665	0.062420924787128337
5.2281	0.38750788093788213	0.062420931186048613
5.2614	0.38750790554143827	0.062420937075155149
5.2947	0.38750792819044283	0.062420942494951469
5.328	0.38750794904046726	0.06242094748271737
5.3613	0.38750796823471595	0.062420952072765198
5.3946	0.38750798590501023	0.062420956296675933
5.4279	0.38750800217269232	0.062420960183516054
5.4612	0.38750801714946076	0.062420963760037411
5.4945	0.38750803093813829	0.062420967050861434
5.5278	0.38750804363337743	0.062420970078648143
5.5611	0.38750805532230925	0.062420972864251981
5.5944	0.38750806608514377	0.062420975426865595
5.6277	0.38750807599572018	0.062420977784151489
5.661	0.38750808512201501	0.06242097995236371
5.6943	0.38750809352660753	0.062420981946459717
5.7276	0.38750810126710827	0.062420983780202888
5.7609	0.38750810839655858	0.062420985466258017
5.7942	0.38750811496379245	0.062420987016277928
5.8275	0.38750812101377075	0.062420988440983843
5.8608	0.38750812658789113	0.062420989750239325
5.8941	0.38750813172427201	0.062420990953118129
5.9274	0.38750813645801346	0.062420992057966938
5.9607	0.38750814082143864	0.062420993072462579
5.994	0.38750814484431473	0.062420994003665492
6.0273	0.38750814855405841	0.062420994858067895
6.0606	0.38750815197592148	0.062420995641638971
6.0939	0.38750815513316461	0.062420996359866185
6.1272	0.387508158047218	0.062420997017793016
6.1605	0.38750816073782612	0.062420997620054028
6.1938	0.38750816322318371	0.062420998170907037
6.2271	0.38750816552006045	0.06242099867426254
6.2604	0.38750816764391421	0.062420999133710936
6.2937	0.38750816960899787	0.062420999552547554
6.327	0.38750817142845473	0.062420999933795691
6.3603	0.38750817311440972	0.062421000280227582
6.3936	0.38750817467805027	0.06242100059438379
6.4269	0.38750817612970323	0.062421000878591544
6.4602	0.38750817747890487	0.062421001134980524
6.4935	0.38750817873446486	0.062421001365498288
6.5268	0.3875081799045253	0.062421001571924109
6.5601	0.38750818099661771	0.062421001755881521
6.5934	0.38750818201770892	0.062421001918849833
6.6267	0.38750818297425177	0.062421002062175421
6.66	0.38750818387222785	0.062421002187080972
6.6933	0.38750818471718534	0.062421002294674711
6.7266	0.38750818551427618	0.062421002385958546
6.7599	0.38750818626829064	0.062421002461835774
6.7932	0.38750818698368744	0.062421002523117552
6.8265	0.38750818766462303	0.062421002570529724
6.8598	0.38750818831497963	0.062421002604718195
6.8931	0.38750818893838657	0.062421002626254322
6.9264	0.38750818953824812	0.062421002635639447

# DK0 = 3.55271e-15	(data set 9)
0	0.29646893900677895	0.040009663772762022
0.0333	0.30142458223167323	0.041243083223002783
0.0666	0.30622386210516805	0.04243828053964048
0.0999	0.3108598149369054	0.043593005323949982
0.1332	0.31532677417093524	0.044705444930955067
0.1665	0.31962037195174592	0.045774212985272865
0.1998	0.32373751786027061	0.046798331372040182
0.2331	0.3276763570578598	0.047777206840550542
0.2664	0.33143621055214645	0.048710603387143926
0.2997	0.33501750060998342	0.049598611562937829
0.333	0.33842166449333094	0.050441615789859923
0.3663	0.34165105969771475	0.051240260674733668
0.3996	0.34470886375014415	0.051995417195529824
0.4329	0.34759897139908319	0.052708149505409474
0.4662	0.35032589172985074	0.053379682966869735
0.4995	0.35289464739096454	0.054011373896851185
0.5328	0.35531067774464176	0.054604681379291801
0.5661	0.35757974737883386	0.0551611413880852
0.5994	0.35970786105586589	0.055682343363138723
0.6327	0.36170118583675831	0.056169909296472975
0.666	0.36356598081953923	0.056625475314344212
0.6993	0.36530853466945423	0.057050675684739802
0.7326	0.36693511090113851	0.057447129136295627
0.7659	0.36845190069708006	0.057816427343360767
0.7992	0.36986498291095971	0.058160125411052921
0.8325	0.3711802908051281	0.058479734182090043
0.8658	0.37240358500430809	0.058776714182382749
0.8991	0.37354043210800314	0.059052471023337355
0.9324	0.37459618838727232	0.059308352084217579
0.9657	0.37557598799312336	0.059545644306557503
0.999	0.37648473511955627	0.059765572943515234
1.0323	0.37732709959067851	0.059969301119359858
1.0656	0.37810751537506315	0.060157930067322674
1.0989	0.37883018156902531	0.06033249992728261
1.1322	0.37949906543156803	0.06049399099778998
1.1655	0.38011790709563098	0.06064332534946075
1.1988	0.38069022562168098	0.060781368718595422
1.2321	0.38121932609959874	0.06090893261084674
1.2654	0.38170830754256851	0.061026776554817849
1.2987	0.38216007135174745	0.061135610454574017
1.332	0.3825773301627427	0.061236096998210761
1.3653	0.38296261691407368	0.061328854086866981
1.3986	0.38331829400399808	0.061414457254945924
1.4319	0.38364656242532436	0.061493442057877483
1.4652	0.38394947078828306	0.061566306408576216
1.4985	0.3842289241593973	0.06163351284789944
1.5318	0.38448669265973884	0.061695490737948014
1.5651	0.38472441977922334	0.061752638370050197
1.5984	0.38494363037491341	0.061805324981786564
1.6317	0.38514573833082505	0.061853892679511933
1.665	0.38533205386474922	0.061898658264559973
1.6983	0.38550379047420791	0.06193991496272918
1.7316	0.38566207151912468	0.061977934057788703
1.7649	0.38580793644319766	0.062012966430648193
1.7982	0.38594234663948507	0.062045244006542183
1.8315	0.38606619096850386	0.062074981113120382
1.8648	0.38618029093926298	0.062102375752731212
1.8981	0.38628540556524632	0.062127610792469021
1.9314	0.38638223590850707	0.062150855075737567
1.9647	0.38647142932579248	0.06217226445918736
1.998	0.38655358343107793	0.062191982778922981
2.0313	0.38662924978908542	0.06221014274986375
2.0646	0.38669893735435712	0.062226866802088728
2.0979	0.38676311567030336	0.062242267857907138
2.1312	0.38682221784232251	0.062256450053289024
2.1645	0.38687664329873006	0.062269509407157586
2.1978	0.38692676035274137	0.062281534441905782
2.2311	0.38697290857824712	0.062292606758347739
2.2644	0.38701540101156312	0.062302801568158955
2.2977	0.38705452619075398	0.062312188186703053
2.331	0.38709055004354315	0.062320830488983556
2.3643	0.38712371763422815	0.062328787331302933
2.3976	0.38715425477943682	0.06233611294105932
2.4309	0.38718236954198537	0.062342857276961719
2.4642	0.38720825361152883	0.062349066361801
2.4975	0.38723208358016725	0.06235478258977846
2.5308	0.38725402212063892	0.062360045010258561
2.5641	0.38727421907423609	0.062364889589690768
2.5974	0.3872928124551035	0.062369349453324063
2.6307	0.38730992937713266	0.062373455108227192
2.664	0.38732568690922886	0.062377234649020404
2.6973	0.38734019286433219	0.062380713947625802
2.7306	0.38735354652719217	0.062383916828249404
2.7639	0.38736583932553581	0.062386865228720008
2.7972	0.38737715544894158	0.062389579349228771
2.8305	0.38738757241940608	0.062392077789435549
2.8638	0.3873971616173128	0.062394377674837694
2.8971	0.38740598876623172	0.062396494773230317
2.9304	0.38741411437971479	0.062398443602023027
2.9637	0.38742159417303429	0.062400237527124036
2.997	0.38742847944257719	0.062401888854045365
3.0303	0.38743481741540203	0.062403408911834657
3.0636	0.38744065157128665	0.062404808130394444
3.0969	0.38744602193940553	0.062406096111703543
3.1302	0.38745096537161872	0.062407281695419051
3.1635	0.38745551579420168	0.06240837301929774
3.1968	0.38745970443970112	0.062409377574844563
3.2301	0.38746356006047922	0.062410302258561444
3.2634	0.38746710912538113	0.062411153419143522
3.2967	0.38747037600084727	0.06241193690094133
3.33	0.38747338311770374	0.062412658083981776
3.3633	0.38747615112474637	0.062413321920821163
3.3966	0.38747869903017029	0.062413932970477995
3.4299	0.38748104433179414	0.062414495429677232
3.4632	0.38748320313696671	0.062415013161618807
3.4965	0.38748519027297257	0.062415489722463878
3.5298	0.38748701938868296	0.062415928385721818
3.5631	0.38748870304814936	0.062416332164701931
3.5964	0.38749025281676674	0.062416703833184449
3.6297	0.3874916793406098	0.062417045944450703
3.663	0.38749299241946855	0.062417360848803193
3.6963	0.38749420107408683	0.062417650709694739
3.7296	0.38749531360806694	0.062417917518577094
3.7629	0.38749633766485808	0.062418163108570221
3.7962	0.38749728028021846	0.06241838916704668
3.8295	0.3874981479305149	0.062418597247215629
3.8628	0.3874989465771812	0.062418788778787322
3.8961	0.38749968170764948	0.062418965077790073
3.9294	0.38750035837302782	0.062419127355607271
3.9627	0.38750098122278481	0.062419276727296469
3.996	0.38750155453667889	0.062419414219247495
4.0293	0.38750208225414995	0.062419540776231484
4.0626	0.38750256800137589	0.062419657267890477
4.0959	0.38750301511617835	0.062419764494710477
4.1292	0.387503426670949	0.062419863193520095
4.1625	0.38750380549375202	0.062419954042552364
4.1958	0.38750415418775547	0.062420037666103635
4.2291	0.38750447514910841	0.062420114638822577
4.2624	0.38750477058340632	0.062420185489657977
4.2957	0.38750504252084061	0.062420250705492633
4.329	0.38750529283014679	0.062420310734488636
4.3623	0.38750552323144566	0.062420365989166463
4.3956	0.38750573530805765	0.06242041684923913
4.4289	0.38750593051738447	0.062420463664221229
4.4622	0.38750611020092124	0.062420506755830524
4.4955	0.3875062755934735	0.062420546420198501
4.5288	0.38750642783164346	0.062420582929905065
4.5621	0.38750656796163696	0.062420616535851514
4.5954	0.38750669694645534	0.062420647468984569
4.6287	0.38750681567251011	0.062420675941883427
4.662	0.38750692495571543	0.062420702150220664
4.6953	0.38750702554709299	0.062420726274106227
4.7286	0.38750711813793554	0.062420748479325772
4.7619	0.38750720336455319	0.062420768918479433
4.7952	0.38750728181265276	0.062420787732030886
4.8285	0.38750735402135272	0.062420805049272068
4.8618	0.38750742048689674	0.06242082098921211
4.8951	0.38750748166605986	0.062420835661394926
4.9284	0.38750753797928827	0.062420849166652081
4.9617	0.38750758981358852	0.06242086159779564
4.995	0.38750763752518602	0.06242087304025621
5.0283	0.38750768144197512	0.062420883572669679
5.0616	0.38750772186577109	0.06242089326741769
5.0949	0.38750775907438301	0.062420902191125359
5.1282	0.38750779332352697	0.062420910405118699
5.1615	0.38750782484857843	0.062420917965846374
5.1948	0.38750785386619369	0.062420924925267574
5.2281	0.38750788057579622	0.062420931331208941
5.2614	0.38750790516094952	0.062420937227693409
5.2947	0.38750792779061516	0.062420942655242624
5.328	0.3875079486203174	0.06242094765115546
5.3613	0.38750796779321151	0.062420952249764412
5.3946	0.38750798544106496	0.062420956482671326
5.4279	0.38750800168516603	0.06242096037896492
5.4612	0.38750801663715595	0.062420963965420274
5.4945	0.38750803039979625	0.062420967266683093
5.5278	0.38750804306767322	0.062420970305439173
5.5611	0.38750805472785244	0.062420973102570013
5.5944	0.38750806546047273	0.062420975677296507
5.6277	0.38750807533929998	0.062420978047310872
5.661	0.38750808443223145	0.062420980228898484
5.6943	0.38750809280176474	0.062420982237049533
5.7276	0.38750810050542478	0.062420984085562306
5.7609	0.38750810759616189	0.062420985787137659
5.7942	0.38750811412271507	0.062420987353466621
5.8275	0.38750812012994507	0.062420988795310522
5.8608	0.38750812565914422	0.062420990122575001
5.8941	0.3875081307483203	0.062420991344378236
5.9274	0.38750813543245788	0.062420992469113284
5.9607	0.38750813974375892	0.062420993504505938
5.994	0.38750814371186076	0.062420994457667897
6.0273	0.38750814736404626	0.062420995335145439
6.0606	0.38750815072542538	0.06242099614296448
6.0939	0.38750815381911052	0.062420996886672089
6.1272	0.38750815666637528	0.06242099757137444
6.1605	0.38750815928680044	0.062420998201771799
6.1938	0.38750816169840868	0.062420998782191248
6.2271	0.38750816391778709	0.062420999316615919
6.2604	0.38750816596020354	0.062420999808712581
6.2937	0.38750816783971131	0.062421000261856846
6.327	0.38750816956924311	0.062421000679156319
6.3603	0.38750817116070146	0.062421001063471919
6.3936	0.38750817262504267	0.062421001417437373
6.4269	0.3875081739723496	0.062421001743477693
6.4602	0.38750817521190162	0.062421002043825426
6.4935	0.38750817635223883	0.062421002320536226
6.5268	0.3875081774012199	0.062421002575502794
6.5601	0.38750817836607843	0.062421002810468001
6.5934	0.38750817925346925	0.062421003027036778
6.6267	0.38750818006951704	0.062421003226687102
6.66	0.38750818081985666	0.062421003410780197
6.6933	0.38750818150967459	0.062421003580569775
6.7266	0.38750818214374055	0.062421003737210629
6.7599	0.38750818272644466	0.062421003881766579
6.7932	0.38750818326182312	0.062421004015217767
6.8265	0.38750818375359142	0.062421004138467476
6.8598	0.38750818420516542	0.062421004252347943
6.8931	0.38750818461968722	0.0624210043576265
6.9264	0.38750818500004558	0.06242100445501042
6.9597	0.38750818534889686	0.06242100454515194
6.993	0.38750818566868428	0.062421004628652632
7.0263	0.3875081859616516	0.062421004706067505
7.0596	0.38750818622986155	0.062421004777908864
7.0929	0.38750818647520979	0.0624210048446497
7.1262	0.38750818669943654	0.062421004906726911
7.1595	0.38750818690413957	0.062421004964544023
7.1928	0.38750818709078644	0.06242100501847439
7.2261	0.38750818726072245	0.062421005068863257
7.2594	0.38750818741518239	0.062421005116030437
7.2927	0.38750818755529715	0.062421005160271929
7.326	0.38750818768210332	0.062421005201862521
7.3593	0.38750818779654861	0.062421005241057072
7.3926	0.38750818789950153	0.062421005278092634
7.4259	0.38750818799175474	0.062421005313189497
7.4592	0.38750818807403092	0.062421005346553086
7.4925	0.38750818814698929	0.062421005378375062
7.5258	0.38750818821123034	0.062421005408834579
7.5591	0.38750818826729927	0.062421005438099357
7.5924	0.38750818831569006	0.062421005466326847
7.6257	0.38750818835685036	0.062421005493665013
7.659	0.38750818839118306	0.062421005520253654
7.6923	0.38750818841904977	0.062421005546224782
7.7256	0.38750818844077617	0.062421005571703637
7.7589	0.38750818845665091	0.06242100559680918
7.7922	0.38750818846692975	0.062421005621655222
7.8255	0.38750818847183727	0.062421005646350711

# DK0 = 5.55112e-17	(data set 10)
0	0.29646893900678395	0.04000966377275985
0.0333	0.30142458223167845	0.041243083223000437
0.0666	0.30622386210517366	0.042438280539637954
0.0999	0.31085981493691134	0.04359300532394729
0.1332	0.3153267741709414	0.04470544493095216
0.1665	0.3196203719517523	0.045774212985269826
0.1998	0.32373751786027732	0.046798331372037011
0.2331	0.3276763570578668	0.047777206840547148
0.2664	0.33143621055215394	0.048710603387140318
0.2997	0.33501750060999153	0.049598611562934013
0.333	0.33842166449333932	0.050441615789855877
0.3663	0.34165105969772386	0.051240260674729386
0.3996	0.34470886375015386	0.051995417195525299
0.4329	0.34759897139909363	0.052708149505404665
0.4662	0.35032589172986178	0.053379682966864635
0.4995	0.35289464739097648	0.054011373896845835
0.5328	0.35531067774465441	0.054604681379286174
0.5661	0.3575797473788469	0.055161141388079274
0.5994	0.35970786105587976	0.055682343363132505
0.6327	0.36170118583677308	0.056169909296466439
0.666	0.36356598081955455	0.056625475314337315
0.6993	0.36530853466947039	0.057050675684732571
0.7326	0.36693511090115571	0.057447129136287953
0.7659	0.36845190069709804	0.05781642734335269
0.7992	0.36986498291097908	0.0581601254110444
0.8325	0.37118029080514842	0.05847973418208114
0.8658	0.3724035850043293	0.05877671418237327
0.8991	0.37354043210802573	0.059052471023327335
0.9324	0.37459618838729641	0.059308352084207101
0.9657	0.37557598799314862	0.059545644306546602
0.999	0.3764847351195828	0.05976557294350382
1.0323	0.37732709959070693	0.059969301119347888
1.0656	0.37810751537509313	0.060157930067310073
1.0989	0.37883018156905696	0.060332499927269349
1.1322	0.37949906543160172	0.060493990997775929
1.1655	0.38011790709566651	0.060643325349446019
1.1988	0.38069022562171795	0.060781368718579969
1.2321	0.38121932609963755	0.060908932610830427
1.2654	0.3817083075426092	0.061026776554800724
1.2987	0.38216007135179092	0.06113561045455599
1.332	0.38257733016278916	0.061236096998191838
1.3653	0.38296261691412237	0.061328854086847025
1.3986	0.38331829400404943	0.061414457254924941
1.4319	0.38364656242537792	0.061493442057855389
1.4652	0.38394947078833924	0.061566306408552901
1.4985	0.38422892415945659	0.06163351284787498
1.5318	0.38448669265980112	0.061695490737922451
1.5651	0.38472441977928906	0.061752638370023441
1.5984	0.38494363037498208	0.061805324981758461
1.6317	0.38514573833089755	0.061853892679482367
1.665	0.385332053864826	0.061898658264528894
1.6983	0.38550379047428907	0.061939914962696532
1.7316	0.38566207151921045	0.061977934057754397
1.7649	0.38580793644328787	0.062012966430612118
1.7982	0.38594234663957933	0.062045244006504303
1.8315	0.38606619096860262	0.062074981113080532
1.8648	0.38618029093936673	0.062102375752689315
1.8981	0.38628540556535557	0.062127610792425042
1.9314	0.38638223590862225	0.062150855075691319
1.9647	0.38647142932591383	0.06217226445913876
1.998	0.38655358343120583	0.062191982778871918
2.0313	0.38662924978921914	0.062210142749810085
2.0646	0.38669893735449806	0.062226866802032307
2.0979	0.38676311567045074	0.062242267857847797
2.1312	0.38682221784247733	0.062256450053226664
2.1645	0.38687664329889349	0.062269509407091923
2.1978	0.38692676035291329	0.06228153444183681
2.2311	0.38697290857842737	0.062292606758275207
2.2644	0.38701540101175269	0.062302801568082732
2.2977	0.3870545261909536	0.062312188186622992
2.331	0.38709055004375337	0.062320830488899415
2.3643	0.38712371763444858	0.062328787331214525
2.3976	0.38715425477966819	0.062336112940966415
2.4309	0.38718236954222818	0.062342857276864054
2.4642	0.3872082536117839	0.062349066361698263
2.4975	0.38723208358043548	0.062354782589670463
2.5308	0.38725402212092142	0.062360045010145075
2.5641	0.38727421907453269	0.062364889589571502
2.5974	0.38729281245541569	0.062369349453198726
2.6307	0.38730992937746023	0.062373455108095451
2.664	0.38732568690957286	0.062377234648881945
2.6973	0.38734019286469384	0.062380713947480321
2.7306	0.38735354652757226	0.06238391682809652
2.7639	0.38736583932593543	0.062386865228559456
2.7972	0.38737715544936197	0.062389579349060122
2.8305	0.38738757241984761	0.062392077789258267
2.8638	0.38739716161777665	0.062394377674651412
2.8971	0.38740598876671889	0.062396494773034522
2.9304	0.38741411438022672	0.062398443601817337
2.9637	0.38742159417357269	0.062400237526908015
2.997	0.38742847944314251	0.062401888853818331
3.0303	0.38743481741599634	0.062403408911596077
3.0636	0.38744065157191182	0.0624048081301437
3.0969	0.38744602194006295	0.062406096111440074
3.1302	0.38745096537230983	0.062407281695142161
3.1635	0.38745551579492776	0.062408373019006778
3.1968	0.38745970444046424	0.062409377574538738
3.2301	0.38746356006128141	0.062410302258239979
3.2634	0.38746710912622395	0.062411153418805702
3.2967	0.38747037600173295	0.062411936900586308
3.33	0.38747338311863394	0.062412658083608782
3.3633	0.38747615112572409	0.062413321920429206
3.3966	0.38747869903119853	0.062413932970066012
3.4299	0.38748104433287467	0.062414495429244335
3.4632	0.38748320313810214	0.062415013161163865
3.4965	0.38748519027416561	0.062415489721985788
3.5298	0.38748701938993746	0.062415928385219324
3.5631	0.38748870304946664	0.062416332164173922
3.5964	0.38749025281815086	0.062416703832629594
3.6297	0.38749167934206452	0.062417045943867641
3.663	0.38749299242099705	0.06241736084819053
3.6963	0.38749420107569277	0.062417650709050983
3.7296	0.38749531360975409	0.062417917517900587
3.7629	0.38749633766663039	0.062418163107859352
3.7962	0.3874972802820813	0.062418389166299701
3.8295	0.38749814793247223	0.062418597246430757
3.8628	0.38749894657923833	0.062418788777962524
3.8961	0.38749968170981069	0.062418965076923245
3.9294	0.38750035837529906	0.062419127354696374
3.9627	0.38750098122517157	0.062419276726339304
3.996	0.38750155453918694	0.062419414218241626
4.0293	0.38750208225678529	0.062419540775174538
4.0626	0.38750256800414512	0.062419657266779782
4.0959	0.3875030151190883	0.062419764493543417
4.1292	0.38750342667400622	0.062419863192293763
4.1625	0.38750380549696511	0.062419954041263714
4.1958	0.38750415419113188	0.062420037664749607
4.2291	0.38750447515265718	0.062420114637399826
4.2624	0.38750477058713506	0.062420185488162951
4.2957	0.3875050425247587	0.062420250703921695
4.329	0.3875052928342641	0.062420310732837915
4.3623	0.38750552323577192	0.06242036598743185
4.3956	0.38750573531260379	0.062420416847416359
4.4289	0.38750593052216215	0.062420463662305851
4.4622	0.38750611020594167	0.062420506753817877
4.4955	0.38750627559874945	0.062420546418083554
4.5288	0.38750642783718758	0.062420582927682523
4.5621	0.38750656796746358	0.062420616533515952
4.5954	0.38750669695257761	0.062420647466530296
4.6287	0.38750681567894335	0.06242067593930449
4.662	0.38750692496247513	0.062420702147510575
4.6953	0.38750702555419614	0.062420726271258505
4.7286	0.38750711814539912	0.062420748476333256
4.7619	0.38750720337239691	0.062420768915334865
4.7952	0.38750728182089456	0.06242078772872646
4.8285	0.38750735403001313	0.062420805045799652
4.8618	0.38750742049599757	0.062420820985563112
4.8951	0.38750748167562354	0.062420835657560417
4.9284	0.38750753798933835	0.062420849162622673
4.9617	0.38750758982414896	0.062420861593561507
4.995	0.38750763753628364	0.062420873035806818
5.0283	0.38750768145363623	0.062420883567994107
5.0616	0.38750772187802418	0.062420893262504447
5.0949	0.38750775908725926	0.062420902185962385
5.1282	0.38750779333705748	0.062420910399693309
5.1615	0.38750782486279728	0.06242091796014531
5.1948	0.38750785388113529	0.062420924919276775
5.2281	0.38750788059149732	0.062420931324913692
5.2614	0.3875079051774481	0.062420937221078242
5.2947	0.38750792780795251	0.062420942648291337
5.328	0.38750794863853683	0.062420947643850942
5.3613	0.38750796781235658	0.062420952242088566
5.3946	0.38750798546118287	0.062420956474605389
5.4279	0.38750800170630761	0.062420960370488943
5.4612	0.38750801665937235	0.062420963956513462
5.4945	0.38750803042314103	0.062420967257323698
5.5278	0.38750804309220521	0.062420970295604124
5.5611	0.38750805475363109	0.062420973092235064
5.5944	0.38750806548756178	0.062420975666436292
5.6277	0.3875080753677656	0.062420978035898717
5.661	0.38750808446214413	0.062420980216906341
5.6943	0.38750809283319781	0.062420982224448002
5.7276	0.38750810053845552	0.062420984072320281
5.7609	0.38750810763087196	0.062420985773222699
5.7942	0.38750811415918907	0.062420987338844353
5.8275	0.38750812016827302	0.062420988779945036
5.8608	0.38750812569941995	0.062420990106428577
5.8941	0.38750813079064367	0.062420991327411142
5.9274	0.38750813547693241	0.062420992451283831
5.9607	0.38750813979049359	0.062420993485770272
5.994	0.38750814376097131	0.062420994437979965
6.0273	0.38750814741565248	0.062420995314456787
6.0606	0.38750815077965439	0.062420996121224287
6.0939	0.38750815387609583	0.062420996863826878
6.1272	0.38750815672625716	0.062420997547368053
6.1605	0.38750815934972599	0.062420998176545339
6.1938	0.38750816176453179	0.062420998755682619
6.2271	0.38750816398727134	0.062420999288759979
6.2604	0.38750816603321958	0.062420999779440822
6.2937	0.38750816791643822	0.062421000231097409
6.327	0.38750816964986917	0.062421000646833473
6.3603	0.38750817124542508	0.062421001029506103
6.3936	0.38750817271407234	0.062421001381745195
6.4269	0.38750817406590377	0.062421001705971389
6.4602	0.3875081753102107	0.062421002004412821
6.4935	0.3875081764555442	0.062421002279120417
6.5268	0.38750817750977662	0.062421002531982045
6.5601	0.38750817848015245	0.062421002764735369
6.5934	0.38750817937334081	0.062421002978979782
6.6267	0.38750818019548078	0.062421003176187644
6.66	0.38750818095222278	0.06242100335771409
6.6933	0.38750818164876843	0.062421003524806465
6.7266	0.38750818228990436	0.06242100367861305
6.7599	0.38750818288003719	0.062421003820190744
6.7932	0.38750818342322252	0.062421003950512373
6.8265	0.38750818392319381	0.062421004070473407
6.8598	0.38750818438338874	0.06242100418089809
6.8931	0.38750818480696875	0.062421004282545114
6.9264	0.38750818519684627	0.062421004376112962
6.9597	0.38750818555570038	0.062421004462244495
6.993	0.38750818588599834	0.062421004541531294
7.0263	0.38750818619001048	0.062421004614518133
7.0596	0.38750818646982715	0.062421004681706388
7.0929	0.38750818672737181	0.062421004743557593
7.1262	0.38750818696441469	0.062421004800496546
7.1595	0.38750818718258645	0.062421004852914359
7.1928	0.38750818738338566	0.062421004901170932
7.2261	0.3875081875681935	0.062421004945597686
7.2594	0.38750818773828116	0.06242100498649969
7.2927	0.38750818789481828	0.062421005024157608
7.326	0.38750818803888082	0.06242100505883004
7.3593	0.3875081881714601	0.062421005090754891
7.3926	0.3875081882934685	0.062421005120151141
7.4259	0.38750818840574497	0.062421005147220522
7.4592	0.38750818850906232	0.06242100517214863
7.4925	0.38750818860413178	0.062421005195106349
7.5258	0.38750818869160769	0.062421005216251046
7.5591	0.38750818877209225	0.062421005235727633
7.5924	0.38750818884614097	0.062421005253669351
7.6257	0.38750818891426175	0.062421005270199011
7.659	0.38750818897692518	0.062421005285429716
7.6923	0.3875081890345633	0.062421005299465669
7.7256	0.3875081890875739	0.062421005312402578
7.7589	0.38750818913632246	0.062421005324328843
7.7922	0.3875081891811461	0.062421005335325755
7.8255	0.38750818922235447	0.062421005345468225
7.8588	0.38750818926023295	0.06242100535482515
7.8921	0.38750818929504277	0.062421005363460187
7.9254	0.38750818932702541	0.062421005371431852
7.9587	0.38750818935640291	0.062421005378794067
7.992	0.38750818938337939	0.062421005385596591
8.0253	0.3875081894081423	0.062421005391885248
8.0586	0.38750818943086462	0.062421005397702276
8.0919	0.38750818945170507	0.062421005403086677
8.1252	0.38750818947080928	0.062421005408074305
8.1585	0.38750818948831167	0.062421005412698391
8.1918	0.3875081895043348	0.062421005416989514
8.2251	0.38750818951899224	0.062421005420975909
8.2584	0.38750818953238814	0.062421005424683665
8.2917	0.38750818954461774	0.062421005428136916
8.325	0.38750818955576904	0.062421005431357979
8.3583	0.38750818956592203	0.062421005434367453
8.3916	0.38750818957515043	0.062421005437184443
8.4249	0.38750818958352196	0.062421005439826628
8.4582	0.38750818959109878	0.062421005442310468
8.4915	0.38750818959793726	0.062421005444651102
8.5248	0.38750818960408928	0.062421005446862715
8.5581	0.3875081896096022	0.062421005448958511
8.5914	0.38750818961451927	0.062421005450950716
8.6247	0.38750818961887989	0.062421005452850779
8.658	0.38750818962271993	0.062421005454669394
8.6913	0.38750818962607164	0.062421005456416608
8.7246	0.38750818962896505	0.062421005458101801
8.7579	0.38750818963142641	0.062421005459733829
8.7912	0.38750818963348038	0.062421005461321025
8.8245	0.38750818963514805	0.062421005462871243
8.8578	0.38750818963644901	0.062421005464391999
8.8911	0.38750818963740069	0.062421005465890418
8.9244	0.38750818963801825	0.062421005467373246
8.9577	0.38750818963831496	0.062421005468847005

# DK0 = 1.38778e-17	(data set 11)
0	0.29646893900678406	0.040009663772759801
0.0333	0.30142458223167856	0.041243083223000389
0.0666	0.30622386210517377	0.042438280539637892
0.0999	0.31085981493691145	0.043593005323947227
0.1332	0.31532677417094152	0.04470544493095209
0.1665	0.31962037195175241	0.045774212985269756
0.1998	0.32373751786027744	0.046798331372036941
0.2331	0.32767635705786691	0.047777206840547065
0.2664	0.33143621055215416	0.048710603387140228
0.2997	0.33501750060999175	0.049598611562933916
0.333	0.33842166449333955	0.050441615789855759
0.3663	0.34165105969772408	0.051240260674729261
0.3996	0.34470886375015408	0.051995417195525175
0.4329	0.34759897139909385	0.052708149505404533
0.4662	0.350325891729862	0.053379682966864503
0.4995	0.35289464739097676	0.054011373896845703
0.5328	0.35531067774465469	0.054604681379286042
0.5661	0.35757974737884729	0.055161141388079135
0.5994	0.35970786105588015	0.055682343363132367
0.6327	0.36170118583677352	0.056169909296466279
0.666	0.36356598081955499	0.056625475314337148
0.6993	0.36530853466947083	0.057050675684732405
0.7326	0.36693511090115616	0.057447129136287779
0.7659	0.36845190069709854	0.057816427343352489
0.7992	0.36986498291097963	0.058160125411044185
0.8325	0.37118029080514897	0.058479734182080918
0.8658	0.37240358500432985	0.058776714182373041
0.8991	0.37354043210802634	0.059052471023327092
0.9324	0.37459618838729702	0.059308352084206831
0.9657	0.37557598799314923	0.059545644306546311
0.999	0.37648473511958341	0.059765572943503514
1.0323	0.37732709959070754	0.059969301119347583
1.0656	0.37810751537509385	0.06015793006730976
1.0989	0.37883018156905784	0.060332499927269016
1.1322	0.37949906543160267	0.060493990997775589
1.1655	0.38011790709566745	0.060643325349445665
1.1988	0.380690225621719	0.060781368718579587
1.2321	0.38121932609963866	0.060908932610830038
1.2654	0.38170830754261031	0.061026776554800315
1.2987	0.38216007135179203	0.06113561045455556
1.332	0.38257733016279027	0.061236096998191401
1.3653	0.38296261691412348	0.06132885408684656
1.3986	0.3833182940040506	0.061414457254924448
1.4319	0.38364656242537915	0.061493442057854876
1.4652	0.38394947078834046	0.061566306408552353
1.4985	0.38422892415945786	0.061633512847874411
1.5318	0.3844866926598024	0.061695490737921854
1.5651	0.38472441977929039	0.06175263837002281
1.5984	0.38494363037498369	0.061805324981757802
1.6317	0.38514573833089932	0.061853892679481666
1.665	0.38533205386482783	0.061898658264528165
1.6983	0.3855037904742909	0.061939914962695776
1.7316	0.38566207151921239	0.061977934057753606
1.7649	0.38580793644329003	0.062012966430611279
1.7982	0.3859423466395816	0.062045244006503422
1.8315	0.38606619096860489	0.06207498111307963
1.8648	0.38618029093936918	0.062102375752688371
1.8981	0.38628540556535812	0.062127610792424036
1.9314	0.3863822359086248	0.062150855075690285
1.9647	0.38647142932591655	0.06217226445913767
1.998	0.38655358343120877	0.062191982778870759
2.0313	0.3866292497892222	0.062210142749808899
2.0646	0.38669893735450134	0.062226866802031093
2.0979	0.38676311567045424	0.062242267857846485
2.1312	0.38682221784248089	0.062256450053225276
2.1645	0.38687664329889709	0.062269509407090522
2.1978	0.38692676035291701	0.062281534441835318
2.2311	0.38697290857843131	0.06229260675827366
2.2644	0.3870154010117568	0.062302801568081143
2.2977	0.38705452619095781	0.062312188186621292
2.331	0.38709055004375786	0.062320830488897631
2.3643	0.38712371763445358	0.06232878733121261
2.3976	0.38715425477967347	0.062336112940964389
2.4309	0.38718236954223362	0.062342857276861945
2.4642	0.38720825361178957	0.062349066361696091
2.4975	0.38723208358044137	0.062354782589668152
2.5308	0.38725402212092747	0.062360045010142647
2.5641	0.38727421907453929	0.062364889589568963
2.5974	0.38729281245542269	0.062369349453196062
2.6307	0.38730992937746761	0.062373455108092675
2.664	0.38732568690958064	0.062377234648879037
2.6973	0.38734019286470189	0.062380713947477295
2.7306	0.38735354652758075	0.062383916828093328
2.7639	0.38736583932594437	0.062386865228556063
2.7972	0.38737715544937146	0.062389579349056527
2.8305	0.38738757241985761	0.062392077789254499
2.8638	0.38739716161778681	0.062394377674647394
2.8971	0.38740598876672971	0.062396494773030359
2.9304	0.38741411438023793	0.062398443601812931
2.9637	0.38742159417358457	0.062400237526903393
2.997	0.38742847944315506	0.062401888853813516
3.0303	0.38743481741600949	0.062403408911590935
3.0636	0.38744065157192575	0.062404808130138274
3.0969	0.38744602194007766	0.062406096111434425
3.1302	0.38745096537232554	0.062407281695136235
3.1635	0.38745551579494419	0.062408373019000561
3.1968	0.38745970444048139	0.062409377574532188
3.2301	0.38746356006129939	0.062410302258233151
3.2634	0.38746710912624277	0.062411153418798535
3.2967	0.38747037600175233	0.062411936900578752
3.33	0.38747338311865409	0.062412658083600824
3.3633	0.38747615112574557	0.062413321920420851
3.3966	0.38747869903122112	0.062413932970057262
3.4299	0.38748104433289854	0.062414495429235224
3.4632	0.38748320313812717	0.062415013161154227
3.4965	0.38748519027419187	0.06241548972197565
3.5298	0.38748701938996488	0.062415928385208756
3.5631	0.38748870304949484	0.062416332164162813
3.5964	0.38749025281818034	0.062416703832617881
3.6297	0.38749167934209522	0.062417045943855373
3.663	0.38749299242102908	0.06241736084817763
3.6963	0.38749420107572635	0.062417650709037382
3.7296	0.38749531360978945	0.062417917517886279
3.7629	0.38749633766666813	0.062418163107844343
3.7962	0.38749728028212055	0.062418389166283887
3.8295	0.38749814793251347	0.062418597246414034
3.8628	0.38749894657928102	0.062418788777945058
3.8961	0.38749968170985583	0.062418965076904982
3.9294	0.3875003583753463	0.062419127354677202
3.9627	0.38750098122522109	0.062419276726319209
3.996	0.38750155453923907	0.062419414218220594
4.0293	0.38750208225684024	0.062419540775152452
4.0626	0.38750256800420335	0.062419657266756641
4.0959	0.38750301511914964	0.062419764493518923
4.1292	0.38750342667407089	0.06241986319226802
4.1625	0.38750380549703345	0.06241995404123668
4.1958	0.38750415419120326	0.062420037664721199
4.2291	0.3875044751527319	0.062420114637369919
4.2624	0.38750477058721411	0.062420185488131469
4.2957	0.38750504252484175	0.062420250703888583
4.329	0.38750529283435203	0.062420310732803116
4.3623	0.38750552323586346	0.062420365987395261
4.3956	0.38750573531269977	0.06242041684737791
4.4289	0.38750593052226262	0.062420463662265412
4.4622	0.38750611020604708	0.062420506753775341
4.4955	0.38750627559886008	0.062420546418038868
4.5288	0.38750642783730327	0.06242058292763563
4.5621	0.38750656796758515	0.062420616533466686
4.5954	0.38750669695270618	0.062420647466478588
4.6287	0.38750681567907885	0.062420675939250159
4.662	0.38750692496261818	0.062420702147453482
4.6953	0.38750702555434685	0.062420726271198407
4.7286	0.38750711814555799	0.062420748476270167
4.7619	0.38750720337256411	0.062420768915268585
4.7952	0.38750728182107019	0.062420787728656724
4.8285	0.38750735403019798	0.062420805045726335
4.8618	0.38750742049619108	0.062420820985486188
4.8951	0.38750748167582694	0.062420835657479565
4.9284	0.38750753798955173	0.062420849162537609
4.9617	0.3875075898243735	0.062420861593472085
4.995	0.38750763753651912	0.062420873035712865
5.0283	0.38750768145388448	0.062420883567895408
5.0616	0.38750772187828542	0.062420893262400759
5.0949	0.38750775908753382	0.062420902185853326
5.1282	0.38750779333734575	0.062420910399578707
5.1615	0.38750782486309931	0.06242091796002474
5.1948	0.38750785388145209	0.062420924919150023
5.2281	0.38750788059183006	0.062420931324780472
5.2614	0.38750790517779821	0.062420937220938187
5.2947	0.38750792780832033	0.062420942648144136
5.328	0.38750794863892313	0.062420947643696177
5.3613	0.38750796781276226	0.062420952241926071
5.3946	0.38750798546161003	0.0624209564744347
5.4279	0.38750800170675553	0.062420960370309607
5.4612	0.38750801665984236	0.062420963956325008
5.4945	0.38750803042363496	0.062420967257125592
5.5278	0.3875080430927238	0.062420970295395894
5.5611	0.38750805475417649	0.062420973092016316
5.5944	0.38750806548813549	0.062420975666206413
5.6277	0.38750807536836873	0.06242097803565707
5.661	0.38750808446277779	0.062420980216652294
5.6943	0.387508092833863	0.062420982224180896
5.7276	0.38750810053915463	0.062420984072039602
5.7609	0.38750810763160654	0.062420985772927658
5.7942	0.38750811415996084	0.062420987338534406
5.8275	0.38750812016908404	0.062420988779619387
5.8608	0.38750812570027271	0.062420990106086385
5.8941	0.38750813079153934	0.062420991327051575
5.9274	0.38750813547787372	0.062420992450905911
5.9607	0.38750813979148269	0.062420993485373125
5.994	0.38750814376201065	0.062420994437562674
6.0273	0.3875081474167445	0.062420995314018332
6.0606	0.38750815078080197	0.062420996120763593
6.0939	0.38750815387730159	0.062420996863342751
6.1272	0.38750815672752414	0.062420997546859362
6.1605	0.38750815935105742	0.062420998176010795
6.1938	0.38750816176593145	0.062420998755120964
6.2271	0.3875081639887421	0.062420999288169771
6.2604	0.38750816603476518	0.062420999778820707
6.2937	0.38750816791806225	0.06242100023044566
6.327	0.38750816965157553	0.062421000646148604
6.3603	0.38750817124721842	0.062421001028786526
6.3936	0.387508172715957	0.062421001380989084
6.4269	0.38750817406788529	0.062421001705176879
6.4602	0.38750817531229265	0.062421002003577912
6.4935	0.38750817645773306	0.062421002278243085
6.5268	0.38750817751207672	0.062421002531060164
6.5601	0.38750817848256941	0.062421002763766595
6.5934	0.38750817937588106	0.062421002977961694
6.6267	0.38750818019815025	0.062421003175117749
6.66	0.38750818095502859	0.062421003356589802
6.6933	0.3875081816517163	0.062421003523625077
6.7266	0.38750818229300182	0.062421003677371655
6.7599	0.38750818288329153	0.062421003818886225
6.7932	0.38750818342664223	0.062421003949141497
6.8265	0.38750818392678726	0.062421004069032837
6.8598	0.387508184387165	0.062421004179384273
6.8931	0.3875081848109368	0.062421004280954338
6.9264	0.38750818520101565	0.062421004374441355
6.9597	0.38750818556008154	0.062421004460487803
6.993	0.38750818589060226	0.062421004539685326
7.0263	0.38750818619484867	0.062421004612578351
7.0596	0.38750818647491153	0.062421004679668129
7.0929	0.38750818673271431	0.062421004741415723
7.1262	0.38750818697002898	0.062421004798245854
7.1595	0.38750818718848529	0.062421004850549279
7.1928	0.38750818738958409	0.062421004898685718
7.2261	0.38750818757470701	0.062421004942986177
7.2594	0.38750818774512558	0.062421004983755475
7.2927	0.3875081879020103	0.062421005021273894
7.326	0.387508188046438	0.062421005055799783
7.3593	0.38750818817940158	0.062421005087570626
7.3926	0.38750818830181355	0.062421005116805046
7.4259	0.38750818841451407	0.062421005143704453
7.4592	0.38750818851827723	0.06242100516845385
7.4925	0.38750818861381509	0.062421005191223795
7.5258	0.38750818870178322	0.062421005212171185
7.5591	0.38750818878278503	0.062421005231440375
7.5924	0.38750818885737554	0.062421005249164295
7.6257	0.38750818892606748	0.062421005265464999
7.659	0.38750818898933131	0.062421005280455182
7.6923	0.38750818904760048	0.062421005294238233
7.7256	0.38750818910127371	0.062421005306909534
7.7589	0.38750818915071922	0.06242100531855669
7.7922	0.38750818919627467	0.062421005329260239
7.8255	0.38750818923825198	0.062421005339094442
7.8588	0.38750818927693825	0.062421005348127362
7.8921	0.38750818931259695	0.062421005356422012
7.9254	0.3875081893454721	0.062421005364035963
7.9587	0.3875081893757874	0.062421005371022346
7.992	0.38750818940374904	0.062421005377429915
8.0253	0.38750818942954823	0.062421005383303543
8.0586	0.38750818945335863	0.06242100538868442
8.0919	0.38750818947534221	0.062421005393610444
8.1252	0.38750818949564775	0.062421005398116465
8.1585	0.38750818951441213	0.062421005402234483
8.1918	0.38750818953176203	0.062421005405993789
8.2251	0.38750818954781346	0.062421005409421304
8.2584	0.38750818956267441	0.062421005412541822
8.2917	0.38750818957644351	0.062421005415377977
8.325	0.38750818958921218	0.062421005417950572
8.3583	0.38750818960106481	0.062421005420278612
8.3916	0.38750818961207945	0.062421005422379557
8.4249	0.38750818962232786	0.062421005424269274
8.4582	0.38750818963187689	0.062421005425962336
8.4915	0.38750818964078809	0.062421005427472066
8.5248	0.3875081896491181	0.062421005428810551
8.5581	0.38750818965691963	0.062421005429988859
8.5914	0.38750818966424161	0.062421005431016897
8.6247	0.38750818967112943	0.062421005431903799
8.658	0.38750818967762507	0.062421005432657765
8.6913	0.38750818968376755	0.062421005433286207
8.7246	0.38750818968959316	0.062421005433795772
8.7579	0.38750818969513617	0.062421005434192406
8.7912	0.387508189700428	0.062421005434481446
8.8245	0.38750818970549838	0.062421005434667533
8.8578	0.38750818971037504	0.06242100543475481

