# Filename: 3Dvlt_K0cFind_Plot_Output5_Op1.dat
# Source: 3Dvlt_K0cFind_Plot.c
# Source version: 2 (2012 Jul 27 - ...)
# Constant values: PI= 3.141592653589793116, PISQ=9.8696044010893579923, PICU=31.0062766802998162063
# Parameter values: A3=41.3417022403997549418, THETA=0.6, N=2, dl=0.0001, LDataPerOne=30, MRecDataSets=10, uncertainty=1e-17, DK01=2
# l	K	y

# DK0 = 1	(data set 1)
0	                2	5.1623167449974154e-11

# DK0 = 0.015625	(data set 2)
0	          0.28125	0.035757634314989552
0.0333	0.28666303626438017	0.037067577666410216
0.0666	0.29195121131991353	0.038347883635300478
0.0999	0.29710405222127995	0.039594959167806344
0.1332	0.30211222608968458	0.040805629882511261
0.1665	0.30696761725574684	0.04197715385778357
0.1998	0.31166337939593747	0.043107226279179137
0.2331	0.31619396259326865	0.044193975632944416
0.2664	0.32055511612281629	0.045235952339657791
0.2997	0.32474386853001891	0.046232110869148087
0.333	0.32875848720197348	0.047181786464471034
0.3663	0.33259842010908081	0.048084667632935826
0.3996	0.33626422270859546	0.048940765542715661
0.4329	0.33975747315668847	0.049750381403042679
0.4662	0.34308067898460115	0.050514072813842036
0.4995	0.3462371782774652	0.051232619956490859
0.5328	0.34923103817586987	0.051906992370198267
0.5661	0.35206695322655523	0.052538316926292628
0.5994	0.35475014576578123	0.053127847482132839
0.6327	0.35728627015093783	0.053676936572657381
0.666	0.35968132228368832	0.05418700938452841
0.6993	0.36194155550838242	0.054659540157854597
0.7326	0.3640734036354602	0.055096031074867761
0.7659	0.36608341154008062	0.05549799362398683
0.7992	0.36797817352649231	0.055866932371005006
0.8325	0.36976427943097595	0.056204331025701861
0.8658	0.37144826826025412	0.056511640660688173
0.8991	0.37303658902602183	0.056790269918217826
0.9324	0.37453556833621471	0.057041577028453104
0.9657	0.3759513842356913	0.057266863457682816
0.999	0.37729004574851754	0.05746736900579786
1.0323	0.37855737755641417	0.05764426817758548
1.0656	0.37975900924873096	0.057798667660945338
1.0989	0.38090036859437071	0.057931604755947226
1.1322	0.38198667831186733	0.058044046610916021
1.1655	0.38302295584706642	0.058136890134756342
1.1988	0.3840140157059726	0.058210962467994308
1.2321	0.38496447393107258	0.058267021908104538
1.2654	0.38587875435117791	0.058305759197306697
1.2987	0.38676109627612337	0.058327799092952493

# DK0 = 0.000244141	(data set 3)
0	    0.28076171875	0.035965018760209265
0.0333	0.28614857281542599	0.037289658629171059
0.0666	0.29140863689742547	0.038585303862658821
0.0999	0.29653132246645131	0.039848378293543554
0.1332	0.30150718096427109	0.041075727127345744
0.1665	0.30632798115766818	0.04226463095381159
0.1998	0.31098676134635733	0.043412810575970177
0.2331	0.31547785635106779	0.044518423344094317
0.2664	0.31979690008363471	0.045580051891638405
0.2997	0.32394080527373709	0.046596686318628518
0.333	0.3279077225637983	0.047567700955530499
0.3663	0.33169698166415013	0.048492826871359071
0.3996	0.33530901757707304	0.049372121270505526
0.4329	0.3387452850544872	0.050205934862091017
0.4662	0.34200816446306431	0.050994878193131817
0.4995	0.34510086211261481	0.051739787822073842
0.5328	0.34802730788344416	0.052441693081392737
0.5661	0.35079205269250685	0.053101784045012534
0.5994	0.35340016799283647	0.053721381184987198
0.6327	0.35585714913012784	0.054301907077471442
0.666	0.35816882400548422	0.054844860404296689
0.6993	0.3603412681313104	0.055351792395909725
0.7326	0.36238072683115663	0.055824285775323279
0.7659	0.36429354503291023	0.056263936191372849
0.7992	0.3660861048434364	0.056672336072541463
0.8325	0.36776477087383386	0.057051060788917765
0.8658	0.36933584310758821	0.057401656978169457
0.8991	0.37080551696697073	0.057725632870192868
0.9324	0.37217985013257182	0.058024450432757127
0.9657	0.37346473560265786	0.058299519155405717
0.999	0.37466588043846205	0.058552191289640926
1.0323	0.37578878962392398	0.058783758368640832
1.0656	0.37683875446926707	0.058995448838277065
1.0989	0.37782084500304897	0.059188426641994897
1.1322	0.37873990582326145	0.059363790614348912
1.1655	0.37960055491146699	0.059522574550978764
1.1988	0.38040718495225428	0.059665747836020216
1.2321	0.38116396674119385	0.059794216520966052
1.2654	0.38187485430629453	0.059908824761524711
1.2987	0.38254359140934685	0.060010356530854264
1.332	0.38317371913348269	0.060099537538540838
1.3653	0.38376858430108485	0.060177037294772993
1.3986	0.38433134850138856	0.060243471268297037
1.4319	0.38486499753944758	0.060299403094932251
1.4652	0.38537235114745599	0.060345346800709229
1.4985	0.38585607282577372	0.060381769010110366
1.5318	0.38631867970440043	0.060409091115504805
1.5651	0.38676255233627488	0.060427691388739636
1.5984	0.38718994435183446	0.06043790702004518

# DK0 = 3.8147e-06	(data set 4)
0	0.28054046630859375	0.036059385400451699
0.0333	0.28591545746663438	0.037390728778183051
0.0666	0.29116278461686518	0.038693372918417547
0.0999	0.2962718068986917	0.039963749688349377
0.1332	0.30123302339884539	0.041198713593874385
0.1665	0.30603815060287881	0.04239555589740647
0.1998	0.31068017463761655	0.043552009534226443
0.2331	0.31515337822834072	0.04466624551545232
0.2664	0.31945334317314555	0.045736861716131109
0.2997	0.32357692991217657	0.046762865095949901
0.333	0.32752223640842582	0.047743648488039331
0.3663	0.33128853903892425	0.048678963122321631
0.3996	0.33487621851275823	0.049568888030658391
0.4329	0.33828667398897877	0.050413797420326915
0.4662	0.34152222857650111	0.05121432700967133
0.4995	0.34458602927975374	0.051971340204798322
0.5328	0.34748194423292533	0.052685894868031345
0.5661	0.35021445976880117	0.053359211295569926
0.5994	0.35278857952170334	0.053992641890165137
0.6327	0.35520972739223211	0.054587642889895246
0.666	0.35748365582547703	0.055145748400124518
0.6993	0.35961636049123102	0.055668546874925215
0.7326	0.36161400211755729	0.056157660107918679
0.7659	0.36348283592679043	0.056614724720968145
0.7992	0.36522914886106467	0.057041376081987415
0.8325	0.36685920456493548	0.057439234539342847
0.8658	0.36837919591537599	0.05780989382856818
0.8991	0.36979520475219513	0.058154911485860307
0.9324	0.37111316836125635	0.058475801090458357
0.9657	0.372338852194598	0.0587740261529568
0.999	0.37347782827093656	0.059050995467376077
1.0323	0.37453545868246113	0.059308059750062946
1.0656	0.37551688363477115	0.059546509397037102
1.0989	0.37642701346213647	0.059767573202225963
1.1322	0.37727052408628681	0.059972417891294531
1.1655	0.37805185542047709	0.060162148338797614
1.1988	0.37877521225893329	0.060337808349624433
1.2321	0.37944456723279674	0.06050038189875169
1.2654	0.38006366545556974	0.06065079473587686
1.2987	0.38063603052250428	0.060789916273353124
1.332	0.3811649715683717	0.06091856168685645
1.3653	0.38165359112587888	0.061037494168303799
1.3986	0.38210479356221222	0.061147427279686563
1.4319	0.38252129390349759	0.061249027364674934
1.4652	0.38290562688629004	0.061342915982130798
1.4985	0.38326015610148562	0.061429672332075747
1.5318	0.38358708311939971	0.061509835650259005
1.5651	0.38388845650533754	0.061583907552321765
1.5984	0.38416618065291358	0.061652354312727344
1.6317	0.38442202437792111	0.061715609067189599
1.665	0.38465762922891211	0.06177407393034931
1.6983	0.38487451748200824	0.061828122022983503
1.7316	0.38507409979706902	0.061878099405147331
1.7649	0.38525768252040749	0.061924326913391795
1.7982	0.38542647462590141	0.061967101901624883
1.8315	0.38558159429184241	0.062006699886336003
1.8648	0.38572407511531404	0.06204337609781569
1.8981	0.38585487196944057	0.062077366939720879
1.9314	0.38597486651165608	0.06210889135987975
1.9647	0.3860848723532917	0.062138152135635678
1.998	0.38618563990238697	0.062165337077315697
2.0313	0.38627786089278648	0.062190620153598074
2.0646	0.38636217261335648	0.062214162542659789
2.0979	0.38643916185161409	0.062236113613030351
2.1312	0.38650936856627799	0.062256611838066078
2.1645	0.38657328930323359	0.06227578564791067
2.1978	0.38663138036925593	0.062293754222722091
2.2311	0.38668406077753742	0.062310628230838397
2.2644	0.38673171497866182	0.062326510515429846
2.2977	0.38677469539021381	0.062341496733042186
2.331	0.38681332473768171	0.06235567594729037
2.3643	0.38684789821875415	0.062369131180807558
2.3976	0.38687868550252441	0.062381939928397578
2.4309	0.38690593257453099	0.062394174634184833
2.4642	0.38692986343794955	0.062405903135401883
2.4975	0.38695068168068231	0.062417189075304143
2.5308	0.38696857191748052	0.062428092287555012
2.5641	0.38698370111569153	0.062438669154285698
2.5974	0.38699621981266352	0.062448972939898054
2.6307	0.38700626323229848	0.062459054102550968
2.664	0.38701395230776936	0.062468960585149134
2.6973	0.38701939461689533	0.062478738087537948
2.7306	0.38702268523623801	0.062488430321499429
2.7639	0.38702390751952281	0.062498079250043165

# DK0 = 5.96046e-08	(data set 5)
0	0.28054440021514893	0.03605770538516212
0.0333	0.28591960229263558	0.037388929331958635
0.0666	0.29116715590285125	0.038691448766277253
0.0999	0.29627642111541724	0.039961695410358079
0.1332	0.30123789794760109	0.041196523602397582
0.1665	0.30604330381406275	0.042393224412450345
0.1998	0.3106856257686782	0.043549530557198513
0.2331	0.31515914746226237	0.044663612801665024
0.2664	0.31945945161861716	0.045734068746345731
0.2997	0.32358339960656002	0.0467599050472218
0.333	0.32752909032451583	0.047740514204081735
0.3663	0.33129580109639412	0.048675647083556706
0.3996	0.33488391359503439	0.049565382324073801
0.4329	0.33829482796614779	0.050410093709208771
0.4662	0.34153086833469459	0.051210416503237224
0.4995	0.34459518275732615	0.051967213627712353
0.5328	0.3474916404636007	0.052681542429746785
0.5661	0.35022472893186996	0.053354622659414895
0.5994	0.35279945299924048	0.053987806142060411
0.6327	0.35522123783326043	0.054582548506574596
0.666	0.35749583721693523	0.05514038321671292
0.6993	0.35962924823558701	0.055662898051720783
0.7326	0.36162763311689605	0.056151714096216443
0.7659	0.36349724867320937	0.056608467227760507
0.7992	0.36524438353322358	0.057034792033375838
0.8325	0.36687530313064576	0.057432308042493552
0.8658	0.36839620224014452	0.057802608132047857
0.8991	0.36981316471366449	0.05814724893818779
0.9324	0.37113212996955613	0.058467743096710934
0.9657	0.37235886571864024	0.058765553129272077
0.999	0.37349894637074937	0.059042086793189841
1.0323	0.3745577365476932	0.059298693717925746
1.0656	0.37554037912954796	0.059536663159850685
1.0989	0.37645178727648904	0.059757222717741032
1.1322	0.37729663989442036	0.059961537863707608
1.1655	0.37807938004617142	0.06015071215728382
1.1988	0.37880421584842405	0.060325788023637451
1.2321	0.37947512343550499	0.060487747989918503
1.2654	0.38009585161308762	0.060637516286309666
1.2987	0.38066992786627979	0.060775960730192723
1.332	0.38120066542655989	0.06090389482285527
1.3653	0.38169117113986667	0.061022079998249129
1.3986	0.38214435391334317	0.06113122797245351
1.4319	0.38256293355056581	0.061232003150691383
1.4652	0.38294944981439616	0.061325025056024628
1.4985	0.38330627158287073	0.061410870750263219
1.5318	0.38363560598692847	0.061490077223222021
1.5651	0.38393950743930544	0.061563143731308341
1.5984	0.38421988648190547	0.061630534070596363
1.6317	0.38447851839448244	0.061692678773105941
1.665	0.38471705152081814	0.061749977218020509
1.6983	0.38493701527996843	0.061802799652113764
1.7316	0.38513982783973988	0.061851489115766774
1.7649	0.38532680343761921	0.061896363272701066
1.7982	0.38549915934106116	0.06193771614297703
1.8315	0.3856580224445193	0.061975819739957444
1.8648	0.38580443550505045	0.062010925612847732
1.8981	0.38593936302189968	0.062043266297140146
1.9314	0.38606369676826047	0.062073056675834119
1.9647	0.38617826098556651	0.062100495254707649
1.998	0.38628381725227717	0.062125765355199765
2.0313	0.38638106904029146	0.062149036228650957
2.0646	0.38647066597287766	0.062170464095755849
2.0979	0.38655320779849345	0.062190193115123228
2.1312	0.38662924809506305	0.062208356284827654
2.1645	0.38669929771930162	0.062225076280784185
2.1978	0.38676382801549269	0.062240466235692633
2.2311	0.3868232737978603	0.062254630462187883
2.2644	0.38687803612026755	0.062267665123703235
2.2977	0.38692848484651832	0.062279658856414101
2.331	0.38697496103402762	0.06229069334547669
2.3643	0.3870177791430563	0.062300843858621599
2.3976	0.38705722908314016	0.062310179740004655
2.4309	0.38709357810775297	0.062318764867058597
2.4642	0.38712707256764406	0.062326658072932722
2.4975	0.3871579395327156	0.06233391353695461
2.5308	0.38718638829171792	0.062340581145400531
2.5641	0.38721261173848681	0.062346706824715374
2.5974	0.38723678765290503	0.062352332849186141
2.6307	0.38725907988423963	0.062357498124941908
2.664	0.38727963944402277	0.062362238452025473
2.6973	0.38729860551514639	0.06236658676616539
2.7306	0.38731610638341429	0.06237057336176232
2.7639	0.38733226029734363	0.062374226097498681
2.7972	0.38734717626161552	0.062377570585879658
2.8305	0.38736095476920052	0.06238063036792129
2.8638	0.3873736884768102	0.062383427074110299
2.8971	0.38738546282800446	0.062385980572682249
2.9304	0.38739635662796956	0.062388309106183829
2.9637	0.3874064425736779	0.062390429417214864
2.997	0.3874157877428831	0.062392356864179058
3.0303	0.38742445404513348	0.062394105527809572
3.0636	0.38743249863776225	0.062395688309177202
3.0969	0.38743997430958105	0.062397117019836371
3.1302	0.38744692983480644	0.062398402464711809
3.1635	0.38745341029955488	0.06239955451828566
3.1968	0.38745945740306337	0.062400582194597772
3.2301	0.38746510973563147	0.06240149371153593
3.2634	0.38747040303513564	0.062402296549851889
3.2967	0.38747537042380048	0.062402997507308815
3.33	0.38748004262682373	0.062403602748330428
3.3633	0.38748444817428435	0.06240411784949474
3.3966	0.38748861358769604	0.062404547841188499
3.4299	0.38749256355242695	0.062404897245711376
3.4632	0.38749632107714194	0.062405170112097563
3.4965	0.38749990764131731	0.0624053700478997
3.5298	0.38750334333180703	0.062405500248161702
3.5631	0.38750664696935849	0.062405563521786521

# DK0 = 9.31323e-10	(data set 6)
0	0.28054430894553661	0.036057744361902636
0.0333	0.28591950612952977	0.037388971079488222
0.0666	0.29116705448570007	0.038691493406970048
0.0999	0.29627631406208693	0.039961743069950414
0.1332	0.30123778485436797	0.041196574410515802
0.1665	0.3060431842556473	0.042393278503182384
0.1998	0.31068549929829292	0.043549588069702869
0.2331	0.315159013611646	0.044663673880808406
0.2664	0.3194593098980309	0.045734133543363149
0.2997	0.32358324950471856	0.046759973720392853
0.333	0.32752893130843036	0.047740586919418168
0.3663	0.33129563261110745	0.04867572401549667
0.3996	0.33488373506322855	0.049565463656181384
0.4329	0.33829463878761301	0.050410179634875894
0.4662	0.3415306678856479	0.051210507226387779
0.4995	0.34459497038956971	0.051967309363509191
0.5328	0.34749141550352391	0.052681643405302819
0.5661	0.35022449067928191	0.053354729114509961
0.5994	0.35279920072604459	0.053987918329866658
0.6327	0.35522097078196352	0.054582666694393191
0.666	0.35749555459900217	0.055140507686726306
0.6993	0.35962894922964056	0.055663029101762442
0.7326	0.36162731686676336	0.056151852040563249
0.7659	0.3634969142858272	0.056608612397951119
0.7992	0.36524403007639705	0.057034944779059071
0.8325	0.36687492963066742	0.057432468732310317
0.8658	0.36839580767927493	0.057802777154550282
0.8991	0.36981274802747938	0.058147426702800202
0.9324	0.37113169004415231	0.058467930034735646
0.9657	0.37235840138770615	0.058765749694943574
0.999	0.37349845641249302	0.059042293464782139
1.0323	0.3745572196816282	0.059298910998914836
1.0656	0.37553983401313334	0.059536891580137648
1.0989	0.37645121250161562	0.059757462834937936
1.1322	0.37729603398373707	0.059961790264490514
1.1655	0.37807874144924819	0.060150977458816986
1.1988	0.37880354293773971	0.06032606687507229
1.2321	0.37947441450225367	0.06048804107397137
1.2654	0.38009510486279258	0.06063782432092199
1.2987	0.38066914141420627	0.060776284470279072
1.332	0.38119983729291557	0.060904235062142452
1.3653	0.38169029924477665	0.061022437571211417
1.3986	0.38214343607158779	0.061131603756349497
1.4319	0.38256196746606969	0.061232398067706063
1.4652	0.38294843307445214	0.061325440075523478
1.4985	0.38330520165208792	0.061411306891162705
1.5318	0.38363448020088359	0.061490535556482963
1.5651	0.38393832299788838	0.06156362538255801
1.5984	0.38421864044233545	0.06163104022288568
1.6317	0.38447720766397975	0.061693210669808603
1.665	0.38471567284891961	0.061750536165881317
1.6983	0.38493556525045453	0.061803387024453087
1.7316	0.38513830286216189	0.061852106355849507
1.7649	0.38532519973840529	0.061897011897278018
1.7982	0.38549747295417652	0.0619383977460079
1.8315	0.38565624920165487	0.061976535996523308
1.8648	0.38580257102532173	0.062011678283264052
1.8981	0.385937402701027	0.062044057231279356
1.9314	0.38606163576720076	0.062073887817669086
1.9647	0.38617609421857152	0.06210136864708625
1.998	0.38628153937435289	0.062126683144863554
2.0313	0.38637867443401669	0.062150000671508748
2.0646	0.3864681487345612	0.062171477562426483
2.0979	0.38655056172362356	0.062191258096760502
2.1312	0.38662646666302591	0.062209475399241272
2.1645	0.3866963740773201	0.062226252278872504
2.1978	0.38676075496175377	0.062241702008202691
2.2311	0.38682004376378337	0.062255929046819397
2.2644	0.38687464115187264	0.06226902971257401
2.2977	0.38692491658485229	0.062281092803904765
2.331	0.3869712106945904	0.062292200176474508
2.3643	0.38701383749418539	0.062302427277183464
2.3976	0.38705308642329667	0.062311843638460623
2.4309	0.38708922424165404	0.062320513335578136
2.4642	0.38712249678118127	0.062328495409576946
2.4975	0.38715313056659922	0.062335844258240222
2.5308	0.38718133431378177	0.062342609997399878
2.5641	0.38720730031458545	0.062348838794721015
2.5974	0.38723120571633124	0.062354573177968504
2.6307	0.38725321370358812	0.062359852319629122
2.664	0.38727347458942152	0.062364712299638685
2.6973	0.38729212682276898	0.062369186347841173
2.7306	0.38730929791818947	0.062373305067698191
2.7639	0.38732510531376863	0.062377096642657955
2.7972	0.38733965716257979	0.062380587026494252
2.8305	0.38735305306271289	0.062383800118832634
2.8638	0.38736538473052851	0.062386757926992172
2.8971	0.38737673662145339	0.062389480715188822
2.9304	0.38738718650232806	0.062391987142070685
2.9637	0.38739680597901638	0.062394294387482258
2.997	0.38740566098271761	0.06239641826928944
3.0303	0.38741381221816101	0.062398373351033549
3.0636	0.38742131557663112	0.062400173041125696
3.0969	0.38742822251655634	0.062401829684238755
3.1302	0.38743458041415779	0.062403354645503617
3.1635	0.38744043288651003	0.062404758388071996
3.1968	0.38744582008914913	0.062406050544562844
3.2301	0.38745077899022318	0.062407239982871184
3.2634	0.38745534362301021	0.062408334866781032
3.2967	0.38745954531850907	0.062409342711789308
3.33	0.38746341291965097	0.062410270436517964
3.3633	0.38746697297858801	0.062411124410059214
3.3966	0.38747024993837642	0.062411910495575589
3.4299	0.38747326630029005	0.062412634090448657
3.4632	0.38747604277789088	0.062413300163248607
3.4965	0.3874785984389017	0.062413913287775666
3.5298	0.38748095083584155	0.062414477674403897
3.5631	0.38748311612630915	0.062414997198941315
3.5964	0.38748510918373552	0.06241547542920127
3.6297	0.38748694369935677	0.062415915649467114
3.663	0.38748863227609714	0.062416320883016289
3.6963	0.38749018651500899	0.06241669391285784
3.7296	0.38749161709485141	0.062417037300823729
3.7629	0.38749293384535777	0.06241735340514562
3.7962	0.38749414581468455	0.062417644396636315
3.8295	0.38749526133150919	0.062417912273586625
3.8628	0.38749628806219488	0.062418158875479586
3.8961	0.38749723306341843	0.062418385895615332
3.9294	0.38749810283061348	0.062418594892734103
3.9627	0.38749890334257364	0.062418787301715392
3.996	0.38749964010250493	0.062418964443427989
4.0293	0.38750031817582059	0.062419127533797213
4.0626	0.38750094222493142	0.062419277692152032
4.0959	0.38750151654127168	0.062419415948909283
4.1292	0.38750204507477998	0.062419543252647168
4.1625	0.38750253146103475	0.062419660476616803
4.1958	0.38750297904623549	0.062419768424737121
4.2291	0.38750339091019625	0.062419867837112786
4.2624	0.38750376988751006	0.062419959395114299
4.2957	0.38750411858703343	0.062420043726054183
4.329	0.38750443940981649	0.06242012140749232
4.3623	0.38750473456561263	0.062420192971198454
4.3956	0.38750500608806981	0.062420258906801154
4.4289	0.38750525584871537	0.062420319665146023
4.4622	0.38750548556982772	0.062420375661387861
4.4955	0.38750569683628761	0.062420427277837282
4.5288	0.38750589110647704	0.062420474866581435
4.5621	0.38750606972231844	0.062420518751896407
4.5954	0.38750623391851152	0.062420559232468927
4.6287	0.38750638483103578	0.062420596583441394
4.662	0.38750652350497394	0.062420631058295116
4.6953	0.3875066509017101	0.062420662890583956
4.7286	0.38750676790556071	0.062420692295531245
4.7619	0.38750687532987022	0.062420719471499915
4.7952	0.38750697392262357	0.062420744601346237
4.8285	0.38750706437160942	0.062420767853666868
4.8618	0.3875071473091723	0.062420789383947579
4.8951	0.38750722331658388	0.062420809335620761
4.9284	0.38750729292806418	0.062420827841040069
4.9617	0.38750735663448443	0.062420845022378345
4.995	0.38750741488676804	0.062420860992454801
5.0283	0.38750746809902353	0.062420875855497389
5.0616	0.38750751665142374	0.062420889707845491
5.0949	0.38750756089285354	0.06242090263859762
5.1282	0.38750760114334432	0.062420914730208769
5.1615	0.38750763769631469	0.062420926059041502
5.1948	0.38750767082062576	0.06242093669587389
5.2281	0.38750770076247243	0.062420946706368483
5.2614	0.38750772774712328	0.062420956151505558
5.2947	0.38750775198051413	0.062420965087982831
5.328	0.38750777365071409	0.062420973568584878
5.3613	0.38750779292927201	0.062420981642524478
5.3946	0.38750780997245021	0.062420989355758981
5.4279	0.38750782492235591	0.062420996751282452
5.4612	0.38750783790798232	0.062421003869396259
5.4945	0.38750784904615465	0.062421010747960658
5.5278	0.38750785844240548	0.062421017422627616
5.5611	0.38750786619177019	0.062421023927057027
5.5944	0.38750787237951251	0.0624210302931184
5.6277	0.38750787708179141	0.062421036551077939
5.661	0.38750788036626665	0.062421042729773814
5.6943	0.38750788229265137	0.062421048856779106

# DK0 = 1.45519e-11	(data set 7)
0	0.28054430897464044	0.036057744349473821
0.0333	0.28591950616019368	0.037388971066175822
0.0666	0.29116705451803898	0.038691493392735095
0.0999	0.29627631409622324	0.039961743054752773
0.1332	0.30123778489043046	0.041196574394314088
0.1665	0.30604318429377203	0.042393278485933925
0.1998	0.31068549933862183	0.043549588051363247
0.2331	0.31515901365432797	0.044663673861331431
0.2664	0.31945930994322141	0.045734133522700629
0.2997	0.3235832495525815	0.046759973698494363
0.333	0.32752893135913619	0.047740586896230688
0.3663	0.3312956326648327	0.048675723990964662
0.3996	0.33488373512015801	0.04956546363024638
0.4329	0.33829463884793803	0.050410179607476173
0.4662	0.34153066794956655	0.051210507197458177
0.4995	0.34459497045729015	0.051967309332981167
0.5328	0.34749141557525975	0.052681643373103985
0.5661	0.35022449075525669	0.053354729080563781
0.5994	0.3527992008064898	0.053987918294092385
0.6327	0.35522097086712096	0.054582666656705678
0.666	0.35749555468912336	0.055140507647035479
0.6993	0.3596289493249869	0.055663029059973293
0.7326	0.36162731696760864	0.056151851996575658
0.7659	0.36349691439245635	0.056608612351659385
0.7992	0.36524403018910673	0.057034944730351714
0.8325	0.3668749297497681	0.057432468681069722
0.8658	0.36839580780509168	0.057802777100652528
0.8991	0.36981274816035137	0.058147426646114796
0.9324	0.37113169018443537	0.058467929975124913
0.9657	0.3723584015357721	0.058765749632262845
0.999	0.37349845656873032	0.059042293398878787
1.0323	0.37455721984644602	0.059298910929628343
1.0656	0.37553983418695897	0.059536891507299065
1.0989	0.37645121268489884	0.059757462758369372
1.1322	0.37729603417694879	0.059961790184004937
1.1655	0.37807874165288247	0.060150977374217658
1.1988	0.37880354315231585	0.060326066786152169
1.2321	0.37947441472831617	0.06048804098051265
1.2654	0.38009510510091449	0.060637824222695896
1.2987	0.38066914166498866	0.060776284367044763
1.332	0.38119983755699022	0.06090423495364683
1.3653	0.38169029952280586	0.061022437457188369
1.3986	0.38214343636426756	0.061131603636519267
1.4319	0.38256196777413309	0.061232397941774756
1.4652	0.38294843339866846	0.061325439943181882
1.4985	0.38330520199326562	0.061411306752085941
1.5318	0.38363448055987287	0.061490535410329561
1.5651	0.38393832337558181	0.061563625228968993
1.5984	0.38421864083967078	0.061631040061483622
1.6317	0.38447720808194391	0.061693210500197125
1.665	0.38471567328854883	0.061750535987643643
1.6983	0.3849355657128386	0.06180338683715135
1.7316	0.38513830334844518	0.061852106159023486
1.7649	0.38532520024979144	0.061897011690444086
1.7982	0.38549747349193003	0.061938397528657679
1.8315	0.38565624976710489	0.061976535768122613
1.8648	0.38580257161986564	0.062011678043251618
1.8981	0.38593740332613247	0.062044056979065308
1.9314	0.38606163642441094	0.062073887552633385
1.9647	0.38617609490950849	0.062101368368577527
1.998	0.38628154010072024	0.062126682852197246
2.0313	0.38637867519760677	0.062150000363965507
2.0646	0.38646814953725533	0.062171477239250372
2.0979	0.38655056256740045	0.062191257757157059
2.1312	0.38662646754996571	0.06220947504237561
2.1645	0.3866963750096078	0.062226251903867449
2.1978	0.38676075594168574	0.062241701614136447
2.2311	0.38682004479377347	0.062255928632723265
2.2644	0.38687464223445711	0.062269029277429978
2.2977	0.38692491772269577	0.062281092346643162
2.331	0.38697121189049427	0.062292199695971169
2.3643	0.38701383875109352	0.062302426772257273
2.3976	0.38705308774430308	0.062311843107870406
2.4309	0.38708922563000941	0.062320512778019484
2.4642	0.3871224982403017	0.062328494823679234
2.4975	0.38715313210007529	0.06233584364256306
2.5308	0.38718133592538667	0.06234260935042979
2.5641	0.38720730200828424	0.06234883811486764
2.5974	0.38723120749629014	0.062354572463560423
2.6307	0.38725321557418607	0.062359851568910163
2.664	0.38727347655525968	0.062364711510763365
2.6973	0.38729212888868303	0.062369185518870177
2.7306	0.38730930008926068	0.062373304196593711
2.7639	0.38732510759533673	0.062377095727278488
2.7972	0.38733965956025579	0.062380586064589398
2.8305	0.38735305558239347	0.062383799108037728
2.8638	0.38736538737841014	0.062386756864822306
2.8971	0.38737673940404782	0.062389479599032953
2.9304	0.38738718942647837	0.062391985969184882
2.9637	0.38739680905191337	0.062394293154983196
2.997	0.38740566421191669	0.062396416974147259
3.0303	0.38741381561160182	0.0623983719900644
3.0636	0.38742131914265926	0.062400171610983803
3.0969	0.38742822626393936	0.062401828181408263
3.1302	0.38743458435210959	0.062403353066290156
3.1635	0.38744043702471298	0.06240475672859324
3.1968	0.38744582443777792	0.062406048800739258
3.2301	0.3874507835599697	0.062407238150415913
3.2634	0.38745534842511048	0.062408332941189151
3.2967	0.38745955036476926	0.062409340688327195
3.33	0.3874634182224781	0.062410268310211174
3.3633	0.38746697855101969	0.062411122175680699
3.3966	0.38747025579411298	0.062411908147632485
3.4299	0.3874732724537277	0.062412631623168929
3.4632	0.38747604924415802	0.062413297570566816
3.4965	0.38747860523389638	0.062413910563318083
3.5298	0.38748095797626853	0.062414474811472997
3.5631	0.38748312362972315	0.062414994190498986
3.5964	0.38748511706858441	0.062415472267851664
3.6297	0.38748695198502497	0.062415912327438441
3.663	0.38748864098295471	0.062416317392142012
3.6963	0.3874901956644603	0.062416690244556199
3.7296	0.38749162670939119	0.06241703344607677
3.7629	0.38749294394862199	0.062417349354477021
3.7962	0.38749415643151153	0.062417640140088264
3.8295	0.38749527248799936	0.062417907800695067
3.8628	0.38749629978577649	0.062418154175248555
3.8961	0.38749724538291153	0.062418380956490029
3.9294	0.38749811577630505	0.062418589702572504
3.9627	0.38749891694628913	0.062418781847758342
3.996	0.38749965439768697	0.062418958712267825
4.0293	0.38750033319761262	0.062419121511344808
4.0626	0.38750095801026274	0.062419271363602202
4.0959	0.38750153312894903	0.062419409298704327
4.1292	0.38750206250558183	0.062419536264438517
4.1625	0.3875025497778119	0.062419653133225068
4.1958	0.38750299829401835	0.062419760708109777
4.2291	0.38750341113630232	0.06241985972827982
4.2624	0.38750379114166317	0.062419950874141344
4.2957	0.38750414092148333	0.062420034771993933
4.329	0.38750446287947027	0.062420111998332514
4.3623	0.38750475922816674	0.062420183083808228
4.3956	0.38750503200415271	0.062420248516873951
4.4289	0.38750528308203852	0.062420308747139809
4.4622	0.38750551418734103	0.062420364188462592
4.4955	0.38750572690834251	0.062420415221788622
4.5288	0.38750592270700124	0.062420462197771392
4.5621	0.38750610292899712	0.062420505439180783
4.5954	0.38750626881297884	0.062420545243120497
4.6287	0.38750642149907427	0.062420581883069579
4.662	0.38750656203672568	0.06242061561076144
4.6953	0.38750669139189992	0.062420646657913179
4.7286	0.3875068104537277	0.062420675237817899
4.7619	0.38750692004061227	0.062420701546810287
4.7952	0.38750702090585548	0.06242072576561538
4.8285	0.38750711374283281	0.062420748060590156
4.8618	0.38750719918975801	0.062420768584866983
4.8951	0.38750727783407252	0.062420787479404938
4.9284	0.38750735021647853	0.062420804873959131
4.9617	0.38750741683465861	0.062420820887971372
4.995	0.38750747814669545	0.062420835631391225
5.0283	0.38750753457421855	0.062420849205431068
5.0616	0.38750758650530576	0.062420861703261402
5.0949	0.38750763429714641	0.062420873210651005
5.1282	0.38750767827850147	0.062420883806555728
5.1615	0.38750771875196016	0.062420893563661081
5.1948	0.38750775599602161	0.062420902548881323
5.2281	0.3875077902670096	0.062420910823818856
5.2614	0.38750782180083398	0.062420918445187316
5.2947	0.38750785081461409	0.062420925465200873
5.328	0.38750787750817178	0.062420931931932891
5.3613	0.38750790206540442	0.062420937889645374
5.3946	0.38750792465555117	0.062420943379093291
5.4279	0.38750794543435546	0.062420948437803596
5.4612	0.38750796454513875	0.062420953100333264
5.4945	0.3875079821197861	0.062420957398505839
5.5278	0.38750799827965232	0.062420961361629737
5.5611	0.38750801313639971	0.062420965016698998
5.5944	0.38750802679276397	0.06242096838857826
5.6277	0.38750803934326572	0.062420971500173186
5.661	0.38750805087485796	0.062420974372586951
5.6943	0.38750806146752781	0.062420977025264737
5.7276	0.38750807119484587	0.062420979476126418
5.7609	0.38750808012447663	0.062420981741689509
5.7942	0.38750808831864325	0.062420983837181102
5.8275	0.38750809583455759	0.062420985776642256
5.8608	0.38750810272481723	0.062420987573023466
5.8941	0.3875081090377655	0.062420989238272537
5.9274	0.38750811481783021	0.062420990783416022
5.9607	0.3875081201058303	0.062420992218633752
5.994	0.38750812493925846	0.062420993553327767
6.0273	0.38750812935254147	0.062420994796185791
6.0606	0.38750813337728113	0.062420995955239873
6.0939	0.3875081370424715	0.06242099703792009
6.1272	0.38750814037470421	0.062420998051104529
6.1605	0.38750814339835588	0.062420999001165066
6.1938	0.38750814613575529	0.062420999894009649
6.2271	0.38750814860734401	0.06242100073512151
6.2604	0.38750815083181883	0.062421001529595052
6.2937	0.38750815282626538	0.062421002282169562
6.327	0.38750815460628013	0.062421002997259403
6.3603	0.38750815618608153	0.062421003678983067
6.3936	0.38750815757861379	0.062421004331189113
6.4269	0.38750815879563855	0.06242100495748084
6.4602	0.38750815984782389	0.062421005561238786
6.4935	0.38750816074482186	0.062421006145641625
6.5268	0.38750816149534156	0.06242100671368573
6.5601	0.3875081621072145	0.062421007268203044
6.5934	0.38750816258745502	0.062421007811878308
6.6267	0.38750816294231633	0.062421008347264377
6.66	0.38750816317733855	0.062421008876797045
6.6933	0.38750816329739562	0.06242100940280864

# DK0 = 2.27374e-13	(data set 8)
0	0.28054430897509519	0.036057744349279636
0.0333	0.28591950616067302	0.037388971065967849
0.0666	0.29116705451854474	0.038691493392512807
0.0999	0.29627631409675603	0.039961743054515636
0.1332	0.30123778489099345	0.041196574394061304
0.1665	0.30604318429436728	0.04239327848566482
0.1998	0.31068549933925105	0.043549588051077087
0.2331	0.31515901365499355	0.044663673861027514
0.2664	0.31945930994392679	0.045734133522378193
0.2997	0.3235832495533284	0.046759973698152615
0.333	0.327528931359927	0.047740586895868846
0.3663	0.33129563266567091	0.048675723990581884
0.3996	0.3348837351210458	0.049565463629841572
0.4329	0.33829463884887889	0.050410179607048439
0.4662	0.34153066795056336	0.051210507197006608
0.4995	0.34459497045834547	0.051967309332504652
0.5328	0.34749141557637803	0.052681643372601478
0.5661	0.35022449075644091	0.053354729080034101
0.5994	0.3527992008077443	0.053987918293534151
0.6327	0.35522097086844939	0.054582666656117558
0.666	0.35749555469052957	0.055140507646416176
0.6993	0.3596289493264746	0.055663029059321287
0.7326	0.36162731696918238	0.056151851995889276
0.7659	0.36349691439411996	0.056608612350937081
0.7992	0.36524403019086493	0.057034944729591731
0.8325	0.36687492975162683	0.057432468680270243
0.8658	0.36839580780705489	0.057802777099811742
0.8991	0.36981274816242454	0.058147426645230517
0.9324	0.37113169018662417	0.058467929974194942
0.9657	0.3723584015380822	0.058765749631284947
0.999	0.37349845657116809	0.059042293397850519
1.0323	0.37455721984901769	0.059298910928547381
1.0656	0.37553983418967218	0.059536891506162752
1.0989	0.37645121268775922	0.059757462757174848
1.1322	0.37729603417996366	0.059961790182749317
1.1655	0.37807874165605965	0.06015097737289777
1.1988	0.37880354315566361	0.060326066784764938
1.2321	0.37947441473184323	0.060488040979054608
1.2654	0.38009510510462996	0.060637824221163421
1.2987	0.38066914166890076	0.06077628436543419
1.332	0.3811998375611092	0.060904234951954184
1.3653	0.38169029952714245	0.061022437455409521
1.3986	0.38214343636883363	0.06113160363464986
1.4319	0.3825619677789393	0.061232397939810161
1.4652	0.38294843340372636	0.061325439941117332
1.4985	0.38330520199858792	0.061411306749916329
1.5318	0.38363448056547322	0.061490535408049475
1.5651	0.38393832338147355	0.061563625226572875
1.5984	0.38421864084586943	0.06163104005896574
1.6317	0.38447720808846458	0.061693210497551075
1.665	0.38471567329540712	0.061750535984863068
1.6983	0.38493556572005116	0.06180338683422941
1.7316	0.38513830335603139	0.06185210615595297
1.7649	0.3853252002577689	0.061897011687217403
1.7982	0.3854974735003186	0.061938397525266954
1.8315	0.38565624977592577	0.061976535764559554
1.8648	0.38580257162914011	0.062011678039507398
1.8981	0.38593740333588367	0.062044056975130643
1.9314	0.38606163643466279	0.062073887548498713
1.9647	0.38617609492028565	0.062101368364232704
1.998	0.38628154011205046	0.062126682847631565
2.0313	0.38637867520951752	0.062150000359167748
2.0646	0.38646814954977632	0.062171477234208815
2.0979	0.3865505625805627	0.062191257751859214
2.1312	0.38662646756380165	0.062209475036808563
2.1645	0.38669637502415105	0.062226251898017351
2.1978	0.38676075595697224	0.0622417016079891
2.2311	0.38682004480984039	0.062255928626263494
2.2644	0.38687464225134532	0.062269029270641957
2.2977	0.38692491774044574	0.062281092339510125
2.331	0.38697121190914979	0.062292199688475616
2.3643	0.38701383877070067	0.062302426764380754
2.3976	0.38705308776491065	0.062311843099593547
2.4309	0.38708922565166748	0.062320512769321885
2.4642	0.38712249826306416	0.062328494814539587
2.4975	0.38715313212399793	0.062335843632958889
2.5308	0.38718133595052789	0.062342609340337467
2.5641	0.38720730203470582	0.062348838104262276
2.5974	0.38723120752405771	0.062354572452415942
2.6307	0.38725321560336895	0.062359851557199177
2.664	0.3872734765859282	0.062364711498457001
2.6973	0.38729212892091192	0.062369185505938354
2.7306	0.38730930012313008	0.062373304183004623
2.7639	0.38732510763093031	0.062377095712998647
2.7972	0.38733965959766103	0.062380586049583811
2.8305	0.38735305562170247	0.062383799092269529
2.8638	0.3873653874197191	0.062386756848252692
2.8971	0.38737673944745854	0.062389479581621117
2.9304	0.38738718947209738	0.062391985950887976
2.9637	0.3873968090998528	0.062394293135756354
2.997	0.38740566426229439	0.062396416953943074
3.0303	0.38741381566454181	0.062398371968833216
3.0636	0.3874213191982917	0.062400171588673552
3.0969	0.38742822632240076	0.062401828157964065
3.1302	0.38743458441354395	0.0624033530416543
3.1635	0.38744043708927089	0.06240475670270524
3.1968	0.38744582450561887	0.062406048773535422
3.2301	0.38745078363126051	0.062407238121829307
3.2634	0.387455348500026	0.062408332911149583
3.2967	0.38745955044349389	0.062409340656760792
3.33	0.38746341830520559	0.062410268277040389
3.3633	0.38746697863795254	0.062411122140823845
3.3966	0.38747025588546496	0.062411908111003951
3.4299	0.38747327254972391	0.062412631584678573
3.4632	0.3874760493450356	0.062413297530120128
3.4965	0.38747860533990158	0.062413910520815616
3.5298	0.38748095808766225	0.062414474766810231
3.5631	0.38748312374677985	0.062414994143566133
3.5964	0.38748511719159084	0.062415472218533379
3.6297	0.38748695211428419	0.062415912275613585
3.663	0.38748864111878412	0.062416317337683144
3.6963	0.38749019580719485	0.062416690187329406
3.7296	0.38749162685938054	0.062417033385941303
3.7629	0.38749294410623536	0.062417349291285194
3.7962	0.38749415659713721	0.062417640073684548
3.8295	0.3874952726620442	0.062417907730916287
3.8628	0.38749629996866763	0.062418154101923203
3.8961	0.3874972455750994	0.062418380879437976
3.9294	0.38749811597826128	0.062418589621604181
3.9627	0.3874989171585102	0.062418781762674777
3.996	0.38749965462069547	0.062418958622859858
4.0293	0.38750033343195683	0.062419121417392601
4.0626	0.38750095825651876	0.062419271264874801
4.0959	0.38750153338772148	0.062419409194958968
4.1292	0.38750206277750671	0.062419536155420188
4.1625	0.38750255006355894	0.062419653018665811
4.1958	0.38750299859428916	0.062419760587727857
4.2291	0.3875034114518352	0.062419859601779377
4.2624	0.38750379147323405	0.062419950741211497
4.2957	0.3875041412699069	0.062420034632307726
4.329	0.38750446324560289	0.062420111851546618
4.3623	0.38750475961290887	0.062420182929561863
4.3956	0.38750503240845086	0.062420248354787843
4.4289	0.38750528350688579	0.062420308576815617
4.4622	0.3875055146337828	0.06242036400948147
4.4955	0.38750572737747563	0.062420415033710673
4.5288	0.38750592319997862	0.06242046200013425
4.5621	0.38750610344703074	0.062420505231498551
4.5954	0.38750626935734278	0.062420545024882666
4.6287	0.38750642207110608	0.062420581653739662
4.662	0.38750656263783156	0.062420615369775619
4.6953	0.38750669202355836	0.062420646404678974
4.7286	0.38750681111749097	0.062420674971712907
4.7619	0.38750692073811294	0.062420701267180238
4.7952	0.38750702163880774	0.062420725471772791
4.8285	0.38750711451303765	0.062420747751812722
4.8618	0.38750719999911032	0.062420768260395561
4.8951	0.38750727868456081	0.062420787138441999
4.9284	0.38750735111019391	0.062420804515666374
4.9617	0.38750741777379866	0.062420820511467953
4.995	0.38750747913356809	0.062420835235751669
5.0283	0.3875075356112504	0.062420848789682681
5.0616	0.38750758759504528	0.062420861266382195
5.0949	0.38750763544227335	0.062420872751566894
5.1282	0.38750767948183085	0.06242088332413822
5.1615	0.38750772001645056	0.062420893056724207
5.1948	0.38750775732478154	0.062420902016178857
5.2281	0.38750779166330523	0.062420910264041174
5.2614	0.38750782326809807	0.062420917856958413
5.2947	0.38750785235645385	0.062420924847074691
5.328	0.38750787912837775	0.062420931282389722
5.3613	0.38750790376795929	0.062420937207088481
5.3946	0.38750792644464005	0.062420942661844642
5.4279	0.38750794731437715	0.062420947684100066
5.4612	0.38750796652071473	0.062420952308321981
5.4945	0.3875079841957732	0.062420956566239798
5.5278	0.38750800046115419	0.062420960487062825
5.5611	0.38750801542877905	0.062420964097681303
5.5944	0.38750802920165617	0.062420967422850561
5.6277	0.38750804187459198	0.062420970485361327
5.661	0.38750805353484136	0.062420973306196163
5.6943	0.38750806426270701	0.062420975904673465
5.7276	0.38750807413209293	0.062420978298579947
5.7609	0.38750808321101216	0.062420980504292928
5.7942	0.38750809156205518	0.062420982536892516
5.8275	0.38750809924281959	0.062420984410265161
5.8608	0.38750810630630755	0.062420986137198847
5.8941	0.38750811280128905	0.062420987729470585
5.9274	0.38750811877263941	0.062420989197927663
5.9607	0.38750812426164727	0.062420990552561333
5.994	0.38750812930629952	0.062420991802575453
6.0273	0.38750813394154277	0.062420992956449727
6.0606	0.38750813819952201	0.062420994021997266
6.0939	0.38750814210980755	0.062420995006418435
6.1272	0.38750814569959358	0.06242099591634967
6.1605	0.38750814899388808	0.06242099675790902
6.1938	0.38750815201568628	0.062420997536737778
6.2271	0.38750815478612871	0.062420998258038839
6.2604	0.38750815732464616	0.06242099892661214
6.2937	0.38750815964909735	0.062420999546887276
6.327	0.38750816177588937	0.062421000122953617
6.3603	0.38750816372009428	0.062421000658587675
6.3936	0.38750816549554967	0.062421001157278985
6.4269	0.387508167114961	0.062421001622253461
6.4602	0.38750816858998477	0.062421002056494992
6.4935	0.38750816993131243	0.062421002462765607
6.5268	0.38750817114874553	0.062421002843623632
6.5601	0.38750817225126344	0.062421003201441033
6.5934	0.38750817324708575	0.06242100353841893
6.6267	0.38750817414373362	0.062421003856602021
6.66	0.3875081749480791	0.06242100415789207
6.6933	0.38750817566639684	0.062421004444060312
6.7266	0.38750817630440831	0.062421004716758911
6.7599	0.3875081768673227	0.062421004977531384
6.7932	0.38750817735987497	0.062421005227822471
6.8265	0.38750817778636137	0.062421005468987191
6.8598	0.3875081781506689	0.062421005702299408
6.8931	0.38750817845630747	0.062421005928959439
6.9264	0.38750817870643361	0.062421006150101356
6.9597	0.38750817890387679	0.062421006366799939
6.993	0.38750817905116058	0.062421006580076696
7.0263	0.38750817915052321	0.062421006790905904
7.0596	0.38750817920393588	0.062421007000219901

# DK0 = 3.55271e-15	(data set 9)
0	0.28054430897523019	0.036057744349221973
0.0333	0.28591950616081602	0.037388971065906017
0.0666	0.29116705451869579	0.038691493392446603
0.0999	0.29627631409691674	0.039961743054444908
0.1332	0.30123778489116237	0.041196574393985871
0.1665	0.30604318429454569	0.042393278485584496
0.1998	0.31068549933944006	0.043549588050991725
0.2331	0.31515901365519416	0.044663673860936885
0.2664	0.31945930994413912	0.045734133522281943
0.2997	0.32358324955355361	0.046759973698050565
0.333	0.32752893136016559	0.04774058689576078
0.3663	0.33129563266592377	0.04867572399046742
0.3996	0.33488373512131436	0.049565463629720558
0.4329	0.33829463884916322	0.050410179606920527
0.4662	0.34153066795086495	0.051210507196871473
0.4995	0.34459497045866527	0.051967309332362051
0.5328	0.34749141557671637	0.052681643372450918
0.5661	0.35022449075679862	0.053354729079875207
0.5994	0.35279920080812249	0.05398791829336673
0.6327	0.35522097086885029	0.05458266665594113
0.666	0.35749555469095368	0.055140507646230331
0.6993	0.35962894932692363	0.055663029059125589
0.7326	0.36162731696965655	0.056151851995683295
0.7659	0.36349691439462084	0.056608612350720192
0.7992	0.36524403019139468	0.057034944729363476
0.8325	0.36687492975218616	0.05743246868003004
0.8658	0.36839580780764575	0.057802777099558958
0.8991	0.36981274816304888	0.058147426644964542
0.9324	0.37113169018728315	0.058467929973915304
0.9657	0.37235840153877764	0.058765749630990925
0.999	0.373498456571902	0.059042293397541475
1.0323	0.3745572198497914	0.059298910928222461
1.0656	0.3755398341904877	0.059536891505821143
1.0989	0.37645121268861959	0.059757462756815795
1.1322	0.37729603418087071	0.059961790182371834
1.1655	0.37807874165701655	0.060150977372501045
1.1988	0.37880354315667158	0.06032606678434782
1.2321	0.37947441473290533	0.060488040978616306
1.2654	0.38009510510574823	0.060637824220702741
1.2987	0.38066914167007931	0.060776284364949987
1.332	0.38119983756235004	0.060904234951445223
1.3653	0.38169029952844913	0.061022437454874644
1.3986	0.38214343637020914	0.061131603634087685
1.4319	0.38256196778038737	0.061232397939219252
1.4652	0.3829484334052502	0.06132543994049626
1.4985	0.38330520200019169	0.061411306749263588
1.5318	0.38363448056716004	0.061490535407363565
1.5651	0.38393832338324846	0.06156362522585207
1.5984	0.38421864084773627	0.061631040058208242
1.6317	0.38447720809042779	0.061693210496755135
1.665	0.38471567329747247	0.061750535984026488
1.6983	0.38493556572222332	0.061803386833350168
1.7316	0.38513830335831561	0.061852106155029001
1.7649	0.38532520026017131	0.061897011686246395
1.7982	0.38549747350284536	0.061938397524246472
1.8315	0.38565624977858254	0.061976535763487169
1.8648	0.38580257163193332	0.062011678038380459
1.8981	0.38593740333882054	0.062044056973946458
1.9314	0.38606163643775032	0.062073887547254319
1.9647	0.38617609492353261	0.062101368362925097
1.998	0.3862815401154634	0.0621266828462574
2.0313	0.38637867521310526	0.062150000357723695
2.0646	0.38646814955354752	0.062171477232691244
2.0979	0.38655056258452708	0.062191257750264531
2.1312	0.38662646756796848	0.062209475035132723
2.1645	0.38669637502853133	0.062226251896256378
2.1978	0.38676075596157616	0.062241701606138504
2.2311	0.38682004481467946	0.062255928624318842
2.2644	0.38687464225643026	0.062269029268598314
2.2977	0.3869249177457908	0.062281092337362599
2.331	0.38697121191476819	0.062292199686218921
2.3643	0.3870138387766055	0.062302426762009221
2.3976	0.38705308777111569	0.062311843097101388
2.4309	0.38708922565818843	0.062320512766703091
2.4642	0.38712249826991768	0.062328494811787712
2.4975	0.38715313213120056	0.062335843630067153
2.5308	0.38718133595809717	0.062342609337298724
2.5641	0.38720730204266085	0.062348838101069108
2.5974	0.38723120753241769	0.062354572449060543
2.6307	0.38725321561215376	0.062359851553673275
2.664	0.38727347659516004	0.062364711494751993
2.6973	0.38729212893061415	0.062369185502045094
2.7306	0.38730930013332621	0.062373304178913479
2.7639	0.38732510764164441	0.062377095708699606
2.7972	0.38733965960892025	0.062380586045066196
2.8305	0.38735305563353434	0.062383799087522292
2.8638	0.38736538743215271	0.062386756843264189
2.8971	0.38737673946052459	0.062389479576379109
2.9304	0.38738718948582812	0.062391985945379654
2.9637	0.38739680911428187	0.062394293129968012
2.997	0.38740566427745765	0.06239641694786064
3.0303	0.38741381568047706	0.06239837196244169
3.0636	0.38742131921503725	0.062400171581957174
3.0969	0.38742822633999813	0.062401828150906398
3.1302	0.38743458443203627	0.062403353034237885
3.1635	0.38744043710870429	0.062404756694911842
3.1968	0.38744582452604009	0.062406048765345959
3.2301	0.38745078365271929	0.06240723811322367
3.2634	0.38745534852257574	0.062408332902106553
3.2967	0.38745955046718972	0.062409340647258199
3.33	0.38746341833010622	0.062410268267054862
3.3633	0.38746697866411972	0.062411122130330891
3.3966	0.38747025591296308	0.062411908099977653
3.4299	0.38747327257862008	0.062412631573091938
3.4632	0.38747604937539998	0.062413297517944534
3.4965	0.38747860537181045	0.062413910508021218
3.5298	0.38748095812119349	0.06241447475336552
3.5631	0.38748312378201483	0.062414994129438149
3.5964	0.38748511722861784	0.062415472203687324
3.6297	0.38748695215319323	0.062415912260013001
3.663	0.38748864115967102	0.062416317321289688
3.6963	0.38749019585016015	0.062416690170102741
3.7296	0.38749162690452965	0.062417033367839186
3.7629	0.38749294415367963	0.062417349272263001
3.7962	0.38749415664699305	0.0624176400536956
3.8295	0.3874952727144344	0.062417907709911458
3.8628	0.38749630002372087	0.062418154079850803
3.8961	0.3874972456329509	0.062418380856243627
3.9294	0.38749811603905393	0.062418589597231032
3.9627	0.38749891722239332	0.062418781737062834
3.996	0.38749965468782588	0.062418958595946171
4.0293	0.38750033350249907	0.062419121389110981
4.0626	0.38750095833064691	0.062419271235155754
4.0959	0.3875015334656175	0.062419409163729428
4.1292	0.38750206285936206	0.06241953612260339
4.1625	0.38750255014957485	0.062419652984181104
4.1958	0.38750299868467708	0.062419760551490545
4.2291	0.38750341154681789	0.062419859563700213
4.2624	0.38750379157304415	0.062419950701196922
4.2957	0.38750414137479011	0.062420034590259396
4.329	0.38750446335581734	0.062420111807361074
4.3623	0.38750475972872545	0.062420182883130566
4.3956	0.38750503253015417	0.062420248305996601
4.4289	0.38750528363477477	0.062420308525544414
4.4622	0.38750551476817163	0.062420363955604311
4.4955	0.38750572751869489	0.06242041497709503
4.5288	0.38750592334837558	0.062420461940641096
4.5621	0.38750610360297083	0.062420505168981524
4.5954	0.38750626952120848	0.06242054495918805
4.6287	0.38750642224330084	0.062420581584705988
4.662	0.38750656281877938	0.06242061529723316
4.6953	0.38750669221370271	0.062420646328449458
4.7286	0.38750681131730041	0.062420674891608852
4.7619	0.38750692094807776	0.062420701183004863
4.7952	0.38750702185944413	0.062420725383319192
4.8285	0.3875071147448888	0.062420747658863379
4.8618	0.38750720024274476	0.062420768162721955
4.8951	0.38750727894057807	0.06242078703580399
4.9284	0.3875073513792236	0.062420804407811635
4.9617	0.38750741805650185	0.062420820398131391
4.995	0.38750747943064023	0.062420835116654576
5.0283	0.38750753592342158	0.062420848664532375
5.0616	0.3875075879230831	0.062420861134870984
5.0949	0.38750763578698383	0.062420872613371502
5.1282	0.38750767984406148	0.062420883178918807
5.1615	0.38750772039709153	0.062420892904123851
5.1948	0.38750775772476909	0.062420901855822428
5.2281	0.38750779208362252	0.062420910095534604
5.2614	0.38750782370977865	0.062420917679887312
5.2947	0.38750785282058303	0.062420924661003838
5.328	0.38750787961609656	0.062420931086861711
5.3613	0.387507904280467	0.062420937001622656
5.3946	0.38750792698319658	0.062420942445935823
5.4279	0.38750794788030563	0.06242094745721747
5.4612	0.38750796711540747	0.062420952069907908
5.4945	0.38750798482069176	0.062420956315708077
5.5278	0.38750800111783457	0.062420960223797624
5.5611	0.38750801611883473	0.062420963821035437
5.5944	0.3875080299267849	0.062420967132143984
5.6277	0.38750804263657684	0.062420970179879437
5.661	0.3875080543355553	0.062420972985187929
5.6943	0.38750806510411884	0.062420975567349664
5.7276	0.38750807501627077	0.062420977944111375
5.7609	0.38750808414012961	0.062420980131808135
5.7942	0.38750809253839674	0.062420982145475902
5.8275	0.38750810026878518	0.062420983998954349
5.8608	0.38750810738441821	0.062420985704982695
5.8941	0.38750811393419526	0.062420987275286638
5.9274	0.38750811996312695	0.062420988720659355
5.9607	0.38750812551264319	0.06242099005103538
5.994	0.38750813062087947	0.062420991275559029
6.0273	0.38750813532293704	0.062420992402647084
6.0606	0.38750813965112785	0.062420993440047118
6.0939	0.38750814363519231	0.062420994394890024
6.1272	0.38750814730250732	0.062420995273739732
6.1605	0.38750815067827155	0.062420996082637757
6.1938	0.38750815378568049	0.062420996827145116
6.2271	0.38750815664608468	0.062420997512380352
6.2604	0.38750815927913651	0.062420998143054726
6.2937	0.38750816170292657	0.06242099872350472
6.327	0.38750816393410625	0.062420999257721689
6.3603	0.38750816598800408	0.062420999749379431
6.3936	0.38750816787872833	0.062421000201859318
6.4269	0.38750816961926693	0.062421000618273589
6.4602	0.38750817122157438	0.062421001001486828
6.4935	0.38750817269665611	0.062421001354135565
6.5268	0.38750817405464083	0.062421001678646358
6.5601	0.38750817530485321	0.062421001977252588
6.5934	0.38750817645587782	0.062421002252009805
6.6267	0.38750817751561573	0.062421002504809822
6.66	0.38750817849134045	0.062421002737393615
6.6933	0.38750817938974796	0.062421002951363665
6.7266	0.38750818021700256	0.062421003148194418
6.7599	0.38750818097877948	0.062421003329242976
6.7932	0.38750818168030104	0.062421003495758035
6.8265	0.38750818232637763	0.062421003648888841
6.8598	0.38750818292143607	0.062421003789692703
6.8931	0.38750818346955423	0.062421003919142543
6.9264	0.38750818397448461	0.062421004038133526
6.9597	0.38750818443968188	0.062421004147489134
6.993	0.38750818486832916	0.062421004247967052
7.0263	0.38750818526335551	0.062421004340264367
7.0596	0.38750818562745903	0.062421004425021943
7.0929	0.38750818596312464	0.062421004502829391
7.1262	0.38750818627264072	0.06242100457422884
7.1595	0.38750818655811486	0.062421004639718843
7.1928	0.38750818682148802	0.062421004699757664
7.2261	0.38750818706454931	0.062421004754766592
7.2594	0.38750818728894648	0.062421004805132671
7.2927	0.38750818749619759	0.062421004851211666
7.326	0.38750818768770234	0.06242100489333012
7.3593	0.38750818786475005	0.0624210049317881
7.3926	0.38750818802853049	0.062421004966860975
7.4259	0.38750818818014032	0.062421004998801308
7.4592	0.38750818832059031	0.062421005027840898
7.4925	0.38750818845081453	0.06242100505419209
7.5258	0.38750818857167413	0.062421005078049457
7.5591	0.38750818868396436	0.062421005099591108
7.5924	0.38750818878841953	0.062421005118980022
7.6257	0.38750818888571859	0.062421005136365053
7.659	0.38750818897648931	0.062421005151882092
7.6923	0.38750818906131274	0.062421005165655061
7.7256	0.3875081891407261	0.062421005177796952
7.7589	0.38750818921522778	0.0624210051884099
7.7922	0.38750818928527964	0.062421005197587046
7.8255	0.38750818935131115	0.062421005205412584
7.8588	0.38750818941372056	0.062421005211962338
7.8921	0.38750818947287957	0.06242100521730453
7.9254	0.3875081895291323	0.062421005221500417
7.9587	0.38750818958280187	0.062421005224604434
7.992	0.38750818963418998	0.062421005226664959
8.0253	0.38750818968357931	0.06242100522772439

# DK0 = 5.55112e-17	(data set 10)
0	0.28054430897522875	0.036057744349222584
0.0333	0.28591950616081446	0.03738897106590669
0.0666	0.29116705451869412	0.038691493392447311
0.0999	0.29627631409691496	0.039961743054445636
0.1332	0.3012377848911606	0.041196574393986655
0.1665	0.3060431842945438	0.042393278485585349
0.1998	0.3106854993394379	0.043549588050992627
0.2331	0.31515901365519189	0.044663673860937898
0.2664	0.31945930994413685	0.045734133522283012
0.2997	0.32358324955355122	0.046759973698051724
0.333	0.32752893136016309	0.047740586895762042
0.3663	0.33129563266592116	0.048675723990468801
0.3996	0.33488373512131142	0.049565463629722001
0.4329	0.33829463884916011	0.05041017960692204
0.4662	0.34153066795086162	0.051210507196873117
0.4995	0.34459497045866155	0.051967309332363765
0.5328	0.34749141557671259	0.052681643372452701
0.5661	0.35022449075679457	0.053354729079877129
0.5994	0.35279920080811811	0.053987918293368749
0.6327	0.35522097086884558	0.054582666655943295
0.666	0.35749555469094868	0.0551405076462326
0.6993	0.35962894932691825	0.055663029059127976
0.7326	0.36162731696965078	0.056151851995685773
0.7659	0.36349691439461485	0.056608612350722801
0.7992	0.36524403019138846	0.057034944729366203
0.8325	0.36687492975217945	0.057432468680032919
0.8658	0.36839580780763842	0.057802777099561942
0.8991	0.36981274816304111	0.058147426644967748
0.9324	0.3711316901872751	0.058467929973918753
0.9657	0.37235840153876909	0.058765749630994513
0.999	0.37349845657189296	0.059042293397545242
1.0323	0.3745572198497818	0.059298910928226416
1.0656	0.37553983419047726	0.059536891505825341
1.0989	0.37645121268860837	0.059757462756820236
1.1322	0.37729603418085922	0.059961790182376538
1.1655	0.37807874165700467	0.060150977372505979
1.1988	0.37880354315665921	0.060326066784353004
1.2321	0.37947441473289251	0.060488040978621677
1.2654	0.3800951051057348	0.060637824220708451
1.2987	0.38066914167006455	0.060776284364955975
1.332	0.38119983756233461	0.06090423495145153
1.3653	0.38169029952843253	0.061022437454881243
1.3986	0.38214343637019199	0.061131603634094638
1.4319	0.38256196778036916	0.061232397939226552
1.4652	0.3829484334052311	0.061325439940503948
1.4985	0.38330520200017132	0.061411306749271651
1.5318	0.3836344805671385	0.061490535407372024
1.5651	0.38393832338322548	0.061563625225860993
1.5984	0.38421864084771201	0.061631040058217623
1.6317	0.38447720809040259	0.061693210496765044
1.665	0.38471567329744599	0.061750535984036972
1.6983	0.38493556572219562	0.061803386833361285
1.7316	0.38513830335828636	0.061852106155040699
1.7649	0.38532520026014017	0.061897011686258753
1.7982	0.38549747350281255	0.061938397524259461
1.8315	0.38565624977854834	0.061976535763500797
1.8648	0.38580257163189741	0.062011678038394705
1.8981	0.38593740333878263	0.062044056973961433
1.9314	0.38606163643771035	0.062073887547270001
1.9647	0.38617609492349059	0.062101368362941591
1.998	0.38628154011541987	0.062126682846274733
2.0313	0.38637867521305952	0.062150000357741868
2.0646	0.3864681495534999	0.062171477232710416
2.0979	0.38655056258447679	0.062191257750284619
2.1312	0.3866264675679153	0.062209475035153831
2.1645	0.38669637502847493	0.062226251896278485
2.1978	0.38676075596151688	0.062241701606161812
2.2311	0.38682004481461685	0.06225592862434326
2.2644	0.38687464225636498	0.062269029268624078
2.2977	0.38692491774572213	0.062281092337389737
2.331	0.38697121191469602	0.062292199686247482
2.3643	0.38701383877652973	0.062302426762039377
2.3976	0.38705308777103642	0.062311843097133043
2.4309	0.38708922565810516	0.062320512766736356
2.4642	0.38712249826983042	0.062328494811822663
2.4975	0.3871531321311093	0.062335843630103832
2.5308	0.38718133595800203	0.062342609337337228
2.5641	0.3872073020425606	0.062348838101109541
2.5974	0.38723120753231255	0.06235457244910296
2.6307	0.38725321561204351	0.062359851553717878
2.664	0.38727347659504402	0.062364711494798858
2.6973	0.38729212893049242	0.062369185502094311
2.7306	0.38730930013319781	0.06237330417896516
2.7639	0.38732510764150996	0.062377095708753882
2.7972	0.38733965960877875	0.062380586045123282
2.8305	0.38735305563338579	0.062383799087582237
2.8638	0.38736538743199722	0.062386756843327194
2.8971	0.38737673946036066	0.062389479576445257
2.9304	0.38738718948565498	0.062391985945449119
2.9637	0.3873968091140999	0.062394293130041016
2.997	0.38740566427726625	0.062396416947937336
3.0303	0.38741381568027472	0.062398371962522299
3.0636	0.38742131921482514	0.062400171582041891
3.0969	0.38742822633977569	0.062401828150995417
3.1302	0.38743458443180262	0.062403353034331449
3.1635	0.38744043710845799	0.062404756695010159
3.1968	0.3874458245257813	0.062406048765449265
3.2301	0.38745078365244806	0.062407238113332188
3.2634	0.3874553485222908	0.062408332902220642
3.2967	0.38745955046689112	0.062409340647378082
3.33	0.3874634183297927	0.062410268267180859
3.3633	0.38746697866379032	0.062411122130463188
3.3966	0.38747025591261663	0.062411908100116695
3.4299	0.38747327257825598	0.06241263157323805
3.4632	0.38747604937501723	0.062413297518098182
3.4965	0.38747860537140827	0.062413910508182673
3.5298	0.38748095812077082	0.062414474753535246
3.5631	0.38748312378157074	0.062414994129616465
3.5964	0.38748511722815099	0.062415472203874688
3.6297	0.38748695215270279	0.06241591226020983
3.663	0.38748864115915616	0.062416317321496474
3.6963	0.3874901958496193	0.062416690170320019
3.7296	0.38749162690396188	0.062417033368067455
3.7629	0.3874929441530825	0.062417349272502837
3.7962	0.38749415664636488	0.062417640053947565
3.8295	0.38749527271377482	0.062417907710176149
3.8628	0.38749630002302737	0.062418154080128949
3.8961	0.38749724563222215	0.062418380856535956
3.9294	0.3874981160382881	0.062418589597538092
3.9627	0.38749891722158869	0.062418781737385499
3.996	0.3874996546869805	0.062418958596285261
4.0293	0.38750033350161067	0.062419121389467327
4.0626	0.38750095832971282	0.062419271235530156
4.0959	0.38750153346463639	0.062419409164122801
4.1292	0.38750206285833183	0.062419536123016761
4.1625	0.38750255014849222	0.062419652984615513
4.1958	0.38750299868353916	0.062419760551946958
4.2291	0.38750341154562212	0.062419859564179808
4.2624	0.38750379157178749	0.062419950701700783
4.2957	0.38750414137347045	0.062420034590788917
4.329	0.38750446335443067	0.06242011180791756
4.3623	0.38750475972726761	0.0624201828837153
4.3956	0.3875050325286219	0.062420248306611081
4.4289	0.38750528363316478	0.062420308526190169
4.4622	0.38750551476647976	0.062420363956282948
4.4955	0.38750572751691714	0.062420414977808217
4.5288	0.38750592334650719	0.06242046194139042
4.5621	0.38750610360100701	0.062420505169768971
4.5954	0.38750626951914446	0.062420544960015534
4.6287	0.38750642224113235	0.062420581585575612
4.662	0.38750656281650037	0.062420615298146978
4.6953	0.38750669221130823	0.062420646329409725
4.7286	0.38750681131478332	0.062420674892617996
4.7619	0.3875069209454326	0.062420701184065272
4.7952	0.38750702185666436	0.062420725384433468
4.8285	0.38750711474196797	0.06242074766003429
4.8618	0.38750720023967589	0.062420768163952388
4.8951	0.38750727893735326	0.062420787037097011
4.9284	0.38750735137583509	0.062420804409170416
4.9617	0.38750741805294053	0.062420820399559283
4.995	0.38750747942689756	0.062420835118155035
5.0283	0.38750753591948833	0.062420848666109065
5.0616	0.38750758791895051	0.062420861136527825
5.0949	0.38750763578264191	0.062420872615112519
5.1282	0.3875076798394988	0.062420883180748392
5.1615	0.38750772039229714	0.062420892906046445
5.1948	0.38750775771973106	0.062420901857842666
5.2281	0.38750779207832814	0.062420910097657489
5.2614	0.38750782370421527	0.06242091768211807
5.2947	0.38750785281473676	0.062420924663347949
5.328	0.38750787960995359	0.062420931089325032
5.3613	0.38750790427401111	0.062420937004211072
5.3946	0.38750792697641262	0.062420942448655786
5.4279	0.38750794787317799	0.062420947460075663
5.4612	0.38750796710791785	0.062420952072911311
5.4945	0.38750798481282084	0.062420956318864088
5.5278	0.38750800110956407	0.062420960227114082
5.5611	0.38750801611014452	0.062420963824520385
5.5944	0.38750802991765254	0.062420967135805944
5.6277	0.38750804262697958	0.062420970183727414
5.661	0.38750805432546997	0.062420972989231445
5.6943	0.3875080650935207	0.06242097557159864
5.7276	0.38750807500513401	0.062420977948576303
5.7609	0.38750808412842758	0.062420980136499993
5.7942	0.38750809252609963	0.062420982150406139
5.8275	0.38750810025586313	0.062420984004135198
5.8608	0.38750810737083985	0.062420985710426806
5.8941	0.38750811391992696	0.062420987281007555
5.9274	0.38750811994813283	0.062420988726670998
5.9607	0.38750812549688646	0.062420990057352514
5.994	0.38750813060432127	0.062420991282197143
6.0273	0.3875081353055374	0.062420992409622615
6.0606	0.38750813963284403	0.062420993447377088
6.0939	0.38750814361597979	0.062420994402592557
6.1272	0.38750814728231819	0.062420995281833716
6.1605	0.3875081506570564	0.062420996091143106
6.1938	0.38750815376338688	0.062420996836082737
6.2271	0.38750815662265747	0.062420997521772256
6.2604	0.38750815925451892	0.062420998152924033
6.2937	0.38750816167705854	0.062420998733875611
6.327	0.387508163906924	0.062420999268619701
6.3603	0.3875081659594401	0.062420999760831326
6.3936	0.38750816784871289	0.06242100021389322
6.4269	0.38750816958772616	0.062421000630919113
6.4602	0.38750817118843051	0.062421001014775046
6.4935	0.38750817266182669	0.062421001368099152
6.5268	0.387508174018041	0.062421001693319635
6.5601	0.38750817526639364	0.062421001992671657
6.5934	0.38750817641546309	0.062421002268212566
6.6267	0.38750817747314714	0.062421002521836008
6.66	0.38750817844671354	0.062421002755285206
6.6933	0.38750817934285275	0.062421002970164487
6.7266	0.38750818016772459	0.062421003167950857
6.7599	0.38750818092699602	0.062421003350003501
6.7932	0.38750818162588563	0.062421003517573716
6.8265	0.38750818226919681	0.062421003671813267
6.8598	0.38750818286134942	0.062421003813782169
6.8931	0.38750818340641308	0.062421003944456287
6.9264	0.38750818390813335	0.062421004064733762
6.9597	0.38750818436995793	0.062421004175441323
6.993	0.38750818479506133	0.062421004277339986
7.0263	0.38750818518636387	0.062421004371130226
7.0596	0.38750818554655408	0.062421004457456623
7.0929	0.38750818587810743	0.062421004536912607
7.1262	0.38750818618330202	0.062421004610044385
7.1595	0.38750818646423524	0.062421004677354779
7.1928	0.38750818672283688	0.06242100473930657
7.2261	0.38750818696088429	0.06242100479632564
7.2594	0.38750818718001218	0.062421004848804099
7.2927	0.38750818738172688	0.062421004897102776
7.326	0.38750818756741334	0.062421004941553816
7.3593	0.38750818773834733	0.062421004982462856
7.3926	0.38750818789570335	0.062421005020111338
7.4259	0.38750818804056153	0.062421005054758207
7.4592	0.38750818817391758	0.062421005086641834
7.4925	0.38750818829668732	0.062421005115981698
7.5258	0.38750818840971307	0.062421005142979546
7.5591	0.38750818851377145	0.062421005167821425
7.5924	0.38750818860957637	0.06242100519067828
7.6257	0.38750818869778569	0.062421005211707438
7.659	0.38750818877900473	0.062421005231053844
7.6923	0.38750818885379229	0.062421005248850754
7.7256	0.38750818892265826	0.062421005265220965
7.7589	0.38750818898607647	0.062421005280277331
7.7922	0.3875081890444817	0.062421005294123769
7.8255	0.38750818909827411	0.06242100530685582
7.8588	0.3875081891478227	0.062421005318561477
7.8921	0.38750818919346619	0.062421005329321724
7.9254	0.38750818923551728	0.062421005339210967
7.9587	0.38750818927426384	0.062421005348297719
7.992	0.38750818930997005	0.062421005356645021
8.0253	0.38750818934288056	0.06242100536431084
8.0586	0.38750818937321951	0.062421005371348447
8.0919	0.38750818940119391	0.062421005377806899
8.1252	0.38750818942699489	0.062421005383731291
8.1585	0.38750818945079663	0.062421005389163002
8.1918	0.38750818947276161	0.062421005394140125
8.2251	0.38750818949303883	0.062421005398697708
8.2584	0.38750818951176508	0.062421005402867963
8.2917	0.3875081895290674	0.062421005406680344
8.325	0.38750818954506244	0.062421005410161982
8.3583	0.38750818955985722	0.062421005413337817
8.3916	0.38750818957355121	0.06242100541623069
8.4249	0.38750818958623534	0.062421005418861551
8.4582	0.38750818959799443	0.062421005421249676
8.4915	0.38750818960890582	0.062421005423412633
8.5248	0.38750818961904171	0.062421005425366542
8.5581	0.3875081896284685	0.062421005427126128
8.5914	0.38750818963724765	0.062421005428704886
8.6247	0.38750818964543543	0.06242100543011514
8.658	0.38750818965308476	0.062421005431368082
8.6913	0.38750818966024392	0.06242100543247394
8.7246	0.3875081896669581	0.062421005433442013
8.7579	0.387508189673269	0.062421005434280682
8.7912	0.38750818967921524	0.06242100543499763
8.8245	0.38750818968483275	0.062421005435599773
8.8578	0.38750818969015499	0.062421005436093205
8.8911	0.38750818969521311	0.062421005436483538
8.9244	0.38750818970003637	0.062421005436775714
8.9577	0.38750818970465223	0.062421005436974125
8.991	0.38750818970908552	0.062421005437082656

# DK0 = 1.38778e-17	(data set 11)
0	0.28054430897522875	0.036057744349222584
0.0333	0.28591950616081446	0.03738897106590669
0.0666	0.29116705451869412	0.038691493392447311
0.0999	0.29627631409691496	0.039961743054445636
0.1332	0.3012377848911606	0.041196574393986655
0.1665	0.3060431842945438	0.042393278485585349
0.1998	0.3106854993394379	0.043549588050992627
0.2331	0.31515901365519189	0.044663673860937898
0.2664	0.31945930994413685	0.045734133522283012
0.2997	0.32358324955355122	0.046759973698051724
0.333	0.32752893136016309	0.047740586895762042
0.3663	0.33129563266592116	0.048675723990468801
0.3996	0.33488373512131142	0.049565463629722001
0.4329	0.33829463884916011	0.05041017960692204
0.4662	0.34153066795086162	0.051210507196873117
0.4995	0.34459497045866155	0.051967309332363765
0.5328	0.34749141557671259	0.052681643372452701
0.5661	0.35022449075679457	0.053354729079877129
0.5994	0.35279920080811811	0.053987918293368749
0.6327	0.35522097086884558	0.054582666655943295
0.666	0.35749555469094868	0.0551405076462326
0.6993	0.35962894932691825	0.055663029059127976
0.7326	0.36162731696965078	0.056151851995685773
0.7659	0.36349691439461485	0.056608612350722801
0.7992	0.36524403019138846	0.057034944729366203
0.8325	0.36687492975217945	0.057432468680032919
0.8658	0.36839580780763842	0.057802777099561942
0.8991	0.36981274816304111	0.058147426644967748
0.9324	0.3711316901872751	0.058467929973918753
0.9657	0.37235840153876909	0.058765749630994513
0.999	0.37349845657189296	0.059042293397545242
1.0323	0.3745572198497818	0.059298910928226416
1.0656	0.37553983419047726	0.059536891505825341
1.0989	0.37645121268860837	0.059757462756820236
1.1322	0.37729603418085922	0.059961790182376538
1.1655	0.37807874165700467	0.060150977372505979
1.1988	0.37880354315665921	0.060326066784353004
1.2321	0.37947441473289251	0.060488040978621677
1.2654	0.3800951051057348	0.060637824220708451
1.2987	0.38066914167006455	0.060776284364955975
1.332	0.38119983756233461	0.06090423495145153
1.3653	0.38169029952843253	0.061022437454881243
1.3986	0.38214343637019199	0.061131603634094638
1.4319	0.38256196778036916	0.061232397939226552
1.4652	0.3829484334052311	0.061325439940503948
1.4985	0.38330520200017132	0.061411306749271651
1.5318	0.3836344805671385	0.061490535407372024
1.5651	0.38393832338322548	0.061563625225860993
1.5984	0.38421864084771201	0.061631040058217623
1.6317	0.38447720809040259	0.061693210496765044
1.665	0.38471567329744599	0.061750535984036972
1.6983	0.38493556572219562	0.061803386833361285
1.7316	0.38513830335828636	0.061852106155040699
1.7649	0.38532520026014017	0.061897011686258753
1.7982	0.38549747350281255	0.061938397524259461
1.8315	0.38565624977854834	0.061976535763500797
1.8648	0.38580257163189741	0.062011678038394705
1.8981	0.38593740333878263	0.062044056973961433
1.9314	0.38606163643771035	0.062073887547270001
1.9647	0.38617609492349059	0.062101368362941591
1.998	0.38628154011541987	0.062126682846274733
2.0313	0.38637867521305952	0.062150000357741868
2.0646	0.3864681495534999	0.062171477232710416
2.0979	0.38655056258447679	0.062191257750284619
2.1312	0.3866264675679153	0.062209475035153831
2.1645	0.38669637502847493	0.062226251896278485
2.1978	0.38676075596151688	0.062241701606161812
2.2311	0.38682004481461685	0.06225592862434326
2.2644	0.38687464225636498	0.062269029268624078
2.2977	0.38692491774572213	0.062281092337389737
2.331	0.38697121191469602	0.062292199686247482
2.3643	0.38701383877652973	0.062302426762039377
2.3976	0.38705308777103642	0.062311843097133043
2.4309	0.38708922565810516	0.062320512766736356
2.4642	0.38712249826983042	0.062328494811822663
2.4975	0.3871531321311093	0.062335843630103832
2.5308	0.38718133595800203	0.062342609337337228
2.5641	0.3872073020425606	0.062348838101109541
2.5974	0.38723120753231255	0.06235457244910296
2.6307	0.38725321561204351	0.062359851553717878
2.664	0.38727347659504402	0.062364711494798858
2.6973	0.38729212893049242	0.062369185502094311
2.7306	0.38730930013319781	0.06237330417896516
2.7639	0.38732510764150996	0.062377095708753882
2.7972	0.38733965960877875	0.062380586045123282
2.8305	0.38735305563338579	0.062383799087582237
2.8638	0.38736538743199722	0.062386756843327194
2.8971	0.38737673946036066	0.062389479576445257
2.9304	0.38738718948565498	0.062391985945449119
2.9637	0.3873968091140999	0.062394293130041016
2.997	0.38740566427726625	0.062396416947937336
3.0303	0.38741381568027472	0.062398371962522299
3.0636	0.38742131921482514	0.062400171582041891
3.0969	0.38742822633977569	0.062401828150995417
3.1302	0.38743458443180262	0.062403353034331449
3.1635	0.38744043710845799	0.062404756695010159
3.1968	0.3874458245257813	0.062406048765449265
3.2301	0.38745078365244806	0.062407238113332188
3.2634	0.3874553485222908	0.062408332902220642
3.2967	0.38745955046689112	0.062409340647378082
3.33	0.3874634183297927	0.062410268267180859
3.3633	0.38746697866379032	0.062411122130463188
3.3966	0.38747025591261663	0.062411908100116695
3.4299	0.38747327257825598	0.06241263157323805
3.4632	0.38747604937501723	0.062413297518098182
3.4965	0.38747860537140827	0.062413910508182673
3.5298	0.38748095812077082	0.062414474753535246
3.5631	0.38748312378157074	0.062414994129616465
3.5964	0.38748511722815099	0.062415472203874688
3.6297	0.38748695215270279	0.06241591226020983
3.663	0.38748864115915616	0.062416317321496474
3.6963	0.3874901958496193	0.062416690170320019
3.7296	0.38749162690396188	0.062417033368067455
3.7629	0.3874929441530825	0.062417349272502837
3.7962	0.38749415664636488	0.062417640053947565
3.8295	0.38749527271377482	0.062417907710176149
3.8628	0.38749630002302737	0.062418154080128949
3.8961	0.38749724563222215	0.062418380856535956
3.9294	0.3874981160382881	0.062418589597538092
3.9627	0.38749891722158869	0.062418781737385499
3.996	0.3874996546869805	0.062418958596285261
4.0293	0.38750033350161067	0.062419121389467327
4.0626	0.38750095832971282	0.062419271235530156
4.0959	0.38750153346463639	0.062419409164122801
4.1292	0.38750206285833183	0.062419536123016761
4.1625	0.38750255014849222	0.062419652984615513
4.1958	0.38750299868353916	0.062419760551946958
4.2291	0.38750341154562212	0.062419859564179808
4.2624	0.38750379157178749	0.062419950701700783
4.2957	0.38750414137347045	0.062420034590788917
4.329	0.38750446335443067	0.06242011180791756
4.3623	0.38750475972726761	0.0624201828837153
4.3956	0.3875050325286219	0.062420248306611081
4.4289	0.38750528363316478	0.062420308526190169
4.4622	0.38750551476647976	0.062420363956282948
4.4955	0.38750572751691714	0.062420414977808217
4.5288	0.38750592334650719	0.06242046194139042
4.5621	0.38750610360100701	0.062420505169768971
4.5954	0.38750626951914446	0.062420544960015534
4.6287	0.38750642224113235	0.062420581585575612
4.662	0.38750656281650037	0.062420615298146978
4.6953	0.38750669221130823	0.062420646329409725
4.7286	0.38750681131478332	0.062420674892617996
4.7619	0.3875069209454326	0.062420701184065272
4.7952	0.38750702185666436	0.062420725384433468
4.8285	0.38750711474196797	0.06242074766003429
4.8618	0.38750720023967589	0.062420768163952388
4.8951	0.38750727893735326	0.062420787037097011
4.9284	0.38750735137583509	0.062420804409170416
4.9617	0.38750741805294053	0.062420820399559283
4.995	0.38750747942689756	0.062420835118155035
5.0283	0.38750753591948833	0.062420848666109065
5.0616	0.38750758791895051	0.062420861136527825
5.0949	0.38750763578264191	0.062420872615112519
5.1282	0.3875076798394988	0.062420883180748392
5.1615	0.38750772039229714	0.062420892906046445
5.1948	0.38750775771973106	0.062420901857842666
5.2281	0.38750779207832814	0.062420910097657489
5.2614	0.38750782370421527	0.06242091768211807
5.2947	0.38750785281473676	0.062420924663347949
5.328	0.38750787960995359	0.062420931089325032
5.3613	0.38750790427401111	0.062420937004211072
5.3946	0.38750792697641262	0.062420942448655786
5.4279	0.38750794787317799	0.062420947460075663
5.4612	0.38750796710791785	0.062420952072911311
5.4945	0.38750798481282084	0.062420956318864088
5.5278	0.38750800110956407	0.062420960227114082
5.5611	0.38750801611014452	0.062420963824520385
5.5944	0.38750802991765254	0.062420967135805944
5.6277	0.38750804262697958	0.062420970183727414
5.661	0.38750805432546997	0.062420972989231445
5.6943	0.3875080650935207	0.06242097557159864
5.7276	0.38750807500513401	0.062420977948576303
5.7609	0.38750808412842758	0.062420980136499993
5.7942	0.38750809252609963	0.062420982150406139
5.8275	0.38750810025586313	0.062420984004135198
5.8608	0.38750810737083985	0.062420985710426806
5.8941	0.38750811391992696	0.062420987281007555
5.9274	0.38750811994813283	0.062420988726670998
5.9607	0.38750812549688646	0.062420990057352514
5.994	0.38750813060432127	0.062420991282197143
6.0273	0.3875081353055374	0.062420992409622615
6.0606	0.38750813963284403	0.062420993447377088
6.0939	0.38750814361597979	0.062420994402592557
6.1272	0.38750814728231819	0.062420995281833716
6.1605	0.3875081506570564	0.062420996091143106
6.1938	0.38750815376338688	0.062420996836082737
6.2271	0.38750815662265747	0.062420997521772256
6.2604	0.38750815925451892	0.062420998152924033
6.2937	0.38750816167705854	0.062420998733875611
6.327	0.387508163906924	0.062420999268619701
6.3603	0.3875081659594401	0.062420999760831326
6.3936	0.38750816784871289	0.06242100021389322
6.4269	0.38750816958772616	0.062421000630919113
6.4602	0.38750817118843051	0.062421001014775046
6.4935	0.38750817266182669	0.062421001368099152
6.5268	0.387508174018041	0.062421001693319635
6.5601	0.38750817526639364	0.062421001992671657
6.5934	0.38750817641546309	0.062421002268212566
6.6267	0.38750817747314714	0.062421002521836008
6.66	0.38750817844671354	0.062421002755285206
6.6933	0.38750817934285275	0.062421002970164487
6.7266	0.38750818016772459	0.062421003167950857
6.7599	0.38750818092699602	0.062421003350003501
6.7932	0.38750818162588563	0.062421003517573716
6.8265	0.38750818226919681	0.062421003671813267
6.8598	0.38750818286134942	0.062421003813782169
6.8931	0.38750818340641308	0.062421003944456287
6.9264	0.38750818390813335	0.062421004064733762
6.9597	0.38750818436995793	0.062421004175441323
6.993	0.38750818479506133	0.062421004277339986
7.0263	0.38750818518636387	0.062421004371130226
7.0596	0.38750818554655408	0.062421004457456623
7.0929	0.38750818587810743	0.062421004536912607
7.1262	0.38750818618330202	0.062421004610044385
7.1595	0.38750818646423524	0.062421004677354779
7.1928	0.38750818672283688	0.06242100473930657
7.2261	0.38750818696088429	0.06242100479632564
7.2594	0.38750818718001218	0.062421004848804099
7.2927	0.38750818738172688	0.062421004897102776
7.326	0.38750818756741334	0.062421004941553816
7.3593	0.38750818773834733	0.062421004982462856
7.3926	0.38750818789570335	0.062421005020111338
7.4259	0.38750818804056153	0.062421005054758207
7.4592	0.38750818817391758	0.062421005086641834
7.4925	0.38750818829668732	0.062421005115981698
7.5258	0.38750818840971307	0.062421005142979546
7.5591	0.38750818851377145	0.062421005167821425
7.5924	0.38750818860957637	0.06242100519067828
7.6257	0.38750818869778569	0.062421005211707438
7.659	0.38750818877900473	0.062421005231053844
7.6923	0.38750818885379229	0.062421005248850754
7.7256	0.38750818892265826	0.062421005265220965
7.7589	0.38750818898607647	0.062421005280277331
7.7922	0.3875081890444817	0.062421005294123769
7.8255	0.38750818909827411	0.06242100530685582
7.8588	0.3875081891478227	0.062421005318561477
7.8921	0.38750818919346619	0.062421005329321724
7.9254	0.38750818923551728	0.062421005339210967
7.9587	0.38750818927426384	0.062421005348297719
7.992	0.38750818930997005	0.062421005356645021
8.0253	0.38750818934288056	0.06242100536431084
8.0586	0.38750818937321951	0.062421005371348447
8.0919	0.38750818940119391	0.062421005377806899
8.1252	0.38750818942699489	0.062421005383731291
8.1585	0.38750818945079663	0.062421005389163002
8.1918	0.38750818947276161	0.062421005394140125
8.2251	0.38750818949303883	0.062421005398697708
8.2584	0.38750818951176508	0.062421005402867963
8.2917	0.3875081895290674	0.062421005406680344
8.325	0.38750818954506244	0.062421005410161982
8.3583	0.38750818955985722	0.062421005413337817
8.3916	0.38750818957355121	0.06242100541623069
8.4249	0.38750818958623534	0.062421005418861551
8.4582	0.38750818959799443	0.062421005421249676
8.4915	0.38750818960890582	0.062421005423412633
8.5248	0.38750818961904171	0.062421005425366542
8.5581	0.3875081896284685	0.062421005427126128
8.5914	0.38750818963724765	0.062421005428704886
8.6247	0.38750818964543543	0.06242100543011514
8.658	0.38750818965308476	0.062421005431368082
8.6913	0.38750818966024392	0.06242100543247394
8.7246	0.3875081896669581	0.062421005433442013
8.7579	0.387508189673269	0.062421005434280682
8.7912	0.38750818967921524	0.06242100543499763
8.8245	0.38750818968483275	0.062421005435599773
8.8578	0.38750818969015499	0.062421005436093205
8.8911	0.38750818969521311	0.062421005436483538
8.9244	0.38750818970003637	0.062421005436775714
8.9577	0.38750818970465223	0.062421005436974125
8.991	0.38750818970908552	0.062421005437082656

