0.00120673408479773
-0.0126061525392927
0.0382298396193444
-0.0449709473723542
0.0231844768884579
-0.00476097415370813
-0.000841338800841999
0.00805391043840071
-0.0215426453874764
0.0221989923024447
-0.00972810221599954
0.0014345549584231
0.000194561608318754
-0.00180688452961725
0.00456062720160694
-0.00424504943631106
0.00154591027212502
-0.000164425646756456
-1.47852368829067e-05
0.000126867589339339
-0.000267739403505057
0.000152633572601404
1.71039522564236e-05
-2.27420415331646e-05
5.22077062736666e-07
-4.16773389473999e-06
7.07017493445762e-06
-1.78946409468883e-07
-4.79259212839344e-06
1.92189668959333e-06
-6.97627915268333e-09
5.19247562282404e-08
-6.51831746916322e-08
-6.32199888822147e-08
1.18516241437886e-07
-4.08341076950598e-08
