# Filename: 3Dvlt_macro_cp_P07.328_DK05e-07_i47.dat
# Source: 3Dvlt_macro_cp.c
# Source version: 7 (2011 Oct 20 - ...)
# Constant values: PI= 3.141592653589793116, PISQ=9.8696044010893579923, PICU=31.0062766802998162063, B=41.3417022403997549418, THETA=0.6, R=8.31447
# Parameter values: N=3, Kthresh=5, DK0=5e-07, dl=0.0001
# Parameter values: P=7.328, Cc=0.905918, K0c=0.335619, Tc=2.095
T/Tc	1-T/Tc	l	K	y	e	Kr	Kr/K0	cp
       0.99999999	            1e-08	 14.2602999999801	 5.00020275743748	6.75049171048971e-06	-0.0576624675770808	3.20492606378141e-06	9.5492910584447e-06	 47225487.8754375	 47225472.6070103	 13.1643265959183	0.846940940711324	0.0162502268542382	0.946657185337193	-0.0104613681867866	0.304713572656883	                0	6.92023415814042e-310	6.95314360825596e-310	                0	4.94065645841247e-324	6.92023415117765e-310	                0	6.92023404975872e-310	2.04109034286664e-314	6.92023415814042e-310	6.95315992907381e-310	6.92023415117765e-310	6.95315992907184e-310	6.92023415818271e-310	                0	6.92023404975872e-310
0.999999985081753	1.49182469764127e-08	 13.9915999999807	 5.00007881826759	6.74977018727962e-06	-0.0576624659931847	4.19278098754455e-06	1.2492670657812e-05	  20809802.551233	  20809793.323422	 7.12371053294451	0.846940894338477	0.0162502255333654	0.946657135821045	-0.0104613676871067	0.304713566932148	                0	6.92023415814042e-310	6.95314360825596e-310	                0	4.94065645841247e-324	6.92023415117765e-310	                0	6.92023404975872e-310	2.04109034286664e-314	6.92023415814042e-310	6.95315992907381e-310	6.92023415117765e-310	6.95315992907184e-310	6.92023415818271e-310	                0	6.92023404975872e-310
0.999999977744591	2.22554092849247e-08	 13.7229999999814	 5.00045479537203	6.75195951320425e-06	-0.0576624636302908	5.48512249034567e-06	1.63432882591384e-05	 9111541.40706131	 9111534.85435481	 4.44860620335309	0.846940825158342	0.0162502235628552	0.946657061951662	-0.0104613669416718	0.304713558391847	                0	6.92023415814042e-310	6.95314360825596e-310	                0	4.94065645841247e-324	6.92023415117765e-310	                0	6.92023404975872e-310	2.04109034286664e-314	6.92023415814042e-310	6.95315992907381e-310	6.92023415117765e-310	6.95315992907184e-310	6.92023415818271e-310	                0	6.92023404975872e-310
0.999999966798831	3.32011692273655e-08	  13.454299999982	 5.00033146708794	6.75124119106596e-06	-0.0576624601052673	7.17580364493858e-06	2.13807852756155e-05	 3948395.05436741	 3948389.68234623	 3.26792110084741	0.846940721953713	0.0162502206231998	0.946656951751492	-0.0104613658296138	0.304713545651215	                0	6.92023415814042e-310	6.95314360825596e-310	                0	4.94065645841247e-324	6.92023415117765e-310	                0	6.92023404975872e-310	2.04109034286664e-314	6.92023415814042e-310	6.95315992907381e-310	6.92023415117765e-310	6.95315992907184e-310	6.92023415818271e-310	                0	6.92023404975872e-310
0.999999950469676	4.95303242439512e-08	 13.1855999999826	 5.00020811901791	6.75052292736894e-06	-0.0576624548465554	9.38760397899333e-06	2.79709913455404e-05	 1685170.37532503	  1685165.5208492	 2.75037609167815	0.846940567990592	0.0162502162377515	0.946656787352262	-0.0104613641706183	0.304713526644427	                0	6.92023415814042e-310	6.95314360825596e-310	                0	4.94065645841247e-324	6.92023415117765e-310	                0	6.92023404975872e-310	2.04109034286664e-314	6.92023415814042e-310	6.95315992907381e-310	6.92023415117765e-310	6.95315992907184e-310	6.92023415818271e-310	                0	6.92023404975872e-310
0.999999926109439	7.38905609893065e-08	 12.9168999999832	 5.00008490552295	6.74980562068509e-06	-0.0576624470014832	1.22811485856145e-05	3.65924993429715e-05	 702748.923486042	 702744.293668322	 2.52571849394352	0.846940338304701	0.0162502096954344	0.946656542097533	-0.0104613616956883	0.304713498289632	                0	6.92023415814042e-310	6.95314360825596e-310	                0	4.94065645841247e-324	6.92023415117765e-310	                0	6.92023404975872e-310	2.04109034286664e-314	6.92023415814042e-310	6.95315992907381e-310	6.92023415117765e-310	6.95315992907184e-310	6.92023415818271e-310	                0	6.92023404975872e-310
0.999999889768236	1.10231763806416e-07	 12.6482999999839	 5.00046120962886	6.75199687758497e-06	-0.0576624352980218	1.60665698765031e-05	4.7871412204297e-05	 282868.565859204	 282864.032061604	 2.42969913027921	 0.84693999565386	0.0162501999354514	0.946656176220732	-0.0104613580035274	 0.30471345598925	                0	6.92023415814042e-310	6.95314360825596e-310	                0	4.94065645841247e-324	6.92023415117765e-310	                0	6.92023404975872e-310	2.04109034286664e-314	6.92023415814042e-310	6.95315992907381e-310	6.92023415117765e-310	6.95315992907184e-310	6.92023415818271e-310	                0	6.92023404975872e-310
0.999999835553532	1.64446467710971e-07	 12.3795999999845	 5.00033822908434	6.75128057156895e-06	-0.0576624178385348	2.10187755890077e-05	6.26268346905695e-05	 107647.447377106	 107642.953653977	 2.38962578816887	0.846939484479428	0.0162501853752841	0.946655630397284	-0.0104613524954727	0.304713392884503	                0	6.92023415814042e-310	6.95314360825596e-310	                0	4.94065645841247e-324	6.92023415117765e-310	                0	6.92023404975872e-310	2.04109034286664e-314	6.92023415814042e-310	6.95315992907381e-310	6.92023415117765e-310	6.95315992907184e-310	6.92023415818271e-310	                0	6.92023404975872e-310
0.999999754674698	2.45325301971094e-07	 12.1108999999851	 5.00021527651065	6.75056460105033e-06	-0.0576623917920989	2.74974019259252e-05	8.19303245454604e-05	 37474.9012247969	  37470.423556912	 2.37357222881104	0.846938721898034	0.0162501636541032	0.946654816125727	-0.0104613442784251	0.304713298743297	                0	6.92023415814042e-310	6.95314360825596e-310	                0	4.94065645841247e-324	6.92023415117765e-310	                0	6.92023404975872e-310	2.04109034286664e-314	6.92023415814042e-310	6.95315992907381e-310	6.92023415117765e-310	6.95315992907184e-310	6.92023415818271e-310	                0	6.92023404975872e-310
0.999999634017656	3.6598234443678e-07	 11.8421999999857	 5.00009244932992	6.74984953294714e-06	-0.0576623529355086	3.59729389553917e-05	0.0001071837337869	 11281.5245229795	 11277.0528574957	 2.36757234065516	0.846937584263007	0.0162501312499895	 0.94665360137825	-0.0104613320200407	0.304713158301152	                0	6.92023415814042e-310	6.95314360825596e-310	                0	4.94065645841247e-324	6.92023415117765e-310	                0	6.92023404975872e-310	2.04109034286664e-314	6.92023415814042e-310	6.95315992907381e-310	6.92023415117765e-310	6.95315992907184e-310	6.92023415818271e-310	                0	6.92023404975872e-310
  0.9999994540185	5.45981500331442e-07	 11.5735999999864	 5.00046910773438	6.75204288595807e-06	-0.0576622949685564	4.70608896428236e-05	0.000140220985712646	 2695.53669815764	 2691.06701475423	 2.36559400914133	 0.84693588711688	0.0162500829089078	0.946651789194317	-0.0104613137327024	0.304712948786162	                0	6.92023415814042e-310	6.95314360825596e-310	                0	4.94065645841247e-324	6.92023415117765e-310	                0	6.92023404975872e-310	2.04109034286664e-314	6.92023415814042e-310	6.95315992907381e-310	6.92023415117765e-310	6.95315992907184e-310	6.92023415818271e-310	                0	6.92023404975872e-310
0.999999185491313	8.14508686649681e-07	  11.304899999987	 5.00034667441156	6.75132975543973e-06	-0.0576622084926074	6.15664945482438e-05	0.000183441331002759	 534.833505376335	 530.364343675675	 2.36507789905861	0.846933355285278	0.0162500107928738	0.946649085747445	-0.0104612864512492	 0.30471263622668	                0	6.92023415814042e-310	6.95314360825596e-310	                0	4.94065645841247e-324	6.92023415117765e-310	                0	6.92023404975872e-310	2.04109034286664e-314	6.92023415814042e-310	6.95315992907381e-310	6.92023415117765e-310	6.95315992907184e-310	6.92023415818271e-310	                0	6.92023404975872e-310
0.999998784895825	1.21510417518735e-06	 11.0361999999876	 5.00022458682809	6.75061880873587e-06	-0.0576620794869092	8.05431758630848e-05	0.000239983477590294	 245.558777446352	 241.089722582889	 2.36497940508947	0.846929578264534	0.0162499032092412	0.946645052708903	-0.0104612457522141	0.304712169943071	                0	6.92023415814042e-310	6.95314360825596e-310	                0	4.94065645841247e-324	6.92023415117765e-310	                0	6.92023404975872e-310	2.04109034286664e-314	6.92023415814042e-310	6.95315992907381e-310	6.92023415117765e-310	6.95315992907184e-310	6.92023415818271e-310	                0	6.92023404975872e-310
0.999998187277581	1.81272241875151e-06	 10.7674999999882	   5.000103017627	6.74991104896137e-06	-0.0576618870357411	0.000105369063065911	0.000313953588272723	 232.434215178487	  227.96522315541	 2.36492901120594	0.846923943673208	0.0162497427151853	0.946639036188435	-0.0104611850366347	0.304711474330436	                0	6.92023415814042e-310	6.95314360825596e-310	                0	4.94065645841247e-324	6.92023415117765e-310	                0	6.92023404975872e-310	2.04109034286664e-314	6.92023415814042e-310	6.95315992907381e-310	6.92023415117765e-310	6.95315992907184e-310	6.92023415818271e-310	                0	6.92023404975872e-310
0.999997295735926	2.70426407426153e-06	 10.4988999999889	 5.00048154853523	6.75211535267692e-06	-0.0576615999381801	0.00013784705528103	0.000410723392571153	 224.681283750896	 220.212381361501	 2.36485794524233	0.846915537984552	0.0162495032902797	0.946630060738184	-0.0104610944601817	0.304710436600036	                0	6.92023415814042e-310	6.95314360825596e-310	                0	4.94065645841247e-324	6.92023415117765e-310	                0	6.92023404975872e-310	2.04109034286664e-314	6.92023415814042e-310	6.95315992907381e-310	6.92023415117765e-310	6.95315992907184e-310	6.92023415818271e-310	                0	6.92023404975872e-310
0.999995965712065	4.03428793492735e-06	 10.2301999999895	 5.00036189407354	6.75141838337079e-06	-0.0576611716515232	0.000180335832126133	 0.00053732048254	 217.327095427995	 212.858323485825	  2.3647551971815	0.846902998462148	0.0162491461192747	0.946616671252267	-0.0104609593372118	0.304708888492005	                0	6.92023415814042e-310	6.95314360825596e-310	                0	4.94065645841247e-324	6.92023415117765e-310	                0	6.92023404975872e-310	2.04109034286664e-314	6.92023415814042e-310	6.95315992907381e-310	6.92023415117765e-310	6.95315992907184e-310	6.92023415818271e-310	                0	6.92023404975872e-310
0.999993981549621	6.01845037872082e-06	 9.96149999999012	 5.00024395426817	6.75073155567053e-06	-0.0576605327499261	0.000235921060595991	0.000702938318483059	  210.03932492094	 205.570743012964	 2.36460648394527	 0.84688429232747	0.0162486133024647	0.946596697165878	-0.0104607577601423	0.304706578994683	                0	6.92023415814042e-310	6.95314360825596e-310	                0	4.94065645841247e-324	6.92023415117765e-310	                0	6.92023404975872e-310	2.04109034286664e-314	6.92023415814042e-310	6.95315992907381e-310	6.92023415117765e-310	6.95315992907184e-310	6.92023415818271e-310	                0	6.92023404975872e-310
0.999991021527084	8.97847291650418e-06	 9.69279999999075	 5.00012856930031	6.75005974808862e-06	-0.0576595796786713	0.000308639578638686	0.000919603971274083	 202.812427772123	 198.344122702675	  2.3643912861321	0.846856387433649	0.0162478184764472	  0.9465669008064	-0.0104604570485323	  0.3047031336484	                0	6.92023415814042e-310	6.95314360825596e-310	                0	4.94065645841247e-324	6.92023415117765e-310	                0	6.92023404975872e-310	2.04109034286664e-314	6.92023415814042e-310	6.95315992907381e-310	6.92023415117765e-310	6.95315992907184e-310	6.92023415818271e-310	                0	6.92023404975872e-310
0.999986605692356	1.33943076439442e-05	 9.42409999999138	 5.00001699586431	6.74941025374766e-06	-0.0576581579874669	0.000403772608629256	0.00120305132725565	 195.533858300661	 191.065956332505	 2.36408013565235	 0.84681476122298	0.0162466328302556	0.946522453065792	-0.0104600084529689	0.304697993837694	                0	6.92023415814042e-310	6.95314360825596e-310	                0	4.94065645841247e-324	6.92023415117765e-310	                0	6.92023404975872e-310	2.04109034286664e-314	6.92023415814042e-310	6.95315992907381e-310	6.92023415117765e-310	6.95315992907184e-310	6.92023415818271e-310	                0	6.92023404975872e-310
0.999980018041049	1.99819589510412e-05	   9.155499999992	 5.00041042270669	6.75170086177751e-06	-0.0576560373384798	0.000528229343231379	0.00157386314095038	 188.280255969738	 183.812940581813	 2.36363071617884	0.846752668726933	0.0162448642620587	0.946456151779494	-0.0104593392569461	0.304690326234554	                0	6.92023415814042e-310	6.95314360825596e-310	                0	4.94065645841247e-324	6.92023415117765e-310	                0	6.92023404975872e-310	2.04109034286664e-314	6.92023415814042e-310	6.95315992907381e-310	6.92023415117765e-310	6.95315992907184e-310	6.92023415818271e-310	                0	6.92023404975872e-310
 0.99997019042013	2.98095798704173e-05	 8.88679999999263	 5.00031299469128	6.75113325483136e-06	-0.0576528742673202	0.000691049231093097	0.0020589659367386	 180.939233643044	 176.472771195925	 2.36298236538241	0.846660051741407	0.0162422263244468	0.946357256948634	-0.0104583410003725	 0.30467888772271	                0	6.92023415814042e-310	6.95314360825596e-310	                0	4.94065645841247e-324	6.92023415117765e-310	                0	6.92023404975872e-310	2.04109034286664e-314	6.92023415814042e-310	6.95315992907381e-310	6.92023415117765e-310	6.95315992907184e-310	6.92023415818271e-310	                0	6.92023404975872e-310
0.999955529332523	4.44706674769986e-05	 8.61809999999325	 5.00022820406859	6.75063917101221e-06	-0.0576481567229656	0.000904058535700845	0.0026935829673701	 173.584183681446	 169.118960416044	 2.36204833151262	0.846521914079222	0.0162382919833693	0.946209755820735	-0.0104568519247295	0.304661823930908	                0	6.92023415814042e-310	6.95314360825596e-310	                0	4.94065645841247e-324	6.92023415117765e-310	                0	6.92023404975872e-310	2.04109034286664e-314	6.92023415814042e-310	6.95315992907381e-310	6.92023415117765e-310	6.95315992907184e-310	6.92023415818271e-310	                0	6.92023404975872e-310
0.999933657559937	6.63424400627789e-05	 8.34939999999388	 5.00016225742606	6.7502545485098e-06	-0.057641121528891	0.00118273037461692	0.00352379031274008	 166.176773331797	 161.713348743433	 2.36070474172349	0.846315903285568	0.0162324248251293	 0.94598978056947	-0.0104546308146302	0.304636368774562	                0	6.92023415814042e-310	6.95314360825596e-310	                0	4.94065645841247e-324	6.92023415117765e-310	                0	6.92023404975872e-310	2.04109034286664e-314	6.92023415814042e-310	6.95315992907381e-310	6.92023415117765e-310	6.95315992907184e-310	6.92023415818271e-310	                0	6.92023404975872e-310
0.999901028709413	9.89712905874393e-05	 8.08069999999451	 5.00012440979403	6.75003291193323e-06	-0.0576306316640218	0.00154731020688708	0.00460985776437635	 158.702948676315	 154.242132227687	 2.35877520986605	0.846008714954185	0.0162236768456396	0.945661768568803	-0.0104513180414282	0.304598396435281	                0	6.92023415814042e-310	6.95314360825596e-310	                0	4.94065645841247e-324	6.92023415117765e-310	                0	6.92023404975872e-310	2.04109034286664e-314	6.92023415814042e-310	6.95315992907381e-310	6.92023415117765e-310	6.95315992907184e-310	6.92023415818271e-310	                0	6.92023404975872e-310
0.999852352184344	0.000147647815655773	 7.81199999999513	 5.00012845715422	6.75005393197337e-06	-0.0576149940524962	0.00202428971807308	0.00603061580902362	 151.210157652599	 146.753118831904	 2.35600929221282	0.845550754374086	0.0162106368789201	 0.94517276136486	-0.0104463775970673	0.304541753461873	                0	6.92023415814042e-310	6.95314360825596e-310	                0	4.94065645841247e-324	6.92023415117765e-310	                0	6.92023404975872e-310	2.04109034286664e-314	6.92023415814042e-310	6.95315992907381e-310	6.92023415117765e-310	6.95315992907184e-310	6.92023415818271e-310	                0	6.92023404975872e-310
0.999779735342052	0.000220264657948067	 7.54329999999576	 5.00019496185289	6.75043615010869e-06	-0.0575916895348811	0.00264833776058316	0.00788916106294624	 143.664225368366	 139.212651260894	 2.35205246247683	0.844868228040935	0.0161912064612274	0.944443958019229	-0.010439010952195	0.304457263425871	                0	6.92023415814042e-310	6.95314360825596e-310	                0	4.94065645841247e-324	6.92023415117765e-310	                0	6.92023404975872e-310	2.04109034286664e-314	6.92023415814042e-310	6.95315992907381e-310	6.92023415117765e-310	6.95315992907184e-310	6.92023415818271e-310	                0	6.92023404975872e-310
0.999671403743256	0.000328596256744433	 7.27459999999638	 5.00035456436573	6.75135584922943e-06	-0.057556973745735	0.00346483184463987	0.0103203054497373	  136.06400579611	 131.620325740085	 2.34640486784901	0.843851464404383	0.0161622697757136	0.943358238919655	-0.0104280292887244	0.304331244365065	                0	6.92023415814042e-310	6.95314360825596e-310	                0	4.94065645841247e-324	6.92023415117765e-310	                0	6.92023404975872e-310	2.04109034286664e-314	6.92023415814042e-310	6.95315992907381e-310	6.92023415117765e-310	6.95315992907184e-310	6.92023415818271e-310	                0	6.92023404975872e-310
0.999509791988636	0.000490208011363818	 7.00579999999701	 5.00015356907291	6.75016657938779e-06	-0.0575052893200907	0.00453318101901225	0.0135002942633938	 128.422903513011	 123.990608230209	 2.33836486988201	0.842337744739113	0.0161192106464262	0.941741819835348	-0.0104116645395461	0.304143302239218	                0	6.92023415814042e-310	6.95314360825596e-310	                0	4.94065645841247e-324	6.92023415117765e-310	                0	6.92023404975872e-310	2.04109034286664e-314	6.92023415814042e-310	6.95315992907381e-310	6.92023415117765e-310	6.95315992907184e-310	6.92023415818271e-310	                0	6.92023404975872e-310
0.999268695581666	0.000731304418334156	 6.73699999999764	  5.0001592513235	6.75016275980679e-06	-0.0574284045687819	0.00593119103061933	0.0176594557269069	 120.772108461515	 116.356200780922	 2.32695302651866	0.840086232316977	0.0160552123007004	0.939337449944288	-0.010387291146472	0.303863050659573	                0	6.92023415814042e-310	6.95314360825596e-310	                0	4.94065645841247e-324	6.92023415117765e-310	                0	6.92023404975872e-310	2.04109034286664e-314	6.92023415814042e-310	6.95315992907381e-310	6.92023415117765e-310	6.95315992907184e-310	6.92023415818271e-310	                0	6.92023404975872e-310
0.998909022007235	0.00109097799276508	 6.46819999999826	 5.00047273980308	6.75191629775845e-06	-0.0573141600296282	0.00776081795264694	 0.02309864752939	 113.026352285237	 108.633978968149	 2.31081148197818	 0.83674172433731	0.0159602566022576	0.935765630328008	-0.0103510190685087	0.303445242910762	                0	6.92023415814042e-310	6.95314360825596e-310	                0	4.94065645841247e-324	6.92023415117765e-310	                0	6.92023404975872e-310	2.04109034286664e-314	6.92023415814042e-310	6.95315992907381e-310	6.92023415117765e-310	6.95315992907184e-310	6.92023415818271e-310	                0	6.92023404975872e-310
 0.99837245208581	0.00162754791419004	 6.19919999999889	 5.00024579293974	6.75045383966806e-06	-0.0571446617243329	0.0101557733709277	0.0302105554318173	  105.28409849136	 100.925426812808	 2.28807417887028	0.831783015901192	0.0158197252346458	0.930469296289626	-0.0102971045266477	0.302822566783511	                0	6.92023415814042e-310	6.95314360825596e-310	                0	4.94065645841247e-324	6.92023415117765e-310	                0	6.92023404975872e-310	2.04109034286664e-314	6.92023415814042e-310	6.95315992907381e-310	6.92023415117765e-310	6.95315992907184e-310	6.92023415818271e-310	                0	6.92023404975872e-310
0.997571983825017	0.00242801617498324	 5.93009999999952	 5.00020139340271	6.74992039799594e-06	-0.056893711247816	0.0132916161165501	0.039507100159829	 97.4875203553197	 93.1769362004488	 2.25620611744307	 0.82445099706326	0.0156125133813486	0.922636614785421	-0.0102171104087477	 0.30189502260659	                0	6.92023415814042e-310	6.95314360825596e-310	                0	4.94065645841247e-324	6.92023415117765e-310	                0	6.92023404975872e-310	2.04109034286664e-314	6.92023415814042e-310	6.95315992907381e-310	6.92023415117765e-310	6.95315992907184e-310	6.92023415818271e-310	                0	6.92023404975872e-310
0.996377825503888	0.00362217449611248	 5.66080000000015	 5.00017251685867	6.74921488356029e-06	-0.0565232179534135	0.0173992603064378	0.0516544758786113	 89.6557247218107	 85.4134346484573	 2.21181686202594	0.813652076302499	0.0153086375099043	0.911096878294761	-0.0100987403349731	0.300514359555205	                0	6.92023415814042e-310	6.95314360825596e-310	                0	4.94065645841247e-324	6.92023415117765e-310	                0	6.92023404975872e-310	2.04109034286664e-314	6.92023415814042e-310	6.95315992907381e-310	6.92023415117765e-310	6.95315992907184e-310	6.92023415818271e-310	                0	6.92023404975872e-310
0.994596350627533	0.00540364937246693	 5.39120000000077	 5.00015337503679	6.74805221588608e-06	-0.0559783225222192	0.0227832101088806	0.0675172735775995	 81.7803641500773	 77.6344664222046	 2.15046992663653	 0.79783612134133	0.0148665388876824	0.894187942875153	-0.00992428789460909	0.298461486026648	                0	6.92023415814042e-310	6.95314360825596e-310	                0	4.94065645841247e-324	6.92023415117765e-310	                0	6.92023404975872e-310	2.04109034286664e-314	6.92023415814042e-310	6.95315992907381e-310	6.92023415117765e-310	6.95315992907184e-310	6.92023415818271e-310	                0	6.92023404975872e-310
 0.99193870240876	0.00806129759123991	  5.1212000000014	 5.00037744686646	6.74729749016984e-06	-0.0551810282916139	0.029846532768679	0.0882128477356464	  73.894498405035	 69.8835164907089	 2.06654225461297	0.774858944522663	0.0142308174454092	0.869604457887248	-0.00966872944594384	0.295414169303775	                0	6.92023415814042e-310	6.95314360825596e-310	                0	4.94065645841247e-324	6.92023415117765e-310	                0	6.92023404975872e-310	2.04109034286664e-314	6.92023415814042e-310	6.95315992907381e-310	6.92023415117765e-310	6.95315992907184e-310	6.92023415818271e-310	                0	6.92023404975872e-310
0.987973957158352	0.0120260428416478	 4.85050000000203	 5.00043503832682	6.74359370126127e-06	-0.0540223939416799	0.039125725635971	0.115175742843736	 65.9711507332578	 62.1468380847677	 1.95324875305325	 0.74186518761164	0.013332245249249	0.834262237951922	-0.00929773912260475	0.290901963746667	                0	6.92023415814042e-310	6.95314360825596e-310	                0	4.94065645841247e-324	6.92023415117765e-310	                0	6.92023404975872e-310	2.04109034286664e-314	6.92023415814042e-310	6.95315992907381e-310	6.92023415117765e-310	6.95315992907184e-310	6.92023415818271e-310	                0	6.92023404975872e-310
0.982059252273938	0.0179407477260622	 4.57880000000267	 5.00044612387132	6.73571725818017e-06	-0.0523539866611859	0.0513406282393356	0.150228382179655	 58.0316030405138	 54.4614302795704	 1.80304959668938	0.695281015460226	0.0120939173345041	0.784268831577227	-0.00876650015744295	0.284245900039521	                0	6.92023415814042e-310	6.95314360825596e-310	                0	4.94065645841247e-324	6.92023415117765e-310	                0	6.92023404975872e-310	2.04109034286664e-314	6.92023415814042e-310	6.95315992907381e-310	6.92023415117765e-310	6.95315992907184e-310	6.92023415818271e-310	                0	6.92023404975872e-310
0.973235549448109	0.026764450551891	  4.3056000000033	 5.00032586917836	6.71935570260606e-06	-0.0499806764693939	0.0674683340840871	 0.19564604401142	 50.1325615185285	  46.900545096637	 1.60880996337536	0.631102968268823	0.0104502474763515	0.715190765661496	-0.00802142546549763	0.274483902574946	                0	6.92023415814042e-310	6.95314360825596e-310	                0	4.94065645841247e-324	6.92023415117765e-310	                0	6.92023404975872e-310	2.04109034286664e-314	6.92023415814042e-310	6.95315992907381e-310	6.92023415117765e-310	6.95315992907184e-310	6.92023415818271e-310	                0	6.92023404975872e-310
0.960072131647891	0.0399278683521095	 4.03020000000395	 5.00019347692864	6.687547715445e-06	-0.046659554117186	0.0888573154503598	0.254185148295565	 42.2659892080471	  39.469295218082	 1.36624934786599	0.545812283665662	0.00838743584805861	0.622960429720322	-0.0070090994649808	0.260293592329983	                0	6.92023415814042e-310	6.95314360825596e-310	                0	4.94065645841247e-324	6.92023415117765e-310	                0	6.92023404975872e-310	2.04109034286664e-314	6.92023415814042e-310	6.95315992907381e-310	6.92023415117765e-310	6.95315992907184e-310	6.92023415818271e-310	                0	6.92023404975872e-310
0.940434619868154	0.0595653801318463	 3.75150000000349	 5.00002778061534	6.62466655907182e-06	-0.0421147247546403	0.117413130765097	 0.32900189296561	 34.5187864692839	 32.2560078301097	  1.0782388875554	0.438366674040851	0.00600851312846544	0.505912276487395	-0.00569962131418215	0.239951909276298	                0	6.92023415814042e-310	6.95314360825596e-310	                0	4.94065645841247e-324	6.92023415117765e-310	                0	6.92023404975872e-310	2.04109034286664e-314	6.92023415814042e-310	6.95315992907381e-310	6.92023415117765e-310	6.95315992907184e-310	6.92023415818271e-310	                0	6.92023404975872e-310
0.911138894794921	0.0888611052050787	 3.46790000000289	 5.00027355948082	6.50137438211623e-06	-0.0360864468919758	0.155920755685818	0.423293536672264	 26.9316885000338	 25.2780063009895	0.760910710319118	0.313549537070478	0.00359894650085143	0.368319019368453	-0.00413199837827915	0.211435984163667	                0	6.92023415814042e-310	6.95314360825596e-310	                0	4.94065645841247e-324	6.92023415117765e-310	                0	6.92023404975872e-310	2.04109034286664e-314	6.92023415814042e-310	6.95315992907381e-310	6.92023415117765e-310	6.95315992907184e-310	6.92023415818271e-310	                0	6.92023404975872e-310
0.867434808595364	0.132565191404636	 3.17660000000228	 5.00039104091974	6.24819160102421e-06	-0.0284475725599171	0.208652752007792	0.539279712753748	 19.7113943635534	 18.6794847979764	0.449352937612776	 0.18579623185595	0.00160933080223144	0.224721480705979	-0.00247651547931525	0.172906100079406	                0	6.92023415814042e-310	6.95314360825596e-310	                0	4.94065645841247e-324	6.92023415117765e-310	                0	6.92023404975872e-310	2.04109034286664e-314	6.92023415814042e-310	6.95315992907381e-310	6.92023415117765e-310	6.95315992907184e-310	6.92023415818271e-310	                0	6.92023404975872e-310
0.802235973415022	0.197764026584978	 2.87300000000164	 5.00029162824056	5.7260958061256e-06	-0.0194410795906341	0.282661908928661	0.675651180774476	 13.0206701901574	 12.5207301797964	0.195769750969554	0.0795179363772182	0.000433222987876719	0.101234824367072	-0.00106168130275586	0.124045956962099	                0	6.92023415814042e-310	6.95314360825596e-310	                0	4.94065645841247e-324	6.92023415117765e-310	                0	6.92023404975872e-310	2.04109034286664e-314	6.92023415814042e-310	6.95315992907381e-310	6.92023415117765e-310	6.95315992907184e-310	6.92023415818271e-310	                0	6.92023404975872e-310
0.704970740835546	0.295029259164454	 2.54810000000095	 5.00015940098301	4.66357324911961e-06	-0.0101011751594321	0.391163280930708	0.821641359590528	 7.15506612938924	 6.99510388693005	0.0475313568679455	0.0181588877292456	4.36504463894611e-05	0.0255355691208528	-0.000235652218801302	0.0689284305135517	                0	6.92023415814042e-310	6.95314360825596e-310	                0	4.94065645841247e-324	6.92023415117765e-310	                0	6.92023404975872e-310	2.04109034286664e-314	6.92023415814042e-310	6.95315992907381e-310	6.92023415117765e-310	6.95315992907184e-310	6.92023415818271e-310	                0	6.92023404975872e-310
0.559868064651659	0.440131935348341	 2.17690000000017	 5.00031264732168	2.70452987925453e-06	-0.00274923401026412	0.566997967420777	0.945845752104979	 2.52060545800143	 2.49498729302265	0.00282883475322974	0.000924336666810385	4.16474884757203e-07	0.00161683212787696	-1.04364870494717e-05	0.0202581814430356	                0	6.92023415814042e-310	6.95314360825596e-310	                0	4.94065645841247e-324	6.92023415117765e-310	                0	6.92023404975872e-310	2.04109034286664e-314	6.92023415814042e-310	6.95315992907381e-310	6.92023415117765e-310	6.95315992907184e-310	6.92023415818271e-310	                0	6.92023404975872e-310
0.343400308626695	0.656599691373305	 1.63419999999984	 5.00003298117229	4.17242875977637e-07	-6.94611658598456e-05	0.975548412891869	0.998165667250215	0.138227966047565	0.139047337641749	9.07459847049225e-06	1.96960480327882e-06	7.48781331022189e-11	-1.02496150602413e-06	-1.21163907371699e-07	-0.000829269746922847	                0	6.92023415814042e-310	6.95314360825596e-310	                0	4.94065645841247e-324	6.92023415117765e-310	                0	6.92023404975872e-310	2.04109034286664e-314	6.92023415814042e-310	6.95315992907381e-310	6.92023415117765e-310	6.95315992907184e-310	6.92023415818271e-310	                0	6.92023404975872e-310
0.0204683639456656	0.979531636054334	                0	 16.3969755650583	2.13648173347894e-64	                0	 16.3969755650583	                1	0.00121291031796847	               -0	               -0	                0	               -0	               -0	-1.11272018875614e-06	0.00121402303815723	                0	6.92023415814042e-310	6.95314360825596e-310	                0	4.94065645841247e-324	6.92023415117765e-310	                0	6.92023404975872e-310	2.04109034286664e-314	6.92023415814042e-310	6.95315992907381e-310	6.92023415117765e-310	6.95315992907184e-310	6.92023415818271e-310	                0	6.92023404975872e-310
