# Filename: 3Dvlt_flow_plot_Op31133_K0.608_y0.200_step1000000.dat
# Source: 3Dvlt_flow_plot.c
# Source version: 1 (2012 Jul 19 - ...)
# Constant values: PI= 3.141592653589793116, PISQ=9.8696044010893579923, PICU=31.0062766802998162063
# Parameter values: OpA=3, OpB=1, OpC=1, OpD=3, OpE=3, A3=41.3417022403997549418, THETA=0.6, N=2, initialdl=1e-05, trajectorydl=0.0001, initialds=1e-05, trajectorydsMax=1e-05, uncertainty=1e-16, dataskipdl=100, dataskipds=999
# Option-dependent values: K=0.607927101854026652461, y=0.200000000000000011102, Kstar=                  -10, ystar=                  -10, c=                    0, Z=                    0, lambda=                    0, initialKdir=0, flowdir=1, Max_steps=1000000
# Initialized values: Deltas=0, Deltal=0, count_steps=0, count_passes=0, K0c=0, oldK0c=-100
# Input-file parameter: Cc=0
# step	K	y	path-length-l	path-length-s (in K-y-space)
0	0.60792710185402665	0.20000000000000001	0	0
1	0.60792710185402665	0.20000000000000001	2.07544e-317	0
2	0.60792209963729527	0.20000000001008897	2.04354e-06	5.00222e-06
3	0.60791709742060207	0.20000000004035628	4.08711e-06	1.00044e-05
4	0.60791209520394718	0.20000000009080274	6.13072e-06	1.50067e-05
5	0.6079070929873307	0.20000000016142908	8.17437e-06	2.00089e-05
6	0.60790209077075275	0.20000000025223605	1.02181e-05	2.50111e-05
7	0.60789708855421332	0.20000000036322438	1.22618e-05	3.00133e-05
8	0.60789208633771252	0.20000000049439481	1.43055e-05	3.50155e-05
9	0.60788708412125048	0.20000000064574813	1.63493e-05	4.00177e-05
10	0.60788208190482718	0.20000000081728506	1.83932e-05	4.50199e-05
999	0.60293492239306079	0.20001017329227058	0.00205838	0.00499219
1998	0.59793786524963932	0.20004124369978918	0.00415727	0.00998935
2997	0.59294102826289585	0.20009399867071528	0.00629541	0.0149865
3996	0.58794451778317003	0.20016925587110584	0.00847358	0.0199836
4995	0.58294845185467803	0.20026786420192802	0.0106925	0.0249806
5994	0.57795296125913598	0.20039070480291765	0.0129531	0.0299776
6993	0.57295819064208087	0.20053869204646907	0.015256	0.0349746
7992	0.56796429972697204	0.20071277451349367	0.0176021	0.0399715
8991	0.56297146462214265	0.20091393594192403	0.0199921	0.0449684
9990	0.55797987922555115	0.20114319613709641	0.0224268	0.0499652
10989	0.55298975673222805	0.20140161183168706	0.0249071	0.0549621
11988	0.54800133124886463	0.20169027748114965	0.0274335	0.0599588
12987	0.54301485951972028	0.20201032597870255	0.030007	0.0649556
13986	0.53803062276727509	0.2023629292718738	0.0326281	0.0699523
14985	0.5330489286503558	0.20274929886039994	0.0352978	0.0749489
15984	0.52807011334133913	0.20317068615292003	0.0380165	0.0799456
16983	0.52309454372275865	0.20362838265740979	0.040785	0.0849422
17982	0.5181226197019404	0.20412371997771336	0.043604	0.0899387
18981	0.51315477664034093	0.2046580695858386	0.046474	0.0949352
19980	0.50819148789178215	0.2052328423370012	0.0493956	0.0999317
20979	0.50323326744091845	0.20584948769172898	0.0523692	0.104928
21978	0.49828067262992964	0.20650949260679555	0.0553954	0.109925
22977	0.49333430695743069	0.20721438005442991	0.0584746	0.114921
23976	0.48839482292920788	0.20796570712725979	0.061607	0.119917
24975	0.48346292493528031	0.20876506268494746	0.0647929	0.124913
25974	0.47853937212213349	0.20961406449764355	0.0680325	0.12991
26973	0.473624981222796	0.21051435584139042	0.0713259	0.134906
27972	0.46872062930073771	0.21146760150170363	0.0746731	0.139902
28971	0.46382725635644084	0.21247548314395917	0.0780739	0.144898
29970	0.45894586773816293	0.21353969401317888	0.0815281	0.149894
30969	0.45407753629096415	0.21466193293160102	0.0850355	0.15489
31968	0.44922340417084883	0.21584389757027792	0.0885954	0.159886
32967	0.44438468424412764	0.2170872769810851	0.0922073	0.164882
33966	0.43956266098628882	0.21839374338814427	0.0958705	0.169878
34965	0.43475869079019763	0.21976494325282889	0.099584	0.174874
35964	0.42997420159077915	0.22120248764427258	0.103347	0.17987
36963	0.42521069171315617	0.22270794196746527	0.107157	0.184866
37962	0.42046972785390457	0.22428281512336268	0.111015	0.189861
38961	0.41575294211131425	0.22592854819944191	0.114917	0.194857
39960	0.41106202799073188	0.22764650281414581	0.118863	0.199853
40959	0.40639873532553361	0.22943794926381231	0.12285	0.204848
41958	0.40176486407334416	0.23130405464487194	0.126876	0.209844
42957	0.39716225697058599	0.23324587114608555	0.130939	0.214839
43956	0.39259279105617428	0.2352643247240154	0.135037	0.219835
44955	0.3880583681064303	0.23736020438836777	0.139166	0.22483
45954	0.3835609040571904	0.23953415233093661	0.143325	0.229826
46953	0.37910231752437817	0.24178665513144579	0.14751	0.234821
47952	0.37468451756937293	0.24411803626469281	0.151719	0.239816
48951	0.37030939088867765	0.24652845011552452	0.155947	0.244812
49950	0.36597878863676608	0.24901787768131015	0.160193	0.249807
50949	0.36169451311470247	0.25158612410620929	0.164452	0.254802
51948	0.35745830457361472	0.25423281814880477	0.168721	0.259797
52947	0.3532718283899669	0.25695741363618668	0.172997	0.264792
53946	0.34913666286796463	0.25975919290546556	0.177277	0.269787
54945	0.34134261736097027	0.26535435017875192	0.185497	0.279382
55944	0.33344462349087473	0.27147038154046754	0.194031	0.289372
56943	0.32577636067908256	0.27787186880407766	0.202515	0.299361
57942	0.31834425934761945	0.28454588990347024	0.210927	0.309351
58941	0.31115253885954941	0.29147809559994797	0.219245	0.31934
59940	0.30420324325940384	0.29865315402277531	0.227451	0.329329
60939	0.297496362902678	0.3060551797059799	0.235529	0.339318
61938	0.29103002258906807	0.3136681231681186	0.243466	0.349307
62937	0.28480071433093401	0.32147610504352581	0.25125	0.359296
63936	0.27880355346639035	0.32946368675295218	0.258875	0.369285
64935	0.27303253961003454	0.33761607655512826	0.266334	0.379274
65934	0.26748080793061807	0.34591927494190239	0.273624	0.389262
66933	0.2621408605724686	0.35436016660139663	0.280743	0.39925
67932	0.25700477205822669	0.3629265677819436	0.287691	0.409239
68931	0.25206436585741687	0.3716072382189477	0.294468	0.419227
69930	0.24731136184024716	0.38039186624966537	0.301076	0.429215
70929	0.24273749608093623	0.38927103470438479	0.307518	0.439203
71928	0.23833461554152982	0.39823617391088667	0.313797	0.449192
72927	0.2340947507039032	0.40727950687805953	0.319918	0.45918
73926	0.23001016937214244	0.41639399055228726	0.325884	0.469168
74925	0.22607341476858459	0.42557325602625767	0.3317	0.479156
75924	0.22227733079614684	0.43481154974335523	0.33737	0.489143
76923	0.21861507701209432	0.44410367707657966	0.342899	0.499131
77922	0.2150801355053848	0.45344494915026212	0.348292	0.509119
78921	0.2116663115239503	0.46283113339202459	0.353553	0.519107
79920	0.20836772937874617	0.47225840802674568	0.358688	0.529095
80919	0.20517882486751185	0.48172332053133232	0.3637	0.539082
81918	0.20209433521610079	0.49122274993920273	0.368593	0.54907
82917	0.19910928732815872	0.5007538728007751	0.373374	0.559058
83916	0.19621898496194581	0.51031413255791702	0.378044	0.569045
84915	0.19341899531225171	0.51990121206649309	0.382609	0.579033
85914	0.19070513536135161	0.52951300899433229	0.387072	0.589021
86913	0.18807345827160363	0.53914761382637022	0.391437	0.599008
87912	0.18552024001981748	0.54880329022051422	0.395708	0.608996
88911	0.18304196641648979	0.55847845747381253	0.399888	0.618983
89910	0.18063532060853676	0.56817167487687104	0.40398	0.628971
90909	0.17829717112978907	0.57788162775354268	0.407987	0.638958
91908	0.17602456053723314	0.58760711500199991	0.411912	0.648946
92907	0.17381469465110119	0.59734703797156741	0.415759	0.658933
93906	0.1716649324020732	0.60710039052689491	0.41953	0.668921
94905	0.16957277627800288	0.61686625016698515	0.423227	0.678908
95904	0.16753586335476769	0.62664377008113925	0.426854	0.688896
96903	0.16555195689045549	0.63643217203705582	0.430412	0.698883
97902	0.16361893845851547	0.64623074000816949	0.433903	0.708871
98901	0.16173480059332615	0.65603881445795054	0.437331	0.718858
99900	0.15989763992050196	0.66585578720831917	0.440697	0.728845
100899	0.15810565074392435	0.67568109682773092	0.444003	0.738833
101898	0.15635711906169611	0.68551422448189381	0.447251	0.74882
102897	0.15465041698387319	0.69535469019673513	0.450443	0.758808
103896	0.15298399752575201	0.70520204948897258	0.453581	0.768795
104895	0.15135638975161045	0.71505589032475902	0.456666	0.778782
105894	0.14976619424504173	0.7249158303715002	0.4597	0.78877
106893	0.14821207888332047	0.73478151451178952	0.462684	0.798757
107892	0.14669277489457833	0.74465261259201176	0.46562	0.808744
108891	0.14520707317787254	0.75452881738121469	0.46851	0.818732
109890	0.14375382086754107	0.76440984271862644	0.471354	0.828719
110889	0.14233191812447712	0.7742954218305208	0.474155	0.838706
111888	0.14094031513815639	0.78418530579936863	0.476913	0.848694
112887	0.13957800932439396	0.79407926216997904	0.479629	0.858681
113886	0.13824404270487534	0.80397707367907267	0.482305	0.868668
114885	0.13693749945552688	0.81387853709613578	0.484942	0.878656
115884	0.13565750361173268	0.82378346216476162	0.487541	0.888643
116883	0.13440321691928189	0.83369167063477112	0.490102	0.89863
117882	0.13317383682077757	0.84360299537646188	0.492628	0.908617
118881	0.13196859456797758	0.85351727956923129	0.495118	0.918605
119880	0.1307867534512612	0.86343437595761419	0.497574	0.928592
120879	0.12962760713807353	0.87335414616847551	0.499997	0.938579
121878	0.12849047811280262	0.8832764600837727	0.502387	0.948567
122877	0.12737471621111279	0.89320119526382091	0.504746	0.958554
123876	0.12627969724227264	0.90312823641653939	0.507074	0.968541
124875	0.1252048216934985	0.91305747490854572	0.509371	0.978528
125874	0.12414951351077537	0.92298880831445351	0.51164	0.988516
126873	0.12311321895102874	0.93292214000098972	0.513879	0.998503
127872	0.12209540550089591	0.94285737874296838	0.516091	1.00849
128871	0.12109556085769213	0.95279443836833622	0.518275	1.01848
129870	0.12011319196848931	0.96273323742987182	0.520432	1.02846
130869	0.11914782412352086	0.97267369890126054	0.522564	1.03845
131868	0.11819900010039844	0.98261574989554323	0.52467	1.04844
132867	0.11726627935587769	0.99255932140406633	0.526751	1.05843
133866	0.11634923726214622	1.0025043480542797	0.528808	1.06841
134865	0.11544746438481454	1.0124507678848524	0.530841	1.0784
135864	0.11456056579999706	1.0223985221366818	0.532851	1.08839
136863	0.11368816044804808	1.0323475550586305	0.534838	1.09838
137862	0.11282988052168762	1.0422978137266656	0.536803	1.10836
138861	0.11198537088641017	1.0522492478755379	0.538746	1.11835
139860	0.1111542885312117	1.0622018097419037	0.540667	1.12834
140859	0.11033630204780746	1.0721554539180596	0.542568	1.13832
141858	0.10953109113663008	1.0821101372154576	0.544448	1.14831
142857	0.10873834613802406	1.0920658185373306	0.546309	1.1583
143856	0.10795776758714362	1.1020224587596621	0.548149	1.16829
144855	0.10718906579117268	1.1119800206199177	0.549971	1.17827
145854	0.10643196042757125	1.1219384686130018	0.551774	1.18826
146853	0.10568618016213398	1.1318977688938494	0.553558	1.19825
147852	0.1049514622857345	1.1418578891862383	0.555324	1.20823
148851	0.10422755236868969	1.1518187986973234	0.557072	1.21822
149850	0.10351420393175861	1.1617804680375368	0.558803	1.22821
150849	0.10281117813284441	1.171742869145427	0.560517	1.2382
151848	0.10211824346852907	1.1817059752171231	0.562214	1.24818
152847	0.10143517548962878	1.1916697606401048	0.563895	1.25817
153846	0.10076175653000044	1.2016342009309566	0.56556	1.26816
154845	0.10009777544788623	1.2115992726768932	0.567209	1.27814
155844	0.099443027379120724	1.2215649534807076	0.568842	1.28813
156843	0.098797313501567396	1.231531221909006	0.57046	1.29812
157842	0.098160440810191901	1.241498057443454	0.572063	1.30811
158841	0.097532221902211808	1.2514654404348609	0.573652	1.31809
159840	0.096912474771799595	1.2614333520599155	0.575226	1.32808
160839	0.096301022613841325	1.2714017742803596	0.576785	1.33807
161838	0.095697693636289216	1.2813706898045381	0.578331	1.34805
162837	0.095102320880668861	1.2913400820510486	0.579863	1.35804
163836	0.094514742050325229	1.301309935114465	0.581382	1.36803
164835	0.093934799346022849	1.3112802337329423	0.582887	1.37802
165834	0.093362339308533729	1.3212509632576077	0.58438	1.388
166833	0.092797212667860077	1.3312221096236225	0.585859	1.39799
167832	0.092239274198774285	1.3411936593228191	0.587326	1.40798
168831	0.091688382582361991	1.351165599377798	0.588781	1.41796
169830	0.091144400273278553	1.3611379173174156	0.590224	1.42795
170829	0.090607193372445521	1.3711106011535801	0.591654	1.43794
171828	0.090076631504923871	1.3810836393592489	0.593073	1.44793
172827	0.089552587702722966	1.3910570208475965	0.59448	1.45791
173826	0.089034938292306118	1.4010307349522564	0.595876	1.4679
174825	0.088523562786579787	1.4110047714085707	0.59726	1.47789
175824	0.088018343781151809	1.4209791203358184	0.598634	1.48787
176823	0.087519166854666763	1.4309537722203303	0.599996	1.49786
177822	0.087025920473026167	1.4409287178994818	0.601348	1.50785
178821	0.086538495897322862	1.450903948546449	0.602689	1.51784
179820	0.086056787095315376	1.4608794556557489	0.60402	1.52782
180819	0.085580690656286595	1.4708552310295095	0.605341	1.53781
181818	0.085110105709133133	1.480831266764377	0.606651	1.5478
182817	0.084644933843546988	1.4908075552390885	0.607952	1.55778
183816	0.084185079034146695	1.5007840891026423	0.609243	1.56777
184815	0.083730447567434099	1.5107608612630312	0.610524	1.57776
185814	0.083280947971450081	1.5207378648765293	0.611796	1.58775
186813	0.082836490948015221	1.5307150933374762	0.613058	1.59773
187812	0.082396989307443616	1.5406925402685363	0.614311	1.60772
188811	0.081962357905623492	1.5506701995114298	0.615555	1.61771
189810	0.081532513583364344	1.5606480651181087	0.61679	1.62769
190809	0.081107375107917531	1.5706261313422976	0.618017	1.63768
191808	0.080686863116574262	1.580604392631469	0.619234	1.64767
192807	0.080270900062261341	1.5905828436191776	0.620443	1.65766
193806	0.079859410161045141	1.6005614791177065	0.621644	1.66764
194805	0.079452319341470415	1.6105402941110973	0.622836	1.67763
195804	0.079049555195656859	1.6205192837484603	0.624019	1.68762
196803	0.078651046932081192	1.6304984433375938	0.625195	1.6976
197802	0.078256725329980292	1.6404777683388898	0.626363	1.70759
198801	0.077866522695305321	1.6504572543595017	0.627522	1.71758
199800	0.07748037281816926	1.6604368971477697	0.628674	1.72757
200799	0.07709821093172621	1.6704166925878974	0.629819	1.73755
201798	0.076719973672428179	1.6803966366948382	0.630955	1.74754
202797	0.076345599041602305	1.6903767256094366	0.632084	1.75753
203796	0.075975026368299503	1.7003569555937372	0.633206	1.76751
204795	0.075608196273366401	1.7103373230265388	0.63432	1.7775
205794	0.075245050634688476	1.7203178243990844	0.635427	1.78749
206793	0.074885532553565656	1.7302984563109784	0.636527	1.79748
207792	0.074529586322173241	1.7402792154662456	0.63762	1.80746
208791	0.074177157392068746	1.7502600986695804	0.638706	1.81745
209790	0.073828192343704718	1.7602411028227232	0.639785	1.82744
210789	0.073482638856909616	1.7702222249210049	0.640858	1.83742
211788	0.073140445682302949	1.7802034620500244	0.641923	1.84741
212787	0.072801562613605389	1.7901848113824681	0.642982	1.8574
213786	0.07246594046081696	1.8001662701750456	0.644035	1.86738
214785	0.072133531024227204	1.8101478357655696	0.645081	1.87737
215784	0.071804287069228187	1.8201295055701385	0.64612	1.88736
216783	0.071478162301901363	1.8301112770804278	0.647153	1.89735
217782	0.071155111345350658	1.8400931478611031	0.64818	1.90733
218781	0.070835089716755964	1.8500751155473154	0.649201	1.91732
219780	0.070518053805119232	1.8600571778423138	0.650216	1.92731
220779	0.070203960849679559	1.8700393325151456	0.651225	1.93729
221778	0.069892768918975529	1.8800215773984323	0.652228	1.94728
222777	0.069584436890529219	1.8900039103862656	0.653225	1.95727
223776	0.069278924431130928	1.8999863294321353	0.654216	1.96726
224775	0.068976191977706519	1.9099688325469735	0.655201	1.97724
225774	0.068676200718743335	1.9199514177972721	0.656181	1.98723
226773	0.068378912576257916	1.9299340833032403	0.657155	1.99722
227772	0.068084290188286684	1.9399168272370817	0.658124	2.0072
228771	0.067792296891881196	1.9498996478212713	0.659087	2.01719
229770	0.067502896706591611	1.9598825433269604	0.660045	2.02718
230769	0.067216054318421967	1.9698655120724076	0.660997	2.03717
231768	0.06693173506423987	1.9798485524214626	0.661944	2.04715
232767	0.066649904916629032	1.9898316627821191	0.662886	2.05714
233766	0.066370530469165551	1.9998148416051296	0.663822	2.06713
234765	0.066093578922107321	2.0097980873826335	0.664754	2.07711
235764	0.065819018068481519	2.0197813986468942	0.66568	2.0871
236763	0.065546816280558404	2.0297647739689992	0.666601	2.09709
237762	0.06527694249669673	2.0397482119577188	0.667518	2.10708
238761	0.065009366208550148	2.0497317112582722	0.668429	2.11706
239760	0.064744057448625117	2.0597152705512509	0.669336	2.12705
240759	0.064480986778173724	2.0696988885515246	0.670237	2.13704
241758	0.064220125275416179	2.0796825640071992	0.671134	2.14702
242757	0.063961444524079161	2.0896662956985881	0.672027	2.15701
243756	0.063704916602241299	2.0996500824372619	0.672914	2.167
244755	0.063450514071477074	2.1096339230651324	0.673797	2.17698
245754	0.063198209966287236	2.1196178164534762	0.674675	2.18697
246753	0.062947977783808742	2.1296017615021325	0.675549	2.19696
247752	0.062699791473796548	2.1395857571385983	0.676419	2.20695
248751	0.062453625428864956	2.1495698023172456	0.677284	2.21693
249750	0.062209454474985944	2.1595538960185228	0.678144	2.22692
250749	0.061967253862231675	2.169538037248198	0.679	2.23691
251748	0.061726999255756643	2.1795222250366115	0.679852	2.24689
252747	0.061488666727011573	2.189506458437974	0.6807	2.25688
253746	0.061252232745182086	2.1994907365296568	0.681543	2.26687
254745	0.061017674168844752	2.2094750584115674	0.682383	2.27686
255744	0.060784968237835274	2.2194594232054645	0.683218	2.28684
256743	0.060554092565321328	2.229443830054346	0.684049	2.29683
257742	0.06032502513007431	2.2394282781218622	0.684876	2.30682
258741	0.060097744268935362	2.2494127665917163	0.685699	2.3168
259740	0.059872228669467786	2.2593972946671044	0.686518	2.32679
260739	0.059648457362792166	2.2693818615701602	0.687333	2.33678
261738	0.059426409716598232	2.2793664665414597	0.688144	2.34677
262737	0.059206065428328264	2.2893511088394725	0.688951	2.35675
263736	0.058987404518527298	2.2993357877400813	0.689754	2.36674
264735	0.058770407324355775	2.3093205025361194	0.690554	2.37673
265734	0.058555054493258402	2.3193052525368634	0.69135	2.38671
266733	0.05834132697678767	2.329290037067635	0.692142	2.3967
267732	0.058129206024573631	2.3392748554693288	0.69293	2.40669
268731	0.057918673178440357	2.3492597070979886	0.693715	2.41667
269730	0.057709710266661003	 2.35924459132444	0.694496	2.42666
270729	0.05750229939835045	2.3692295075338525	0.695274	2.43665
271728	0.057296422957989285	2.3792144551253669	0.696048	2.44664
272727	0.057092063600078104	2.3891994335117213	0.696818	2.45662
273726	0.056889204243915893	2.399184442118909	0.697585	2.46661
274725	0.056687828068501804	2.4091694803858146	0.698349	2.4766
275724	0.0564879185075539	2.4191545477638665	0.699109	2.48658
276723	0.056289459244644138	2.4291396437167041	0.699866	2.49657
277722	0.056092434208445653	2.4391247677198855	0.700619	2.50656
278721	0.055896827568089037	2.4491099192605601	0.701369	2.51655
279720	0.055702623728624993	2.459095097837166	0.702116	2.52653
280719	0.055509807326589687	2.4690803029591524	0.702859	2.53652
281718	0.05531836322567172	2.4790655341466765	0.703599	2.54651
282717	0.055128276512477085	2.4890507909303361	0.704336	2.55649
283716	0.054939532492388247	2.4990360728509455	0.70507	2.56648
284715	0.054752116685517362	2.5090213794591958	0.7058	2.57647
285714	0.05456601482274951	2.5190067103154639	0.706528	2.58645
286713	0.05438121284187359	2.5289920649895352	0.707252	2.59644
287712	0.054197696883799593	2.5389774430604239	0.707973	2.60643
288711	0.054015453288858914	2.5489628441160694	0.708691	2.61642
289710	0.053834468593186358	2.5589482677531517	0.709406	2.6264
290709	0.053654729525181084	2.5689337135768793	0.710118	2.63639
291708	0.053476223002045298	2.578919181200757	0.710827	2.64638
292707	0.053298936126397217	2.5889046702463907	0.711534	2.65636
293706	0.053122856182958547	2.5988901803433038	0.712237	2.66635
294705	0.052947970635312536	2.608875711128718	0.712937	2.67634
295704	0.052774267122732768	2.6188612622473824	0.713634	2.68633
296703	0.052601733457078151	2.6288468333513912	0.714329	2.69631
297702	0.052430357619756077	2.6388324240999879	0.71502	2.7063
298701	0.052260127758748595	2.6488180341594223	0.715709	2.71629
299700	0.0520910321857024	2.6588036632027503	0.716395	2.72627
300699	0.05192305937307979	2.6687893109096938	0.717078	2.73626
301698	0.051756197951369626	2.6787749769664706	0.717759	2.74625
302697	0.051590436706356949	2.6887606610656509	0.718437	2.75623
303696	0.051425764576449255	2.6987463629059882	0.719112	2.76622
304695	0.051262170650058364	2.708732082192308	0.719784	2.77621
305694	0.051099644163036521	2.7187178186353136	0.720454	2.7862
306693	0.050938174496165188	2.7287035719514905	0.721121	2.79618
307692	0.050777751172696277	2.7386893418629623	0.721785	2.80617
308691	0.050618363855942913	2.7486751280973492	0.722447	2.81616
309690	0.050460002346919296	2.7586609303876442	0.723106	2.82614
310689	0.050302656582029412	2.7686467484720865	0.723763	2.83613
311688	0.0501463166308019	2.7786325820940632	0.724417	2.84612
312687	0.049990972693670734	2.7886184310019568	0.725068	2.85611
313686	0.049836615099800988	2.798604294949055	0.725717	2.86609
314685	0.04968323430495758	2.8085901736934367	0.726364	2.87608
315684	0.049530820889416849	2.8185760669978355	0.727008	2.88607
316683	0.0493793655559202	2.8285619746295847	0.72765	2.89605
317682	0.049228859127667508	2.8385478963604687	0.728289	2.90604
318681	0.049079292546350656	2.8485338319666469	0.728926	2.91603
319680	0.048930656870226137	2.8585197812285492	0.72956	2.92601
320679	0.048782943272224835	2.8685057439307804	0.730192	2.936
321678	0.048636143038099149	2.8784917198620206	0.730822	2.94599
322677	0.04849024756460614	2.8884777088149405	0.731449	2.95598
323676	0.048345248357726286	2.8984637105861255	0.732074	2.96596
324675	0.048201137030916379	2.9084497249759704	0.732697	2.97595
325674	0.048057905303396563	2.9184357517886013	0.733317	2.98594
326673	0.047915544998469402	2.9284217908318073	0.733935	2.99592
327672	0.047774048041872248	2.9384078419169284	0.734551	3.00591
328671	0.047633406460161044	2.9483939048588219	0.735164	3.0159
329670	0.047493612379123508	2.9583799794757577	0.735776	3.02589
330669	0.047354658022224723	2.9683660655893362	0.736385	3.03587
331668	0.047216535709080028	2.9783521630244527	0.736992	3.04586
332667	0.04707923785395756	2.9883382716091869	0.737597	3.05585
333666	0.04694275696430926	2.9983243911747461	0.738199	3.06583
334665	0.046807085639329116	3.0083105215554369	0.7388	3.07582
335664	0.046672216568538039	3.0182966625885377	0.739398	3.08581
336663	0.046538142530395399	3.0282828141142812	0.739994	3.09579
337662	0.04640485639093643	3.0382689759757779	0.740589	3.10578
338661	0.046272351102434224	3.0482551480189324	0.741181	3.11577
339660	0.046140619702087229	3.058241330092426	0.741771	3.12576
340659	0.046009655310730188	3.0682275220476307	0.742358	3.13574
341658	0.045879451131568973	3.0782137237385729	0.742944	3.14573
342657	0.045750000448938524	3.0881999350218488	0.743528	3.15572
343656	0.045621296627083356	3.0981861557566059	0.74411	3.1657
344655	0.04549333310895988	3.1081723858044676	0.74469	3.17569
345654	0.045366103415061046	3.1181586250294675	0.745267	3.18568
346653	0.04523960114226161	3.1281448732980515	0.745843	3.19567
347652	0.045113819962684112	3.1381311304789783	0.746417	3.20565
348651	0.044988753622585864	3.148117396443296	0.746989	3.21564
349650	0.044864395941264741	3.1581036710642927	0.747559	3.22563
350649	0.044740740809985365	3.1680899542174434	0.748127	3.23561
351648	0.044617782190924264	3.1780762457803764	0.748693	3.2456
352647	0.044495514116132458	3.1880625456328215	0.749257	3.25559
353646	0.044373930686518362	3.1980488536565717	0.74982	3.26557
354645	0.044253026070847024	3.208035169735449	0.75038	3.27556
355644	0.044132794504757586	3.2180214937552343	0.750939	3.28555
356643	0.04401323028979718	3.2280078256036635	0.751496	3.29554
357642	0.043894327792473098	3.2379941651703823	0.752051	3.30552
358641	0.043776081443319612	3.247980512346901	0.752604	3.31551
359640	0.043658485735982473	3.2579668670265329	0.753155	3.3255
360639	0.043541535226318137	3.2679532291044104	0.753705	3.33548
361638	0.043425224531509432	3.2779395984774102	0.754252	3.34547
362637	0.043309548329195605	3.2879259750441387	0.754798	3.35546
363636	0.043194501356617503	3.2979123587048749	0.755342	3.36544
364635	0.0430800784097774	3.3078987493615899	0.755885	3.37543
365634	0.04296627434261345	3.3178851469178396	0.756425	3.38542
366633	0.042853084066187416	3.3278715512787902	0.756964	3.39541
367632	0.042740502547886507	3.3378579623511726	0.757502	3.40539
368631	0.042628524810638876	3.3478443800432278	0.758037	3.41538
369630	0.042517145932142106	3.3578308042647249	0.758571	3.42537
370629	0.042406361044104113	3.3678172349268944	0.759103	3.43535
371628	0.042296165331497965	3.3778036719424129	0.759633	3.44534
372627	0.04218655403182766	3.3877901152253633	0.760162	3.45533
373626	0.042077522434407315	3.3977765646912554	0.760689	3.46532
374625	0.041969065879651643	3.4077630202569296	0.761215	3.4753
375624	0.041861179758378157	3.4177494818405743	0.761739	3.48529
376623	0.041753859511121288	3.4277359493616939	0.762261	3.49528
377622	0.041647100627457023	3.4377224227410799	0.762781	3.50526
378621	0.041540898645339372	3.4477089019007838	0.7633	3.51525
379620	0.041435249150447648	3.4576953867641147	0.763818	3.52524
380619	0.041330147775543231	3.467681877255584	0.764333	3.53522
381618	0.041225590199838562	3.4776683733009066	0.764848	3.54521
382617	0.04112157214837478	3.4876548748269656	0.76536	3.5552
383616	0.041018089391410224	3.4976413817617962	0.765871	3.56519
384615	0.040915137743818532	3.5076278940345649	0.766381	3.57517
385614	0.040812713064496658	3.5176144115755608	0.766889	3.58516
386613	0.040710811255782027	3.5276009343161503	0.767395	3.59515
387612	0.040609428262879194	3.5375874621887538	0.7679	3.60513
388611	0.040508560073295258	3.5475739951268781	0.768404	3.61512
389610	0.040408202716284869	3.5575605330650344	0.768906	3.62511
390609	0.040308352262303858	3.5675470759387458	0.769406	3.6351
391608	0.040209004822470903	3.5775336236845572	0.769905	3.64508
392607	0.040110156548038449	3.5875201762399609	0.770402	3.65507
393606	0.040011803629871272	3.5975067335434159	0.770898	3.66506
394605	0.039913942297933935	3.607493295534324	0.771393	3.67504
395604	0.039816568820785464	3.6174798621530075	0.771886	3.68503
396603	0.03971967950508231	3.6274664333407096	0.772378	3.69502
397602	0.039623270695089294	3.637453009039556	0.772868	3.705
398601	0.039527338772197509	3.6474395891925337	0.773357	3.71499
399600	0.039431880154449969	3.657426173743537	0.773844	3.72498
400599	0.039336891296074886	3.6674127626372628	0.77433	3.73497
401598	0.039242368687025506	3.6773993558192482	0.774814	3.74495
402597	0.039148308852527472	3.6873859532358568	0.775298	3.75494
403596	0.039054708352632715	3.6973725548342409	0.775779	3.76493
404595	0.038961563781780797	3.7073591605623477	0.77626	3.77491
405594	0.03886887176836578	3.7173457703689001	0.776739	3.7849
406593	0.038776628974311271	3.7273323842033697	0.777216	3.79489
407592	0.038684832094650137	3.7373190020160041	0.777693	3.80487
408591	0.038593477857111917	 3.74730562375776	0.778168	3.81486
409590	0.038502563021715834	3.7572922493803218	0.778641	3.82485
410589	0.038412084380369915	3.7672788788360823	0.779114	3.83484
411588	0.03832203875647628	3.7772655120781384	0.779584	3.84482
412587	0.03823242300454243	3.7872521490602677	0.780054	3.85481
413586	0.038143234009797813	3.7972387897369217	0.780522	3.8648
414585	0.03805446868781652	3.8072254340632146	0.780989	3.87478
415584	0.037966123984145651	3.8172120819949162	0.781455	3.88477
416583	0.037878196873938869	3.8271987334884381	0.78192	3.89476
417582	0.037790684361595203	3.8371853885008007	0.782383	3.90475
418581	0.037703583480404236	3.8471720469896633	0.782845	3.91473
419580	0.037616891292194421	3.8571587089132899	0.783305	3.92472
420579	0.037530604886989082	3.8671453742305419	0.783765	3.93471
421578	0.037444721382665164	3.8771320429008633	0.784223	3.94469
422577	0.037359237924618621	3.8871187148842825	0.78468	3.95468
423576	0.037274151685433569	3.8971053901413937	0.785135	3.96467
424575	0.037189459864556948	3.9070920686333555	0.78559	3.97465
425574	0.037105159687977264	3.9170787503218705	0.786043	3.98464
426573	0.037021248407908339	3.9270654351691818	0.786495	3.99463
427572	0.036937723302477722	3.9370521231380811	0.786945	4.00462
428571	0.036854581675419086	3.9470388141918433	0.787395	4.0146
429570	0.03677182085576957	3.9570255082942989	0.787843	4.02459
430569	0.036689438197570999	3.9670122054097643	0.78829	4.03458
431568	0.036607431079575536	3.9769989055030632	0.788736	4.04456
432567	0.036525796904955506	3.9869856085395017	0.789181	4.05455
433566	0.036444533101017744	3.9969723144848746	0.789625	4.06454
434565	0.03636363711892085	4.0069590233054466	0.790067	4.07452
435564	0.036283106433397425	4.0169457349679423	0.790508	4.08451
436563	0.036202938542480322	4.026932449439558	0.790948	4.0945
437562	0.036123130967231604	4.0369191666879356	0.791387	4.10449
438561	0.036043681251476584	4.046905886681162	0.791825	4.11447
439560	0.035964586961540937	4.056892609387754	0.792262	4.12446
440559	0.035885845685991125	4.0668793347766821	0.792697	4.13445
441558	0.035807455035379479	4.0768660628173041	0.793132	4.14443
442557	0.035729412641991587	4.0868527934794168	0.793565	4.15442
443556	0.035651716159598314	4.0968395267332331	0.793997	4.16441
444555	0.035574363263210063	4.1068262625493528	0.794428	4.1744
445554	0.035497351648835891	4.1168130008987784	0.794858	4.18438
446553	0.035420679033244092	4.1267997417529134	0.795287	4.19437
447552	0.035344343153727593	4.1367864850835305	0.795714	4.20436
448551	0.035268341767872191	4.1467732308627863	0.796141	4.21434
449550	0.035192672653327477	4.1567599790632173	0.796567	4.22433
450549	0.035117333607581104	4.1667467296577225	0.796991	4.23432
451548	0.03504232244773587	4.1767334826195617	0.797415	4.2443
452547	0.034967637010291118	4.1867202379223452	0.797837	4.25429
453546	0.034893275150925065	4.1967069955400422	0.798258	4.26428
454545	0.034819234744281544	4.2066937554469561	0.798678	4.27427
455544	0.034745513683759111	4.2166805176177471	0.799098	4.28425
456543	0.034672109881302864	4.2266672820274076	0.799516	4.29424
457542	0.034599021267199444	4.2366540486512081	0.799933	4.30423
458541	0.034526245789874198	4.2466408174648169	0.800349	4.31421
459540	0.03445378141569147	4.2566275884441795	0.800764	4.3242
460539	0.034381626128757524	4.2666143615655754	0.801178	4.33419
461538	0.034309777930726156	4.2766011368055743	0.801591	4.34417
462537	0.03423823484060614	4.2865879141410623	0.802003	4.35416
463536	0.034166994894572519	4.2965746935492337	0.802414	4.36415
464535	0.034096056145778639	4.3065614750075509	0.802824	4.37414
465534	0.03402541666417299	4.3165482584937909	0.803233	4.38412
466533	0.033955074536315646	4.3265350439860129	0.803641	4.39411
467532	0.033885027865199834	4.3365218314625498	0.804048	4.4041
468531	0.033815274770073622	4.3465086209020232	0.804454	4.41408
469530	0.033745813386265401	4.3564954122833246	0.804859	4.42407
470529	0.033676641865010987	4.3664822055856103	0.805263	4.43406
471528	0.033607758373282844	4.3764690007883118	0.805666	4.44405
472527	0.033539161093621761	4.3864557978711112	0.806068	4.45403
473526	0.033470848223971353	4.3964425968139578	0.806469	4.46402
474525	0.033402817977512919	4.4064293975970639	0.806869	4.47401
475524	0.033335068582504006	 4.41641620020087	0.807269	4.48399
476523	0.033267598282119004	4.4264030046060832	0.807667	4.49398
477522	0.033200405334290528	4.4363898107936635	0.808064	4.50397
478521	0.033133488011554246	4.4463766187447389	0.80846	4.51395
479520	0.033066844600894617	4.4563634284407545	0.808856	4.52394
480519	0.033000473403593251	4.4663502398633614	0.80925	4.53393
481518	0.032934372735078966	4.4763370529944373	0.809644	4.54392
482517	0.032868540924779512	4.4863238678160879	0.810037	4.5539
483516	0.032802976315975473	4.4963106843106333	0.810429	4.56389
484515	0.0327376772656559	4.5062975024606287	0.810819	4.57388
485514	0.032672642144376263	4.5162843222488362	0.811209	4.58386
486513	0.032607869336116868	4.5262711436582279	0.811598	4.59385
487512	0.032543357238144298	4.5362579666719984	0.811986	4.60384
488511	0.032479104260874414	4.5462447912735273	0.812374	4.61382
489510	0.032415108827735968	4.5562316174464188	0.81276	4.62381
490509	0.032351369375037679	4.5662184451744778	0.813145	4.6338
491508	0.032287884351835459	4.5762052744416879	0.81353	4.64379
492507	0.032224652219802294	4.5861921052322412	0.813914	4.65377
493506	0.03216167145309861	4.5961789375305377	0.814297	4.66376
494505	0.032098940538245378	4.6061657713211419	0.814678	4.67375
495504	0.032036457973998456	4.616152606588809	0.81506	4.68373
496503	0.031974222271223617	4.6261394433184995	0.81544	4.69372
497502	0.031912231952774518	4.6361262814953301	0.815819	4.70371
498501	0.031850485553371138	4.6461131211046087	0.816198	4.7137
499500	0.031788981619480218	4.6560999621318233	0.816575	4.72368
500499	0.031727718709196454	4.6660868045626325	0.816952	4.73367
501498	0.031666695392126229	4.6760736483828698	0.817328	4.74366
502497	0.031605910249271701	4.6860604935785348	0.817703	4.75364
503496	0.031545361872916948	4.6960473401357907	0.818077	4.76363
504495	0.031485048866515299	4.7060341880409737	0.818451	4.77362
505494	0.031424969844578064	4.7160210372805658	0.818823	4.7836
506493	0.031365123432563917	4.7260078878412486	0.819195	4.79359
507492	0.031305508266771101	4.7359947397098257	0.819566	4.80358
508491	0.0312461229942297	4.7459815928732549	0.819936	4.81357
509490	0.031186966272595134	4.7559684473186703	0.820305	4.82355
510489	0.031128036770043995	4.7659553030333495	0.820674	4.83354
511488	0.031069333165170018	4.7759421600047078	0.821042	4.84353
512487	0.03101085414688182	4.785929018220326	0.821408	4.85351
513486	0.030952598414301761	4.7959158776679107	0.821775	4.8635
514485	0.030894564676666125	4.8059027383353365	0.82214	4.87349
515484	0.030836751653226076	4.8158896002105953	0.822504	4.88347
516483	0.030779158073150129	4.8258764632818369	0.822868	4.89346
517482	0.030721782675427953	4.8358633275373419	0.823231	4.90345
518481	0.030664624208774485	4.8458501929655222	0.823593	4.91344
519480	0.030607681431536363	4.8558370595549327	0.823954	4.92342
520479	0.030550953111598299	4.8658239272942501	0.824315	4.93341
521478	0.030494438026291218	4.8758107961722965	0.824675	4.9434
522477	0.030438134962301324	4.8857976661780071	0.825034	4.95338
523476	0.030382042715580055	4.8957845373004458	0.825392	4.96337
524475	0.030326160091255404	4.9057714095288221	0.825749	4.97336
525474	0.030270485903543875	4.9157582828524484	0.826106	4.98334
526473	0.030215018975663817	4.9257451572607662	0.826462	4.99333
527472	0.03015975813974944	4.9357320327433367	0.826817	5.00332
528471	0.030104702236766086	4.9457189092898375	0.827172	5.01331
529470	0.030049850116426365	4.9557057868900589	0.827526	5.02329
530469	0.029995200637107023	4.9656926655339237	0.827879	5.03328
531468	0.029940752665767185	4.9756795452114559	0.828231	5.04327
532467	0.029886505077867307	4.9856664259127914	0.828582	5.05325
533466	0.029832456757288961	4.9956533076281886	0.828933	5.06324
534465	0.029778606596255718	5.0056401903479921	0.829283	5.07323
535464	0.029724953495254763	5.0156270740626834	0.829632	5.08322
536463	0.029671496362959609	5.0256139587628308	0.829981	5.0932
537462	0.029618234116153309	5.0356008444391263	0.830329	5.10319
538461	0.029565165679652956	5.0455877310823452	0.830676	5.11318
539460	0.029512289986234803	5.0555746186833774	0.831022	5.12316
540459	0.029459605976560402	5.0655615072332143	0.831368	5.13315
541458	0.029407112599103141	5.0755483967229429	0.831713	5.14314
542457	0.02935480881007603	5.0855352871437534	0.832057	5.15312
543456	0.029302693573360274	5.0955221784869265	0.832401	5.16311
544455	0.029250765860434486	5.1055090707438504	0.832743	5.1731
545454	0.029199024650304384	5.1154959639060076	0.833086	5.18309
546453	0.029147468929434251	5.1254828579649665	0.833427	5.19307
547452	0.029096097691677921	5.1354697529123454	0.833768	5.20306
548451	0.029044909938211461	5.145456648739958	0.834108	5.21305
549450	0.028993904677466199	5.1554435454396446	0.834447	5.22303
550449	0.028943080925062235	5.1654304430033235	0.834786	5.23302
551448	0.028892437703743477	5.1754173414230156	0.835124	5.24301
552447	0.028841974043312547	5.1854042406908398	0.835461	5.25299
553446	0.028791688980566971	5.1953911407989821	0.835798	5.26298
554445	0.028741581559235709	5.2053780417397277	0.836134	5.27297
555444	0.028691650829916548	5.2153649435054383	0.836469	5.28296
556443	0.028641895850014223	5.2253518460885671	0.836804	5.29294
557442	0.02859231568367885	5.2353387494816328	0.837138	5.30293
558441	0.028542909401745861	5.2453256536772468	0.837471	5.31292
559440	0.028493676081675558	5.2553125586680931	0.837804	5.3229
560439	0.028444614807493749	5.2652994644469411	0.838136	5.33289
561438	0.028395724669733582	5.2752863710066382	0.838467	5.34288
562437	0.028347004765377069	5.2852732783401022	0.838798	5.35286
563436	0.028298454197797768	5.2952601864403297	0.839128	5.36285
564435	0.02825007207670395	5.3052470953003894	0.839457	5.37284
565434	0.028201857518082567	5.3152340049134237	0.839786	5.38283
566433	0.028153809644143463	5.3252209152726593	0.840114	5.39281
567432	0.028105927583264426	5.3352078263713612	0.840441	5.4028
568431	0.02805821046993669	5.3451947382029248	0.840768	5.41279
569430	0.028010657444711488	5.3551816507607626	0.841094	5.42277
570429	0.027963267654146227	5.3651685640383766	0.84142	5.43276
571428	0.027916040250752096	5.3751554780293329	0.841745	5.44275
572427	0.027868974392941899	5.3851423927272704	0.842069	5.45274
573426	0.027822069244978431	5.3951293081258873	0.842392	5.46272
574425	0.027775323976923411	5.4051162242189621	0.842715	5.47271
575424	0.02772873776458696	5.4151031410003228	0.843038	5.4827
576423	0.027682309789477416	5.4250900584638657	0.84336	5.49268
577422	0.027636039238752338	5.435076976603554	0.843681	5.50267
578421	0.027589925305169172	5.4450638954134014	0.844001	5.51266
579420	0.027543967187036937	5.4550508148875227	0.844321	5.52264
580419	0.027498164088168318	5.4650377350200516	0.84464	5.53263
581418	0.027452515217832048	5.4750246558051971	0.844959	5.54262
582417	0.027407019790706273	5.4850115772372341	0.845277	5.55261
583416	0.027361677026831895	5.4949984993104817	0.845595	5.56259
584415	0.027316486151566604	5.5049854220193382	0.845912	5.57258
585414	0.027271446395539422	5.5149723453582311	0.846228	5.58257
586413	0.027226556994605539	5.5249592693216751	0.846544	5.59255
587412	0.027181817189802095	5.5349461939042239	0.846859	5.60254
588411	0.027137226227303687	5.5449331191004916	0.847173	5.61253
589410	0.027092783358378777	5.5549200449051472	0.847487	5.62251
590409	0.02704848783934672	5.5649069713129125	0.8478	5.6325
591408	0.027004338931534751	5.5748938983185639	0.848113	5.64249
592407	0.026960335901235727	5.5848808259169394	0.848425	5.65248
593406	0.02691647801966621	5.5948677541029062	0.848737	5.66246
594405	0.02687276456292496	5.6048546828714061	0.849048	5.67245
595404	0.02682919481195201	5.6148416122174281	0.849358	5.68244
596403	0.026785768052487793	5.6248285421360009	0.849668	5.69242
597402	0.026742483575033258	5.6348154726222184	0.849977	5.70241
598401	0.026699340674809672	5.644802403671215	0.850286	5.7124
599400	0.026656338651719347	5.6547893352781742	0.850594	5.72238
600399	0.026613476810306621	 5.66477626743833	0.850902	5.73237
601398	0.026570754459719362	5.674763200146959	0.851209	5.74236
602397	0.02652817091367049	5.6847501333993966	0.851515	5.75235
603396	0.026485725490400024	5.6947370671910136	0.851821	5.76233
604395	0.026443417512638057	5.7047240015172376	0.852126	5.77232
605394	0.026401246307567142	5.7147109363735202	0.852431	5.78231
606393	0.026359211206785839	5.7246978717553851	0.852735	5.79229
607392	0.02631731154627219	5.7346848076583798	0.853039	5.80228
608391	0.026275546666347856	5.7446717440781141	0.853342	5.81227
609390	0.026233915911642269	5.7546586810102269	0.853645	5.82225
610389	0.026192418631057493	5.7646456184504089	0.853947	5.83224
611388	0.026151054177733113	5.7746325563943808	0.854248	5.84223
612387	0.026109821909011659	5.7846194948379202	0.854549	5.85222
613386	0.026068721186404374	5.7946064337768419	0.85485	5.8622
614385	0.02602775137555724	5.804593373206993	0.855149	5.87219
615384	0.025986911846217455	5.8145803131242726	0.855449	5.88218
616383	0.025946201972200014	5.8245672535246182	0.855747	5.89216
617382	0.025905621131354827	5.8345541944040002	0.856046	5.90215
618381	0.025865168705534073	5.8445411357584289	0.856343	5.91214
619380	0.025824844080559912	5.8545280775839679	0.856641	5.92213
620379	0.025784646646192493	5.8645150198766993	0.856937	5.93211
621378	0.025744575796098117	5.8745019626327561	0.857233	5.9421
622377	0.025704630927818033	5.8844889058483059	0.857529	5.95209
623376	0.025664811442737349	5.8944758495195479	0.857824	5.96207
624375	0.025625116746054194	5.9044627936427219	0.858119	5.97206
625374	0.025585546246749049	5.9144497382141044	0.858413	5.98205
626373	0.025546099357555006	5.9244366832300441	0.858706	5.99203
627372	0.025506775494927508	5.9344236286868259	0.858999	6.00202
628371	0.025467574079014808	5.9444105745808669	0.859292	6.01201
629370	0.025428494533628658	5.9543975209085804	0.859584	6.022
630369	0.025389536286215292	5.9643844676664237	0.859875	6.03198
631368	0.025350698767826706	5.9743714148508742	0.860166	6.04197
632367	0.025311981413091961	5.984358362458452	0.860457	6.05196
633366	0.025273383660189119	5.9943453104857189	0.860747	6.06194
634365	0.025234904950817358	6.0043322589292538	0.861036	6.07193
635364	0.025196544730168965	6.0143192077856753	0.861325	6.08192
636363	0.02515830244690229	6.0243061570516296	0.861614	6.0919
637362	0.025120177553114357	6.0342931067238075	0.861902	6.10189
638361	0.025082169504313891	6.0442800567989181	0.862189	6.11188
639360	0.025044277759394839	6.0542670072737028	0.862476	6.12187
640359	0.025006501780609834	6.0642539581449393	0.862763	6.13185
641358	0.024968841033544058	6.074240909409431	0.863049	6.14184
642357	0.024931294987089406	6.0842278610640177	0.863334	6.15183
643356	0.024893863113418638	6.0942148131055607	0.863619	6.16181
644355	0.024856544887960026	6.1042017655309548	0.863904	6.1718
645354	0.024819339789372362	6.1141887183371306	0.864188	6.18179
646353	0.024782247299519635	6.1241756715210283	0.864471	6.19177
647352	0.024745266903446486	6.1341626250796342	0.864754	6.20176
648351	0.024708398089353777	6.1441495790099552	0.865037	6.21175
649350	0.02467164034857413	6.1541365333090328	0.865319	6.22174
650349	0.024634993175548035	6.164123487973928	0.865601	6.23172
651348	0.024598456067800003	6.1741104430017337	0.865882	6.24171
652347	0.024562028525914791	6.1840973983895671	0.866163	6.2517
653346	0.024525710053514338	6.1940843541345636	0.866443	6.26168
654345	0.024489500157234306	6.204071310233914	0.866723	6.27167
655344	0.02445339834670111	6.2140582666848108	0.867002	6.28166
656343	0.024417404134509383	6.224045223484473	0.867281	6.29165
657342	0.024381517036199368	6.2340321806301482	0.867559	6.30163
658341	0.024345736570234387	6.2440191381191106	0.867837	6.31162
659340	0.024310062257978958	6.2540060959486672	0.868115	6.32161
660339	0.024274493623676702	6.2639930541161357	0.868392	6.33159
661338	0.024239030194428725	6.2739800126188641	0.868668	6.34158
662337	0.024203671500171876	6.2839669714542241	0.868944	6.35157
663336	0.024168417073657762	6.2939539306196153	0.86922	6.36155
664335	0.024133266450431349	6.3039408901124574	0.869495	6.37154
665334	0.024098219168809842	6.313927849930197	0.86977	6.38153
666333	0.024063274769862492	6.3239148100702991	0.870044	6.39152
667332	0.024028432797389348	6.3339017705302476	0.870318	6.4015
668331	0.023993692797901308	6.3438887313075618	0.870591	6.41149
669330	0.023959054320599828	6.3538756923997761	0.870864	6.42148
670329	0.023924516917356722	6.3638626538044463	0.871137	6.43146
671328	0.023890080142694475	6.3738496155191529	0.871409	6.44145
672327	0.023855743553766573	6.383836577541496	0.871681	6.45144
673326	0.023821506710337882	6.3938235398690999	0.871952	6.46142
674325	0.023787369174765472	6.4038105024996046	0.872222	6.47141
675324	0.0237533305119795	6.413797465430684	0.872493	6.4814
676323	0.023719390289463949	6.4237844286600083	0.872763	6.49139
677322	0.023685548077238036	6.4337713921853146	0.873032	6.50137
678321	0.023651803447837634	6.4437583560043006	0.873301	6.51136
679320	0.023618155976296559	6.453745320114721	0.873569	6.52135
680319	0.023584605240128582	6.4637322845143483	0.873838	6.53133
681318	0.023551150819308916	6.4737192492009674	0.874105	6.54132
682317	0.023517792296256432	6.4837062141723836	0.874373	6.55131
683316	0.023484529255815748	6.4936931794264305	0.874639	6.56129
684315	0.023451361285239572	6.5036801449609483	0.874906	6.57128
685314	0.023418287974171281	6.5136671107738016	0.875172	6.58127
686313	0.023385308914627406	6.5236540768628757	0.875437	6.59126
687312	0.023352423700980413	6.533641043226071	0.875703	6.60124
688311	0.0233196319299417	6.5436280098613091	0.875967	6.61123
689310	0.023286933200544657	6.5536149767665304	0.876232	6.62122
690309	0.023254327114127938	6.5636019439396902	0.876495	6.6312
691308	0.023221813274318749	6.5735889113787644	0.876759	6.64119
692307	0.023189391287016466	6.5835758790817458	0.877022	6.65118
693306	0.023157060760376096	6.5935628470466439	0.877285	6.66116
694305	0.02312482130479241	6.6035498152714878	0.877547	6.67115
695304	0.023092672532883482	6.6135367837543244	0.877809	6.68114
696303	0.023060614059475133	6.6235237524932105	0.87807	6.69113
697302	0.023028645501584958	6.6335107214862319	0.878331	6.70111
698301	0.022996766478406816	6.6434976907314747	0.878592	6.7111
699300	0.022964976611294975	6.6534846602270585	0.878852	6.72109
700299	0.022933275523749231	6.6634716299711076	0.879112	6.73107
701298	0.022901662841399297	6.6734585999617702	0.879371	6.74106
702297	0.022870138191989742	6.6834455701972049	0.87963	6.75105
703296	0.022838701205365169	6.6934325406755928	0.879889	6.76104
704295	0.022807351513455101	6.7034195113951158	0.880147	6.77102
705294	0.022776088750259559	6.7134064823539887	0.880405	6.78101
706293	0.022744912551834182	6.7233934535504281	0.880662	6.791
707292	0.022713822556275881	6.7333804249826779	0.880919	6.80098
708291	0.022682818403708383	6.7433673966489946	0.881176	6.81097
709290	0.022651899736268067	6.7533543685476412	0.881432	6.82096
710289	0.022621066198089915	6.7633413406769005	0.881688	6.83094
711288	0.022590317435293283	6.7733283130350745	0.881943	6.84093
712287	0.022559653095968281	6.7833152856204695	0.882198	6.85092
713286	0.022529072830161756	6.7933022584314191	0.882453	6.86091
714285	0.022498576289863868	6.8032892314662616	0.882707	6.87089
715284	0.022468163128994526	6.8132762047233104	0.882961	6.88088
716283	0.022437833003389758	6.8232631782010165	0.883214	6.89087
717282	0.022407585570788507	6.8332501518977198	0.883467	6.90085
718281	0.022377420490819696	6.8432371258118172	0.88372	6.91084
719280	0.022347337424988612	6.8532240999417215	0.883972	6.92083
720279	0.022317336036664522	6.8632110742858563	0.884224	6.93081
721278	0.022287415991067223	6.8731980488426547	0.884476	6.9408
722277	0.022257576955254744	6.8831850236105669	0.884727	6.95079
723276	0.022227818598110551	6.8931719985880582	0.884978	6.96078
724275	0.0221981405903308	6.9031589737736043	0.885228	6.97076
725274	0.022168542604412055	6.9131459491656928	0.885479	6.98075
726273	0.022139024314638968	6.9231329247628199	0.885728	6.99074
727272	0.022109585397071953	6.9331199005635051	0.885978	7.00072
728271	0.022080225529535168	6.9431068765662758	0.886226	7.01071
729270	0.022050944391604179	6.9530938527696673	0.886475	7.0207
730269	0.022021741664594495	6.9630808291722328	0.886723	7.03068
731268	0.021992617031549179	6.9730678057725228	0.886971	7.04067
732267	0.021963570177227554	6.983054782569134	0.887219	7.05066
733266	0.021934600788093232	6.9930417595606391	0.887466	7.06065
734265	0.021905708552302755	7.0030287367456374	0.887712	7.07063
735264	0.021876893159694002	7.0130157141227407	0.887959	7.08062
736263	0.021848154301774825	7.0230026916905697	0.888205	7.09061
737262	0.021819491671711971	7.0329896694477538	0.888451	7.10059
738261	0.021790904964319627	7.0429766473929414	0.888696	7.11058
739260	0.021762393876048503	7.0529636255247823	0.888941	7.12057
740259	0.021733958104974676	7.0629506038419461	0.889185	7.13055
741258	0.02170559735078887	7.072937582343112	0.88943	7.14054
742257	0.02167731131478547	7.0829245610269584	0.889673	7.15053
743256	0.021649099699851793	7.0929115398921949	0.889917	7.16052
744255	0.021620962210457426	7.1028985189375247	0.89016	7.1705
745254	0.021592898552643836	7.1128854981616669	0.890403	7.18049
746253	0.021564908434013649	7.1228724775633223	0.890645	7.19048
747252	0.021536991563720385	7.1328594571412971	0.890888	7.20046
748251	0.021509147652458153	7.1428464368943052	0.891129	7.21045
749250	0.021481376412451205	7.1528334168211121	0.891371	7.22044
750249	0.02145367755744414	7.1628203969204867	0.891612	7.23042
751248	0.021426050802691526	7.1728073771912113	0.891852	7.24041
752247	0.021398495864948089	7.1827943576320763	0.892093	7.2504
753246	0.021371012462458722	7.1927813382418808	0.892333	7.26039
754245	0.021343600314948672	7.2027683190194356	0.892572	7.27037
755244	0.021316259143613733	7.2127552999635611	0.892812	7.28036
756243	0.021288988671110648	7.2227422810730859	0.893051	7.29035
757242	0.021261788621547456	7.2327292623468509	0.893289	7.30033
758241	0.02123465872047401	7.2427162437837032	0.893528	7.31032
759240	0.021207598694872577	7.252703225382497	0.893766	7.32031
760239	0.021180608273148292	7.2626902071421053	0.894003	7.3303
761238	 0.02115368718512	7.2726771890614001	0.894241	7.34028
762237	0.021126835162010998	7.2826641711392677	0.894478	7.35027
763236	0.021100051936439834	7.2926511533745977	0.894714	7.36026
764235	0.021073337242411276	7.3026381357662986	0.89495	7.37024
765234	0.02104669081530721	7.3126251183132789	0.895186	7.38023
766233	0.021020112391877906	7.3226121010144585	0.895422	7.39022
767232	0.020993601710232904	7.3325990838687627	0.895657	7.4002
768231	0.02096715850983244	7.3425860668751319	0.895892	7.41019
769230	0.020940782531478321	7.3525730500325075	0.896127	7.42018
770229	0.02091447351730576	7.3625600333398511	0.896361	7.43017
771228	0.020888231210774467	7.3725470167961147	0.896595	7.44015
772227	0.020862055356660227	7.382534000400292	0.896829	7.45014
773226	0.020835945701046413	7.3925209841513304	0.897062	7.46013
774225	0.02080990199131541	7.4025079680482291	0.897295	7.47011
775224	0.020783923976140605	7.4124949520899817	0.897528	7.4801
776223	0.020758011405477807	7.4224819362755952	0.89776	7.49009
777222	0.020732164030557377	7.4324689206040695	0.897992	7.50007
778221	0.02070638160387574	7.4424559050744303	0.898224	7.51006
779220	0.020680663879187482	7.4524428896856998	0.898455	7.52005
780219	0.020655010611497274	7.4624298744369133	0.898686	7.53004
781218	0.020629421557051948	7.4724168593271143	0.898917	7.54002
782217	0.020603896473332665	7.4824038443553507	0.899147	7.55001
783216	0.020578435119046959	7.4923908295206747	0.899377	7.56
784215	0.02055303725412096	7.502377814822152	0.899607	7.56998
785214	0.020527702639691718	7.5123648002588528	0.899837	7.57997
786213	0.020502431038099629	7.5223517858298514	0.900066	7.58996
787212	0.020477222212880671	7.5323387715342376	0.900295	7.59994
788211	0.020452075928759007	7.5423257573710982	0.900523	7.60993
789210	0.020426991951639283	7.5523127433395345	0.900751	7.61992
790209	0.020401970048599505	7.5622997294386538	0.900979	7.62991
791208	0.020377009987883516	7.5722867156675679	0.901207	7.63989
792207	0.020352111538893561	7.5822737020253932	0.901434	7.64988
793206	0.020327274472183323	7.5922606885112618	0.901661	7.65987
794205	0.020302498559450252	7.602247675124274	0.901888	7.66985
795204	0.020277783573528958	7.6122346618636305	0.902114	7.67984
796203	0.020253129288383569	7.6222216487284449	0.90234	7.68983
797202	0.020228535479101174	7.6322086357178707	0.902566	7.69981
798201	0.020204001921884589	7.6421956228310721	0.902792	7.7098
799200	0.020179528394045406	7.6521826100672081	0.903017	7.71979
800199	0.020155114673997172	7.6621695974254571	0.903241	7.72978
801198	0.020130760541248436	7.6721565849049931	0.903466	7.73976
802197	0.020106465776396243	7.6821435725050051	0.90369	7.74975
803196	0.020082230161118958	7.6921305602246823	0.903914	7.75974
804195	0.020058053478170006	7.7021175480632191	0.904138	7.76972
805194	0.020033935511371025	7.7121045360198259	0.904361	7.77971
806193	0.02000987604560521	7.7220915240937069	0.904584	7.7897
807192	0.01998587486681103	7.7320785122840823	0.904807	7.79968
808191	0.019961931761975475	7.7420655005901651	0.905029	7.80967
809190	0.019938046519127735	7.7520524890111924	0.905252	7.81966
810189	0.019914218927332864	7.7620394775463923	0.905473	7.82965
811188	0.019890448776685429	7.7720264661950029	0.905695	7.83963
812187	0.019866735858302842	7.7820134549562709	0.905916	7.84962
813186	0.019843079964319749	7.792000443829445	0.906137	7.85961
814185	0.019819480887881411	7.8019874328137835	0.906358	7.86959
815184	0.019795938423137559	7.8119744219085465	0.906578	7.87958
816183	0.019772452365236302	7.8219614111130022	0.906798	7.88957
817182	0.01974902251031823	7.8319484004264224	0.907018	7.89956
818181	0.019725648655510096	7.8419353898480848	0.907238	7.90954
819180	0.019702330598919088	7.8519223793772728	0.907457	7.91953
820179	0.019679068139626867	7.8619093690132775	0.907676	7.92952
821178	0.019655861077683245	7.8718963587553903	0.907894	7.9395
822177	0.019632709214101093	7.8818833486029121	0.908113	7.94949
823176	0.019609612350849927	7.8918703385551474	0.908331	7.95948
824175	0.019586570290850255	7.9018573286114053	0.908549	7.96946
825174	0.019563582837968139	7.9118443187710037	0.908766	7.97945
826173	0.019540649797009112	7.9218313090332568	0.908983	7.98944
827172	0.019517770973712722	7.9318182993974986	0.9092	7.99943
828171	0.019494946174747053	7.9418052898630522	0.909417	8.00941
829170	0.019472175207702828	7.9517922804292551	0.909633	8.0194
830169	0.019449457881088254	7.9617792710954483	0.90985	8.02939
831168	0.019426794004323362	7.9717662618609761	0.910065	8.03937
832167	0.01940418338773453	7.9817532527251744	0.910281	8.04936
833166	0.01938162584254911	7.991740243687425	0.910496	8.05935
834165	0.019359121180890154	8.0017272347470723	0.910711	8.06933
835164	0.019336669215770909	8.0117142259034804	0.910926	8.07932
836163	0.019314269761089721	8.0217012171560231	0.91114	8.08931
837162	0.019291922631624613	8.0316882085040682	0.911355	8.0993
838161	0.019269627643028187	8.041675199946992	0.911568	8.10928
839160	0.019247384611822405	8.0516621914841853	0.911782	8.11927
840159	0.019225193355393435	8.0616491831150281	0.911995	8.12926
841158	0.01920305369198665	8.0716361748389112	0.912209	8.13924
842157	0.019180965440701341	8.0816231666552358	0.912421	8.14923
843156	0.019158928421485928	8.0916101585633982	0.912634	8.15922
844155	0.01913694245513281	8.1015971505628102	0.912846	8.1692
845154	0.01911500736327355	8.1115841426528714	0.913058	8.17919
846153	0.019093122968373549	8.1215711348329975	0.91327	8.18918
847152	0.019071289093727829	8.1315581271026147	0.913481	8.19917
848151	0.019049505563455589	8.1415451194611155	0.913693	8.20915
849150	0.019027772202495696	8.1515321119079651	0.913903	8.21914
850149	0.019006088836601754	8.1615191044425739	0.914114	8.22913
851148	0.018984455292337409	8.1715060970643805	0.914325	8.23911
852147	0.018962871397071656	8.1814930897728306	0.914535	8.2491
853146	0.018941336978973981	8.1914800825673542	0.914744	8.25909
854145	0.018919851867010087	8.2014670754474004	0.914954	8.26907
855144	0.018898415890936743	8.2114540684124275	0.915163	8.27906
856143	0.018877028881297678	8.2214410614618831	0.915373	8.28905
857142	0.018855690669418737	8.2314280545952219	0.915581	8.29904
858141	0.018834401087403412	8.2414150478119073	0.91579	8.30902
859140	0.018813159968128376	8.2514020411114082	0.915998	8.31901
860139	0.018791967145239046	8.2613890344931971	0.916206	8.329
861138	0.018770822453145198	8.2713760279567499	0.916414	8.33898
862137	0.01874972572701631	8.2813630215015408	0.916622	8.34897
863136	0.018728676802777559	8.2913500151270352	0.916829	8.35896
864135	0.018707675517105064	8.3013370088327427	0.917036	8.36894
865134	0.018686721707421989	8.3113240026181501	0.917243	8.37893
866133	0.018665815211894018	8.3213109964827332	0.917449	8.38892
867132	0.018644955869425151	8.3312979904260018	0.917655	8.39891
868131	0.018624143519653448	8.3412849844474461	0.917861	8.40889
869130	0.018603378002946921	8.3512719785465706	0.918067	8.41888
870129	0.018582659160399275	8.3612589727228919	0.918272	8.42887
871128	0.018561986833825921	8.3712459669759109	0.918478	8.43885
872127	0.018541360865759745	8.3812329613051357	0.918683	8.44884
873126	0.01852078109944685	8.3912199557100937	0.918887	8.45883
874125	0.018500247378842968	8.4012069501902982	0.919092	8.46882
875124	0.018479759548609098	8.4111939447452837	0.919296	8.4788
876123	0.018459317454107525	8.4211809393745742	0.9195	8.48879
877122	0.018438920941397964	8.4311679340776831	0.919704	8.49878
878121	0.018418569857233478	8.4411549288541678	0.919907	8.50876
879120	0.018398264049056791	8.451141923703549	0.92011	8.51875
880119	0.018378003364996218	8.4611289186253735	0.920313	8.52874
881118	0.01835778765386176	8.471115913619192	0.920516	8.53872
882117	0.018337616765141406	8.4811029086845426	0.920719	8.54871
883116	0.018317490548997169	8.4910899038209582	0.920921	8.5587
884115	0.018297408856261611	8.5010768990280248	0.921123	8.56869
885114	0.018277371538433659	8.5110638943052841	0.921325	8.57867
886113	0.018257378447675228	8.5210508896522956	0.921526	8.58866
887112	0.018237429436807125	8.5310378850686188	0.921727	8.59865
888111	0.01821752435930607	8.5410248805538256	0.921928	8.60863
889110	0.018197663069300096	8.5510118761074807	0.922129	8.61862
890109	0.018177845421565635	8.5609988717291507	0.92233	8.62861
891108	0.018158071271523659	8.5709858674184165	0.92253	8.63859
892107	0.018138340475236006	8.5809728631748516	0.92273	8.64858
893106	0.018118652889402037	8.5909598589980387	0.92293	8.65857
894105	0.018099008371354836	8.6009468548875585	0.92313	8.66856
895104	0.018079406779057984	8.6109338508430096	0.923329	8.67854
896103	0.018059847971101821	8.6209208468639602	0.923528	8.68853
897102	0.018040331806700005	8.6309078429500072	0.923727	8.69852
898101	0.018020858145686363	8.6408948391007598	0.923925	8.7085
899100	0.018001426848511033	8.6508818353158041	0.924124	8.71849
900099	0.017982037776237338	8.6608688315947404	0.924322	8.72848
901098	0.017962690790538412	8.6708558279371726	0.92452	8.73846
902097	0.017943385753693704	8.6808428243427134	0.924718	8.74845
903096	0.01792412252858578	8.6908298208109596	0.924915	8.75844
904095	0.017904900978696861	8.7008168173415292	0.925112	8.76843
905094	0.017885720968105812	8.7108038139340334	0.925309	8.77841
906093	0.017866582361484553	8.7207908105880865	0.925506	8.7884
907092	0.017847485024094986	8.7307778073033226	0.925703	8.79839
908091	0.017828428821785754	8.7407648040793386	0.925899	8.80837
909090	0.017809413620988958	8.7507518009157721	0.926095	8.81836
910089	0.017790439288717062	 8.76073879781225	0.926291	8.82835
911088	0.017771505692559846	8.770725794768401	0.926486	8.83833
912087	0.017752612700681025	8.7807127917838539	0.926682	8.84832
913086	0.017733760181815213	8.7906997888582534	0.926877	8.85831
914085	0.017714948005264887	8.8006867859912195	0.927072	8.8683
915084	0.017696176040897311	8.8106737831824038	0.927267	8.87828
916083	0.01767744415914136	8.8206607804314494	0.927461	8.88827
917082	0.017658752230984627	8.8306477777379921	0.927655	8.89826
918081	0.017640100127970251	8.8406347751016838	0.927849	8.90824
919080	0.017621487722194098	8.8506217725221727	0.928043	8.91823
920079	0.017602914886301637	8.8606087699991019	0.928237	8.92822
921078	0.017584381493485002	8.8705957675321354	0.92843	8.9382
922077	0.017565887417480237	8.8805827651209341	0.928623	8.94819
923076	0.01754743253256397	8.8905697627651481	0.928816	8.95818
924075	0.017529016713550932	8.9005567604644344	0.929009	8.96817
925074	0.017510639835790799	8.9105437582184575	0.929201	8.97815
926073	0.017492301775165437	8.9205307560268938	0.929393	8.98814
927072	0.01747400240808613	8.9305177538893883	0.929585	8.99813
928071	0.017455741611490539	8.9405047518056335	0.929777	9.00811
929070	0.017437519262840089	8.9504917497752903	0.929969	9.0181
930069	0.017419335240117014	8.9604787477980334	0.93016	9.02809
931068	0.017401189421821801	8.9704657458735522	0.930351	9.03807
932067	0.017383081686970121	8.9804527440015036	0.930542	9.04806
933066	0.017365011915090444	8.9904397421815805	0.930733	9.05805
934065	0.017346979986220968	9.0004267404134612	0.930923	9.06804
935064	0.017328985780907226	9.010413738696835	0.931114	9.07802
936063	0.017311029180199181	9.0204007370313821	0.931304	9.08801
937062	0.017293110065648654	9.0303877354167899	0.931493	9.098
938061	0.017275228319306675	9.0403747338527634	0.931683	9.10798
939060	0.017257383823720759	9.0503617323389882	0.931872	9.11797
940059	0.017239576461932395	9.0603487308751571	0.932062	9.12796
941058	0.01722180611747445	9.0703357294609699	0.932251	9.13795
942057	0.017204072674368343	9.0803227280961174	0.932439	9.14793
943056	0.017186376017121838	9.0903097267803243	0.932628	9.15792
944055	0.017168716030726242	9.1002967255132639	0.932816	9.16791
945054	0.017151092600653901	9.1102837242946677	0.933004	9.17789
946053	0.017133505612855756	9.1202707231242286	0.933192	9.18788
947052	0.017115954953758779	9.1302577220016534	0.93338	9.19787
948051	0.017098440510263553	9.140244720926658	0.933567	9.20785
949050	0.017080962169741715	9.150231719898958	0.933755	9.21784
950049	0.017063519820033478	9.1602187189182587	0.933942	9.22783
951048	0.017046113349445249	9.1702057179842829	0.934129	9.23782
952047	0.017028742646747169	9.1801927170967517	0.934315	9.2478
953046	0.017011407601170779	9.1901797162553773	0.934502	9.25779
954045	0.016994108102406508	9.2001667154598863	0.934688	9.26778
955044	0.016976844040601333	9.2101537147100174	0.934874	9.27776
956043	0.016959615306356524	9.2201407140054616	0.93506	9.28775
957042	0.016942421790725058	9.2301277133459827	0.935245	9.29774
958041	0.016925263385209399	9.2401147127312875	0.935431	9.30772
959040	0.01690813998175934	9.250101712161106	0.935616	9.31771
960039	0.016891051472769373	9.260088711635186	0.935801	9.3277
961038	0.016873997751076536	9.2700757111532486	0.935986	9.33769
962037	0.01685697870995833	9.2800627107150486	0.93617	9.34767
963036	0.016839994243130173	9.2900497103203055	0.936355	9.35766
964035	0.01682304424474329	9.3000367099687757	0.936539	9.36765
965034	0.016806128609382322	9.3100237096601823	0.936723	9.37763
966033	0.016789247232063358	9.3200107093942783	0.936907	9.38762
967032	0.016772400008231457	9.3299977091708008	0.93709	9.39761
968031	0.016755586833758655	9.3399847089894994	0.937274	9.40759
969030	0.016738807604941609	9.3499717088501431	0.937457	9.41758
970029	0.016722062218499641	9.3599587087524458	0.93764	9.42757
971028	0.016705350571572311	9.3699457086961875	0.937822	9.43756
972027	0.01668867256171758	9.3799327086811086	0.938005	9.44754
973026	0.01667202808690927	9.3899197087069624	0.938187	9.45753
974025	0.016655417045535411	9.3999067087735053	0.938369	9.46752
975024	0.016638839336395848	9.4098937088804853	0.938551	9.4775
976023	0.01662229485870019	9.4198807090276944	0.938733	9.48749
977022	0.016605783512065743	9.4298677092148573	0.938915	9.49748
978021	0.016589305196515528	9.4398547094417662	0.939096	9.50746
979020	0.016572859812476123	9.4498417097081635	0.939277	9.51745
980019	0.016556447260775646	9.4598287100138219	0.939458	9.52744
981018	0.016540067442641696	9.4698157103585086	0.939639	9.53743
982017	0.01652372025969942	9.4798027107419855	0.93982	9.54741
983016	0.016507405613969482	9.4897897111640273	0.94	9.5574
984015	0.01649112340786598	9.4997767116244169	0.94018	9.56739
985014	0.01647487354419459	9.5097637121229024	0.94036	9.57737
986013	0.016458655926150461	9.5197507126592829	0.94054	9.58736
987012	0.016442470457316491	9.5297377132333221	0.94072	9.59735
988011	0.016426317041661139	9.5397247138447945	0.940899	9.60733
989010	0.016410195583536534	9.549711714493478	0.941078	9.61732
990009	0.01639410598767678	9.5596987151791541	0.941257	9.62731
991008	0.016378048159195649	9.5696857159016151	0.941436	9.6373
992007	0.016362022003585056	9.5796727166606317	0.941615	9.64728
993006	0.016346027426713015	9.5896597174559925	0.941793	9.65727
994005	0.01633006433482171	9.5996467182874703	0.941972	9.66726
995004	0.016314132634525698	9.6096337191548766	0.94215	9.67724
996003	0.016298232232810034	9.6196207200579806	0.942328	9.68723
997002	0.016282363037028551	9.6296077209965727	0.942505	9.69722
998001	0.016266524954901815	9.6395947219704432	0.942683	9.7072
999000	0.016250717894515401	9.6495817229794074	0.94286	9.71719
999999	0.016234941764318125	9.6595687240232291	0.943037	9.72718
