# Filename: 3Dvlt_flow_Op11133_K1.918_y0.001_step1000000.dat
# Source: 3Dvlt_flow.c
# Source version: 1 (2012 Jul 19 - ...)
# Constant values: PI= 3.141592653589793116, PISQ=9.8696044010893579923, PICU=31.0062766802998162063
# Parameter values: OpA=1, OpB=1, OpC=1, OpD=3, OpE=3, A3=41.3417022403997549418, THETA=0.6, N=2, initialdl=1e-05, trajectorydl=1e-05, initialds=1e-05, trajectorydsMax=1e-05, uncertainty=1e-16, dataskipdl=999, dataskipds=999
# Option-dependent values: K=1.91781143216312721655, y=0.000515065716526939007883, Kstar=                  -10, ystar=                  -10, c=                    0, Z=                    0, lambda=                    0, initialKdir=0, flowdir=1, Max_steps=1000000
# Initialized values: Deltas=0, Deltal=0, count_steps=0, count_passes=0, K0c=0.575343, oldK0c=-100
# Input-file parameter: Cc=0.4
# step	K	y	path-length-l	path-length-s (in K-y-space)
0	1.9178114321631272	0.00051506571652693901	0	0
1	1.9178114321631272	0.00051506571652693901	2.0755e-317	0
2	1.9178214320641032	0.00051502951911597706	5.4362e-06	9.99997e-06
3	1.9178314319650889	0.00051499332426150712	1.08724e-05	1.99999e-05
4	1.9178414318660841	0.0005149571319633424	1.63085e-05	2.99999e-05
5	1.9178514317670889	0.00051492094222129598	2.17446e-05	3.99999e-05
6	1.9178614316681033	0.00051488475503518017	2.71806e-05	4.99998e-05
7	1.9178714315691272	0.0005148485704048085	3.26166e-05	5.99998e-05
8	1.9178814314701607	0.00051481238832999383	3.80525e-05	6.99998e-05
9	1.9178914313712037	0.00051477620881054881	4.34884e-05	7.99997e-05
10	1.9179014312722562	0.00051474003184628664	4.89243e-05	8.99997e-05
999	1.9277913378834051	0.0004801822631954406	0.00540399	0.00997997
1998	1.9377812518221016	0.00044763616310326024	0.0107715	0.0199699
2997	1.947771172996184	0.00041729781196491719	0.0160986	0.0299599
3996	1.9577611004691793	0.00038901385552647883	0.0213864	0.0399499
4995	1.9677510334297192	0.00036264232091453295	0.0266362	0.0499398
5994	1.9777409711740712	0.00033805165809705636	0.0318491	0.0599298
6993	1.9877309130912679	0.00031511987777122841	0.0370261	0.0699198
7992	1.9977208586503918	0.00029373377400150472	0.0421682	0.0799097
8991	2.0077108073896706	0.00027378822158360256	0.0472764	0.0898997
9990	2.0177007589071252	0.00025518553949827619	0.0523515	0.0998897
10989	2.0276907128525776	0.0002378349129890812	0.0573944	0.10988
11988	2.037680668920717	0.00022165186778904023	0.0624057	0.11987
12987	2.0476706268451461	0.00020655779086237869	0.0673864	0.12986
13986	2.0576605863932897	0.00019247949274475292	0.072337	0.13985
14985	2.0676505473619287	0.00017934880717857281	0.0772583	0.14984
15984	2.0776405095733605	0.00016710222426594392	0.0821508	0.159829
16983	2.0876304728721151	0.00015568055381440178	0.0870151	0.169819
17982	2.0976204371220617	0.00014502861594109067	0.0918519	0.179809
18981	2.107610402203937	0.00013509495633895623	0.0966617	0.189799
19980	2.117600368013147	0.00012583158390179117	0.101445	0.199789
20979	2.1275903344579437	0.00011719372865997962	0.106202	0.209779
21978	2.1375803014577621	0.00010913961820137072	0.110934	0.219769
22977	2.1475702689417884	0.00010163027094623858	0.11564	0.229759
23976	2.1575602368477762	9.4629304815761897e-05	0.120322	0.239749
24975	2.1675502051209223	8.8102759983334393e-05	0.12498	0.249739
25974	2.177540173712976	8.2018934529942458e-05	0.129613	0.259729
26973	2.1875301425813922	7.6348231941236814e-05	0.134223	0.269719
27972	2.1975201116886276	7.1063019486999383e-05	0.138811	0.279709
28971	2.2075100810015451	6.6137496614940787e-05	0.143375	0.289699
29970	2.2175000504908398	6.1547572571937358e-05	0.147916	0.299689
30969	2.2274900201305829	5.7270752537980924e-05	0.152436	0.309679
31968	2.2374799898978255	5.3286031622542087e-05	0.156934	0.319669
32967	2.2474699597722188	4.9573796130656172e-05	0.16141	0.329659
33966	2.2574599297357012	4.6115731557554336e-05	0.165865	0.339649
34965	2.2674498997722217	4.2894736817002207e-05	0.170299	0.349639
35964	2.2774398698675178	3.9894844250087667e-05	0.174712	0.359629
36963	2.2874298400088779	3.7101144998703653e-05	0.179105	0.369619
37962	2.2974198101849819	3.4499719361814883e-05	0.183478	0.379609
38961	2.3074097803857314	3.2077571783191579e-05	0.187831	0.389599
39960	2.3173997506021018	2.9822570147020477e-05	0.192164	0.399589
40959	2.3273897208260395	2.772338908295552e-05	0.196477	0.409579
41958	2.3373796910503026	2.5769457005044959e-05	0.200771	0.419569
42957	2.3473696612684098	2.395090662980212e-05	0.205046	0.429559
43956	2.3573596314745773	2.2258528737687418e-05	0.209303	0.439549
44955	2.3673496016635807	2.0683728959621803e-05	0.213541	0.449539
45954	2.3773395718307473	1.9218487386044356e-05	0.21776	0.459529
46953	2.3873295419718512	1.7855320810594077e-05	0.221961	0.469519
47952	2.3973195120831199	1.658724743383813e-05	0.226144	0.479509
48951	2.4073094821611245	1.5407753864781713e-05	0.230309	0.489499
49950	  2.4172994522028	1.4310764269185165e-05	0.234456	0.499488
50949	2.4272894222053569	1.3290611524139368e-05	0.238586	0.509478
51948	2.4372793921663054	1.2342010247978225e-05	0.242699	0.519468
52947	2.4472693620833845	1.1460031583482918e-05	0.246794	0.529458
53946	2.4572593319545635	1.0640079620566377e-05	0.250872	0.539448
54945	2.4672493017780153	9.8778693522351928e-06	0.254934	0.549438
55944	2.4772392715520701	9.1694060646863057e-06	0.258979	0.559428
56943	2.4872292412752479	8.5109660689455061e-06	0.263007	0.569418
57942	2.4972192109462146	7.8990786875472923e-06	0.267019	0.579408
58941	2.5072091805637533	7.3305094154021123e-06	0.271014	0.589398
59940	2.5171991501267894	6.8022441792674296e-06	0.274994	0.599388
60939	2.5271891196343512	6.3114746251410583e-06	0.278957	0.609378
61938	2.5371790890855745	5.8555843674550719e-06	0.282905	0.619368
62937	2.5471690584796871	5.4321361382153434e-06	0.286837	0.629358
63936	2.5571590278160019	5.0388597781994252e-06	0.290754	0.639348
64935	2.567148997093919	4.6736410160358949e-06	0.294655	0.649338
65934	2.5771389663128974	4.3345109844534656e-06	0.29854	0.659328
66933	2.587128935472474	4.0196364262238117e-06	0.302411	0.669318
67932	2.5971189045722447	3.7273105453484909e-06	0.306267	0.679308
68931	2.6071088736118591	3.4559444618717079e-06	0.310107	0.689298
69930	2.6170988425910222	3.2040592313469426e-06	0.313933	0.699288
70929	2.6270888115094913	2.9702783924650937e-06	0.317744	0.709278
71928	2.6370787803670606	2.7533210086685525e-06	0.321541	0.719268
72927	2.6470687491635712	2.5519951717504401e-06	0.325323	0.729258
73926	2.6570587178988951	2.3651919374710199e-06	0.329091	0.739248
74925	2.6670486865729397	2.1918796651274987e-06	0.332845	0.749238
75924	2.6770386551856586	2.0310987348005687e-06	0.336584	0.759228
76923	2.6870286237370187	1.8819566176714784e-06	0.34031	0.769218
77922	2.6970185922270371	1.7436232763721391e-06	0.344022	0.779208
78921	2.7070085606557259	1.6153268737983931e-06	0.34772	0.789198
79920	2.7169985290231566	1.4963497701936871e-06	0.351404	0.799188
80919	2.7269884973293834	1.386024789600663e-06	0.355075	0.809178
81918	2.7369784655745164	1.2837317379868299e-06	0.358732	0.819168
82917	2.7469684337586737	1.188894156484596e-06	0.362376	0.829157
83916	2.7569584018819753	1.1009762942476243e-06	0.366006	0.839147
84915	2.7669483699445818	1.0194802864216272e-06	0.369624	0.849137
85914	2.7769383379466501	9.4394352366072804e-07	0.373228	0.859127
86913	2.7869283058883565	8.7393620049511292e-07	0.376819	0.869117
87912	2.7969182737698959	8.0905903067527843e-07	0.380398	0.879107
88911	2.8069082415914646	7.4894111838627075e-07	0.383964	0.889097
89910	2.8168982093532819	6.9323797494492919e-07	0.387517	0.899087
90909	2.8268881770555678	6.4162967126741781e-07	0.391057	0.909077
91908	2.8368781446985518	5.9381911702598298e-07	0.394585	0.919067
92907	2.8468681122824773	5.4953045800541491e-07	0.398101	0.929057
93906	2.8568580798075898	5.085075837243494e-07	0.401604	0.939047
94905	2.8668480472741531	4.705127379049993e-07	0.405095	0.949037
95904	2.8768380146824204	4.353252248614295e-07	0.408574	0.959027
96903	2.8868279820326608	4.0274020533126381e-07	0.41204	0.969017
97902	2.8968179493251496	3.7256757570182545e-07	0.415495	0.979007
98901	2.9068079165601519	3.4463092498073074e-07	0.418938	0.988997
99900	2.9167978837379618	3.1876656423373024e-07	0.422369	0.998987
100899	2.9267878508588558	2.9482262356239046e-07	0.425788	1.00898
101898	2.9367778179231294	2.7265821202070152e-07	0.429196	1.01897
102897	2.9467677849310658	2.5214263617551551e-07	0.432592	1.02896
103896	2.9567577518829613	2.3315467330179485e-07	0.435976	1.03895
104895	2.9667477187791134	2.1558189547113613e-07	0.439349	1.04894
105894	2.9767376856198187	1.9932004104199918e-07	0.442711	1.05893
106893	2.9867276524053779	1.842724302942197e-07	0.446061	1.06892
107892	2.9967176191360907	1.7034942216878728e-07	0.449401	1.07891
108891	3.0067075858122481	1.5746790927834035e-07	0.452729	1.0889
109890	3.0166975524341724	1.4555084854483076e-07	0.456046	1.09889
110889	3.0266875190021549	1.3452682499921329e-07	0.459352	1.10888
111888	  3.0366774855165	1.2432964644478443e-07	0.462647	1.11887
112887	3.0466674519775108	1.1489796684158541e-07	0.465932	1.12886
113886	3.0566574183854907	1.0617493641469274e-07	0.469205	1.13885
114885	3.0666473847407385	9.8107876625128971e-08	0.472468	1.14884
115884	3.0766373510435634	9.064797826891453e-08	0.475721	1.15883
116883	3.0866273172942646	8.375002108829612e-08	0.478963	1.16882
117882	3.0966172834931482	7.7372113389611054e-08	0.482194	1.17881
118881	3.1066072496405122	7.1475450265514879e-08	0.485415	1.1888
119880	3.1165972157366477	6.6024089115500845e-08	0.488625	1.19879
120879	3.1265871817818645	6.0984741248473489e-08	0.491826	1.20878
121878	3.1365771477764546	5.632657843497091e-08	0.495016	1.21877
122877	3.146567113720717	5.2021053354717903e-08	0.498196	1.22876
123876	3.1565570796149465	4.8041732958134555e-08	0.501366	1.23875
124875	3.1665470454594389	4.436414382836069e-08	0.504526	1.24874
125874	3.1765370112544775	4.0965628693735712e-08	0.507675	1.25873
126873	3.1865269770003737	3.7825213299733528e-08	0.510815	1.26872
127872	3.1965169426974005	3.4923482904419988e-08	0.513946	1.27871
128871	3.2065069083458537	3.2242467712796329e-08	0.517066	1.2887
129870	3.2164968739460136	2.9765536613218619e-08	0.520177	1.29869
130869	3.2264868394981669	2.747729862360989e-08	0.523278	1.30868
131868	3.2364768050026029	2.5363511496681963e-08	0.526369	1.31867
132867	3.2464667704595911	2.3410996972045348e-08	0.529451	1.32866
133866	3.2564567358694205	2.1607562199053629e-08	0.532524	1.33865
134865	3.2664467012323657	1.9941926887765793e-08	0.535587	1.34864
135864	3.2764366665487032	1.8403655776600265e-08	0.53864	1.35863
136863	3.2864266318187059	1.6983096034314593e-08	0.541685	1.36862
137862	3.2964165970426498	1.5671319240971441e-08	0.54472	1.37861
138861	3.3064065622207885	1.4460067617721355e-08	0.547746	1.3886
139860	3.3163965273534068	1.3341704198651254e-08	0.550763	1.39859
140859	3.3263864924407729	1.2309166659729496e-08	0.553771	1.40858
141858	3.3363764574831425	1.1355924540148184e-08	0.556769	1.41857
142857	3.3463664224807799	1.0475939610225044e-08	0.559759	1.42856
143856	3.3563563874339448	9.6636291575520066e-09	0.56274	1.43855
144855	3.3663463523429029	8.9138319793955239e-09	0.565712	1.44854
145854	3.3763363172079046	8.2217768845118693e-09	0.568675	1.45853
146853	3.3863262820292088	7.5830535216436552e-09	0.57163	1.46852
147852	3.3963162468070625	6.9935853650652782e-09	0.574575	1.47851
148851	3.4063062115417204	6.4496046997355508e-09	0.577513	1.4885
149850	3.416296176233439	5.9476294599322677e-09	0.580441	1.49849
150849	3.4262861408824548	5.4844417857688174e-09	0.583361	1.50848
151848	3.4362761054890147	5.0570681717711121e-09	0.586272	1.51847
152847	3.4462660700533601	4.662761090776004e-09	0.589175	1.52846
153846	3.4562560345757252	4.2989819848526117e-09	0.59207	1.53845
154845	3.466245999056369	3.9633855227861492e-09	0.594956	1.54844
155844	3.4762359634955127	3.6538050309458684e-09	0.597834	1.55842
156843	3.4862259278933947	3.3682390111183022e-09	0.600704	1.56841
157842	3.4962158922502655	3.1048386651669961e-09	0.603565	1.5784
158841	3.5062058565663436	2.8618963522095953e-09	0.606419	1.58839
159840	3.5161958208418551	2.6378349094121508e-09	0.609264	1.59838
160839	3.5261857850770348	2.4311977725292894e-09	0.612101	1.60837
161838	3.5361757492721018	2.2406398369769121e-09	0.61493	1.61836
162837	3.5461657134272926	2.0649190045543163e-09	0.617751	1.62835
163836	3.5561556775428218	1.9028883649480174e-09	0.620564	1.63834
164835	3.5661456416189088	1.7534889648758985e-09	0.623369	1.64833
165834	3.5761356056557809	1.61574312118733e-09	0.626167	1.65832
166833	3.5861255696536531	1.488748237442813e-09	0.628956	1.66831
167832	3.5961155336127395	1.3716710864710715e-09	0.631738	1.6783
168831	3.6061054975332554	1.2637425241618555e-09	0.634512	1.68829
169830	3.6160954614154077	1.1642526023115428e-09	0.637279	1.69828
170829	3.6260854252594177	1.0725460507119392e-09	0.640038	1.70827
171828	3.6360753890654824	9.8801810087347282e-10	0.642789	1.71826
172827	3.646065352833824	9.1011062581417709e-10	0.645533	1.72825
173826	3.6560553165646366	8.3830857223752192e-10	0.648269	1.73824
174825	3.666045280258122	7.721366631755809e-10	0.650998	1.74823
175824	3.6760352439144897	7.1115635079923197e-10	0.653719	1.75822
176823	3.686025207533945	6.5496300060332611e-10	0.656433	1.76821
177822	3.6960151711166751	6.0318328957120389e-10	0.659139	1.7782
178821	3.7060051346628846	5.5547280221560359e-10	0.661839	1.78819
179820	3.715995098172769	5.1151380959250295e-10	0.664531	1.79818
180819	3.7259850616465213	4.710132174942507e-10	0.667215	1.80817
181818	3.7359750250843393	4.3370067105733917e-10	0.669893	1.81816
182817	3.745964988486413	3.9932680397300351e-10	0.672563	1.82815
183816	3.755954951852928	3.6766162137142165e-10	0.675227	1.83814
184815	3.7659449151840794	3.3849300626786805e-10	0.677883	1.84813
185814	3.7759348784800477	3.1162534021605969e-10	0.680532	1.85812
186813	3.7859248417410232	2.8687822951500867e-10	0.683174	1.86811
187812	3.7959148049671856	2.6408532896476252e-10	0.68581	1.8781
188811	3.8059047681587246	2.4309325576735546e-10	0.688438	1.88809
189810	3.8158947313158142	2.2376058672561894e-10	0.691059	1.89808
190809	3.825884694438638	2.0595693240751654e-10	0.693674	1.90807
191808	3.8358746575273743	1.8956208242035818e-10	0.696282	1.91806
192807	3.8458646205821996	1.7446521638037378e-10	0.698883	1.92805
193806	3.8558545836032869	1.6056417557159886e-10	0.701477	1.93804
194805	3.8658445465908171	1.4776479066571054e-10	0.704064	1.94803
195804	3.8758345095449576	1.3598026122418357e-10	0.706645	1.95802
196803	3.8858244724658833	1.2513058302761986e-10	0.709219	1.96801
197802	3.8958144353537638	1.1514201957639245e-10	0.711787	1.978
198801	3.9058043982087676	1.0594661438363531e-10	0.714348	1.98799
199800	3.915794361031065	9.7481740937728059e-11	0.716902	1.99798
200799	3.9257843238208197	8.9689687448357324e-11	0.71945	2.00797
201798	3.9357742865781948	8.2517273709325559e-11	0.721992	2.01796
202797	3.9457642493033602	7.5915497613938e-11	0.724527	2.02795
203796	3.9557542119964766	6.9839209046204529e-11	0.727055	2.03794
204795	3.9657441746577065	6.4246809044368027e-11	0.729578	2.04793
205794	3.9757341372872044	5.9099972293506175e-11	0.732093	2.05792
206793	3.9857240998851355	5.4363391152084367e-11	0.734603	2.06791
207792	3.9957140624516572	5.0004539554306167e-11	0.737106	2.0779
208791	4.0057040249869296	4.5993455256689064e-11	0.739603	2.08789
209790	4.0156939874910984	4.2302539014340194e-11	0.742094	2.09788
210789	4.0256839499643267	3.890636938056922e-11	0.744579	2.10787
211788	4.0356739124067609	3.5781531923440632e-11	0.747057	2.11786
212787	 4.04566387481856	3.2906461745278447e-11	0.74953	2.12785
213786	4.0556538371998698	3.0261298276494154e-11	0.751996	2.13784
214785	4.0656437995508474	2.7827751394022909e-11	0.754456	2.14783
215784	4.0756337618716376	2.558897798753868e-11	0.75691	2.15782
216783	4.085623724162371	2.3529468163976312e-11	0.759358	2.16781
217782	4.0956136864232269	2.1634940343111015e-11	0.761801	2.1778
218781	4.1056036486543324	1.9892244554426412e-11	0.764237	2.18779
219780	4.1155936108558331	1.828927329860209e-11	0.766667	2.19778
220779	4.1255835730278898	1.6814879385994317e-11	0.769092	2.20777
221778	4.1355735351706171	1.5458800209785698e-11	0.77151	2.21776
222777	4.1455634972841775	1.4211587953316011e-11	0.773923	2.22775
223776	 4.15555345936869	1.306454526973962e-11	0.77633	2.23774
224775	4.1655434214243128	1.2009666007835649e-11	0.778731	2.24773
225774	4.1755333834511763	1.1039580590740388e-11	0.781126	2.25772
226773	4.1855233454494174	1.0147505684789617e-11	0.783516	2.26771
227772	4.1955133074191755	9.3271978237444954e-12	0.7859	2.2777
228771	4.2055032693605865	8.5729106795997899e-12	0.788278	2.28769
229770	4.2154932312737792	7.8793556951111889e-12	0.790651	2.29768
230769	4.2254831931588956	7.2416658152717746e-12	0.793018	2.30767
231768	4.2354731550160674	6.6553620753621484e-12	0.795379	2.31766
232767	4.2454631168454178	6.1163228220233534e-12	0.797735	2.32765
233766	4.2554530786470925	5.6207553611734011e-12	0.800085	2.33764
234765	4.265443040421192	5.1651698426228852e-12	0.80243	2.34763
235764	4.2754330021678877	4.7463552060396488e-12	0.804769	2.35762
236763	4.2854229638872736	4.3613570265670507e-12	0.807103	2.36761
237762	4.2954129255794919	4.0074571109973363e-12	0.809432	2.3776
238761	4.3054028872446644	3.6821547070254787e-12	0.811755	2.38759
239760	4.3153928488829134	3.3831491988334303e-12	0.814072	2.39758
240759	4.3253828104943706	3.1083241721487305e-12	0.816385	2.40757
241758	4.3353727720791602	2.8557327410472138e-12	0.818692	2.41756
242757	4.3453627336373932	2.6235840371901509e-12	0.820993	2.42755
243756	4.3553526951691994	2.4102307699511803e-12	0.82329	2.43754
244755	4.3653426566747022	2.2141577730520129e-12	0.825581	2.44753
245754	4.3753326181540206	2.0339714599317513e-12	0.827867	2.45752
246753	4.3853225796072737	1.8683901161679571e-12	0.830147	2.46751
247752	4.3953125410345715	1.7162349628860988e-12	0.832423	2.4775
248751	4.4053025024360526	1.5764219302751428e-12	0.834693	2.48749
249750	4.4152924638118138	1.4479540851055163e-12	0.836958	2.49748
250749	4.4252824251619796	1.3299146605503817e-12	0.839218	2.50747
251748	4.4352723864866626	1.2214606406731485e-12	0.841473	2.51746
252747	4.4452623477859809	1.121816855688995e-12	0.843723	2.52745
253746	4.4552523090600458	1.0302705475604266e-12	0.845968	2.53744
254745	4.4652422703089725	9.4616636866951096e-13	0.848208	2.54743
255744	4.4752322315328747	8.689017792431233e-13	0.850442	2.55742
256743	4.4852221927318592	7.9792281191181148e-13	0.852672	2.56741
257742	4.4952121539060403	7.3272017427550139e-13	0.854897	2.5774
258741	4.5052021150555293	6.7282566264637673e-13	0.857117	2.58739
259740	4.5151920761804361	6.1780886225675116e-13	0.859332	2.59738
260739	4.5251820372808487	5.6727411117083235e-13	0.861542	2.60737
261738	4.5351719983569101	5.2085770693746732e-13	0.863747	2.61736
262737	4.5451619594087047	4.7822533667789506e-13	0.865947	2.62735
263736	4.5551519204363471	4.3906971282934466e-13	0.868143	2.63734
264735	4.5651418814399367	4.0310839817205486e-13	0.870334	2.64733
265734	4.5751318424195828	3.7008180506350832e-13	0.87252	2.65732
266733	4.5851218033753929	3.3975135499779539e-13	0.874701	2.66731
267732	4.5951117643074735	3.1189778570813025e-13	0.876877	2.6773
268731	4.6051017252159108	2.8631959404408518e-13	0.879049	2.68729
269730	4.6150916861008273	2.6283160378864176e-13	0.881216	2.69728
270729	4.6250816469623093	2.4126364844012499e-13	0.883378	2.70727
271728	4.6350716078004677	2.2145935977621956e-13	0.885536	2.71726
272727	4.6450615686154011	2.0327505374682118e-13	0.887689	2.72725
273726	4.6550515294072028	1.865787059144024e-13	0.889837	2.73724
274725	4.6650414901759785	1.7124900927943112e-13	0.891981	2.74723
275724	4.6750314509218294	1.5717450789824229e-13	0.89412	2.75722
276723	4.6850214116448496	1.4425280022563741e-13	0.896255	2.76721
277722	4.6950113723451139	1.3238980659760606e-13	0.898385	2.7772
278721	4.7050013330227554	1.2149909571481941e-13	0.90051	2.78719
279720	4.7149912936778584	1.1150126539691169e-13	0.902631	2.79718
280719	4.7249812543105136	1.0232337325514801e-13	0.904748	2.80717
281718	4.7349712149208241	9.3898413278182708e-14	0.90686	2.81716
282717	4.7449611755088741	8.6164834645449548e-14	0.908967	2.82715
283716	4.7549511360747587	7.9066099377075285e-14	0.91107	2.83714
284715	4.7649410966185775	7.2550275700179811e-14	0.913169	2.84713
285714	4.774931057140412	6.6569664260877069e-14	0.915264	2.85712
286713	4.784921017640368	6.1080454540884787e-14	0.917354	2.86711
287712	4.7949109781185211	5.6042409048997958e-14	0.919439	2.8771
288711	4.8049009385749804	5.1418573052183018e-14	0.92152	2.88709
289710	4.8148908990098196	4.7175007790084419e-14	0.923597	2.89708
290709	4.8248808594231338	4.3280545281485554e-14	0.92567	2.90707
291708	4.8348708198150128	3.9706562982893181e-14	0.927738	2.91706
292707	4.8448607801855497	3.6426776698942925e-14	0.929803	2.92705
293706	4.8548507405348262	3.3417050272730242e-14	0.931862	2.93704
294705	4.8648407008629366	3.0655220702307378e-14	0.933918	2.94703
295704	4.8748306611699608	2.8120937438307296e-14	0.935969	2.95702
296703	4.8848206214559715	2.579551471767649e-14	0.938017	2.96701
297702	4.8948105817211003	2.3661795880528687e-14	0.94006	2.977
298701	4.9048005419653968	2.1704028701799507e-14	0.942098	2.98699
299700	4.9147905021889269	1.9907750847275101e-14	0.944133	2.99698
300699	4.9247804623918121	1.825968463522693e-14	0.946164	3.00697
301698	4.9347704225741271	1.6747640350804021e-14	0.94819	3.01696
302697	4.9447603827359448	1.5360427420968275e-14	0.950213	3.02695
303696	4.9547503428773538	1.4087772813539501e-14	0.952231	3.03694
304695	4.9647403029984449	1.2920246075216925e-14	0.954245	3.04693
305694	4.9747302630992856	1.1849190470631782e-14	0.956255	3.05692
306693	4.9847202231799637	1.0866659727886615e-14	0.958261	3.06691
307692	4.9947101832405574	9.9653599359501442e-15	0.960263	3.0769
308691	5.004700143281152	9.1385961759850606e-15	0.962262	3.08689
309690	5.0146901033018301	8.3802235024434608e-15	0.964256	3.09688
310689	5.0246800633026636	7.6846019208088159e-15	0.966246	3.10687
311688	5.0346700232837245	7.0465550374079253e-15	0.968232	3.11686
312687	5.0446599832451042	6.4613320829672633e-15	0.970214	3.12685
313686	5.0546499431868765	5.9245730357219128e-15	0.972193	3.13684
314685	5.0646399031091125	5.4322765920780638e-15	0.974167	3.14683
315684	5.0746298630119009	4.9807707532333789e-15	0.976138	3.15682
316683	5.0846198228953101	4.5666858149180847e-15	0.978104	3.16681
317682	5.0946097827594112	4.186929564665824e-15	0.980067	3.1768
318681	5.1045997426042744	3.8386645068780797e-15	0.982026	3.18679
319680	5.1145897024300107	3.5192869505210783e-15	0.983981	3.19678
320679	5.1245796622366617	3.2264078076917452e-15	0.985933	3.20677
321678	5.1345696220243191	2.9578349636064367e-15	0.98788	3.21676
322677	5.1445595817930405	2.7115570898854033e-15	0.989824	3.22675
323676	5.1545495415429219	2.4857287834128589e-15	0.991764	3.23674
324675	5.1645395012740147	2.2786569226164919e-15	0.9937	3.24673
325674	5.1745294609863999	2.0887881417982736e-15	0.995632	3.25672
326673	5.1845194206801466	1.9146973322318053e-15	0.997561	3.26671
327672	5.1945093803553357	1.755077086161425e-15	0.999486	3.2767
328671	5.204499340012025	1.6087280066645259e-15	1.00141	3.28669
329670	5.2144892996502961	1.4745498126080038e-15	1.00333	3.29668
330669	5.2244792592702201	1.3515331736919492e-15	1.00524	3.30667
331668	5.2344692188718485	1.2387522158687274e-15	1.00715	3.31666
332667	5.2444591784552799	1.1353576422907714e-15	1.00906	3.32665
333666	5.2544491380205605	1.0405704194109469e-15	1.01096	3.33664
334665	5.2644390975677675	9.5367598196695829e-16	1.01286	3.34663
335664	5.2744290570969765	8.7401891435516956e-16	1.01475	3.35662
336663	5.2844190166082416	8.0099806936657275e-16	1.01665	3.36661
337662	5.2944089761016357	7.3406208844312439e-16	1.01854	3.3766
338661	5.3043989355772343	6.7270529053929667e-16	1.02042	3.38659
339660	5.3143888950350968	6.1646389936209922e-16	1.0223	3.39658
340659	5.3243788544752899	5.64912581232605e-16	1.02418	3.40657
341658	5.3343688138978811	5.176612680807442e-16	1.02605	3.41656
342657	5.3443587733029387	4.7435224216912748e-16	1.02793	3.42655
343656	5.354348732690517	4.3465746105588013e-16	1.02979	3.43654
344655	5.3643386920606959	3.9827610306480675e-16	1.03166	3.44653
345654	5.3743286514135375	3.649323151460273e-16	1.03352	3.45652
346653	5.384318610749097	3.3437314649365781e-16	1.03537	3.46651
347652	5.3943085700674462	3.0636665264924301e-16	1.03723	3.4765
348651	5.4042985293686456	2.8070015607084636e-16	1.03908	3.48649
349650	5.4142884886527556	2.5717865029667468e-16	1.04093	3.49648
350649	5.4242784479198605	2.3562333588730292e-16	1.04277	3.50647
351648	5.4342684071700011	2.1587027729952177e-16	1.04461	3.51646
352647	5.4442583664032398	1.9776917073468214e-16	1.04645	3.52645
353646	5.4542483256196261	1.8118221382143361e-16	1.04828	3.53644
354645	5.4642382848192392	1.6598306874308827e-16	1.05011	3.54643
355644	5.4742282440021857	1.5205591110868474e-16	1.05194	3.55642
356643	5.484218203168421	1.3929455749939195e-16	1.05376	3.56641
357642	5.4942081623180652	1.2760166520265165e-16	1.05558	3.5764
358641	5.5041981214511937	1.1688799817965564e-16	1.0574	3.58639
359640	 5.51418808056785	1.0707175380131829e-16	1.05921	3.59638
360639	5.5241780396680493	9.8077945337309548e-17	1.06102	3.60637
361638	5.5341679987520056	8.9837835595333189e-17	1.06283	3.61636
362637	5.5441579578195919	8.2288417486596579e-17	1.06463	3.62635
363636	5.5541479168709955	7.5371937641125048e-17	1.06643	3.63634
364635	5.5641378759062059	6.9035459515767693e-17	1.06823	3.64633
365634	5.574127834925295	6.3230462730718047e-17	1.07002	3.65632
366633	5.5841177939283213	5.7912475639321128e-17	1.07181	3.66631
367632	5.5941077529153391	5.3040738382793499e-17	1.0736	3.6763
368631	5.6040977118864328	4.8577893908051686e-17	1.07538	3.68629
369630	5.6140876708416139	4.4489704634817392e-17	1.07716	3.69628
370629	5.6240776297809774	4.0744792649023243e-17	1.07894	3.70627
371628	5.6340675887045668	3.7314401474722768e-17	1.08072	3.71626
372627	5.6440575476124311	3.4172177637484224e-17	1.08249	3.72625
373626	5.6540475065046261	3.1293970379763284e-17	1.08426	3.73624
374625	5.6640374653812184	2.865764802418037e-17	1.08602	3.74623
375624	5.6740274242422561	2.6242929604857318e-17	1.08778	3.75622
376623	5.6840173830877916	2.4031230501001607e-17	1.08954	3.76621
377622	5.694007341917886	2.2005520911548588e-17	1.0913	3.7762
378621	5.7039973007325901	2.0150196105686791e-17	1.09305	3.78619
379620	5.713987259531959	1.8450957472179221e-17	1.0948	3.79618
380619	5.7239772183160422	1.6894703471232376e-17	1.09655	3.80617
381618	5.7339671770848915	1.5469429666825539e-17	1.09829	3.81616
382617	5.743957135838559	1.4164137085463778e-17	1.10003	3.82615
383616	5.7539470945771205	1.2968748209747856e-17	1.10177	3.83614
384615	5.7639370533005918	1.1874029972435814e-17	1.1035	3.84613
385614	5.7739270120090564	1.0871523169219458e-17	1.10524	3.85612
386613	5.7839169707025535	9.9534777566476229e-18	1.10697	3.86611
387612	5.7939069293811256	9.112793545857468e-18	1.10869	3.8761
388611	5.8038968880448429	8.3429658433437635e-18	1.11041	3.88609
389610	5.8138868466937526	7.6380356272172294e-18	1.11213	3.89608
390609	5.8238768053278909	6.9925438815415639e-18	1.11385	3.90607
391608	5.8338667639473094	6.4014897426566812e-18	1.11556	3.91606
392607	5.8438567225520774	5.8602921401218932e-18	1.11728	3.92605
393606	5.8538466811422261	5.3647546412607545e-18	1.11898	3.93604
394605	5.8638366397178139	4.9110332324576662e-18	1.12069	3.94603
395604	5.8738265982788906	4.4956067925221716e-18	1.12239	3.95602
396603	5.8838165568255043	4.1152500337678733e-18	1.12409	3.96601
397602	5.8938065153577028	3.7670087050989379e-18	1.12579	3.976
398601	5.9037964738755342	3.4481768684976824e-18	1.12748	3.98599
399600	5.9137864323790472	3.1562760759908806e-18	1.12917	3.99598
400599	5.9237763908682828	2.88903628855454e-18	1.13086	4.00597
401598	5.9337663493433208	2.6443783916074953e-18	1.13254	4.01596
402597	5.9437563078041773	2.4203981738397501e-18	1.13423	4.02595
403596	5.9537462662509055	2.2153516472134581e-18	1.1359	4.03594
404595	5.9637362246835606	2.0276415961457463e-18	1.13758	4.04593
405594	5.9737261831021904	1.8558052532094647e-18	1.13925	4.05592
406593	5.9837161415068412	1.6985030072400665e-18	1.14093	4.06591
407592	5.9937060998975413	1.5545080575785353e-18	1.14259	4.0759
408591	6.0036960582743539	1.4226969353705189e-18	1.14426	4.08589
409590	6.0136860166373269	1.3020408194342146e-18	1.14592	4.09588
410589	6.0236759749865003	1.1915975802540677e-18	1.14758	4.10587
411588	6.0336659333219202	1.0905044911991032e-18	1.14924	4.11585
412587	6.0436558916436303	9.9797155114548946e-19	1.15089	4.12584
413586	6.0536458499516881	9.1327536734101829e-19	1.15254	4.13583
414585	6.0636358082461266	8.357535516196e-19	1.15419	4.14582
415584	6.0736257665269937	7.6479958698871846e-19	1.15584	4.15581
416583	6.0836157247943312	6.9985812520187998e-19	1.15748	4.1658
417582	 6.09360568304818	6.4042067921779586e-19	1.15912	4.17579
418581	6.1035956412885986	5.8602167746447779e-19	1.16076	4.18578
419580	6.1135855995156145	5.3623484959042239e-19	1.1624	4.19577
420579	6.1235755577292874	4.906699159197608e-19	1.16403	4.20576
421578	6.1335655159296492	4.4896955515087176e-19	1.16566	4.21575
422577	6.143555474116738	4.1080662696723214e-19	1.16729	4.22574
423576	6.1535454322906169	3.7588162818088455e-19	1.16891	4.23573
424575	6.1635353904513206	3.4392036281763599e-19	1.17053	4.24572
425574	6.1735253485988846	3.1467180819259267e-19	1.17215	4.25571
426573	6.1835153067333684	2.8790616052729926e-19	1.17377	4.2657
427572	6.1935052648547853	2.6341304503687107e-19	1.17539	4.27569
428571	6.2034952229632054	2.4099987667771568e-19	1.177	4.28568
429570	6.2134851810586618	2.204903589031259e-19	1.17861	4.29567
430569	6.2234751391411782	2.0172310883413121e-19	1.18021	4.30566
431568	6.2334650972108285	1.8455039822444462e-19	1.18182	4.31565
432567	6.243455055267618	1.6883700048864554e-19	1.18342	4.32564
433566	6.2534450133116097	1.5445913487853801e-19	1.18502	4.33563
434565	6.2634349713428481	1.4130349964024377e-19	1.18661	4.34562
435564	6.2734249293613642	1.292663866696427e-19	1.18821	4.35561
436563	6.2834148873672051	1.1825287081151136e-19	1.1898	4.3656
437562	6.293404845360409	1.0817606752291934e-19	1.19139	4.37559
438561	6.3033948033410052	9.8956453148485117e-20	1.19297	4.38558
439560	6.3133847613090515	9.0521242538020081e-20	1.19456	4.39557
440559	6.3233747192645664	8.2803819179563783e-20	1.19614	4.40556
441558	6.3333646772076051	7.574321342621866e-20	1.19772	4.41555
442557	6.3433546351381933	6.9283624766642414e-20	1.19929	4.42554
443556	6.3533445930564074	6.3373984429356375e-20	1.20087	4.43553
444555	6.3633345509622448	5.7967554922819508e-20	1.20244	4.44552
445554	6.3733245088557595	5.3021563398858687e-20	1.20401	4.45551
446553	6.3833144667369979	4.8496865988730808e-20	1.20557	4.4655
447552	6.3933044246059794	4.435764050082903e-20	1.20714	4.47549
448551	6.4032943824627573	4.057110508866587e-20	1.2087	4.48548
449550	6.4132843403073743	3.7107260698960601e-20	1.21026	4.49547
450549	6.4232742981398436	3.3938655293954704e-20	1.21181	4.50546
451548	6.4332642559602329	3.104016801091419e-20	1.21337	4.51545
452547	6.4432542137685669	2.8388811576426844e-20	1.21492	4.52544
453546	6.4532441715648705	2.5963551434761339e-20	1.21647	4.53543
454545	6.4632341293492042	2.374514017932395e-20	1.21801	4.54542
455544	6.473224087121574	2.1715965995093967e-20	1.21956	4.55541
456543	6.4832140448820477	1.9859913928794777e-20	1.2211	4.5654
457542	6.493204002630641	1.8162238903267994e-20	1.22264	4.57539
458541	6.5031939603674012	1.6609449483848344e-20	1.22418	4.58538
459540	6.5131839180923627	1.5189201488186937e-20	1.22571	4.59537
460539	6.5231738758055684	1.3890200607582672e-20	1.22725	4.60536
461538	6.5331638335070377	1.2702113278047164e-20	1.22878	4.61535
462537	6.5431537911968221	1.1615485103591064e-20	1.2303	4.62534
463536	6.5531437488749527	1.0621666193070903e-20	1.23183	4.63533
464535	6.5631337065414623	9.7127428258332477e-21	1.23335	4.64532
465534	6.5731236641963857	8.8814749107519943e-21	1.23487	4.65531
466533	6.5831136218397601	8.1212387484553971e-21	1.23639	4.6653
467532	6.593103579471622	7.4259746479336576e-21	1.23791	4.67529
468531	6.603093537092005	6.7901389866223711e-21	1.23942	4.68528
469530	6.6130834947009376	6.208660337769408e-21	1.24093	4.69527
470529	6.6230734522984678	5.6768993206766441e-21	1.24244	4.70526
471528	6.6330634098846319	5.1906118585135452e-21	1.24395	4.71525
472527	6.6430533674594381	4.7459155550501293e-21	1.24546	4.72524
473526	6.6530433250229333	4.3392589260596267e-21	1.24696	4.73523
474525	6.6630332825751672	3.9673932434850163e-21	1.24846	4.74522
475524	6.6730232401161649	3.6273467709222156e-21	1.24996	4.75521
476523	6.6830131976459297	3.3164011877050762e-21	1.25145	4.7652
477522	6.6930031551645408	3.0320700160271415e-21	1.25295	4.77519
478521	6.702993112672031	2.7720788812387707e-21	1.25444	4.78518
479520	6.7129830701683719	2.5343474498340147e-21	1.25593	4.79517
480519	6.722973027653671	2.3169729028041944e-21	1.25741	4.80516
481518	6.7329629851279718	2.1182148140856483e-21	1.2589	4.81515
482517	6.7429529425911552	1.9364813148606076e-21	1.26038	4.82514
483516	6.7529429000433856	1.7703164345705358e-21	1.26186	4.83513
484515	6.7629328574846825	1.6183885187466691e-21	1.26334	4.84512
485514	6.772922814915046	1.4794796322271774e-21	1.26482	4.85511
486513	6.782912772334579	1.3524758640785626e-21	1.26629	4.8651
487512	6.7929027297433109	1.2363584576321375e-21	1.26776	4.87509
488511	6.8028926871411795	1.1301956955396532e-21	1.26923	4.88508
489510	6.8128826445282877	1.0331354756955464e-21	1.2707	4.89507
490509	6.8228726019046126	9.443985193142523e-22	1.27216	4.90506
491508	6.8328625592702581	8.6327215743099511e-22	1.27363	4.91505
492507	6.8428525166251957	7.8910464665315514e-22	1.27509	4.92504
493506	6.8528424739694751	7.2129996916180533e-22	1.27655	4.93503
494505	6.8628324313031319	6.5931307578218905e-22	1.278	4.94502
495504	6.8728223886261981	6.0264553443758887e-22	1.27946	4.95501
496503	6.8828123459387012	5.5084154950057118e-22	1.28091	4.965
497502	6.8928023032406642	5.0348432048391173e-22	1.28236	4.97499
498501	6.9027922605321201	4.6019271119377328e-22	1.28381	4.98498
499500	6.9127822178131142	4.2061820292061086e-22	1.28526	4.99497
500499	6.9227721750836642	3.8444210748842915e-22	1.2867	5.00496
501498	6.9327621323438047	3.5137301803749744e-22	1.28814	5.01495
502497	6.9427520895935464	3.2114447729614242e-22	1.28958	5.02494
503496	6.9527420468329595	2.9351284481802084e-22	1.29102	5.03493
504495	6.9627320040620448	2.6825534623613018e-22	1.29246	5.04492
505494	6.9727219612808282	2.4516828902607657e-22	1.29389	5.05491
506493	6.982711918489362	2.2406543058990605e-22	1.29532	5.0649
507492	6.9927018756876427	2.0477648567885863e-22	1.29675	5.07489
508491	7.0026918328757342	1.8714576127769458e-22	1.29818	5.08488
509490	7.0126817900536302	1.7103090808403579e-22	1.2996	5.09487
510489	7.0226717472213958	1.5630177864088508e-22	1.30103	5.10486
511488	7.0326617043790431	1.4283938302676858e-22	1.30245	5.11485
512487	7.0426516615265893	1.3053493378229194e-22	1.30387	5.12484
513486	7.0526416186640972	1.1928897246042968e-22	1.30529	5.13483
514485	7.0626315757915545	1.0901057083619268e-22	1.3067	5.14482
515484	7.072621532909003	9.9616600404512554e-23	1.30812	5.15481
516483	7.0826114900164976	9.1031064337954661e-23	1.30953	5.1648
517482	7.0926014471140411	8.3184486572478089e-23	1.31094	5.17479
518481	7.1025914042016547	7.6013353143824889e-23	1.31234	5.18478
519480	7.1125813612793767	6.9459601312845043e-23	1.31375	5.19477
520479	7.1225713183472372	6.3470152398404563e-23	1.31515	5.20476
521478	7.1325612754052576	5.7996484584505653e-23	1.31655	5.21475
522477	7.142551232453477	5.2994242286606847e-23	1.31795	5.22474
523476	7.1525411894919158	4.8422878953398321e-23	1.31935	5.23473
524475	7.1625311465205934	4.4245330446738082e-23	1.32075	5.24472
525474	7.1725211035395464	4.042771638624107e-23	1.32214	5.25471
526473	7.1825110605487978	3.6939067068011095e-23	1.32353	5.2647
527472	7.1925010175483957	3.3751073771024632e-23	1.32492	5.27469
528471	7.2024909745383363	3.0837860451305984e-23	1.32631	5.28468
529470	7.2124809315186438	2.817577499475895e-23	1.3277	5.29467
530469	7.2224708884893705	2.5743198355703206e-23	1.32908	5.30466
531468	7.2324608454505288	2.3520370051025437e-23	1.33046	5.31465
532467	7.2424508024021499	2.1489228610538478e-23	1.33184	5.32464
533466	7.2524407593442586	1.9633265703691115e-23	1.33322	5.33463
534465	7.2624307162768691	1.7937392772111456e-23	1.3346	5.34462
535464	7.2724206732000356	1.6387819097492081e-23	1.33597	5.35461
536463	7.2824106301137554	1.4971940325811427e-23	1.33735	5.3646
537462	7.292400587018073	1.3678236552568795e-23	1.33872	5.37459
538461	7.3023905439130061	1.2496179150250194e-23	1.34009	5.38458
539460	7.3123805007985778	1.1416145589252124e-23	1.34145	5.39457
540459	7.3223704576748281	1.0429341567520758e-23	1.34282	5.40456
541458	7.3323604145417569	9.5277298227309467e-24	1.34418	5.41455
542457	7.3423503713994114	8.7039650543924257e-24	1.34554	5.42454
543456	7.3523403282478057	7.9513344322608148e-24	1.3469	5.43453
544455	7.3623302850869807	7.2637032122365748e-24	1.34826	5.44452
545454	7.3723202419169418	6.6354650219119569e-24	1.34962	5.45451
546453	7.3823101987377182	6.061496415402636e-24	1.35097	5.4645
547452	7.3923001555493331	5.5371153313737084e-24	1.35232	5.47449
548451	7.4022901123518396	5.0580431195148584e-24	1.35367	5.48448
549450	7.4122800691452326	4.6203698293831569e-24	1.35502	5.49447
550449	7.4222700259295413	4.2205224817474799e-24	1.35637	5.50446
551448	7.4322599827047817	3.8552360665389286e-24	1.35771	5.51445
552447	7.4422499394709947	3.5215270334365616e-24	1.35906	5.52444
553446	7.4522398962282042	3.2166690611628101e-24	1.3604	5.53443
554445	7.4622298529764253	2.9381709098960392e-24	1.36174	5.54442
555444	7.4722198097156749	2.6837561779711888e-24	1.36308	5.55441
556443	7.4822097664459948	2.4513447993687268e-24	1.36441	5.5644
557442	7.4921997231673965	2.2390361325088779e-24	1.36575	5.57439
558441	7.5021896798799101	2.0450935036856126e-24	1.36708	5.58438
559440	7.5121796365835687	1.8679300801949589e-24	1.36841	5.59437
560439	7.5221695932783792	1.7060959589281651e-24	1.36974	5.60436
561438	7.5321595499643692	1.558266365999284e-24	1.37107	5.61435
562437	7.5421495066415636	1.4232308719361644e-24	1.37239	5.62434
563436	7.5521394633099819	1.2998835351554228e-24	1.37371	5.63433
564435	7.5621294199696489	1.1872138939324257e-24	1.37504	5.64432
565434	7.5721193766205976	1.0842987339253233e-24	1.37636	5.65431
566433	7.5821093332628413	9.9029456457356163e-25	1.37768	5.6643
567432	7.5920992898964172	9.0443074341607175e-25	1.37899	5.67429
568431	7.6020892465213246	8.2600319260810662e-25	1.38031	5.68428
569430	7.6120792031375828	7.5436865670097046e-25	1.38162	5.69427
570429	7.6220691597452523	6.8893945512366284e-25	1.38293	5.70426
571428	7.6320591163443385	6.2917868680514102e-25	1.38424	5.71425
572427	7.6420490729348396	5.7459584803240671e-25	1.38555	5.72424
573426	7.6520390295168017	5.2474282798260968e-25	1.38686	5.73423
574425	7.6620289860902435	4.7921024942328577e-25	1.38816	5.74422
575424	7.6720189426551757	4.3762412486879367e-25	1.38946	5.75421
576423	7.682008899211648	3.9964280103496012e-25	1.39077	5.7642
577422	7.6919988557596506	3.6495416676881209e-25	1.39206	5.77419
578421	7.7019888122992235	3.3327310176462211e-25	1.39336	5.78418
579420	7.7119787688303791	3.0433914532859813e-25	1.39466	5.79417
580419	7.7219687253531522	2.7791436623815524e-25	1.39595	5.80416
581418	7.7319586818675585	2.5378141637206514e-25	1.39725	5.81415
582417	7.7419486383736107	2.31741752278117e-25	1.39854	5.82414
583416	7.7519385948713531	2.1161401020728089e-25	1.39983	5.83413
584415	7.7619285513607723	1.9323252138858218e-25	1.40111	5.84412
585414	7.7719185078419128	1.7644595545717524e-25	1.4024	5.85411
586413	7.781908464314804	1.6111608098854127e-25	1.40369	5.8641
587412	7.7918984207794413	1.4711663304271841e-25	1.40497	5.87409
588411	7.8018883772358585	1.3433227849173527e-25	1.40625	5.88408
589410	7.811878333684092	1.2265767069792809e-25	1.40753	5.89407
590409	7.8218682901241525	1.1199658583700117e-25	1.40881	5.90406
591408	7.8318582465560409	1.0226113382344975e-25	1.41008	5.91405
592407	7.8418482029797945	9.3371037402585848e-26	1.41136	5.92404
593406	7.851838159395446	8.525297352790845e-26	1.41263	5.93403
594405	7.8618281158029832	7.7839971649250537e-26	1.4139	5.94402
595404	7.8718180722024673	7.1070864000378893e-26	1.41517	5.95401
596403	7.8818080285938894	6.4889783397937609e-26	1.41644	5.964
597402	7.8917979849772779	5.9245704450527739e-26	1.41771	5.97399
598401	7.9017879413526613	5.4092024430267304e-26	1.41897	5.98398
599400	7.9117778977200555	4.9386180382296698e-26	1.42024	5.99397
600399	7.9217678540794756	4.5089299342993555e-26	1.4215	6.00396
601398	7.931757810430943	4.116587880752778e-26	1.42276	6.01395
602397	7.9417477667744745	3.7583494834018928e-26	1.42402	6.02394
603396	7.9517377231100905	3.4312535396937361e-26	1.42527	6.03393
604395	7.9617276794378169	3.1325956808357383e-26	1.42653	6.04392
605394	7.9717176357576793	2.8599061213890563e-26	1.42778	6.05391
606393	7.9817075920697089	2.6109293342128862e-26	1.42904	6.0639
607392	7.9916975483738613	2.3836054843605924e-26	1.43029	6.07389
608391	8.0016875046702864	2.1760534698911113e-26	1.43154	6.08388
609390	8.0116774609588361	1.9865554306844528e-26	1.43278	6.09387
610389	8.021667417239577	1.8135425983429883e-26	1.43403	6.10386
611388	8.0316573735125729	1.6555823712197391e-26	1.43527	6.11385
612387	8.0416473297778648	1.5113665086283765e-26	1.43652	6.12384
613386	8.0516372860355183	1.3797003474409837e-26	1.43776	6.13383
614385	8.0616272422854625	1.2594929526396867e-26	1.439	6.14382
615384	8.071617198527731	1.149748121028569e-26	1.44024	6.15381
616383	8.0816071547623878	1.0495561642931868e-26	1.44147	6.1638
617382	8.091597110989392	9.5808640397252725e-27	1.44271	6.17379
618381	8.101587067208726	8.7458031673664631e-27	1.44394	6.18378
619380	8.1115770234204767	7.9834527368780877e-27	1.44518	6.19377
620379	8.121566979624653	7.2874882226804583e-27	1.44641	6.20376
621378	8.1315569358211537	6.6521346380133455e-27	1.44764	6.21375
622377	8.1415468920100942	6.0721188375968541e-27	1.44886	6.22374
623376	8.1515368481914887	5.5426259555323939e-27	1.45009	6.23373
624375	8.161526804365522	5.059259620344622e-27	1.45132	6.24372
625374	8.1715167605320165	4.6180056200386591e-27	1.45254	6.25371
626373	8.1815067166909614	4.2151987183449588e-27	1.45376	6.2637
627372	8.1914966728424492	3.8474923491756109e-27	1.45498	6.27369
628371	8.2014866289866255	3.5118309399354771e-27	1.4562	6.28368
629370	8.2114765851233127	3.2054246359095416e-27	1.45742	6.29367
630369	8.2214665412525871	2.925726217659481e-27	1.45863	6.30366
631368	8.2314564973744684	2.6704100213721636e-27	1.45985	6.31365
632367	8.2414464534889724	2.4373526885552831e-27	1.46106	6.32364
633366	8.2514364095961845	2.2246155865031835e-27	1.46227	6.33363
634365	8.2614263656960265	2.0304287546882518e-27	1.46348	6.34362
635364	8.271416321788605	1.853176244773642e-27	1.46469	6.35361
636363	8.2814062778738702	1.6913827334029271e-27	1.4659	6.3636
637362	8.2913962339518346	1.5437012973874767e-27	1.4671	6.37359
638361	8.301386190022578	1.4089022504745686e-27	1.46831	6.38358
639360	8.3113761460860456	1.2858629496130442e-27	1.46951	6.39357
640359	8.3213661021422531	1.1735584866114054e-27	1.47071	6.40356
641358	8.3313560581913304	1.0710531883713492e-27	1.47191	6.41355
642357	8.3413460142331921	9.774928555367467e-28	1.47311	6.42354
643356	8.3513359702678613	8.9209767547886605e-28	1.47431	6.43353
644355	8.3613259262953665	8.1415575109321968e-28	1.4755	6.44351
645354	8.3713158823157716	7.4301719195676135e-28	1.4767	6.4535
646353	8.3813058383290553	6.7808871902854735e-28	1.47789	6.46349
647352	8.3912957943352424	6.1882873830982054e-28	1.47908	6.47348
648351	8.4012857503343259	5.6474284274570394e-28	1.48027	6.48347
649350	8.4112757063263377	5.1537970518221225e-28	1.48146	6.49346
650349	8.4212656623113062	4.703273284176701e-28	1.48264	6.50345
651348	8.4312556182892404	4.2920962133370093e-28	1.48383	6.51344
652347	8.4412455742601527	3.9168327278168778e-28	1.48501	6.52343
653346	8.4512355302240501	3.5743489735818584e-28	1.4862	6.53342
654345	8.4612254861809735	3.2617842944742649e-28	1.48738	6.54341
655344	8.4712154421309389	2.9765274395896712e-28	1.48856	6.5534
656343	8.4812053980739286	2.7161948406094032e-28	1.48974	6.56339
657342	8.4911953540099674	2.4786107791940187e-28	1.49091	6.57338
658341	8.5011853099390677	2.2617892801585326e-28	1.49209	6.58337
659340	8.5111752658613113	2.0639175804153196e-28	1.49326	6.59336
660339	8.5211652217766716	1.8833410366943936e-28	1.49444	6.60335
661338	8.5311551776851413	1.7185493469492439e-28	1.49561	6.61334
662337	8.5411451335867667	1.5681639712190303e-28	1.49678	6.62333
663336	8.5511350894815763	1.4309266476406212e-28	1.49795	6.63332
664335	8.5611250453695416	1.305688908364913e-28	1.49912	6.64331
665334	8.5711150012506572	1.1914025084061529e-28	1.50028	6.6533
666333	8.581104957125012	1.0871106880100377e-28	1.50145	6.66329
667332	8.5910949129925598	9.9194019602684595e-29	1.50261	6.67328
668331	8.6010848688534143	9.0509400807791186e-29	1.50377	6.68327
669330	8.6110748247074902	8.2584467905823544e-29	1.50493	6.69326
670329	8.6210647805548017	7.535282747732209e-29	1.50609	6.70325
671328	8.6310547363954306	6.8753883230640926e-29	1.50725	6.71324
672327	8.6410446922293591	6.2732330309707002e-29	1.50841	6.72323
673326	8.6510346480566209	5.7237693670807467e-29	1.50956	6.73322
674325	8.661024603877193	5.2223906691846293e-29	1.51072	6.74321
675324	8.6710145596911001	4.7648926511162006e-29	1.51187	6.7532
676323	8.6810045154983868	4.3474382897678196e-29	1.51302	6.76319
677322	8.6909944712991098	3.9665257732340642e-29	1.51417	6.77318
678321	8.7009844270931307	3.6189592434845312e-29	1.51532	6.78317
679320	8.7109743828805772	3.3018220901583188e-29	1.51647	6.79316
680319	8.7209643386615117	3.0124525732544653e-29	1.51761	6.80315
681318	8.7309542944358451	2.748421571829587e-29	1.51876	6.81314
682317	8.7409442502035688	2.5075122734707753e-29	1.5199	6.82313
683316	8.7509342059648354	2.2877016354356867e-29	1.52104	6.83312
684315	8.760924161719597	2.0871434630698698e-29	1.52219	6.84311
685314	8.7709141174678162	1.9041529645537405e-29	1.52333	6.8531
686313	8.7809040732096086	1.7371926533015025e-29	1.52446	6.86309
687312	8.7908940289449369	1.5848594805399659e-29	1.5256	6.87308
688311	8.8008839846737352	1.4458730908235034e-29	1.52674	6.88307
689310	8.8108739403961369	1.3190651025823152e-29	1.52787	6.89306
690309	 8.82086389611203	1.2033693243275242e-29	1.529	6.90305
691308	8.8308538518215709	1.0978128249224114e-29	1.53014	6.91304
692307	8.8408438075247648	1.0015077834365294e-29	1.53127	6.92303
693306	8.8508337632214555	9.1364405058907642e-30	1.5324	6.93302
694305	8.8608237189118935	8.3348235971195425e-30	1.53352	6.94301
695304	8.8708136745958903	7.6034813057196811e-30	1.53465	6.953
696303	 8.88080363027359	6.9362581432942279e-30	1.53578	6.96299
697302	8.8907935859449569	6.327537324184732e-30	1.5369	6.97298
698301	8.9007835416099965	5.7721936624998304e-30	1.53802	6.98297
699300	8.9107734972687656	5.2655505839491752e-30	1.53915	6.99296
700299	8.9207634529211983	4.8033408933606635e-30	1.54027	7.00295
701298	8.9307534085674316	4.3816709700727546e-30	1.54138	7.01294
702297	8.9407433642073073	3.9969880919772002e-30	1.5425	7.02293
703296	8.9507333198410812	3.6460506150821406e-30	1.54362	7.03292
704295	8.9607232754684869	3.3259007592875978e-30	1.54474	7.04291
705294	8.9707132310897748	3.0338397728095302e-30	1.54585	7.0529
706293	8.9807031867047868	2.7674052675414384e-30	1.54696	7.06289
707292	8.9906931423137433	2.5243505357612705e-30	1.54807	7.07288
708291	9.0006830979163777	2.3026256751344038e-30	1.54918	7.08287
709290	9.0106730535129653	2.1003603640627154e-30	1.55029	7.09286
710289	9.020663009103286	1.9158481432132157e-30	1.5514	7.10285
711288	9.0306529646875813	1.7475320716413549e-30	1.55251	7.11284
712287	9.0406429202657073	1.5939916374096525e-30	1.55361	7.12283
713286	9.0506328758377546	1.4539308130845936e-30	1.55472	7.13282
714285	9.0606228314037036	1.326167156065208e-30	1.55582	7.14281
715284	9.0706127869635331	1.2096218624302591e-30	1.55692	7.1528
716283	9.0806027425174012	1.103310690964489e-30	1.55802	7.16279
717282	9.0905926980650751	1.0063356813014753e-30	1.55912	7.17278
718281	9.1005826536068053	9.1787759676281315e-31	1.56022	7.18277
719280	9.1105726091424888	8.3718902853707409e-31	1.56132	7.19276
720279	9.1205625646721398	7.6358810337494843e-31	1.56242	7.20275
721278	9.1305525201958737	6.964527420286758e-31	1.56351	7.21274
722277	9.1405424757135112	6.3521542027389614e-31	1.5646	7.22273
723276	9.1505324312252316	5.7935838855980593e-31	1.5657	7.23272
724275	9.1605223867310208	5.2840931017418391e-31	1.56679	7.24271
725274	9.1705123422307704	4.8193728131505659e-31	1.56788	7.2527
726273	9.1805022977246864	4.3954919966011129e-31	1.56897	7.26269
727272	9.1904922532126747	4.008864509448824e-31	1.57005	7.27268
728271	9.2004822086946394	3.6562188572570126e-31	1.57114	7.28267
729270	9.2104721641708203	3.3345706093565972e-31	1.57223	7.29266
730269	9.2204621196411374	3.0411972306170275e-31	1.57331	7.30265
731268	9.2304520751054593	2.7736151179684796e-31	1.57439	7.31264
732267	9.2404420305640471	2.5295586487056621e-31	1.57547	7.32263
733266	9.2504319860167428	2.3069610644778712e-31	1.57655	7.33262
734265	9.2604219414636102	2.1039370302702576e-31	1.57763	7.34261
735264	9.2704118969046103	1.9187667217358488e-31	1.57871	7.3526
736263	9.2804018523399172	1.7498813070645762e-31	1.57979	7.36259
737262	9.2903918077693639	1.5958497012811624e-31	1.58086	7.37258
738261	9.3003817631930392	1.4553664815464241e-31	1.58194	7.38257
739260	9.3103717186108632	1.3272408617849487e-31	1.58301	7.39256
740259	9.3203616740230419	1.2103866338596142e-31	1.58409	7.40255
741258	9.330351629429499	1.1038129906315854e-31	1.58516	7.41254
742257	9.3403415848300888	1.0066161536539456e-31	1.58623	7.42253
743256	9.3503315402250529	9.1797173500838461e-32	1.5873	7.43252
744255	9.3603214956143148	8.3712776896416489e-32	1.58836	7.44251
745254	9.3703114509978338	7.6339835476934926e-32	1.58943	7.4525
746253	9.3803014063757182	6.9615785702212118e-32	1.5905	7.46249
747252	9.3902913617479342	6.3483561475858562e-32	1.59156	7.47248
748251	9.4002813171144588	5.7891111467221391e-32	1.59262	7.48247
749250	9.4102712724752777	5.2790958778387753e-32	1.59369	7.49246
750249	9.4202612278305153	4.8139799244430011e-32	1.59475	7.50245
751248	9.4302511831801752	4.3898134980162787e-32	1.59581	7.51244
752247	9.4402411385242111	4.0029940083308116e-32	1.59687	7.52243
753246	9.450231093862655	3.6502355674661666e-32	1.59792	7.53242
754245	9.4602210491955407	3.3285411702838242e-32	1.59898	7.54241
755244	9.4702110045228753	3.0351773166547895e-32	1.60004	7.5524
756243	9.4802009598446428	2.7676508613001067e-32	1.60109	7.56239
757242	9.4901909151608415	2.5236878958681045e-32	1.60214	7.57238
758241	9.5001808704715032	2.3012144849936325e-32	1.60319	7.58237
759240	9.5101708257766635	2.0983390937070948e-32	1.60425	7.59236
760239	9.5201607810762781	1.9133365578150335e-32	1.6053	7.60235
761238	9.5301507363703752	1.7446334618802522e-32	1.60634	7.61234
762237	9.5401406916589675	1.5907948012964738e-32	1.60739	7.62233
763236	9.5501306469420602	1.4505118157800261e-32	1.60844	7.63232
764235	9.5601206022196585	1.3225908914800998e-32	1.60948	7.64231
765234	9.570110557491768	1.2059434379230835e-32	1.61053	7.6523
766233	9.5801005127583991	1.0995766542301424e-32	1.61157	7.66229
767232	9.5900904680196319	1.0025851065510548e-32	1.61261	7.67228
768231	9.6000804232755357	9.1414304550297839e-33	1.61366	7.68227
769230	9.6100703785259771	8.3349739864901765e-33	1.6147	7.69226
770229	9.6200603337709616	7.5996137875012244e-33	1.61573	7.70225
771228	9.6300502890105335	6.9290865372311513e-33	1.61677	7.71224
772227	9.6400402442448438	6.3176802898081004e-33	1.61781	7.72223
773226	9.6500301994737185	5.7601859715839618e-33	1.61885	7.73222
774225	9.6600201546971665	5.2518531417790074e-33	1.61988	7.74221
775224	9.6700101099153883	4.7883496420520076e-33	1.62091	7.7522
776223	9.6800000651282083	4.3657247933990312e-33	1.62195	7.76219
777222	9.6899900203356744	3.980375828768447e-33	1.62298	7.77218
778221	9.6999799755378966	3.6290172771284406e-33	1.62401	7.78217
779220	9.7099699307347205	3.3086530396791769e-33	1.62504	7.79216
780219	9.7199598859263538	3.016550921663655e-33	1.62607	7.80215
781218	9.7299498411126191	2.7502194040003794e-33	1.62709	7.81214
782217	9.7399397962936796	2.5073864579064334e-33	1.62812	7.82213
783216	9.7499297514694128	2.285980222962324e-33	1.62914	7.83212
784215	9.7599197066399679	2.0841113848380982e-33	1.63017	7.84211
785214	9.7699096618051975	1.9000571032833517e-33	1.63119	7.8521
786213	9.7798996169652952	1.7322463541056141e-33	1.63221	7.86209
787212	9.7898895721201207	1.5792465608310275e-33	1.63323	7.87208
788211	9.7998795272697539	1.4397514026611265e-33	1.63425	7.88207
789210	9.8098694824142036	1.3125696953001638e-33	1.63527	7.89206
790209	9.8198594375534416	1.1966152503143101e-33	1.63629	7.90205
791208	9.8298493926875405	1.0908976269726577e-33	1.63731	7.91204
792207	9.8398393478164756	9.9451369808141328e-34	1.63832	7.92203
793206	9.8498293029402522	9.0663995821984748e-34	1.63934	7.93202
794205	9.859819258058879	8.265255090783277e-34	1.64035	7.94201
795204	9.8698092131723723	7.5348566233789636e-34	1.64136	7.952
796203	9.8797991682807034	6.8689610576608882e-34	1.64238	7.96199
797202	9.8897891233839132	6.2618758297901556e-34	1.64339	7.97198
798201	9.8997790784820605	5.708410416756321e-34	1.6444	7.98197
799200	9.9097690335751452	5.2038320912354727e-34	1.64541	7.99196
800199	9.9197589886631388	4.7438255729982518e-34	1.64641	8.00195
801198	9.9297489437460875	4.3244562339618781e-34	1.64742	8.01194
802197	9.9397388988239168	3.9421365441330895e-34	1.64842	8.02193
803196	9.9497288538966639	3.59359547319525e-34	1.64943	8.03192
804195	  9.9597188089644	3.2758505875774052e-34	1.65043	8.04191
805194	9.969708764027132	2.9861826057279151e-34	1.65144	8.0519
806193	9.9796987190848689	2.7221121951864367e-34	1.65244	8.06189
807192	9.9896886741376179	2.4813788140838849e-34	1.65344	8.07188
808191	9.9996786291853574	2.2619214170653469e-34	1.65444	8.08187
809190	10.009668584228031	2.0618608614667227e-34	1.65544	8.09186
810189	10.019658539265734	1.8794838640218122e-34	1.65643	8.10185
811188	10.029648494298478	1.7132283715504696e-34	1.65743	8.11184
812187	10.039638449326294	1.5616702210961446e-34	1.65843	8.12183
813186	10.04962840434918	1.4235109759394261e-34	1.65942	8.13182
814185	10.059618359367027	1.2975668339115362e-34	1.66041	8.14181
815184	10.069608314379973	1.1827585135476978e-34	1.66141	8.1518
816183	10.079598269388047	1.078102031935463e-34	1.6624	8.16179
817182	10.089588224391237	9.8270029569703561e-35	1.66339	8.17178
818181	10.099578179389425	8.9573543346051128e-35	1.66438	8.18177
819180	10.109568134382757	8.1646180448357856e-35	1.66537	8.19176
820179	10.119558089371248	7.4419962384559387e-35	1.66635	8.20175
821178	10.129548044354861	6.7832914987145822e-35	1.66734	8.21174
822177	10.139537999333545	6.1828538423535407e-35	1.66833	8.22173
823176	 10.1495279543074	5.6355323955674305e-35	1.66931	8.23172
824175	10.159517909276456	5.1366313328088548e-35	1.6703	8.24171
825174	10.169507864240689	4.6818697026593553e-35	1.67128	8.2517
826173	10.179497819200018	4.2673447980885181e-35	1.67226	8.26169
827172	10.189487774154575	3.8894987586119107e-35	1.67324	8.27168
828171	10.199477729104359	3.545088119389769e-35	1.67422	8.28167
829170	10.209467684049253	3.2311560474153753e-35	1.6752	8.29166
830169	10.219457638989358	2.9450070278383882e-35	1.67618	8.30165
831168	10.229447593924791	2.6841837843493041e-35	1.67715	8.31164
832167	10.239437548855397	2.4464462365929141e-35	1.67813	8.32163
833166	10.249427503781185	2.2297523149434151e-35	1.67911	8.33162
834165	10.259417458702325	2.0322404688099532e-35	1.68008	8.34161
835164	10.26940741361868	1.8522137190818911e-35	1.68105	8.3516
836163	10.279397368530239	1.688125118492005e-35	1.68203	8.36159
837162	10.289387323437193	1.5385644956851613e-35	1.683	8.37158
838161	10.299377278339414	1.4022463697304309e-35	1.68397	8.38157
839160	10.309367233236893	1.2779989318013877e-35	1.68494	8.39156
840159	10.319357188129704	1.1647539998551155e-35	1.68591	8.40155
841158	10.32934714301782	1.061537860444859e-35	1.68687	8.41154
842157	10.339337097901232	9.6746291937335333e-36	1.68784	8.42153
843156	10.34932705278006	8.8172008979853628e-36	1.68881	8.43152
844155	10.359317007654113	8.0357185270022652e-36	1.68977	8.44151
845154	10.369306962523593	7.3234593035722732e-36	1.69073	8.4515
846153	10.379296917388432	6.6742951872018116e-36	1.6917	8.46149
847152	10.389286872248586	6.0826402933894424e-36	1.69266	8.47148
848151	10.399276827104222	5.5434029585666911e-36	1.69362	8.48147
849150	10.409266781955107	5.0519420405159982e-36	1.69458	8.49146
850149	10.419256736801479	4.604027080273515e-36	1.69554	8.50145
851148	10.429246691643224	4.1958019845218166e-36	1.6965	8.51144
852147	10.439236646480353	3.8237519175718901e-36	1.69746	8.52143
853146	10.449226601313034	3.4846731194710007e-36	1.69841	8.53142
854145	10.459216556140955	3.1756453917902313e-36	1.69937	8.54141
855144	10.469206510964426	2.8940070154581511e-36	1.70032	8.5514
856143	10.479196465783295	2.6373318858062916e-36	1.70128	8.56139
857142	10.489186420597635	2.4034086689563397e-36	1.70223	8.57138
858141	10.499176375407496	2.1902218009711668e-36	1.70318	8.58137
859140	10.509166330212734	1.9959341669581252e-36	1.70413	8.59136
860139	10.519156285013537	1.8188713116878798e-36	1.70508	8.60135
861138	10.529146239809739	1.6575070463993084e-36	1.70603	8.61134
862137	10.539136194601607	1.5104503284109507e-36	1.70698	8.62133
863136	10.549126149388819	1.376433301055461e-36	1.70793	8.63132
864135	10.55911610417165	1.2543003913874921e-36	1.70887	8.64131
865134	10.56910605894989	1.1429983721731062e-36	1.70982	8.6513
866133	10.57909601372379	1.0415673029264788e-36	1.71076	8.66129
867132	10.589085968493119	9.4913227228897945e-37	1.71171	8.67128
868131	10.599075923258104	8.6489587090988734e-37	1.71265	8.68126
869130	10.609065878018592	7.8813133024668369e-37	1.71359	8.69125
870129	10.619055832774688	7.1817626840846781e-37	1.71453	8.70124
871128	10.629045787526273	6.5442698936844039e-37	1.71547	8.71123
872127	10.639035742273588	5.9633328661392946e-37	1.71641	8.72122
873126	10.649025697016294	5.4339370662650839e-37	1.71735	8.73121
874125	10.659015651754803	4.9515123152687198e-37	1.71829	8.7412
875124	10.669005606488723	4.5118934381302974e-37	1.71923	8.75119
876123	10.678995561218466	4.1112843939705781e-37	1.72016	8.76118
877122	10.688985515943614	3.7462255813256966e-37	1.7211	8.77117
878121	10.698975470664614	3.4135640374857276e-37	1.72203	8.78116
879120	10.708965425381045	3.110426275879167e-37	1.72297	8.79115
880119	10.718955380093297	2.834193528119811e-37	1.7239	8.80114
881118	10.728945334801075	2.5824791779663267e-37	1.72483	8.81113
882117	10.738935289504598	2.3531081932558737e-37	1.72576	8.82112
883116	10.748925244203791	2.1440983790218883e-37	1.72669	8.83111
884115	10.758915198898599	1.9536432906390607e-37	1.72762	8.8411
885114	10.76890515358928	1.7800966600913245e-37	1.72855	8.85109
886113	10.778895108275391	1.6219582014496851e-37	1.72947	8.86108
887112	10.788885062957384	1.4778606734919569e-37	1.7304	8.87107
888111	10.798875017635078	1.3465580881925122e-37	1.73133	8.88106
889110	10.808864972308397	1.2269149636535064e-37	1.73225	8.89105
890109	10.818854926977581	1.1178965290214074e-37	1.73317	8.90104
891108	10.828844881642411	1.0185597971117611e-37	1.7341	8.91103
892107	10.838834836303022	9.2804542792197378e-38	1.73502	8.92102
893106	 10.8488247909593	8.455703130081538e-38	1.73594	8.93101
894105	10.858814745611397	7.7042081689830604e-38	1.73686	8.941
895104	10.868804700259403	7.0194661736241973e-38	1.73778	8.95099
896103	  10.878794654903	6.3955509150819843e-38	1.7387	8.96098
897102	10.888784609542398	5.8270619936462875e-38	1.73962	8.97097
898101	10.898774564177609	5.3090782089369387e-38	1.74053	8.98096
899100	10.908764518808583	4.8371150627031332e-38	1.74145	8.99095
900099	10.918754473435484	4.4070860282532647e-38	1.74237	9.00094
901098	10.928744428058179	4.0152672528667859e-38	1.74328	9.01093
902097	10.938734382676682	3.6582653890769582e-38	1.74419	9.02092
903096	10.948724337291077	3.332988277636231e-38	1.74511	9.03091
904095	10.958714291901121	3.0366182295177794e-38	1.74602	9.0409
905094	10.968704246507018	2.7665876766766557e-38	1.74693	9.05089
906093	10.978694201108862	2.5205569816842264e-38	1.74784	9.06088
907092	10.98868415570643	2.2963942149359165e-38	1.74875	9.07087
908091	10.998674110299927	2.092156725073283e-38	1.74966	9.08086
909090	11.008664064889381	1.9060743437033542e-38	1.75057	9.09085
910089	11.018654019474594	1.7365340795731668e-38	1.75147	9.10084
911088	11.028643974055726	1.5820661701867756e-38	1.75238	9.11083
912087	11.038633928632823	1.4413313705454845e-38	1.75329	9.12082
913086	11.048623883205732	1.3131093693505225e-38	1.75419	9.13081
914085	11.058613837774574	1.1962882327220396e-38	1.75509	9.1408
915084	11.068603792339461	1.0898547843433976e-38	1.756	9.15079
916083	11.078593746900376	9.9288583900973599e-39	1.7569	9.16078
917082	11.088583701457056	9.045402139164959e-39	1.7578	9.17077
918081	11.098573656009723	8.2405144872786333e-39	1.7587	9.18076
919080	11.108563610558381	7.5072117157612498e-39	1.7596	9.19075
920079	11.118553565102872	6.8391305371267293e-39	1.7605	9.20074
921078	11.128543519643292	6.2304730060767569e-39	1.7614	9.21073
922077	11.138533474179786	5.6759563192234985e-39	1.76229	9.22072
923076	11.148523428712384	5.1707670699473608e-39	1.76319	9.23071
924075	11.158513383240797	4.7105195632303932e-39	1.76409	9.2407
925074	11.168503337765191	4.2912178303388174e-39	1.76498	9.25069
926073	 11.1784932922856	3.9092210151504611e-39	1.76588	9.26068
927072	11.188483246802155	3.5612118330223626e-39	1.76677	9.27067
928071	11.198473201314581	3.2441678296118194e-39	1.76766	9.28066
929070	11.208463155823011	2.9553351912336699e-39	1.76855	9.29065
930069	11.218453110327506	2.6922048803640797e-39	1.76944	9.30064
931068	11.22844306482817	2.4524908899765829e-39	1.77033	9.31063
932067	11.238433019324704	2.2341104286919541e-39	1.77122	9.32062
933066	11.248422973817272	2.0351658653990008e-39	1.77211	9.33061
934065	11.258412928306019	1.8539282771989018e-39	1.773	9.3406
935064	11.268402882790809	1.6888224583763604e-39	1.77389	9.35059
936063	11.278392837271657	1.5384132607223213e-39	1.77477	9.36058
937062	11.288382791748523	1.4013931470358615e-39	1.77566	9.37057
938061	11.298372746221444	1.2765708501165441e-39	1.77654	9.38056
939060	11.308362700690573	1.1628610391119015e-39	1.77743	9.39055
940059	11.31835265515579	1.0592749037914766e-39	1.77831	9.40054
941058	11.328342609617094	9.6491157525346326e-40	1.77919	9.41053
942057	11.338332564074431	8.7895030880127617e-40	1.78007	9.42052
943056	11.34832251852791	8.0064336131674767e-40	1.78095	9.43051
944055	11.358312472977575	7.2930950146230843e-40	1.78183	9.4405
945054	11.368302427423334	6.6432809651721553e-40	1.78271	9.45049
946053	11.378292381865336	6.0513372464010341e-40	1.78359	9.46048
947052	11.388282336303343	5.5121126589523928e-40	1.78447	9.47047
948051	11.398272290737516	5.0209142952156283e-40	1.78535	9.48046
949050	11.408262245167872	4.5734667869800602e-40	1.78622	9.49045
950049	11.418252199594413	4.1658751749810052e-40	1.7871	9.50044
951048	11.428242154017143	3.794591078612647e-40	1.78797	9.51043
952047	11.438232108436065	3.4563818726444262e-40	1.78885	9.52042
953046	11.448222062851134	3.1483026038057082e-40	1.78972	9.53041
954045	11.458212017262355	2.8676704038226984e-40	1.79059	9.5404
955044	11.468201971669794	2.612041177105071e-40	1.79146	9.55039
956043	11.478191926073452	2.3791883609759513e-40	1.79233	9.56038
957042	11.488181880473309	2.1670835742864048e-40	1.7932	9.57037
958041	11.498171834869469	1.9738789866106186e-40	1.79407	9.58036
959040	11.508161789261829	1.7978912551211546e-40	1.79494	9.59035
960039	11.518151743650423	1.637586889823758e-40	1.79581	9.60034
961038	11.528141698035178	1.4915689202065397e-40	1.79668	9.61033
962037	11.538131652416203	1.3585647476339217e-40	1.79754	9.62032
963036	11.548121606793464	1.2374150780914451e-40	1.79841	9.63031
964035	11.558111561167005	1.1270638392500937e-40	1.79927	9.6403
965034	11.568101515536846	1.0265489943506195e-40	1.80014	9.65029
966033	11.578091469902958	9.3499417318217564e-41	1.801	9.66028
967032	11.588081424265315	8.516010475132225e-41	1.80186	9.67027
968031	11.598071378624013	7.7564238478767218e-41	1.80272	9.68026
969030	11.608061332978972	7.0645571978026221e-41	1.80358	9.69025
970029	11.618051287330236	6.4343758926435982e-41	1.80444	9.70024
971028	11.628041241677742	5.8603827962878732e-41	1.8053	9.71023
972027	11.638031196021558	5.3375704182904115e-41	1.80616	9.72022
973026	11.648021150361689	4.8613773211309048e-41	1.80702	9.73021
974025	11.658011104698181	4.4276484065543635e-41	1.80788	9.7402
975024	11.668001059031001	4.0325987359929765e-41	1.80873	9.75019
976023	11.677991013360138	3.6727805707339962e-41	1.80959	9.76018
977022	11.687980967685649	3.345053345443864e-41	1.81045	9.77017
978021	11.697970922007475	3.0465563141174366e-41	1.8113	9.78016
979020	11.70796087632565	2.7746836307220093e-41	1.81215	9.79015
980019	11.717950830640209	2.527061647940159e-41	1.81301	9.80014
981018	11.727940784951155	2.301528236676722e-41	1.81386	9.81013
982017	11.737930739258477	2.0961139465405874e-41	1.81471	9.82012
983016	11.747920693562151	1.90902484350028e-41	1.81556	9.83011
984015	11.75791064786219	1.7386268754794181e-41	1.81641	9.8401
985014	11.76790060215863	1.583431629929614e-41	1.81726	9.85009
986013	11.777890556451476	1.4420833595107779e-41	1.81811	9.86008
987012	11.787880510740731	1.3133471630264124e-41	1.81896	9.87007
988011	11.797870465026399	1.1960982187992515e-41	1.8198	9.88006
989010	11.807860419308486	1.0893119768182253e-41	1.82065	9.89005
990009	11.817850373586991	9.9205522432013056e-42	1.8215	9.90004
991008	11.827840327861908	9.0347794706119799e-42	1.82234	9.91003
992007	11.837830282133256	8.2280591545019042e-42	1.82318	9.92002
993006	11.847820236401034	7.4933393101645548e-42	1.82403	9.93001
994005	11.857810190665251	6.8241967442736077e-42	1.82487	9.94
995004	11.867800144925916	6.2147810150039264e-42	1.82571	9.94999
996003	11.877790099183063	5.6597633842062224e-42	1.82655	9.95998
997002	11.887780053436661	5.1542903171588171e-42	1.8274	9.96997
998001	11.89777000768675	4.6939411249755166e-42	1.82824	9.97996
999000	11.907759961933298	4.274689380784426e-42	1.82907	9.98995
999999	11.917749916176302	3.8928677736246234e-42	1.82991	9.99994
