# Filename: 3Dvlt_flow_Op11133_K0.135_y0.232_step1000000.dat
# Source: 3Dvlt_flow.c
# Source version: 1 (2012 Jul 19 - ...)
# Constant values: PI= 3.141592653589793116, PISQ=9.8696044010893579923, PICU=31.0062766802998162063
# Parameter values: OpA=1, OpB=1, OpC=1, OpD=3, OpE=3, A3=41.3417022403997549418, THETA=0.6, N=2, initialdl=1e-05, trajectorydl=1e-05, initialds=1e-05, trajectorydsMax=1e-05, uncertainty=1e-16, dataskipdl=999, dataskipds=999
# Option-dependent values: K=0.13475860863944669199, y=0.231537004262414719546, Kstar=                  -10, ystar=                  -10, c=                    0, Z=                    0, lambda=                    0, initialKdir=0, flowdir=1, Max_steps=1000000
# Initialized values: Deltas=0, Deltal=0, count_steps=0, count_passes=0, K0c=0.296469, oldK0c=-100
# Input-file parameter: Cc=1.1
# step	K	y	path-length-l	path-length-s (in K-y-space)
0	0.13475860863944669	0.23153700426241472	0	0
1	0.13475860863944669	0.23153700426241472	2.0755e-317	0
2	0.13475821791365511	0.23154411386416227	1e-05	7.12033e-06
3	0.13475782714066042	0.23155122369852874	2e-05	1.42409e-05
4	0.13475743632046225	0.2315583337655239	3e-05	2.13617e-05
5	0.13475704545306016	0.23156544406515753	4e-05	2.84827e-05
6	0.13475665453845376	0.23157255459743939	5e-05	3.5604e-05
7	0.13475626357664261	0.23157966536237926	6e-05	4.27255e-05
8	0.13475587256762633	0.23158677635998687	7e-05	4.98472e-05
9	0.13475548151140448	0.23159388759027202	8e-05	5.69692e-05
10	0.13475509040797667	0.23160099905324449	9e-05	6.40914e-05
999	0.13434511536605168	0.2387497502818306	0.00998	0.0072246
1998	0.13388375074528641	0.24621178782215677	0.01997	0.0147009
2997	0.13337459214885219	0.25392656502882471	0.02996	0.0224325
3996	0.13281739322539496	0.26190522536451655	0.03995	0.0304306
4995	0.1322119767480095	0.2701595328042703	0.04994	0.038707
5994	0.13155823661919508	0.27870190846171072	0.05993	0.0472744
6993	0.13085613970025639	0.28754546940966219	0.06992	0.0561458
7992	0.13010572745422874	0.29670406983662462	0.07991	0.0653351
8991	0.129307117392124	0.30619234469016982	0.0899	0.0748569
9990	0.12846092115704744	0.31602096212004882	0.0998852	0.0847219
10989	0.12758808003575975	0.32597275320781566	0.109641	0.0947119
11988	0.12670246209367753	0.33592340948948379	0.119061	0.104702
12987	0.12580694713902685	0.34587317419163155	0.128164	0.114692
13986	0.12490407856840152	0.35582226868750866	0.136967	0.124682
14985	0.12399610114469856	0.3657708927898829	0.145489	0.134672
15984	0.12308499442996292	0.37571922551577441	0.153744	0.144662
16983	0.12217250238420174	0.38566742615797073	0.161746	0.154652
17982	0.1212601595816882	0.39561563554152096	0.169509	0.164642
18981	0.12034931444302742	0.40556397737647853	0.177045	0.174632
19980	0.11944114983387964	0.41551255964309031	0.184365	0.184622
20979	0.11853670133925966	0.42546147596456391	0.19148	0.194612
21978	0.11763687348526039	0.43541080693666301	0.1984	0.204601
22977	0.11674245414738127	0.445360621393939	0.205133	0.214591
23976	0.115854127355893	0.45531097760020539	0.211689	0.224581
24975	0.114972484683422	0.46526192435655322	0.218076	0.234571
25974	0.11409803537775944	0.47521350202432017	0.224301	0.244561
26973	0.11323121538342713	0.48516574346330726	0.230371	0.254551
27972	0.11237239537846923	0.49511867488758715	0.236293	0.264541
28971	0.11152188793793325	0.50507231664251828	0.242073	0.274531
29970	0.11067995392236968	0.51502668390746831	0.247717	0.284521
30969	0.10984680817812055	 0.52498178732917	0.253231	0.294511
31968	0.10902262462603479	0.53493763359085522	0.25862	0.304501
32967	0.10820754080633824	0.54489422592234349	0.263889	0.314491
33966	0.10740166193955776	0.55485156455607776	0.269042	0.32448
34965	0.10660506455650816	0.56480964713398896	0.274085	0.33447
35964	0.10581779974429111	0.57476846906972801	0.27902	0.34446
36963	0.10503989604992114	0.58472802387054734	0.283853	0.35445
37962	0.10427136207847856	0.59468830342281132	0.288586	0.36444
38961	0.10351218881855655	0.60464929824478186	0.293224	0.37443
39960	0.10276235172408915	0.61461099771003058	0.29777	0.38442
40959	0.10202181257843231	0.62457339024455583	0.302227	0.39441
41958	0.10129052116369967	0.63453646350033188	0.306599	0.4044
42957	0.10056841675583117	0.64450020450788448	0.310887	0.414389
43956	0.099855429463638207	0.6544645998100731	0.315095	0.424379
44955	0.099151481428081611	0.66442963557920942	0.319226	0.434369
45954	0.098456487896288913	0.67439529771930884	0.323282	0.444359
46953	0.097770358183254788	0.68436157195511926	0.327265	0.454349
47952	0.097092996532784623	0.69432844390945059	0.331179	0.464339
48951	0.096424302888018329	0.70429589917009949	0.335024	0.474329
49950	0.095764173580772508	0.7142639233475564	0.338803	0.484318
50949	0.095112501947971495	0.72423250212456336	0.342519	0.494308
51948	0.094469178882570698	0.73420162129847322	0.346172	0.504298
52947	0.093834093325606632	0.74417126681722501	0.349766	0.514288
53946	0.093207132705318538	0.75414142480972035	0.353301	0.524278
54945	0.092588183328677742	0.76411208161124389	0.356779	0.534268
55944	0.091977130730105883	0.77408322378453787	0.360203	0.544258
56943	0.091373859981686137	0.78405483813704624	0.363573	0.554247
57942	0.090778255968723146	0.79402691173480777	0.366891	0.564237
58941	0.090190203634123389	0.80399943191340451	0.370159	0.574227
59940	0.089609588194715456	0.81397238628635926	0.373377	0.584217
60939	0.089036295332318632	0.82394576275127085	0.376548	0.594207
61938	0.088470211362083939	0.8339195494940127	0.379672	0.604197
62937	0.087911223380383138	0.84389373499124609	0.382751	0.614186
63936	0.087359219394296944	0.85386830801144675	0.385786	0.624176
64935	0.086814088434542899	0.86384325761470748	0.388778	0.634166
65934	0.08627572065351323	0.87381857315141231	0.391729	0.644156
66933	0.085744007409921039	0.88379424426002395	0.394638	0.654146
67932	0.085218841341406254	0.89377026086406597	0.397508	0.664136
68931	0.084700116426327007	0.90374661316843707	0.400339	0.674125
69930	0.084187728035833576	0.91372329165518174	0.403132	0.684115
70929	0.083681572977225463	0.92370028707878782	0.405888	0.694105
71928	0.083181549529485241	0.93367759046112131	0.408609	0.704095
72927	0.082687557471803105	0.94365519308603596	0.411294	0.714085
73926	0.082199498105824387	0.95363308649375256	0.413944	0.724075
74925	0.081717274272282286	0.96361126247506412	0.416562	0.734064
75924	0.081240790362612558	0.97358971306538278	0.419146	0.744054
76923	0.080769952326094463	0.98356843053871168	0.421699	0.754044
77922	0.080304667673000027	0.99354740740154812	0.42422	0.764034
78921	0.079844845474199483	1.0035266363867734	0.426711	0.774024
79920	0.079390396357615578	1.0135061104475269	0.429172	0.784013
80919	0.078941232501892444	1.0234858227511341	0.431603	0.794003
81918	0.07849726762759969	1.0334657666730622	0.434006	0.803993
82917	0.078058416986267559	1.0434459357909363	0.436381	0.813983
83916	0.077624597347520793	1.0534263238786337	0.438729	0.823973
84915	0.077195726984544938	1.0634069249005078	0.44105	0.833963
85914	0.076771725658106388	1.0733877330056469	0.443344	0.843952
86913	0.076352514599320187	1.0833687425222909	0.445613	0.853942
87912	0.075938016491340243	1.0933499479523496	0.447857	0.863932
88911	0.075528155450129739	1.1033313439660435	0.450076	0.873922
89910	0.075122857004457866	1.113312925396641	0.452271	0.883912
90909	0.07472204807524746	1.1232946872353964	0.454442	0.893901
91908	0.074325656954391126	 1.13327662462652	0.45659	0.903891
92907	0.073933613283141394	1.1432587328623633	0.458716	0.913881
93906	0.073545848030162619	1.1532410073786938	0.460819	0.923871
94905	0.073162293469335712	1.1632234437500957	0.4629	0.933861
95904	0.072782883157383488	1.1732060376855344	0.46496	0.94385
96903	0.072407551911388396	1.183188785024025	0.466999	0.95384
97902	0.072036235786260658	1.1931716817304316	0.469017	0.96383
98901	0.071668872052209745	1.2031547238914009	0.471015	0.97382
99900	0.07130539917226672	1.2131379077114195	0.472993	0.98381
100899	0.070945756779901226	1.2231212295089926	0.474951	0.993799
101898	0.070589885656767506	1.2331046857129386	0.47689	1.00379
102897	0.070237727710614706	1.2430882728588024	0.478811	1.01378
103896	0.069889225953388215	1.2530719875854028	0.480713	1.02377
104895	0.069544324479549655	1.2630558266314442	0.482597	1.03376
105894	0.069202968444634416	1.2730397868322991	0.484463	1.04375
106893	0.068865104044070646	1.2830238651168553	0.486312	1.05374
107892	0.06853067849227075	1.2930080585044756	0.488143	1.06373
108891	0.068199640002011827	1.302992364102068	0.489958	1.07372
109890	0.067871937764118637	1.3129767791012408	0.491756	1.08371
110889	0.06754752192745575	1.3229613007755592	0.493537	1.0937
111888	0.067226343579239359	1.3329459264778951	0.495303	1.10369
112887	0.066908354725674565	1.3429306536378711	0.497053	1.11368
113886	0.066593508272922375	1.352915479759373	0.498787	1.12367
114885	0.066281758008401803	1.3629004024181726	0.500506	1.13366
115884	0.065973058582429328	1.3728854192596023	0.50221	1.14365
116883	0.065667365490197249	1.3828705279963311	0.503899	1.15364
117882	0.065364635054089765	1.3928557264062082	0.505574	1.16363
118881	0.065064824406340746	1.4028410123301778	0.507235	1.17362
119880	0.064767891472030048	1.4128263836702721	0.508881	1.18361
120879	0.064473794952415217	1.4228118383876687	0.510514	1.1936
121878	0.064182494308599611	1.4327973745008016	0.512132	1.20359
122877	0.06389394974553457	1.4427829900835638	0.513738	1.21357
123876	0.063608122196348635	1.4527686832635436	0.51533	1.22356
124875	0.063324973307004664	1.4627544522203546	0.51691	1.23355
125874	0.063044465421279158	1.4727402951839739	0.518476	1.24354
126873	0.062766561566059628	1.4827262104331809	0.52003	1.25353
127872	0.062491225436958113	1.4927121962940333	0.521572	1.26352
128871	0.062218421384231989	1.5026982511383946	0.523101	1.27351
129870	0.061948114399011725	1.5126843733824993	0.524618	1.2835
130869	0.061680270099828356	1.5226705614855931	0.526123	1.29349
131868	0.061414854719436057	1.5326568139486021	0.527617	1.30348
132867	0.061151835091925281	1.5426431293128477	0.529099	1.31347
133866	0.060891178640121044	1.5526295061588067	0.53057	1.32346
134865	0.06063285336326129	1.562615943104914	0.53203	1.33345
135864	0.060376827824948992	1.5726024388064057	0.533478	1.34344
136863	0.060123071141375335	1.5825889919542007	0.534916	1.35343
137862	0.059871552969805536	1.5925756012738201	0.536343	1.36342
138861	0.05962224349732452	1.6025622655243434	0.537759	1.37341
139860	0.059375113429834953	1.6125489834973905	0.539165	1.3834
140859	0.059130133981305844	1.6225357540161582	0.540561	1.39339
141858	0.058887276863261673	1.6325225759344597	0.541947	1.40338
142857	0.058646514274510987	1.6425094481358324	0.543322	1.41337
143856	0.058407818891108146	1.6524963695326329	0.544688	1.42336
144855	0.058171163856541759	1.6624833390652038	0.546044	1.43335
145854	0.057936522772146844	1.6724703557010347	0.54739	1.44334
146853	0.057703869687733861	1.682457418433962	0.548727	1.45333
147852	0.057473179092431957	1.6924445262834173	0.550055	1.46332
148851	0.05724442590573886	1.7024316782936486	0.551373	1.47331
149850	0.057017585468775986	1.7124188735330284	0.552682	1.4833
150849	0.056792633535740406	1.7224061110933317	0.553982	1.49329
151848	0.056569546265552682	1.7323933900890753	0.555274	1.50328
152847	0.056348300213693275	1.7423807096568511	0.556556	1.51327
153846	0.056128872324224602	1.7523680689546954	0.55783	1.52326
154845	0.055911239921994517	1.7623554671614767	0.559096	1.53325
155844	0.055695380705015889	1.772342903476305	0.560353	1.54324
156843	0.055481272737018923	1.7823303771179579	0.561602	1.55323
157842	0.055268894440172106	1.7923178873243157	0.562842	1.56322
158841	0.05505822458796749	1.8023054333518274	0.564075	1.57321
159840	0.054849242298266702	1.8122930144749838	0.565299	1.5832
160839	0.054641927026503632	1.8222806299858241	0.566515	1.59319
161838	0.054436258559040364	1.8322682791934319	0.567724	1.60318
162837	0.054232217006671656	1.8422559614234781	0.568925	1.61317
163836	0.054029782798276769	1.8522436760177383	0.570118	1.62316
164835	0.053828936674611784	1.8622314223336691	0.571304	1.63315
165834	0.05362965968224212	1.8722191997439677	0.572482	1.64314
166833	0.053431933167610003	1.8822070076361526	0.573653	1.65312
167832	0.053235738771233949	1.892194845412164	0.574817	1.66311
168831	0.053041058422038344	1.9021827124879647	0.575974	1.6731
169830	0.052847874331807959	1.9121706082931627	0.577123	1.68309
170829	0.052656168989765613	1.9221585322706436	0.578266	1.69308
171828	0.052465925157270124	1.9321464838762081	0.579401	1.70307
172827	0.052277125862631516	1.9421344625782386	0.58053	1.71306
173826	0.052089754396039481	1.9521224678573383	0.581652	1.72305
174825	0.051903794304604671	1.9621104992060343	0.582767	1.73304
175824	0.051719229387507532	1.9720985561284368	0.583875	1.74303
176823	0.051536043691254502	1.9820866381399447	0.584977	1.75302
177822	0.051354221505036948	1.992074744766946	0.586073	1.76301
178821	0.05117374735619163	2.0020628755465379	0.587162	1.773
179820	0.050994606005759974	2.0120510300262229	0.588245	1.78299
180819	0.050816782444143255	2.0220392077636427	0.589321	1.79298
181818	0.050640261886852209	2.0320274083263437	0.590391	1.80297
182817	0.05046502977034855	2.0420156312914819	0.591456	1.81296
183816	0.050291071747975695	2.0520038762456179	0.592514	1.82295
184815	0.050118373685976353	2.061992142784423	0.593566	1.83294
185814	0.04994692165959716	2.0719804305124772	0.594612	1.84293
186813	0.04977670194927486	2.0819687390430492	0.595653	1.85292
187812	0.049607701036905073	2.0919570679978432	0.596687	1.86291
188811	0.04943990560218943	2.1019454170068035	0.597716	1.8729
189810	0.049273302519060681	2.1119337857079334	0.598739	1.88289
190809	0.049107878852183921	2.1219221737470324	0.599757	1.89288
191808	0.048943621853530427	2.1319105807775474	0.600768	1.90287
192807	0.048780518959025174	2.1418990064603673	0.601775	1.91286
193806	0.048618557785263736	2.1518874504636334	0.602776	1.92285
194805	0.048457726126297784	2.1618759124625524	0.603772	1.93284
195804	0.048298011950488787	2.1718643921392533	0.604762	1.94283
196803	0.048139403397425708	2.1818528891825646	0.605747	1.95282
197802	0.047981888774908721	2.1918414032879125	0.606727	1.96281
198801	0.047825456555993032	2.2018299341570939	0.607701	1.9728
199800	0.047670095376096282	2.2118184814981756	0.608671	1.98279
200799	0.047515794030163538	2.2218070450252916	0.609635	1.99278
201798	0.047362541469892015	2.231795624458552	0.610595	2.00277
202797	0.047210326801011102	2.2417842195238591	0.611549	2.01276
203796	0.047059139280619861	2.2517728299527704	0.612499	2.02275
204795	0.046908968314577262	2.2617614554823762	0.613443	2.03274
205794	0.046759803454946056	2.2717500958551522	0.614383	2.04273
206793	0.046611634397488846	2.281738750818838	0.615318	2.05272
207792	0.046464450979213937	2.2917274201263353	0.616248	2.0627
208791	0.046318243175971489	2.3017161035355405	0.617174	2.07269
209790	0.046173001100097297	2.3117048008092547	0.618095	2.08268
210789	0.046028714998104257	2.3216935117150608	0.619011	2.09267
211788	0.045885375248419777	2.3316822360252183	0.619923	2.10266
212787	0.0457429723591685	2.3416709735165555	0.62083	2.11265
213786	0.045601496965998557	2.3516597239703314	0.621733	2.12264
214785	0.045460939829951752	2.3616484871721948	0.622632	2.13263
215784	0.045321291835375262	2.3716372629120093	0.623526	2.14262
216783	0.045182543987874746	2.3816260509838107	0.624416	2.15261
217782	0.045044687412307195	2.3916148511856892	0.625301	2.1626
218781	0.044907713350814026	2.4016036633196975	0.626182	2.17259
219780	0.044771613160891698	2.4115924871917613	0.627059	2.18258
220779	0.04463637831350066	2.4215813226115994	0.627932	2.19257
221778	0.044502000391210411	2.4315701693926157	0.6288	2.20256
222777	0.044368471086381145	2.4415590273518402	0.629665	2.21255
223776	0.044235782199380277	2.4515478963098341	0.630525	2.22254
224775	0.044103925636832915	2.4615367760906097	0.631382	2.23253
225774	0.043972893409906538	2.4715256665215715	0.632234	2.24252
226773	0.043842677632628432	2.4815145674333943	0.633083	2.25251
227772	0.043713270520234951	2.4915034786600092	0.633927	2.2625
228771	0.04358466438755277	2.5014924000384848	0.634768	2.27249
229770	0.043456851647410324	2.5114813314089917	0.635605	2.28248
230769	0.043329824809079744	2.5214702726147062	0.636437	2.29247
231768	0.043203576476747871	2.5314592235017681	0.637267	2.30246
232767	0.043078099348016805	2.5414481839191914	0.638092	2.31245
233766	0.042953386212431478	2.5514371537188105	0.638914	2.32244
234765	0.042829429950035976	2.5614261327552419	0.639732	2.33243
235764	0.042706223529955872	2.5714151208857943	0.640546	2.34242
236763	0.042583760009007883	2.581404117970413	0.641357	2.35241
237762	0.042462032530334509	2.5913931238716246	0.642164	2.3624
238761	0.042341034322064201	2.6013821384545008	0.642967	2.37239
239760	0.042220758695996757	2.6113711615865896	0.643767	2.38238
240759	0.042101199046312668	2.6213601931378476	0.644564	2.39237
241758	0.041982348848305338	2.6313492329806225	0.645357	2.40236
242757	0.04186420165713834	2.6413382809895682	0.646146	2.41235
243756	0.041746751106623181	2.6513273370416219	0.646933	2.42234
244755	0.0416299909080214	2.6613164010159265	0.647715	2.43233
245754	0.041513914848867024	2.6713054727938159	0.648495	2.44232
246753	0.041398516791810253	2.681294552258755	0.649271	2.45231
247752	0.041283790673483721	2.6912836392962838	0.650044	2.46229
248751	0.041169730503387354	2.7012727337940028	0.650813	2.47228
249750	0.041056330362793526	2.7112618356415088	0.651579	2.48227
250749	0.04094358440367326	2.7212509447303423	0.652342	2.49226
251748	0.040831486847639709	2.7312400609539793	0.653102	2.50225
252747	0.04072003198491158	2.7412291842077616	0.653859	2.51224
253746	0.040609214173294633	2.7512183143888831	0.654612	2.52223
254745	0.040499027837181484	2.7612074513963241	0.655363	2.53222
255744	0.040389467466568831	2.7711965951308533	0.65611	2.54221
256743	0.040280527616091945	2.7811857454949429	0.656854	2.5522
257742	0.04017220290407602	2.7911749023927772	0.657595	2.56219
258741	0.040064488011604657	2.8011640657301977	0.658333	2.57218
259740	0.039957377681604282	2.8111532354146647	0.659068	2.58217
260739	0.039850866717944383	2.8211424113552299	0.6598	2.59216
261738	0.039744949984553642	2.8311315934625378	0.66053	2.60215
262737	0.039639622404550802	2.8411207816487285	0.661256	2.61214
263736	0.039534878959392172	2.8511099758274461	0.661979	2.62213
264735	0.039430714688031047	2.8610991759138145	0.6627	2.63212
265734	0.039327124686094582	2.8710883818243742	0.663417	2.64211
266733	0.039224104105072689	2.8810775934771353	0.664132	2.6521
267732	0.039121648151521582	2.8910668107914348	0.664844	2.66209
268731	0.039019752086280675	2.9010560336879898	0.665553	2.67208
269730	0.038918411223703278	2.9110452620888423	0.666259	2.68207
270729	0.038817620930899618	2.9210344959173384	0.666963	2.69206
271728	0.038717376626993254	2.9310237350980874	0.667664	2.70205
272727	0.038617673782389506	2.9410129795570095	0.668362	2.71204
273726	0.03851850791805677	2.9510022292211948	0.669057	2.72203
274725	0.038419874604819285	2.9609914840189506	0.66975	2.73202
275724	0.038321769462662365	2.9709807438797875	0.67044	2.74201
276723	0.038224188160048349	2.9809700087343569	0.671128	2.752
277722	0.038127126413244901	2.9909592785144605	0.671812	2.76199
278721	0.038030579985663955	3.0009485531529929	0.672495	2.77198
279720	0.037934544687211337	3.0109378325839691	0.673174	2.78197
280719	0.037839016373647755	3.0209271167424654	0.673851	2.79196
281718	0.037743990945959809	3.0309164055646121	0.674526	2.80195
282717	0.037649464349741639	3.0409056989875753	0.675198	2.81194
283716	0.037555432574586392	3.050894996949534	0.675867	2.82193
284715	0.037461891653487928	3.0608842993896666	0.676535	2.83192
285714	0.037368837662251991	3.0708736062481021	0.677199	2.84191
286713	0.037276266718916928	3.0808629174659612	0.677861	2.85189
287712	0.037184174983184534	3.0908522329852826	0.678521	2.86188
288711	0.037092558655858872	3.1008415527490403	0.679178	2.87187
289710	0.037001413978295233	3.1108308767010997	0.679833	2.88186
290709	0.036910737231856866	3.1208202047862219	0.680486	2.89185
291708	0.036820524737381753	3.1308095369500393	0.681136	2.90184
292707	0.036730772854656785	3.1407988731390435	0.681783	2.91183
293706	0.036641477981900844	3.1507882133005585	0.682429	2.92182
294705	0.03655263655525566	3.1607775573827417	0.683072	2.93181
295704	0.036464245048285791	3.1707669053345509	0.683713	2.9418
296703	0.036376299971485067	3.1807562571057475	0.684351	2.95179
297702	0.036288797871791831	3.1907456126468663	0.684988	2.96178
298701	0.036201735332111705	3.2007349719092106	0.685622	2.97177
299700	0.036115108970847562	3.2107243348448384	0.686253	2.98176
300699	0.036028915441436792	3.220713701406547	0.686883	2.99175
301698	0.035943151431896268	3.2307030715478646	0.68751	3.00174
302697	0.035857813664373836	3.2406924452230021	0.688135	3.01173
303696	0.035772898894707354	3.2506818223869036	0.688758	3.02172
304695	0.03568840391199004	3.2606712029951916	0.689379	3.03171
305694	0.035604325538142592	3.2706605870041567	0.689998	3.0417
306693	0.035520660627492547	3.2806499743707649	0.690614	3.05169
307692	0.035437406066359457	3.2906393650526118	0.691229	3.06168
308691	0.035354558772646295	3.3006287590079553	0.691841	3.07167
309690	0.035272115695437888	3.310618156195666	0.692451	3.08166
310689	0.035190073814604823	3.3206075565752435	0.693059	3.09165
311688	0.035108430140413732	3.3305969601067908	0.693666	3.10164
312687	0.035027181713143014	3.3405863667510065	0.69427	3.11163
313686	0.03494632560270515	3.350575776469165	0.694872	3.12162
314685	0.034865858908273969	3.3605651892231299	0.695472	3.13161
315684	0.034785778757917662	3.3705546049753252	0.696069	3.1416
316683	0.034706082308238462	3.3805440236887314	0.696665	3.15159
317682	0.034626766744015762	3.3905334453268732	0.697259	3.16158
318681	0.034547829277856254	3.4005228698538055	0.697851	3.17157
319680	0.034469267149848111	3.4105122972341344	0.698441	3.18156
320679	0.034391077627221163	3.420501727432959	0.699029	3.19155
321678	0.034313258004011901	3.4304911604158961	0.699616	3.20154
322677	0.034235805600732881	3.4404805961490617	0.7002	3.21153
323676	0.034158717764048052	3.4504700345990749	0.700782	3.22152
324675	0.034081991866451798	3.4604594757330176	0.701363	3.2315
325674	0.034005625305953642	3.4704489195184753	0.701941	3.24149
326673	0.033929615505766751	3.4804383659234777	0.702518	3.25148
327672	0.033853959914001731	3.4904278149165231	0.703093	3.26147
328671	0.033778656003364022	3.5004172664665645	0.703666	3.27146
329670	0.033703701270856944	3.510406720542997	0.704237	3.28145
330669	0.033629093237487577	3.5203961771156504	0.704806	3.29144
331668	0.033554829447978406	3.5303856361547847	0.705373	3.30143
332667	0.033480907470481748	3.5403750976310895	0.705939	3.31142
333666	0.033407324896299495	3.5503645615156638	0.706503	3.32141
334665	0.033334079339605749	3.5603540277800181	0.707065	3.3314
335664	0.033261168437174631	3.5703434963960636	0.707625	3.34139
336663	0.033188589848110961	3.580332967336104	0.708184	3.35138
337662	0.033116341253585632	3.5903224405728364	0.708741	3.36137
338661	0.033044420356573782	3.6003119160793418	0.709296	3.37136
339660	0.032972824881597862	3.6103013938290678	0.709849	3.38135
340659	0.032901552574473261	3.6202908737958599	0.710401	3.39134
341658	0.0328306012020581	3.6302803559538828	0.710951	3.40133
342657	0.03275996855200667	3.640269840277691	0.711499	3.41132
343656	0.032689652432526181	3.6502593267421877	0.712045	3.42131
344655	0.032619650672136381	3.6602488153226154	0.71259	3.4313
345654	0.032549961119433653	3.6702383059945634	0.713133	3.44129
346653	0.032480581642857477	3.6802277987339567	0.713675	3.45128
347652	0.032411510130460439	3.6902172935170494	0.714215	3.46127
348651	0.032342744489682024	3.7002067903204163	0.714753	3.47126
349650	0.032274282647124196	3.7101962891209643	0.715289	3.48125
350649	0.032206122548331433	3.7201857898958925	0.715824	3.49124
351648	0.03213826215757324	3.7301752926227305	0.716358	3.50123
352647	0.032070699457629644	3.7401647972793106	0.71689	3.51122
353646	0.032003432449579726	3.7501543038437535	0.71742	3.52121
354645	0.031936459152592814	3.7601438122944808	0.717948	3.5312
355644	0.031869777603723108	3.7701333226102132	0.718475	3.54119
356643	0.031803385857706527	3.7801228347699434	0.719001	3.55118
357642	0.031737281986760603	3.7901123487529551	0.719525	3.56117
358641	0.031671464080387311	3.8001018645388074	0.720047	3.57116
359640	0.031605930245177556	3.8100913821073283	0.720568	3.58115
360639	0.031540678604620134	3.8200809014386188	0.721087	3.59114
361638	0.031475707298911137	3.8300704225130455	0.721605	3.60113
362637	0.031411014484767734	3.8400599453112307	0.722121	3.61111
363636	0.031346598335243836	3.8500494698140555	0.722636	3.6211
364635	0.031282457039547427	3.8600389960026482	0.723149	3.63109
365634	0.031218588802861227	3.8700285238583936	0.723661	3.64108
366633	0.031154991846166137	3.8800180533629143	0.724171	3.65107
367632	0.031091664406065832	3.8900075844980813	0.72468	3.66106
368631	0.03102860473461469	3.8999971172459946	0.725187	3.67105
369630	0.030965811099147367	3.9099866515889912	0.725693	3.68104
370629	0.030903281782110957	3.9199761875096386	0.726198	3.69103
371628	0.030841015080899342	3.9299657249907241	0.726701	3.70102
372627	0.030779009307689908	3.9399552640152802	0.727203	3.71101
373626	0.030717262789281847	3.9499448045665364	0.727703	3.721
374625	0.030655773866936947	3.9599343466279455	0.728201	3.73099
375624	0.030594540896222776	3.9699238901831677	0.728699	3.74098
376623	0.030533562246857205	3.9799134352160843	0.729195	3.75097
377622	0.030472836302555529	3.9899029817107801	0.729689	3.76096
378621	0.030412361460879309	3.999892529651536	0.730183	3.77095
379620	0.030352136133087293	4.0098820790228435	0.730674	3.78094
380619	0.030292158743988294	4.0198716298093871	0.731165	3.79093
381618	0.030232427731795835	4.0298611819960488	0.731654	3.80092
382617	0.030172941547984691	4.0398507355678914	0.732142	3.81091
383616	0.030113698657149225	4.0498402905101836	0.732628	3.8209
384615	0.030054697536863986	4.0598298468083689	0.733113	3.83089
385614	0.029995936677545413	4.0698194044480793	0.733597	3.84088
386613	0.029937414582315833	4.0798089634151244	0.734079	3.85087
387612	0.029879129766868844	4.0897985236954923	0.734561	3.86086
388611	0.029821080759336694	4.0997880852753461	0.73504	3.87085
389610	0.029763266100159266	4.1097776481410202	0.735519	3.88084
390609	0.029705684341954492	4.1197672122790294	0.735996	3.89083
391608	0.029648334049390646	4.1297567776760458	0.736472	3.90082
392607	0.029591213799060417	4.1397463443189126	0.736947	3.91081
393606	0.029534322179355942	4.1497359121946289	0.73742	3.9208
394605	0.029477657790346203	4.1597254812903612	0.737892	3.93079
395604	0.029421219243655376	4.1697150515934416	0.738363	3.94078
396603	0.029365005162343014	4.1797046230913457	0.738832	3.95077
397602	0.02930901418078536	4.1896941957717075	0.739301	3.96076
398601	0.029253244944558596	4.1996837696223066	0.739768	3.97075
399600	0.029197696110323385	4.2096733446310832	0.740234	3.98073
400599	0.029142366345710682	4.2196629207861154	0.740698	3.99072
401598	0.02908725432920892	4.2296524980756365	0.741162	4.00071
402597	0.029032358750053253	4.2396420764880087	0.741624	4.0107
403596	0.028977678308115096	4.2496316560117506	0.742085	4.02069
404595	0.028923211713793869	4.2596212366355148	0.742544	4.03068
405594	0.028868957687909754	4.2696108183480899	0.743003	4.04067
406593	0.028814914961597788	4.2796004011383957	0.74346	4.05066
407592	0.028761082276203241	4.2895899849955024	0.743916	4.06065
408591	0.028707458383178314	4.2995795699085786	0.744371	4.07064
409590	0.028654042043980033	4.3095691558669484	0.744825	4.08063
410589	0.028600832029969585	4.3195587428600666	0.745278	4.09062
411588	0.028547827122312325	4.3295483308774987	0.745729	4.10061
412587	0.028495026111879852	4.3395379199089374	0.74618	4.1106
413586	0.028442427799152469	4.3495275099442132	0.746629	4.12059
414585	0.028390030994123409	4.3595171009732612	0.747077	4.13058
415584	0.028337834516203631	4.3695066929861444	0.747524	4.14057
416583	0.028285837194128333	4.3794962859730369	0.74797	4.15056
417582	0.028234037865864221	4.3894858799242318	0.748414	4.16055
418581	0.028182435378518108	4.3994754748301368	0.748858	4.17054
419580	0.028131028588246277	4.4094650706812759	0.7493	4.18053
420579	0.028079816360165353	4.4194546674682762	0.749741	4.19052
421578	0.028028797568263906	4.4294442651818784	0.750182	4.20051
422577	0.027977971095315243	4.439433863812936	0.750621	4.2105
423576	0.027927335832791177	4.4494234633524021	0.751059	4.22049
424575	0.027876890680776967	4.4594130637913363	0.751495	4.23048
425574	0.0278266345478871	4.4694026651208763	0.751931	4.24047
426573	0.027776566351181798	4.4793922673323658	0.752366	4.25046
427572	0.027726685016085207	4.4893818704171267	0.7528	4.26045
428571	0.027676989476304016	4.4993714743666322	0.753232	4.27044
429570	0.027627478673747093	4.5093610791724439	0.753664	4.28043
430569	0.027578151558446139	4.5193506848262359	0.754094	4.29042
431568	0.027529007088477355	4.5293402913197678	0.754524	4.30041
432567	0.027480044229883642	4.5393298986448842	0.754952	4.3104
433566	0.027431261956598414	4.5493195067935472	0.755379	4.32039
434565	0.027382659250369455	4.559309115757789	0.755805	4.33038
435564	0.027334235100684248	4.5692987255297384	0.756231	4.34037
436563	0.027285988504695886	4.5792883361016141	0.756655	4.35035
437562	0.027237918467150072	4.5892779474657308	0.757078	4.36034
438561	0.027190024000312611	4.5992675596144821	0.7575	4.37033
439560	0.027142304123898141	4.6092571725403557	0.757921	4.38032
440559	0.027094757864999274	4.6192467862359061	0.758342	4.39031
441558	0.027047384258016782	4.6292364006937952	0.758761	4.4003
442557	0.02700018234459069	4.6392260159067504	0.759179	4.41029
443556	0.026953151173531906	4.6492156318675875	0.759596	4.42028
444555	0.026906289800754653	4.6592052485691982	0.760012	4.43027
445554	0.026859597289209784	4.6691948660045686	0.760427	4.44026
446553	0.026813072708818872	4.6791844841667452	0.760841	4.45025
447552	0.026766715136408908	4.6891741030488632	0.761255	4.46024
448551	0.026720523655647838	4.6991637226441263	0.761667	4.47023
449550	0.02667449735698077	4.7091533429458154	0.762078	4.48022
450549	0.026628635337566809	4.7191429639472888	0.762488	4.49021
451548	0.026582936701216999	4.729132585641981	0.762898	4.5002
452547	0.026537400558332386	4.7391222080233932	0.763306	4.51019
453546	0.026492026025843156	4.7491118310851004	0.763713	4.52018
454545	0.026446812227148484	4.7591014548207493	0.76412	4.53017
455544	0.026401758292056581	4.7690910792240624	0.764525	4.54016
456543	0.02635686335672615	4.7790807042888135	0.76493	4.55015
457542	0.026312126563607787	4.7890703300088573	0.765334	4.56014
458541	0.026267547061386287	4.7990599563781142	0.765736	4.57013
459540	0.026223124004924041	4.8090495833905731	0.766138	4.58012
460539	0.026178856555204157	4.8190392110402804	0.766539	4.59011
461538	0.026134743879274953	4.8290288393213636	0.766939	4.6001
462537	0.026090785150194799	 4.83901846822799	0.767338	4.61009
463536	0.026046979546977343	4.8490080977544068	0.767736	4.62008
464535	0.026003326254537905	4.8589977278949235	0.768133	4.63007
465534	0.025959824463639716	4.8689873586439019	0.76853	4.64006
466533	0.025916473370841436	4.8789769899957767	0.768925	4.65005
467532	0.025873272178444814	4.8889666219450261	0.76932	4.66004
468531	0.025830220094443006	4.8989562544862117	0.769713	4.67003
469530	0.025787316332469674	4.9089458876139194	0.770106	4.68002
470529	0.02574456011174818	4.9189355213228207	0.770498	4.69001
471528	0.025701950657041752	4.9289251556076339	0.770889	4.7
472527	0.025659487198603882	4.9389147904631319	0.771279	4.70998
473526	0.025617168972129824	4.9489044258841544	0.771669	4.71997
474525	0.025574995218707517	4.9588940618655872	0.772057	4.72996
475524	0.025532965184770419	4.9688836984023608	0.772445	4.73995
476523	0.025491078122049583	4.9788733354894834	0.772831	4.74994
477522	0.025449333287527142	4.9888629731219929	0.773217	4.75993
478521	0.02540772994338977	4.9988526112949909	0.773602	4.76992
479520	0.025366267356982889	5.0088422500036422	0.773986	4.77991
480519	0.025324944800765282	5.0188318892431276	0.774369	4.7899
481518	0.025283761552264181	5.0288215290087033	0.774752	4.79989
482517	0.025242716894030938	5.0388111692956796	0.775133	4.80988
483516	0.025201810113596707	  5.0488008100994	0.775514	4.81987
484515	0.02516104050342945	5.0587904514152662	0.775894	4.82986
485514	0.025120407360890509	5.0687800932387255	0.776273	4.83985
486513	0.025079909988192393	5.078769735565281	0.776652	4.84984
487512	0.025039547692356216	5.0887593783904697	0.777029	4.85983
488511	0.024999319785170396	5.0987490217098763	0.777406	4.86982
489510	0.024959225583149003	5.1087386655191365	0.777782	4.87981
490509	0.024919264407491329	5.1187283098139318	0.778157	4.8898
491508	0.024879435584041119	5.1287179545899875	0.778531	4.89979
492507	0.024839738443246866	5.1387075998430651	0.778904	4.90978
493506	0.024800172320122063	5.1486972455689815	0.779277	4.91977
494505	0.0247607365542062	5.1586868917635869	0.779649	4.92976
495504	0.024721430489525818	5.1686765384227753	0.78002	4.93975
496503	0.024682253474556329	5.1786661855424887	0.78039	4.94974
497502	0.024643204862183899	5.1886558331187125	0.78076	4.95973
498501	0.024604284009667902	5.1986454811474578	0.781128	4.96972
499500	0.024565490278603951	5.2086351296247839	0.781496	4.97971
500499	0.024526823034886812	5.2186247785468289	0.781863	4.9897
501498	0.02448828164867407	5.2286144279096751	0.78223	4.99969
502497	0.02444986549435002	5.2386040777095388	0.782595	5.00968
503496	0.024411573950490234	5.2485937279426285	0.78296	5.01967
504495	0.024373406399825933	5.2585833786052048	0.783324	5.02966
505494	0.024335362229209113	5.2685730296935631	0.783688	5.03965
506493	0.024297440829577893	5.2785626812040327	0.78405	5.04964
507492	0.02425964159592247	5.2885523331329862	0.784412	5.05963
508491	0.024221963927250838	5.2985419854768274	0.784773	5.06961
509490	0.024184407226555571	5.3085316382319911	0.785133	5.0796
510489	0.024146970900780353	5.318521291394962	0.785493	5.08959
511488	0.024109654360787106	5.3285109449622539	0.785852	5.09958
512487	0.024072457021323553	5.3385005989304082	0.78621	5.10957
513486	0.02403537830099085	5.3484902532960072	0.786567	5.11956
514485	0.023998417622211658	5.3584799080556644	0.786924	5.12955
515484	0.023961574411198529	5.3684695632060357	0.78728	5.13954
516483	0.023924848097922714	5.3784592187437941	0.787635	5.14953
517482	0.02388823811608309	5.3884488746656602	0.787989	5.15952
518481	0.023851743903075571	5.3984385309683809	0.788343	5.16951
519480	0.023815364899962624	5.4084281876487328	0.788696	5.1795
520479	0.023779100551443225	5.4184178447035247	0.789048	5.18949
521478	0.023742950305823299	5.428407502129601	0.7894	5.19948
522477	0.023706913614985895	5.4383971599238379	0.789751	5.20947
523476	0.023670989934362219	5.4483868180831365	0.790101	5.21946
524475	0.023635178722902817	5.4583764766044336	0.79045	5.22945
525474	0.023599479443048587	5.4683661354846906	0.790799	5.23944
526473	0.023563891560702949	5.4783557947209101	0.791147	5.24943
527472	0.023528414545203338	5.4883454543100951	0.791494	5.25942
528471	0.023493047869293772	5.4983351142493078	0.791841	5.26941
529470	0.023457791009097007	5.5083247745356276	0.792187	5.2794
530469	0.023422643444087576	5.5183144351661673	0.792532	5.28939
531468	0.023387604657064562	5.5283040961380587	0.792877	5.29938
532467	0.023352674134125253	5.5382937574484705	0.793221	5.30937
533466	0.02331785136463815	5.5482834190945924	0.793564	5.31936
534465	0.02328313584121721	5.5582730810736356	0.793906	5.32935
535464	0.023248527059695625	5.5682627433828591	0.794248	5.33934
536463	0.023214024519100377	5.5782524060195282	0.79459	5.34933
537462	0.023179627721626541	5.5882420689809393	0.79493	5.35932
538461	0.023145336172612115	5.5982317322644191	0.79527	5.36931
539460	0.023111149380513202	5.6082213958673153	0.795609	5.3793
540459	0.023077066856879068	5.6182110597870061	0.795948	5.38929
541458	0.023043088116327819	5.6282007240208856	0.796286	5.39928
542457	0.023009212676522166	5.6381903885663824	0.796623	5.40927
543456	0.022975440058145176	5.6481800534209388	0.796959	5.41926
544455	0.022941769784876581	5.6581697185820365	0.797295	5.42925
545454	0.022908201383369468	5.668159384047164	0.797631	5.43923
546453	0.02287473438322642	5.678149049813852	0.797965	5.44922
547452	0.022841368316976852	5.6881387158796342	0.798299	5.45921
548451	0.022808102720053739	5.6981283822420838	0.798633	5.4692
549450	0.022774937130771195	5.708118048898787	0.798965	5.47919
550449	0.022741871090301884	5.7181077158473608	0.799297	5.48918
551448	0.022708904142654685	5.728097383085438	0.799629	5.49917
552447	0.02267603583465274	5.7380870506106714	0.79996	5.50916
553446	0.022643265715911558	5.7480767184207462	0.80029	5.51915
554445	0.022610593338817271	5.7580663865133648	0.800619	5.52914
555444	0.022578018258505375	5.7680560548862436	0.800948	5.53913
556443	0.022545540032839408	5.7780457235371276	0.801277	5.54912
557442	0.022513158222389841	5.7880353924637813	0.801604	5.55911
558441	0.022480872390413239	5.7980250616639903	0.801931	5.5691
559440	0.02244868210283155	5.8080147311355583	0.802258	5.57909
560439	0.022416586928211843	5.8180044008763208	0.802584	5.58908
561438	0.022384586437745994	5.8279940708841131	0.802909	5.59907
562437	0.022352680205230121	5.837983741156803	0.803233	5.60906
563436	0.022320867807045446	5.8479734116922755	0.803557	5.61905
564435	0.022289148822137984	5.8579630824884381	0.803881	5.62904
565434	0.022257522831999246	5.867952753543217	0.804204	5.63903
566433	0.02222598942064663	5.8779424248545578	0.804526	5.64902
567432	0.022194548174604645	5.8879320964204229	0.804847	5.65901
568431	0.022163198682885701	5.8979217682387839	0.805168	5.669
569430	0.022131940536971244	5.9079114403076369	0.805489	5.67899
570429	0.022100773330792852	5.9179011126250121	0.805809	5.68898
571428	0.022069696660714407	5.9278907851889393	0.806128	5.69897
572427	0.022038710125513061	5.9378804579974789	0.806447	5.70896
573426	0.022007813326361408	5.947870131048699	0.806765	5.71895
574425	0.021977005866809618	5.9578598043406839	0.807082	5.72894
575424	0.021946287352767293	5.9678494778715345	0.807399	5.73893
576423	0.021915657392485972	5.9778391516393876	0.807715	5.74892
577422	0.021885115596541653	5.9878288256423744	0.808031	5.75891
578421	0.021854661577817298	5.9978184998786546	0.808346	5.7689
579420	0.021824294951485738	6.007808174346394	0.808661	5.77889
580419	0.021794015334992572	6.0177978490437933	0.808975	5.78887
581418	0.021763822348039436	6.0277875239690557	0.809288	5.79886
582417	0.021733715612567064	6.037777199120403	0.809601	5.80885
583416	0.021703694752738752	6.0477668744960731	0.809914	5.81884
584415	0.021673759394924018	6.0577565500942816	0.810225	5.82883
585414	0.02164390916768219	6.0677462259133721	0.810536	5.83882
586413	0.021614143701746216	6.0777359019515922	0.810847	5.84881
587412	0.021584462630006955	6.0877255782072446	0.811157	5.8588
588411	0.021554865587496936	6.0977152546786435	0.811467	5.86879
589410	0.021525352211374811	6.1077049313641174	0.811776	5.87878
590409	0.021495922140909767	6.1176946082620143	0.812084	5.88877
591408	0.021466575017466117	6.1276842853706937	0.812392	5.89876
592407	0.021437310484487857	6.1376739626885302	0.812699	5.90875
593406	0.021408128187483697	6.1476636402139073	0.813006	5.91874
594405	0.021379027774011752	6.1576533179452344	0.813312	5.92873
595404	0.021350008893665031	6.1676429958809234	0.813618	5.93872
596403	0.021321071198056093	6.1776326740194074	0.813923	5.94871
597402	0.021292214340802879	6.1876223523591332	0.814228	5.9587
598401	0.021263437977513962	6.1976120308985516	0.814532	5.96869
599400	0.021234741765774254	6.2076017096361422	0.814836	5.97868
600399	0.021206125365130748	6.2175913885703817	0.815139	5.98867
601398	0.021177588437078201	6.2275810676997745	0.815441	5.99866
602397	0.021149130645045339	6.2375707470228319	0.815743	6.00865
603396	0.021120751654380703	6.2475604265380804	0.816044	6.01864
604395	0.021092451132339176	6.2575501062440528	0.816345	6.02863
605394	0.021064228748068039	6.2675397861393023	0.816646	6.03862
606393	0.021036084172593613	6.2775294662223962	0.816946	6.04861
607392	0.021008017078807697	6.2875191464918947	0.817245	6.0586
608391	0.020980027141454329	6.2975088269463946	0.817544	6.06859
609390	0.02095211403711664	6.3074985075844987	0.817842	6.07858
610389	0.020924277444203859	 6.31748818840481	0.81814	6.08857
611388	0.020896517042937917	6.3274778694059561	0.818437	6.09856
612387	0.020868832515340975	6.3374675505865721	0.818734	6.10855
613386	0.020841223545222574	6.3474572319453193	0.81903	6.11854
614385	0.020813689818167065	6.3574469134808256	0.819326	6.12853
615384	0.020786231021520957	6.3674365951917853	0.819621	6.13852
616383	0.020758846844380462	6.3774262770768724	0.819916	6.1485
617382	0.020731536977579304	6.3874159591347786	0.82021	6.15849
618381	0.020704301113676386	6.3974056413642106	0.820504	6.16848
619380	0.020677138946943847	6.4073953237638834	0.820797	6.17847
620379	0.020650050173354827	6.4173850063325242	0.82109	6.18846
621378	0.020623034490571748	6.4273746890688663	0.821382	6.19845
622377	0.020596091597934428	6.4373643719716611	0.821674	6.20844
623376	0.020569221196448252	6.4473540550396642	0.821965	6.21843
624375	0.020542422988772808	6.4573437382716437	0.822256	6.22842
625374	0.020515696679210191	6.4673334216663836	0.822546	6.23841
626373	0.020489041973693698	6.4773231052226716	0.822836	6.2484
627372	0.020462458579776403	6.4873127889393087	0.823126	6.25839
628371	0.020435946206619982	6.4973024728151012	0.823414	6.26838
629370	0.020409504564983503	6.5072921568488686	0.823703	6.27837
630369	0.020383133367212643	6.5172818410394413	0.823991	6.28836
631368	0.020356832327228312	6.527271525385661	0.824278	6.29835
632367	0.020330601160516288	6.5372612098863732	0.824565	6.30834
633366	0.020304439584116023	6.5472508945404417	0.824851	6.31833
634365	0.020278347316610275	6.5572405793467299	0.825137	6.32832
635364	0.020252324078114232	6.5672302643041158	0.825423	6.33831
636363	0.020226369590265355	6.5772199494114947	0.825708	6.3483
637362	0.020200483576212791	6.5872096346677473	0.825993	6.35829
638361	0.020174665760606857	6.5971993200717884	0.826277	6.36828
639360	0.020148915869589019	6.6071890056225495	0.82656	6.37827
640359	0.020123233630781695	6.6171786913189345	0.826843	6.38826
641358	0.020097618773278297	6.6271683771598884	0.827126	6.39825
642357	0.020072071027632872	6.6371580631443443	0.827408	6.40824
643356	0.020046590125850861	6.6471477492712543	0.82769	6.41823
644355	0.020021175801378188	6.6571374355395783	0.827971	6.42822
645354	0.019995827789092643	6.6671271219482797	0.828252	6.43821
646353	0.019970545825293687	6.6771168084963426	0.828533	6.4482
647352	0.019945329647692741	6.6871064951827437	0.828813	6.45819
648351	0.019920178995403864	6.6970961820064812	0.829092	6.46818
649350	0.019895093608934405	6.7070858689665513	0.829371	6.47817
650349	0.019870073230175336	6.7170755560619666	0.82965	6.48816
651348	0.019845117602392326	6.7270652432917473	0.829928	6.49815
652347	0.019820226470216262	6.737054930654911	0.830205	6.50813
653346	0.019795399579634231	6.7470446181505004	0.830483	6.51812
654345	0.01977063667798044	6.7570343057775561	0.830759	6.52811
655344	0.019745937513927222	6.7670239935351217	0.831036	6.5381
656343	0.019721301837476123	6.7770136814222566	0.831312	6.54809
657342	0.019696729399949171	6.7870033694380281	0.831587	6.55808
658341	0.019672219953979796	6.7969930575815045	0.831862	6.56807
659340	0.019647773253504391	6.806982745851772	0.832137	6.57806
660339	0.019623389053753638	6.8169724342479023	0.832411	6.58805
661338	0.019599067111244033	6.8269621227690021	0.832685	6.59804
662337	0.019574807183769024	6.8369518114141714	0.832958	6.60803
663336	0.019550609030390957	6.8469415001825187	0.833231	6.61802
664335	0.019526472411432585	6.856931189073161	0.833503	6.62801
665334	0.019502397088468789	6.8669208780852236	0.833775	6.638
666333	0.019478382824318265	6.8769105672178332	0.834047	6.64799
667332	0.019454429383035519	6.8869002564701294	0.834318	6.65798
668331	0.01943053652990262	6.8968899458412585	0.834589	6.66797
669330	0.019406704031421244	6.9068796353303643	0.834859	6.67796
670329	0.019382931655304646	6.9168693249366129	0.835129	6.68795
671328	0.019359219170469826	6.926859014659164	0.835398	6.69794
672327	0.019335566347029608	6.9368487044971889	0.835667	6.70793
673326	0.019311972956284916	6.9468383944498688	0.835936	6.71792
674325	0.019288438770716888	6.9568280845163883	0.836204	6.72791
675324	0.019264963563979519	6.9668177746959365	0.836472	6.7379
676323	0.019241547110891839	6.9768074649877123	0.836739	6.74789
677322	0.019218189187430436	6.9867971553909172	0.837006	6.75788
678321	0.019194889570721716	6.9967868459047642	0.837273	6.76787
679320	0.019171648039035059	7.0067765365284655	0.837539	6.77786
680319	0.019148464371774886	7.0167662272612468	0.837804	6.78785
681318	0.019125338349473432	7.0267559181023387	0.83807	6.79784
682317	0.019102269753783957	7.0367456090509721	0.838335	6.80783
683316	0.019079258367472828	7.0467353001063904	0.838599	6.81782
684315	0.019056303974413075	7.0567249912678376	0.838863	6.82781
685314	0.019033406359576715	7.0667146825345677	0.839127	6.8378
686313	0.019010565309028241	7.0767043739058417	0.83939	6.84779
687312	0.018987780609917161	7.0866940653809243	0.839653	6.85777
688311	0.018965052050471429	7.096683756959079	0.839915	6.86776
689310	0.018942379419990288	7.1066734486395866	0.840177	6.87775
690309	0.018919762508837843	7.1166631404217311	0.840439	6.88774
691308	0.018897201108435797	7.1266528323047966	0.8407	6.89773
692307	0.018874695011257134	7.1366425242880709	0.840961	6.90772
693306	0.018852244010819266	7.1466322163708602	0.841222	6.91771
694305	0.018829847901677549	7.1566219085524638	0.841482	6.9277
695304	0.018807506479418493	7.1666116008321916	0.841741	6.93769
696303	0.018785219540653434	7.1766012932093615	0.842001	6.94768
697302	0.018762986883012183	7.186590985683293	0.84226	6.95767
698301	0.018740808305136289	7.1965806782533051	0.842518	6.96766
699300	0.018718683606672813	7.2065703709187314	0.842776	6.97765
700299	0.018696612588268217	7.2165600636789113	0.843034	6.98764
701298	0.018674595051561813	7.2265497565331795	0.843291	6.99763
702297	0.018652630799179611	7.2365394494808823	0.843548	7.00762
703296	0.018630719634728191	7.2465291425213749	0.843805	7.01761
704295	0.018608861362788682	7.2565188356540098	0.844061	7.0276
705294	0.018587055788910452	7.2665085288781466	0.844317	7.03759
706293	0.018565302719605235	7.2764982221931502	0.844572	7.04758
707292	0.018543601962341092	7.2864879155983937	0.844827	7.05757
708291	0.0185219533255363	7.2964776090932517	0.845082	7.06756
709290	0.018500356618553909	7.3064673026770963	0.845336	7.07755
710289	0.018478811651695324	7.3164569963493298	0.84559	7.08754
711288	0.018457318236194908	7.3264466901093268	0.845844	7.09753
712287	0.018435876184213988	7.3364363839564852	0.846097	7.10752
713286	0.018414485308835157	 7.34642607789021	0.84635	7.11751
714285	0.018393145424056786	7.3564157719098979	0.846602	7.1275
715284	0.018371856344787049	7.3664054660149585	0.846854	7.13749
716283	0.018350617886838602	7.3763951602048037	0.847106	7.14748
717282	0.018329429866922986	7.3863848544788508	0.847357	7.15747
718281	0.018308292102644824	7.3963745488365165	0.847608	7.16746
719280	0.018287204412496774	7.4063642432772303	0.847859	7.17745
720279	0.018266166615853875	7.4163539378004231	0.848109	7.18744
721278	0.018245178532967931	7.4263436324055325	0.848359	7.19743
722277	0.018224239984962684	7.4363333270919902	0.848609	7.20741
723276	0.018203350793828	7.4463230218592393	0.848858	7.2174
724275	0.018182510782414889	7.4563127167067336	0.849106	7.22739
725274	0.018161719774430127	7.4663024116339169	0.849355	7.23738
726273	0.018140977594431049	7.4762921066402468	0.849603	7.24737
727272	0.01812028406782052	7.4862818017251866	0.849851	7.25736
728271	0.018099639020841714	7.4962714968881921	0.850098	7.26735
729270	0.018079042280572964	7.5062611921287337	0.850345	7.27734
730269	0.018058493674922831	7.5162508874462812	0.850592	7.28733
731268	0.018037993032625002	7.5262405828403161	0.850838	7.29732
732267	0.018017540183233375	7.536230278310307	0.851084	7.30731
733266	0.017997134957117158	7.5462199738557478	0.85133	7.3173
734265	0.017976777185455806	7.5562096694761181	0.851575	7.32729
735264	0.017956466700234222	7.5661993651709141	0.85182	7.33728
736263	0.017936203334238104	7.5761890609396234	0.852064	7.34727
737262	0.017915986921048815	7.5861787567817496	0.852308	7.35726
738261	0.017895817295038918	7.5961684526967961	0.852552	7.36725
739260	0.017875694291367272	7.6061581486842638	0.852796	7.37724
740259	0.017855617745974387	7.6161478447436624	0.853039	7.38723
741258	0.017835587495577763	7.6261375408745096	0.853282	7.39722
742257	0.017815603377667261	7.6361272370763187	0.853524	7.40721
743256	0.017795665230500468	7.6461169333486101	0.853766	7.4172
744255	0.017775772893098275	7.6561066296909077	0.854008	7.42719
745254	0.017755926205240125	7.6660963261027391	0.85425	7.43718
746253	0.017736125007459653	7.6760860225836396	0.854491	7.44717
747252	0.017716369141040262	7.6860757191331377	0.854731	7.45716
748251	0.017696658448010574	7.6960654157507662	0.854972	7.46715
749250	0.017676992771140137	7.7060551124360739	0.855212	7.47714
750249	0.017657371953934974	7.7160448091885989	0.855452	7.48713
751248	0.017637795840633286	7.7260345060078954	0.855691	7.49712
752247	0.017618264276200998	7.7360242028935087	0.85593	7.50711
753246	0.017598777106327804	7.7460138998449919	0.856169	7.5171
754245	0.017579334177422603	7.7560035968619099	0.856407	7.52709
755244	0.017559935336609444	7.7659932939438177	0.856645	7.53708
756243	0.017540580431723331	7.7759829910902791	0.856883	7.54707
757242	0.01752126931130607	7.7859726883008626	0.857121	7.55706
758241	0.017502001824601845	7.795962385575141	0.857358	7.56704
759240	0.01748277782155367	7.8059520829126807	0.857595	7.57703
760239	0.017463597152798917	7.8159417803130644	0.857831	7.58702
761238	0.017444459669665301	7.8259314777758719	0.858067	7.59701
762237	0.01742536522416711	7.8359211753006797	0.858303	7.607
763236	0.017406313669000924	7.8459108728870781	0.858538	7.61699
764235	0.01738730485754178	7.8559005705346534	0.858774	7.62698
765234	0.017368338643839281	7.8658902682429996	0.859008	7.63697
766233	0.017349414882613698	7.8758799660117083	0.859243	7.64696
767232	0.017330533429252035	7.8858696638403813	0.859477	7.65695
768231	0.017311694139804192	7.8958593617286148	0.859711	7.66694
769230	0.017292896870979152	7.905849059676016	0.859945	7.67693
770229	0.017274141480141097	7.9158387576821818	0.860178	7.68692
771228	0.017255427825305921	7.9258284557467249	0.860411	7.69691
772227	0.017236755765137082	7.9358181538692634	0.860643	7.7069
773226	0.017218125158942211	7.9458078520494047	0.860876	7.71689
774225	0.017199535866669342	7.9557975502867677	0.861108	7.72688
775224	0.017180987748903049	7.9657872485809724	0.861339	7.73687
776223	0.017162480666861234	7.9757769469316422	0.861571	7.74686
777222	0.01714401448239096	7.9857666453384013	0.861802	7.75685
778221	0.017125589057965296	7.9957563438008776	0.862032	7.76684
779220	0.017107204256679585	8.0057460423187017	0.862263	7.77683
780219	0.017088859942247837	8.0157357408915111	0.862493	7.78682
781218	0.017070555978999407	8.0257254395189399	0.862723	7.79681
782217	0.017052292231875332	8.0357151382006116	0.862952	7.8068
783216	0.017034068566424844	8.045704836936201	0.863181	7.81679
784215	0.017015884848802083	8.0556945357253191	0.86341	7.82678
785214	0.016997740945762608	8.0656842345676232	0.863639	7.83677
786213	0.016979636724659995	8.0756739334627525	0.863867	7.84676
787212	0.016961572053442286	8.0856636324103786	0.864095	7.85675
788211	0.016943546800648933	8.0956533314101442	0.864323	7.86674
789210	0.01692556083540725	8.1056430304616924	0.86455	7.87673
790209	0.0169076140274293	8.1156327295646999	0.864777	7.88672
791208	0.016889706247008401	8.1256224287188239	0.865004	7.89671
792207	0.016871837365015949	8.1356121279237144	0.86523	7.9067
793206	0.016854007252898279	8.1456018271790551	0.865457	7.91668
794205	0.016836215782673219	8.1555915264845122	0.865682	7.92667
795204	0.016818462826927196	8.1655812258397411	0.865908	7.93666
796203	0.016800748258811789	8.1755709252444237	0.866133	7.94665
797202	0.016783071952040669	8.1855606246982404	0.866358	7.95664
798201	0.016765433780886539	8.1955503242008518	0.866583	7.96663
799200	0.016747833620177982	8.205540023751956	0.866807	7.97662
800199	0.016730271345296189	8.2155297233512208	0.867031	7.98661
801198	0.016712746832172179	8.2255194229983299	0.867255	7.9966
802197	0.016695259957283558	8.2355091226929709	0.867479	8.00659
803196	0.016677810597651711	8.2454988224348416	0.867702	8.01658
804195	0.016660398630838461	8.2554885222236205	0.867925	8.02657
805194	0.0166430239349433	8.2654782220590022	0.868148	8.03656
806193	0.016625686388600323	8.2754679219406917	0.86837	8.04655
807192	0.016608385870975486	8.2854576218683818	0.868592	8.05654
808191	0.016591122261763302	8.2954473218417633	0.868814	8.06653
809190	0.016573895441184275	8.3054370218605289	0.869035	8.07652
810189	0.01655670528998195	8.3154267219244158	0.869256	8.08651
811188	0.016539551689419837	8.3254164220330935	0.869477	8.0965
812187	0.016522434521278783	8.3354061221862832	0.869698	8.10649
813186	0.016505353667853932	8.3453958223836917	0.869918	8.11648
814185	0.01648830901195214	8.3553855226250224	0.870138	8.12647
815184	0.016471300436889092	8.3653752229100142	0.870358	8.13646
816183	0.016454327826486405	8.3753649232383491	0.870578	8.14645
817182	0.016437391065068991	8.385354623609766	0.870797	8.15644
818181	0.016420490037462376	8.3953443240239807	0.871016	8.16643
819180	0.016403624628989658	8.4053340244807089	0.871234	8.17642
820179	0.016386794725469347	8.4153237249796788	0.871453	8.18641
821178	0.016370000213212037	8.4253134255206081	0.871671	8.1964
822177	0.016353240979018274	8.4353031261032214	0.871889	8.20639
823176	0.016336516910175562	8.4452928267272522	0.872106	8.21638
824175	0.016319827894455973	8.4552825273924377	0.872324	8.22637
825174	0.016303173820113342	8.4652722280984971	0.872541	8.23636
826173	0.016286554575880696	8.4752619288451854	0.872757	8.24635
827172	0.016269970050967753	8.4852516296322236	0.872974	8.25634
828171	0.016253420135058341	8.4952413304593328	0.87319	8.26632
829170	0.016236904718307674	8.5052310313262822	0.873406	8.27631
830169	0.016220423691340087	8.5152207322327857	0.873621	8.2863
831168	0.016203976945246307	8.5252104331786036	0.873837	8.29629
832167	0.016187564371581111	 8.53520013416348	0.874052	8.30628
833166	0.016171185862360788	8.5451898351871556	0.874267	8.31627
834165	0.016154841310060546	8.5551795362493639	0.874481	8.32626
835164	0.016138530607611966	8.5651692373498989	0.874696	8.33625
836163	0.016122253648401069	8.5751589384884568	0.87491	8.34624
837162	0.016106010326265571	8.5851486396648351	0.875123	8.35623
838161	0.01608980053549228	8.5951383408787709	0.875337	8.36622
839160	0.016073624170815006	8.6051280421300156	0.87555	8.37621
840159	0.016057481127412128	8.6151177434183275	0.875763	8.3862
841158	0.016041371300904078	8.6251074447434792	0.875976	8.39619
842157	0.01602529458735116	8.6350971461052239	0.876188	8.40618
843156	0.016009250883251232	8.6450868475033271	0.8764	8.41617
844155	0.015993240085537274	8.6550765489375383	0.876612	8.42616
845154	0.015977262091575201	8.6650662504076568	0.876824	8.43615
846153	0.015961316799161289	8.6750559519134143	0.877035	8.44614
847152	0.015945404106520344	8.6850456534545959	0.877246	8.45613
848151	0.015929523912303199	8.6950353550309742	0.877457	8.46612
849150	0.015913676115584568	8.7050250566423166	0.877668	8.47611
850149	0.01589786061586056	8.715014758288385	0.877878	8.4861
851148	0.01588207731304676	8.7250044599689858	0.878088	8.49609
852147	0.015866326107475969	8.7349941616838649	0.878298	8.50608
853146	0.01585060689989588	8.7449838634328199	0.878507	8.51607
854145	0.015834919591467059	8.7549735652156215	0.878717	8.52606
855144	0.015819264083760692	8.7649632670320532	0.878926	8.53605
856143	0.015803640278756456	8.7749529688818964	0.879135	8.54604
857142	0.015788048078840516	8.7849426707649343	0.879343	8.55603
858141	0.015772487386803268	8.7949323726809627	0.879551	8.56602
859140	0.01575695810583708	8.8049220746297454	0.879759	8.57601
860139	0.015741460139534511	8.8149117766111029	0.879967	8.586
861138	0.015725993391886173	8.8249014786248079	0.880175	8.59599
862137	0.01571055776727846	8.8348911806706507	0.880382	8.60598
863136	0.015695153170491791	8.8448808827484147	0.880589	8.61596
864135	0.015679779506698167	8.8548705848579008	0.880796	8.62595
865134	0.01566443668145957	8.8648602869988959	0.881002	8.63594
866133	0.015649124600725636	8.8748499891712349	0.881209	8.64593
867132	0.015633843170831919	8.8848396913746708	0.881415	8.65592
868131	0.015618592298497668	8.8948293936090419	0.88162	8.66591
869130	0.015603371890823978	8.9048190958741138	0.881826	8.6759
870129	0.015588181855291794	  8.9148087981697	0.882031	8.68589
871128	0.01557302209975985	8.924798500495605	0.882236	8.69588
872127	0.01555789253246302	8.9347882028516441	0.882441	8.70587
873126	0.015542793062010018	8.9447779052376113	0.882646	8.71586
874125	0.015527723597381747	8.9547676076533058	0.88285	8.72585
875124	0.015512684047929307	8.9647573100985376	0.883054	8.73584
876123	0.015497674323372103	8.9747470125731414	0.883258	8.74583
877122	0.015482694333795944	8.9847367150769024	0.883461	8.75582
878121	0.015467743989651245	8.9947264176096322	0.883665	8.76581
879120	0.015452823201751075	9.004716120171171	0.883868	8.7758
880119	0.015437931881269368	9.0147058227613037	0.884071	8.78579
881118	0.015423069939739062	9.0246955253798529	0.884273	8.79578
882117	0.015408237289050289	9.0346852280266265	0.884476	8.80577
883116	0.015393433841448537	9.0446749307014702	0.884678	8.81576
884115	0.015378659509532896	9.0546646334041938	0.88488	8.82575
885114	0.015363914206254227	9.0646543361345948	0.885081	8.83574
886113	0.015349197844913384	9.0746440388925311	0.885283	8.84573
887112	0.015334510339159498	9.0846337416777825	0.885484	8.85572
888111	0.015319851602988091	9.0946234444902068	0.885685	8.86571
889110	0.015305221550739517	9.1046131473296246	0.885885	8.8757
890109	0.015290620097097038	9.1146028501958476	0.886086	8.88569
891108	0.015276047157085196	9.124592553088716	0.886286	8.89568
892107	0.015261502646068062	9.1345822560080396	0.886486	8.90567
893106	0.015246986479747596	9.1445719589536658	0.886686	8.91566
894105	0.015232498574161885	 9.15456166192544	0.886885	8.92565
895104	0.015218038845683414	9.1645513649231578	0.887085	8.93564
896103	0.015203607211017517	9.1745410679466755	0.887284	8.94563
897102	0.015189203587200649	9.1845307709958135	0.887483	8.95562
898101	0.015174827891598694	9.1945204740704245	0.887681	8.9656
899100	0.015160480041905384	9.2045101771703255	0.88788	8.97559
900099	0.015146159956140577	9.2144998802953619	0.888078	8.98558
901098	0.015131867552648766	9.2244895834453704	0.888276	8.99557
902097	0.01511760275009732	9.234479286620191	0.888473	9.00556
903096	0.015103365467474997	9.2444689898196675	0.888671	9.01555
904095	0.015089155624090266	9.2544586930436328	0.888868	9.02554
905094	0.015074973139569764	9.2644483962919217	0.889065	9.03553
906093	0.015060817933856677	9.2744380995644082	0.889262	9.04552
907092	0.015046689927209221	9.2844278028608933	0.889458	9.05551
908091	0.015032589040199044	9.2944175061812668	0.889655	9.0655
909090	0.015018515193709735	9.3044072095253423	0.889851	9.07549
910089	0.015004468308935178	9.3143969128929687	0.890047	9.08548
911088	0.014990448307378165	9.3243866162840234	0.890242	9.09547
912087	0.014976455110848726	9.3343763196983325	0.890438	9.10546
913086	0.014962488641462728	9.3443660231357448	0.890633	9.11545
914085	0.014948548821640307	9.3543557265961095	0.890828	9.12544
915084	0.014934635574104403	9.3643454300792932	0.891023	9.13543
916083	0.014920748821879316	9.3743351335851504	0.891217	9.14542
917082	0.014906888488289093	9.3843248371135051	0.891411	9.15541
918081	0.014893054496956222	9.3943145406642383	0.891605	9.1654
919080	0.014879246771800044	9.4043042442372027	0.891799	9.17539
920079	0.014865465237035396	9.4142939478322472	0.891993	9.18538
921078	0.014851709817171087	9.4242836514492137	0.892186	9.19537
922077	0.014837980437008517	9.4342733550880098	0.89238	9.20536
923076	0.014824277021640301	9.4442630587484508	0.892573	9.21535
924075	0.014810599496448659	9.4542527624304071	0.892765	9.22534
925074	0.014796947787104244	9.4642424661337472	0.892958	9.23533
926073	0.014783321819564633	9.4742321698583272	0.89315	9.24532
927072	0.014769721520072885	9.484221873604012	0.893342	9.25531
928071	0.014756146815156218	9.4942115773706526	0.893534	9.2653
929070	0.014742597631624629	9.5042012811581387	0.893726	9.27529
930069	0.014729073896569524	9.5141909849663264	0.893917	9.28528
931068	0.014715575537362387	9.5241806887950577	0.894109	9.29527
932067	0.014702102481653342	9.5341703926442509	0.8943	9.30526
933066	0.014688654657369874	9.5441600965137177	0.894491	9.31524
934065	0.014675231992715474	9.5541498004033567	0.894681	9.32523
935064	0.014661834416168341	9.5641395043130419	0.894872	9.33522
936063	0.014648461856480012	9.5741292082426259	0.895062	9.34521
937062	0.014635114242674102	9.5841189121919808	0.895252	9.3552
938061	0.014621791504044912	9.5941086161609874	0.895442	9.36519
939060	0.014608493570156224	9.6040983201495216	0.895631	9.37518
940059	0.014595220370839943	9.6140880241574482	0.89582	9.38517
941058	0.014581971836194864	9.6240777281846466	0.89601	9.39516
942057	0.014568747896585355	9.6340674322309869	0.896199	9.40515
943056	0.014555548482640186	9.6440571362963414	0.896387	9.41514
944055	0.014542373525251086	9.654046840380607	0.896576	9.42513
945054	0.014529222955571618	9.664036544483622	0.896764	9.43512
946053	0.014516096705015989	9.6740262486053155	0.896952	9.44511
947052	0.014502994705257571	9.6840159527455167	0.89714	9.4551
948051	0.01448991688822795	9.6940056569041602	0.897328	9.46509
949050	0.014476863186115565	9.7039953610810805	0.897515	9.47508
950049	0.014463833531364469	9.7139850652761588	0.897702	9.48507
951048	0.014450827856673129	9.723974769489292	0.89789	9.49506
952047	0.014437846094993271	9.7339644737203592	0.898076	9.50505
953046	0.014424888179528606	9.7439541779692505	0.898263	9.51504
954045	0.014411954043733808	9.7539438822358537	0.89845	9.52503
955044	0.014399043621313045	9.7639335865200536	0.898636	9.53502
956043	0.014386156846219059	9.7739232908217257	0.898822	9.54501
957042	0.014373293652651865	9.7839129951407493	0.899008	9.555
958041	0.014360453975057684	9.7939026994770053	0.899193	9.56499
959040	0.014347637748127664	9.8038924038304245	0.899379	9.57498
960039	0.014334844906796741	9.8138821082008558	0.899564	9.58497
961038	0.014322075386242627	9.8238718125881945	0.899749	9.59496
962037	0.014309329121884569	9.8338615169923358	0.899934	9.60495
963036	0.014296606049382208	9.8438512214131748	0.900118	9.61494
964035	0.014283906104634468	9.8538409258505748	0.900303	9.62493
965034	0.014271229223778511	9.8638306303044665	0.900487	9.63492
966033	0.014258575343188522	9.8738203347747326	0.900671	9.64491
967032	0.014245944399474644	9.8838100392612436	0.900855	9.6549
968031	0.014233336329481844	9.893799743763914	0.901039	9.66488
969030	0.014220751070288919	9.9037894482826232	0.901222	9.67487
970029	0.014208188559207314	9.9137791528172787	0.901405	9.68486
971028	0.014195648733780059	9.9237688573677705	0.901588	9.69485
972027	0.014183131531780755	9.9337585619339901	0.901771	9.70484
973026	0.014170636891212276	9.9437482665158292	0.901954	9.71483
974025	0.014158164750306138	9.9537379711132328	0.902136	9.72482
975024	0.014145715047521013	9.9637276757260409	0.902319	9.73481
976023	0.014133287721541925	9.9737173803541488	0.902501	9.7448
977022	0.014120882711279056	9.9837070849975262	0.902683	9.75479
978021	0.014108499955866919	9.9936967896559814	0.902864	9.76478
979020	0.014096139394662966	10.003686494329511	0.903046	9.77477
980019	0.014083800967246971	10.013676199017924	0.903227	9.78476
981018	0.014071484613419668	10.023665903721183	0.903408	9.79475
982017	0.014059190273201979	10.033655608439176	0.903589	9.80474
983016	0.014046917886833942	10.04364531317179	0.90377	9.81473
984015	0.014034667394773511	10.053635017918928	0.90395	9.82472
985014	0.014022438737695812	10.063624722680508	0.904131	9.83471
986013	0.014010231856492019	10.073614427456434	0.904311	9.8447
987012	0.013998046692268427	10.08360413224662	0.904491	9.85469
988011	0.013985883186345416	10.093593837050964	0.904671	9.86468
989010	0.013973741280256432	10.103583541869369	0.90485	9.87467
990009	0.013961620915747158	10.113573246701749	0.90503	9.88466
991008	0.013949522034774425	10.123562951547997	0.905209	9.89465
992007	0.013937444579505284	10.133552656408018	0.905388	9.90464
993006	0.013925388492316001	10.143542361281733	0.905567	9.91463
994005	0.013913353715791246	10.153532066169076	0.905745	9.92462
995004	0.013901340192722992	10.163521771069899	0.905924	9.93461
996003	0.013889347866109672	10.173511475984158	0.906102	9.9446
997002	0.013877376679155149	10.183501180911739	0.90628	9.95459
998001	0.01386542657526792	10.193490885852574	0.906458	9.96458
999000	0.013853497498060079	10.203480590806537	0.906636	9.97457
999999	0.013841589391346389	10.213470295773615	0.906813	9.98456
