# Filename: 3Dvlt_flow_Op11144_K0.141_y0.216_step1000000.dat
# Source: 3Dvlt_flow.c
# Source version: 1 (2012 Jul 19 - ...)
# Constant values: PI= 3.141592653589793116, PISQ=9.8696044010893579923, PICU=31.0062766802998162063
# Parameter values: OpA=1, OpB=1, OpC=1, OpD=4, OpE=4, A3=41.3417022403997549418, THETA=0.6, N=2, initialdl=1e-05, trajectorydl=1e-05, initialds=1e-05, trajectorydsMax=1e-05, uncertainty=1e-16, dataskipdl=999, dataskipds=999
# Option-dependent values: K=0.141175685241325093999, y=0.215955484930231367269, Kstar=                  -10, ystar=                  -10, c=                    0, Z=                    0, lambda=                    0, initialKdir=0, flowdir=-1, Max_steps=1000000
# Initialized values: Deltas=0, Deltal=0, count_steps=0, count_passes=0, K0c=0.296469, oldK0c=-100
# Input-file parameter: Cc=1.1
# step	K	y	path-length-l	path-length-s (in K-y-space)
0	0.14117568524132509	0.21595548493023137	0	0
1	0.14117568524132509	0.21595548493023137	2.0755e-317	0
2	0.14117605285599436	0.2159490712503315	-1e-05	6.42421e-06
3	0.14117642042340792	0.21594265777324839	-2e-05	1.28482e-05
4	0.14117678794356622	0.2159362444989737	-3e-05	1.9272e-05
5	0.14117715541646969	0.21592983142749905	-4e-05	2.56956e-05
6	0.14117752284211876	0.21592341855881614	-5e-05	3.2119e-05
7	0.14117789022051386	0.21591700589291657	-6e-05	3.85422e-05
8	0.14117825755165539	0.21591059342979199	-7e-05	4.49651e-05
9	0.1411786248355438	0.21590418116943405	-8e-05	5.13879e-05
10	0.14117899207217952	0.21589776911183442	-9e-05	5.78105e-05
999	0.14151912762487348	0.209654172501299	-0.00998	0.00631067
1998	0.14181623380430994	0.20354079588623603	-0.01997	0.0124313
2997	0.14206714529124492	0.1976140723116879	-0.02996	0.0183633
3996	0.14227242461566011	0.19186670069345846	-0.03995	0.0241144
4995	0.14243268511220927	0.1862917537963274	-0.04994	0.0296916
5994	0.14254858829160078	0.18088265768888676	-0.05993	0.035102
6993	0.14262084114681703	0.17563317230776082	-0.06992	0.040352
7992	0.1426501934059165	0.1705373730673371	-0.07991	0.0454479
8991	0.14263743474313473	0.16558963345533578	-0.0899	0.0503956
9990	0.14258339195993339	0.16078460855846535	-0.09989	0.055201
10989	0.14248892614747727	0.15611721946607496	-0.10988	0.0598693
11988	0.14235492984179424	0.15158263850311551	-0.11987	0.0644059
12987	0.14218232418259752	0.14717627524692636	-0.12986	0.0688157
13986	0.14197205608638627	0.14289376328529879	-0.13985	0.0731034
14985	0.14172509544405074	0.13873094767603664	-0.14984	0.0772735
15984	0.14144243235272733	0.13468387307079546	-0.15983	0.0813305
16983	0.14112507439116939	0.13074877246834038	-0.16982	0.0852784
17982	0.14077404394733878	0.1269220565645772	-0.17981	0.0891212
18981	0.14039037560633216	0.12320030366875064	-0.1898	0.0928627
19980	0.13997511360617271	0.11958025015707958	-0.19979	0.0965065
20979	0.13952930936832508	0.1160587814368553	-0.20978	0.100056
21978	0.13905401910916348	0.11263292339563415	-0.21977	0.103515
22977	0.13855030153795206	0.10929983431164872	-0.22976	0.106886
23976	0.13801921564621183	0.10605679720292878	-0.23975	0.110172
24975	0.13746181859269246	0.1029012125938963	-0.24974	0.113376
25974	0.1368791636874935	0.099830591679359634	-0.25973	0.116502
26973	0.1362722984782169	0.096842549866913694	-0.26972	0.119551
27972	0.13564226294040102	0.09393480067973968	-0.27971	0.122526
28971	0.1349900877738584	0.091105150002717419	-0.2897	0.12543
29970	0.13431679280593356	0.088351490655602646	-0.29969	0.128265
30969	0.13362338550214137	0.085671797277807576	-0.30968	0.131033
31968	0.13291085958408003	0.083064121510035033	-0.31967	0.133736
32967	0.13218019375401591	0.080526587458691679	-0.32966	0.136377
33966	0.13143235052505961	0.078057387429623093	-0.33965	0.138957
34965	0.13066827515539808	0.075654777918284483	-0.34964	0.141478
35964	0.1298888946846547	0.073317075844006818	-0.35963	0.143942
36963	0.12909511707007396	0.071042655016510178	-0.36962	0.146351
37962	0.12828783041989628	0.068829942823294604	-0.37961	0.148707
38961	0.12746790232099642	0.066677417126977459	-0.3896	0.15101
39960	0.12663617925760459	0.064583603362066866	-0.39959	0.153263
40959	0.12579348611770433	0.062547071821057662	-0.40958	0.155467
41958	0.12494062578351656	0.060566435120108668	-0.41957	0.157623
42957	0.12407837880233594	0.058640345834932779	-0.42956	0.159734
43956	0.12320750313386018	0.056767494297863007	-0.43955	0.161799
44955	0.12232873397006358	0.054946606547400481	-0.44954	0.163821
45954	0.12144278362361921	0.053176442421869016	-0.45953	0.165801
46953	0.12055034148082881	0.051455793789109944	-0.46952	0.167739
47952	0.11965207401502805	0.049783482904457894	-0.47951	0.169637
48951	0.11874862485643999	0.048158360889528108	-0.4895	0.171497
49950	0.11784061491450025	0.046579306324636978	-0.49949	0.173318
50949	0.11692864254872433	0.045045223947954356	-0.50948	0.175103
51948	0.11601328378427389	0.043555043454767718	-0.51947	0.176852
52947	0.11509509256846005	0.042107718390498941	-0.52946	0.178566
53946	0.11417460106453384	0.040702225131387652	-0.53945	0.180246
54945	0.11325231997922082	0.03933756194700707	-0.54944	0.181893
55944	0.11232873892059167	0.038012748139038335	-0.55943	0.183508
56943	0.11140432678298386	0.036726823250975121	-0.56942	0.185092
57942	0.11047953215583602	0.035478846343676658	-0.57941	0.186645
58941	0.10955478375343732	0.034267895331927083	-0.5894	0.188169
59940	0.10863049086274312	0.033093066377394842	-0.59939	0.189663
60939	0.10770704380655456	0.031953473333614806	-0.60938	0.19113
61938	0.10678481441952023	0.030848247238840491	-0.61937	0.19257
62937	0.10586415653455557	0.029776535852834369	-0.62936	0.193983
63936	0.10494540647743698	0.028737503233877994	-0.63935	0.19537
64935	0.10402888356747012	0.027730329352490861	-0.64934	0.196731
65934	0.10311489062227802	0.02675420973855203	-0.65933	0.198069
66933	0.10220371446490049	0.025808355158712264	-0.66932	0.199382
67932	0.10129562643152933	0.02489199132117843	-0.67931	0.200672
68931	0.10039088287834501	0.024004358605133572	-0.6893	0.20194
69930	0.099489725686043182	0.023144711812235652	-0.69929	0.203185
70929	0.098592382760769828	0.02231231993781049	-0.70928	0.204409
71928	0.097699068530303454	0.021506465959518078	-0.71927	0.205612
72927	0.096809984434431826	0.020726446641432191	-0.72926	0.206795
73926	0.095925319408586146	0.019971572351624455	-0.73925	0.207958
74925	0.095045250359893349	0.019241166891491173	-0.74924	0.209101
75924	0.094169942634909826	0.018534567335199023	-0.75923	0.210226
76923	0.093299550478387866	0.017851123877760625	-0.76922	0.211333
77922	0.092434217482513514	0.01719019969037569	-0.77921	0.212422
78921	0.091574077026137971	0.016551170781795341	-0.7892	0.213493
79920	0.090719252703596903	0.015933425864579801	-0.79919	0.214548
80919	0.089869858742785427	0.015336366225228278	-0.80918	0.215586
81918	0.089026000412218989	0.014759405597261278	-0.81917	0.216609
82917	0.088187774416872686	0.014201970036431061	-0.82916	0.217615
83916	0.087355269282647072	0.013663497797326526	-0.83915	0.218607
84915	0.086528565729358978	0.01314343921072336	-0.84914	0.219583
85914	0.0857077370322024	0.012641256561108274	-0.85913	0.220546
86913	0.084892849371668036	0.012156423963881058	-0.86912	0.221494
87912	0.084083962171947357	0.011688427241805457	-0.87911	0.222428
88911	0.083281128427885584	0.011236763800344808	-0.8891	0.22335
89910	0.08248439502057249	0.010800942501576375	-0.89909	0.224258
90909	0.081693803021694641	0.010380483536432844	-0.90908	0.225153
91908	0.080909387986795089	0.0099749182950698064	-0.91907	0.226036
92907	0.080131180237608471	0.0095837892352033313	-0.92906	0.226907
93906	0.079359205133657684	0.0092066497483041902	-0.93905	0.227766
94905	0.078593483333317893	0.0088430640235730336	-0.94904	0.228614
95904	0.077834031044565086	0.008492606909655448	-0.95903	0.229451
96903	0.07708086026564169	0.0081548637740872353	-0.96902	0.230276
97902	0.076333979015876727	0.0078294303604875704	-0.97901	0.231091
98901	0.075593391556914288	0.0075159126435436225	-0.989	0.231895
99900	0.074859098604603769	0.0072139266818515829	-0.99899	0.232689
100899	0.074131097531811088	0.0069230984686985773	-1.00898	0.233473
101898	0.073409382562419009	0.0066430637808875363	-1.01897	0.234247
102897	0.072693944956782983	0.0063734680257209152	-1.02896	0.235012
103896	0.071984773188907544	0.0061139660862726116	-1.03895	0.235767
104895	0.071281853115615149	0.005864222165086903	-1.04894	0.236513
105894	0.070585168137972984	0.0056239096264530134	-1.05893	0.23725
106893	0.069894699355243645	0.0053927108374097	-1.06892	0.237978
107892	0.069210425711623669	0.0051703170076408088	-1.07891	0.238697
108891	0.068532324136031969	0.004956428028425686	-1.0889	0.239408
109890	0.067860369675198207	0.0047507523108115644	-1.09889	0.240111
110889	0.067194535620312065	0.0045530066231761921	-1.10888	0.240806
111888	0.066534793627475206	0.004362915928349414	-1.11887	0.241492
112887	0.065881113832199509	0.0041802132204615617	-1.12886	0.242171
113886	0.065233464958192308	0.0040046393616852433	-1.13885	0.242842
114885	0.0645918144206553	0.0038359429190347304	-1.14884	0.243505
115884	0.063956128424326894	0.0036738800013836415	-1.15883	0.244161
116883	0.063326372056486099	0.0035182140968587823	-1.16882	0.24481
117882	0.062702509375131318	0.0033687159107631042	-1.17881	0.245452
118881	0.062084503492543852	0.0032251632041764029	-1.1888	0.246086
119880	0.061472316654434235	0.0030873406333772613	-1.19879	0.246714
120879	0.060865910314868127	0.0029550395902243434	-1.20878	0.247334
121878	0.060265245207159972	0.0028280580436294321	-1.21877	0.247948
122877	0.059670281410916182	0.0027062003822485754	-1.22876	0.248556
123876	0.059080978415403392	0.0025892772585119927	-1.23875	0.249156
124875	0.058497295179412906	0.002477105434106655	-1.24874	0.249751
125874	0.057919190187783173	0.0023695076270195434	-1.25873	0.250339
126873	0.057346621504738043	0.0022663123602430532	-1.26872	0.250921
127872	0.056779546824193346	0.0021673538122375887	-1.27871	0.251496
128871	0.056217923517175715	0.0020724716692401019	-1.2887	0.252066
129870	0.055661708676494656	0.0019815109795009445	-1.29869	0.252629
130869	0.055110859158801602	0.0018943220095252256	-1.30868	0.253187
131868	0.054565331624165152	0.0018107601023884274	-1.31867	0.253739
132867	0.054025082573285053	0.0017306855381902604	-1.32866	0.254285
133866	0.05349006838246409	0.0016539633967045989	-1.33865	0.254826
134865	0.052960245336450683	0.0015804634222775613	-1.34864	0.255361
135864	0.052435569659260176	0.0015100598910201574	-1.35863	0.25589
136863	0.051915997543079406	0.0014426314803364087	-1.36862	0.256414
137862	0.05140148517535241	0.0013780611408224803	-1.37861	0.256932
138861	0.050891988764142485	0.0013162359705673615	-1.3886	0.257446
139860	0.050387464561860162	0.001257047091880425	-1.39859	0.257954
140859	0.049887868887445078	0.0012003895304667307	-1.40858	0.258456
141858	0.049393158147081354	0.0011461620970660965	-1.41857	0.258954
142857	0.048903288853526725	0.0010942672715677539	-1.42856	0.259447
143856	0.048418217644129243	0.0010446110896081963	-1.43855	0.259934
144855	0.047937901297603024	0.00099710303165582471	-1.44854	0.260417
145854	0.047462296749630074	0.00095165591458222694	-1.45853	0.260895
146853	0.046991361107353739	0.00090818578571642264	-1.46852	0.261368
147852	0.046525051662823717	0.00086661181937492911	-1.47851	0.261836
148851	0.04606332590545173	0.00082685621585736123	-1.4885	0.262299
149850	0.045606141533533533	0.00078884410289434075	-1.49849	0.262758
150849	0.045153456464888428	0.00075250343953158351	-1.50848	0.263212
151848	0.044705228846667916	0.00071776492243150138	-1.51847	0.263662
152847	0.044261417064380026	0.00068456189457115943	-1.52846	0.264107
153846	0.043821979750174114	0.00065283025631317595	-1.53845	0.264547
154845	0.043386875790429602	0.0006225083788240712	-1.54844	0.264984
155844	0.042956064332688858	0.00059353701981260695	-1.55843	0.265415
156843	0.042529504791972289	0.00056585924155890877	-1.56842	0.265843
157842	0.042107156856512069	0.00053942033120352173	-1.57841	0.266266
158841	0.041688980492939502	0.00051416772326409027	-1.5884	0.266685
159840	0.041274935950958609	0.00049005092434601142	-1.59839	0.2671
160839	0.040864983767536021	0.00046702144001223073	-1.60838	0.26751
161838	0.040459084770637047	0.00044503270377624148	-1.61837	0.267917
162837	0.040057200082536118	0.00042404000818147604	-1.62836	0.268319
163836	0.039659291122726925	0.00040400043792939501	-1.63835	0.268718
164835	0.039265319610456817	0.00038487280501790474	-1.64834	0.269112
165834	0.038875247566910631	0.00036661758585113108	-1.65833	0.269502
166833	0.03848903731706315	0.00034919686028107296	-1.66832	0.269889
167832	0.038106651491224212	0.00033257425254126224	-1.67831	0.270272
168831	0.037728053026294547	0.00031671487403225321	-1.6883	0.270651
169830	0.037353205166750003	0.00030158526791854693	-1.69829	0.271026
170829	0.036982071465374224	0.00028715335549639714	-1.70828	0.271397
171828	0.036614615783754939	0.00027338838429191177	-1.71827	0.271765
172827	0.03625080229255867	0.00026026087784884695	-1.72826	0.272129
173826	0.035890595471601006	0.00024774258716558516	-1.73825	0.27249
174825	0.035533960109723976	0.00023580644374092123	-1.74824	0.272846
175824	0.035180861304495332	0.00022442651418847341	-1.75823	0.2732
176823	0.034831264461740903	0.00021357795637980242	-1.76822	0.273549
177822	0.034485135294922524	0.00020323697707661791	-1.77821	0.273896
178821	0.034142439824372123	0.00019338079101279381	-1.7882	0.274239
179820	0.033803144376392126	0.00018398758138731824	-1.79819	0.274578
180819	0.033467215582232694	0.00017503646172972503	-1.80818	0.274914
181818	0.033134620376953854	0.00016650743910003363	-1.81817	0.275247
182817	0.032805325998182019	0.00015838137858570437	-1.82816	0.275576
183816	0.032479299984768076	0.00015063996905866458	-1.83815	0.275902
184815	0.03215651017535523	0.00014326569015600269	-1.84814	0.276225
185814	0.031836924706865562	0.00013624178044851454	-1.85813	0.276545
186813	0.031520512012906662	0.00012955220676187697	-1.86812	0.276861
187812	0.031207240822110884	0.00012318163461585462	-1.87811	0.277175
188811	0.030897080156410014	0.00011711539974756866	-1.8881	0.277485
189810	0.03058999932924995	0.00011133948068550538	-1.89809	0.277792
190809	0.030285967943753357	0.0001058404723416103	-1.90808	0.278096
191808	0.029984955890832818	0.00010060556058947201	-1.91807	0.278397
192807	0.029686933347260795	9.5622497797282914e-05	-1.92806	0.278695
193806	0.029391870773698949	9.0879579284945962e-05	-1.93805	0.27899
194805	0.029099738912692668	8.6365620675377499e-05	-1.94804	0.279282
195804	0.028810508786633084	8.2069936110754996e-05	-1.95803	0.279572
196803	0.028524151695691054	7.7982317305140469e-05	-1.96802	0.279858
197802	0.028240639215725921	7.4093013405604979e-05	-1.97801	0.280142
198801	0.027959943196172139	7.0392711634669825e-05	-1.988	0.280422
199800	0.027682035757907099	6.6872518687559286e-05	-1.99799	0.2807
200799	0.027406889291101983	6.3523942858452983e-05	-2.00798	0.280975
201798	0.027134476453059584	6.0338876870593975e-05	-2.01797	0.281248
202797	0.026864770166039425	5.7309581385789076e-05	-2.02796	0.281518
203796	0.026597743615074547	5.4428669169497003e-05	-2.03795	0.281785
204795	0.026333370245780269	5.1689089888363984e-05	-2.04794	0.282049
205794	0.026071623762157888	4.908411551771631e-05	-2.05793	0.282311
206793	0.025812478124394481	4.6607326337159318e-05	-2.06792	0.28257
207792	0.025555907546660716	4.425259749306919e-05	-2.07791	0.282826
208791	0.025301886494908561	4.2014086107384889e-05	-2.0879	0.283081
209790	0.025050389684669411	3.9886218912724425e-05	-2.09789	0.283332
210789	0.024801392078854689	3.786368039445003e-05	-2.10788	0.283581
211788	0.024554868885560042	3.5941401420902012e-05	-2.11787	0.283828
212787	0.024310795555874249	3.4114548343600709e-05	-2.12786	0.284072
213786	0.024069147781693324	3.2378512549787627e-05	-2.13785	0.284313
214785	0.023829901493541882	3.0728900450237046e-05	-2.14784	0.284553
215784	0.023593032858401714	2.9161523885810408e-05	-2.15783	0.284789
216783	0.023358518277548798	2.7672390936770358e-05	-2.16782	0.285024
217782	0.023126334384399677	2.6257697119385898e-05	-2.17781	0.285256
218781	0.022896458042367309	2.491381695487609e-05	-2.1878	0.285486
219780	0.022668866342727776	2.3637295896238915e-05	-2.19779	0.285714
220779	0.022443536602497972	2.2424842598995324e-05	-2.20778	0.285939
221778	0.022220446362325015	2.1273321522359031e-05	-2.21777	0.286162
222777	0.021999573384387461	2.0179745847799938e-05	-2.22776	0.286383
223776	0.021780895650309964	1.9141270702423803e-05	-2.23775	0.286602
224775	0.02156439135908968	1.8155186675028281e-05	-2.24774	0.286818
225774	0.021350038925037128	1.7218913613122323e-05	-2.25773	0.287032
226773	0.021137816975730542	1.6329994689612197e-05	-2.26772	0.287245
227772	0.020927704349983863	1.5486090728260564e-05	-2.27771	0.287455
228771	0.020719680095829314	1.4684974777416791e-05	-2.2877	0.287663
229770	0.020513723468514693	1.3924526921898996e-05	-2.29769	0.287869
230769	0.020309813928515101	1.3202729323276822e-05	-2.30768	0.288073
231768	0.020107931139559734	1.2517661479163059e-05	-2.31767	0.288275
232767	0.019908054966673895	1.1867495692470247e-05	-2.32766	0.288474
233766	0.01971016547423635	1.1250492741925589e-05	-2.33765	0.288672
234765	0.019514242924051656	1.066499774546394e-05	-2.34764	0.288868
235764	0.019320267773438513	1.0109436208435617e-05	-2.35763	0.289062
236763	0.019128220673333439	9.5823102488718481e-06	-2.36762	0.289254
237762	0.018938082466410086	9.0821949923474729e-06	-2.37761	0.289444
238761	0.018749834185214594	8.6077351292673088e-06	-2.3876	0.289633
239760	0.018563457050315861	8.157641627679976e-06	-2.39759	0.289819
240759	0.01837893246847281	7.7306885949917979e-06	-2.40758	0.290004
241758	0.018196242030816583	7.3257102822119148e-06	-2.41757	0.290186
242757	0.018015367511048843	6.9415982246107057e-06	-2.42756	0.290367
243756	0.017836290863655669	6.5772985129153726e-06	-2.43755	0.290546
244755	0.017658994222137903	6.231809189400187e-06	-2.44754	0.290724
245754	0.017483459897255995	5.9041777634541419e-06	-2.45753	0.290899
246753	0.01730967037529214	5.5934988414264441e-06	-2.46752	0.291073
247752	0.017137608316326717	5.2989118657598092e-06	-2.47751	0.291245
248751	0.016967256552531337	5.0195989586241049e-06	-2.4875	0.291415
249750	0.016798598086476779	4.7547828654577211e-06	-2.49749	0.291584
250749	0.016631616089457145	4.503724994011775e-06	-2.50748	0.291751
251748	0.016466293899828812	4.2657235446738989e-06	-2.51747	0.291916
252747	0.016302615021365083	4.0401117280218126e-06	-2.52746	0.29208
253746	0.016140563121626154	3.8262560657258e-06	-2.53745	0.292242
254745	0.015980122030344272	3.6235547710800822e-06	-2.54744	0.292402
255744	0.015821275737824159	3.4314362055989652e-06	-2.55743	0.292561
256743	0.015664008393358003	3.2493574082632268e-06	-2.56742	0.292719
257742	0.015508304303656104	3.0768026941462023e-06	-2.57741	0.292874
258741	0.015354147931291917	2.9132823192873894e-06	-2.5874	0.293028
259740	0.015201523893161819	2.7583312088146048e-06	-2.59739	0.293181
260739	0.015050416958960056	2.6115077454434645e-06	-2.60738	0.293332
261738	0.014900812049667599	2.4723926156061607e-06	-2.61737	0.293482
262737	0.014752694236055974	2.3405877105792805e-06	-2.62736	0.29363
263736	0.014606048737205156	2.2157150800942814e-06	-2.63735	0.293776
264735	0.014460860919035824	2.0974159360226474e-06	-2.64734	0.293922
265734	0.01431711629285575	1.9853497038328886e-06	-2.65733	0.294065
266733	0.014174800513920309	1.8791931196164711e-06	-2.66732	0.294208
267732	0.014033899380006522	1.7786393705764998e-06	-2.67731	0.294349
268731	0.013894398830001507	1.6833972769650569e-06	-2.6873	0.294488
269730	0.013756284942504133	1.5931905135440999e-06	-2.69729	0.294626
270729	0.013619543934440528	1.5077568687296105e-06	-2.70728	0.294763
271728	0.013484162159692949	1.426847539660413e-06	-2.71727	0.294898
272727	0.01335012610774192	1.3502264615111695e-06	-2.72726	0.295032
273726	0.01321742240232187	1.2776696694440041e-06	-2.73725	0.295165
274725	0.013086037800089712	1.2089646916650379e-06	-2.74724	0.295296
275724	0.012955959189306436	1.1439099721209516e-06	-2.75723	0.295427
276723	0.012827173588531604	1.082314321436544e-06	-2.76722	0.295555
277722	0.012699668145330727	1.0239963947574079e-06	-2.77721	0.295683
278721	0.012573430134995373	9.6878419522234942e-07	-2.7872	0.295809
279720	0.012448446959275501	9.1651460184798497e-07	-2.79719	0.295934
280719	0.012324706145124473	8.670329206634212e-07	-2.80718	0.296058
281718	0.012202195343456549	8.2019245798590925e-07	-2.81717	0.29618
282717	0.01208090232791636	7.7585411477915464e-07	-2.82716	0.296302
283716	0.011960814993660482	7.3388600108448107e-07	-2.83715	0.296422
284715	0.011841921356151126	6.9416306956153894e-07	-2.84714	0.296541
285714	0.011724209549961768	6.565667672196433e-07	-2.85713	0.296658
286713	0.011607667827594374	6.209847044633219e-07	-2.86712	0.296775
287712	0.011492284558308344	5.8731034061630022e-07	-2.87711	0.29689
288711	0.011378048226961065	5.554426851269524e-07	-2.8871	0.297004
289710	0.011264947432859921	5.2528601369539621e-07	-2.89709	0.297118
290709	0.011152970888625578	4.9674959859789353e-07	-2.90708	0.29723
291708	0.011042107419066529	4.6974745251807129e-07	-2.91707	0.29734
292707	0.010932345960064732	4.4419808522696492e-07	-2.92706	0.29745
293706	0.010823675557472339	4.2002427248473187e-07	-2.93705	0.297559
294705	0.01071608536601922	3.9715283656649055e-07	-2.94704	0.297666
295704	0.010609564648231439	3.7551443784295904e-07	-2.95703	0.297773
296703	0.010504102773360283	3.5504337687352237e-07	-2.96702	0.297878
297702	0.010399689216322059	3.3567740649507891e-07	-2.97701	0.297983
298701	0.010296313556648139	3.1735755341459478e-07	-2.987	0.298086
299700	0.010193965477445777	3.0002794883672719e-07	-2.99699	0.298189
300699	0.010092634764368839	2.8363566768027616e-07	-3.00698	0.29829
301698	0.0099923113045989297	2.6813057595855344e-07	-3.01697	0.29839
302697	0.0098929850858365202	2.5346518591914961e-07	-3.02696	0.29849
303696	0.0097946461953022958	2.3959451855799309e-07	-3.03695	0.298588
304695	0.0096972848187481513	2.2647597314116501e-07	-3.04694	0.298685
305694	0.0096008912394780783	2.1406920338557872e-07	-3.05693	0.298782
306693	0.0095054558373787752	2.0233599996652123e-07	-3.06692	0.298877
307692	0.0094109690879598407	1.9124017903611317e-07	-3.07691	0.298972
308691	0.0093174215614036052	1.8074747645208481e-07	-3.0869	0.299065
309690	0.0092248039216241799	1.7082544743086266e-07	-3.09689	0.299158
310689	0.0091331069253360441	1.6144337135289793e-07	-3.10688	0.299249
311688	0.0090423214211317465	1.525721614614375e-07	-3.11687	0.29934
312687	0.0089524383485687763	1.4418427920858379e-07	-3.12686	0.29943
313686	0.0088634487372656872	1.3625365301454428e-07	-3.13685	0.299519
314685	0.0087753437060067736	1.2875560121745247e-07	-3.14684	0.299607
315684	0.0086881144618561144	1.2166675900207724e-07	-3.15683	0.299694
316683	0.0086017522992800997	1.1496500910615539e-07	-3.16682	0.299781
317682	0.0085162485992787262	1.0862941611301088e-07	-3.17681	0.299866
318681	0.0084315948285255803	1.0264016414855939e-07	-3.1868	0.299951
319680	0.0083477825385163927	9.6978497809807278e-08	-3.19679	0.300035
320679	0.0082648033647258722	9.1626666160513031e-08	-3.20678	0.300118
321678	0.0081826490257731546	8.6567869637834258e-08	-3.21677	0.3002
322677	0.0081013113225952803	8.1786209721547881e-08	-3.22676	0.300281
323676	0.0080207821376291257	7.7266641224816846e-08	-3.23675	0.300362
324675	0.0079410534340013904	7.2994927072510242e-08	-3.24674	0.300441
325674	0.0078621172547264136	6.8957595439774372e-08	-3.25673	0.30052
326673	0.0077839657219122282	6.5141899129917059e-08	-3.26672	0.300599
327672	0.0077065910359745233	6.1535777076728229e-08	-3.27671	0.300676
328671	0.0076299854748581109	5.8127817862118539e-08	-3.2867	0.300753
329670	0.007554141393266451	5.4907225145443398e-08	-3.29669	0.300828
330669	0.0074790512218986284	5.1863784906090041e-08	-3.30668	0.300903
331668	0.007404707466694008	4.8987834405865275e-08	-3.31667	0.300978
332667	0.0073311027080844261	4.627023278243673e-08	-3.32666	0.301051
333666	0.0072582296002536252	4.3702333189566278e-08	-3.33665	0.301124
334665	0.0071860808704042991	4.1275956404131911e-08	-3.34664	0.301196
335664	0.0071146493180322444	3.8983365823995609e-08	-3.35663	0.301268
336663	0.00704392781420777	3.6817243784619298e-08	-3.36662	0.301339
337662	0.0069739093008642766	3.4770669126000483e-08	-3.37661	0.301409
338661	0.0069045867900938687	3.2837095944973797e-08	-3.3866	0.301478
339660	0.0068359533634500449	3.1010333471238695e-08	-3.39659	0.301547
340659	0.0067680021712571417	2.9284527008613401e-08	-3.40658	0.301615
341658	0.0067007264319268811	2.7654139886003221e-08	-3.41657	0.301682
342657	0.0066341194312814602	2.6113936365411662e-08	-3.42656	0.301748
343656	0.0065681745218836166	2.4658965457016721e-08	-3.43655	0.301814
344655	0.006502885122373148	2.3284545593897816e-08	-3.44654	0.30188
345654	0.0064382447168100741	2.198625012143238e-08	-3.45653	0.301944
346653	0.0063742468540244684	2.0759893558691488e-08	-3.46652	0.302008
347652	0.0063108851469725509	1.9601518591360536e-08	-3.47651	0.302072
348651	0.0062481532720992747	1.8507383757793716e-08	-3.4865	0.302134
349650	0.0061860449687072758	1.747395179179221e-08	-3.49649	0.302196
350649	0.0061245540383320675	1.6497878587575923e-08	-3.50648	0.302258
351648	0.0060636743441233893	1.5576002754201724e-08	-3.51647	0.302319
352647	0.0060033998102328378	1.4705335728377263e-08	-3.52646	0.302379
353646	0.0059437244212073902	1.3883052416227392e-08	-3.53645	0.302439
354645	0.0058846422213891499	1.3106482336096648e-08	-3.54644	0.302498
355644	0.0058261473143209515	1.2373101235921731e-08	-3.55643	0.302556
356643	0.0057682338621578766	1.1680523160082152e-08	-3.56642	0.302614
357642	0.0057108960850846841	1.1026492941943797e-08	-3.57641	0.302672
358641	0.00565412826073895	1.0408879099548598e-08	-3.5864	0.302728
359640	0.0055979247236399828	9.8256671130790154e-09	-3.59639	0.302785
360639	0.0055422798646233935	9.2749530638418793e-09	-3.60638	0.30284
361638	0.0054871881302813253	8.7549376155739378e-09	-3.61637	0.302895
362637	0.005432644022408238	8.2639203198759208e-09	-3.62636	0.30295
363636	0.0053786420974521569	7.8002942285344388e-09	-3.63635	0.303004
364635	0.0053251769659714201	7.362540796394469e-09	-3.64634	0.303057
365634	0.0052722432920967611	6.9492250593019592e-09	-3.65633	0.30311
366633	0.0052198357929988679	6.5589910724495319e-09	-3.66632	0.303163
367632	0.005167949238361131	6.1905575952286703e-09	-3.67631	0.303215
368631	0.0051165784498576122	5.8427140094233578e-09	-3.6863	0.303266
369630	0.0050657183006362991	5.5143164582728721e-09	-3.69629	0.303317
370629	0.0050153637148074113	5.2042841945893639e-09	-3.70628	0.303367
371628	0.0049655096669368286	4.9115961267390417e-09	-3.71627	0.303417
372627	0.0049161511815445768	4.6352875518865679e-09	-3.72626	0.303466
373626	0.0048672833326082231	4.3744470664628747e-09	-3.73625	0.303515
374625	0.0048189012430713317	4.1282136443474738e-09	-3.74624	0.303564
375624	0.0047710000843566259	3.8957738737601506e-09	-3.75623	0.303612
376623	0.0047235750758841859	3.6763593443339047e-09	-3.76622	0.303659
377622	0.0046766214845942976	3.4692441762934921e-09	-3.77621	0.303706
378621	0.0046301346244751159	3.273742684092765e-09	-3.7862	0.303752
379620	0.0045841098560949539	3.0892071672700661e-09	-3.79619	0.303798
380619	0.0045385425861393233	2.9150258216663136e-09	-3.80618	0.303844
381618	0.0044934282669525016	2.7506207645150076e-09	-3.81617	0.303889
382617	0.0044487623960836106	2.5954461672593545e-09	-3.82616	0.303934
383616	0.00440454051583736	2.4489864902792137e-09	-3.83615	0.303978
384615	0.0043607582128291017	2.3107548140209397e-09	-3.84614	0.304022
385614	0.0043174111175444474	2.1802912613173856e-09	-3.85613	0.304065
386613	0.0042744949039030681	2.057161505963703e-09	-3.86612	0.304108
387612	0.0042320052888270374	1.9409553628787609e-09	-3.87611	0.304151
388611	0.0041899380318133712	1.8312854554316391e-09	-3.8861	0.304193
389610	0.0041482889345107916	1.7277859557499037e-09	-3.89609	0.304234
390609	0.0041070538403007303	1.6301113940500813e-09	-3.90608	0.304275
391608	0.004066228633882514	1.5379355332436836e-09	-3.91607	0.304316
392607	0.0040258092408626527	1.450950305272974e-09	-3.92606	0.304357
393606	0.0039857916273482027	1.3688648058213188e-09	-3.93605	0.304397
394605	0.0039461717995442026	1.2914043442232751e-09	-3.94604	0.304436
395604	0.0039069458033550277	1.2183095455705433e-09	-3.95603	0.304476
396603	0.0038681097239898401	1.149335502171502e-09	-3.96602	0.304514
397602	0.0038296596855718497	1.084250971675279e-09	-3.97601	0.304553
398601	0.0037915918507515156	1.0228376193163448e-09	-3.986	0.304591
399600	0.0037539024203235602	9.6488930187282267e-10	-3.99599	0.304629
400599	0.0037165876328478196	9.1021139106171422e-10	-4.00598	0.304666
401598	0.0036796437642738294	8.5862013421725952e-10	-4.01597	0.304703
402597	0.0036430671275691825	8.0994205021509728e-10	-4.02596	0.304739
403596	0.0036068540723515588	7.6401335871518327e-10	-4.03595	0.304776
404595	0.0035710009845243956	7.2067944090066312e-10	-4.04594	0.304812
405594	0.0035355042859162192	6.7979432998875514e-10	-4.05593	0.304847
406593	0.0035003604339234992	6.4122022988311253e-10	-4.06592	0.304882
407592	0.0034655659211571591	6.0482706042560097e-10	-4.07591	0.304917
408591	0.0034311172750925004	5.7049202778914382e-10	-4.0859	0.304951
409590	0.0033970110577226094	5.3809921863250633e-10	-4.09589	0.304986
410589	0.0033632438652153028	5.075392167128367e-10	-4.10588	0.305019
411588	0.0033298123275733783	4.7870874072274189e-10	-4.11587	0.305053
412587	0.0032967131082983006	4.5151030218576259e-10	-4.12586	0.305086
413586	0.003263942904057222	4.258518823076241e-10	-4.13585	0.305119
414585	0.0032314984443532939	4.0164662674073027e-10	-4.14584	0.305151
415584	0.0031993764911992799	3.788125572761786e-10	-4.15583	0.305183
416583	0.0031675738387943885	3.572722995313857e-10	-4.16582	0.305215
417582	0.0031360873132043493	3.3695282575224465e-10	-4.17581	0.305246
418581	0.0031049137720446222	3.1778521189688594e-10	-4.1858	0.305278
419580	0.0030740501041668293	2.9970440821360737e-10	-4.19579	0.305308
420579	0.0030434932293482214	2.8264902256861452e-10	-4.20578	0.305339
421578	0.0030132400979842717	2.6656111581992511e-10	-4.21577	0.305369
422577	0.0029832876907843562	2.5138600857231196e-10	-4.22576	0.305399
423576	0.0029536330184703769	2.3707209868459158e-10	-4.23575	0.305429
424575	0.0029242731214784655	2.2357068893501156e-10	-4.24574	0.305458
425574	0.0028952050696636057	2.1083582428307817e-10	-4.25573	0.305487
426573	0.0028664259620071984	1.9882413819698145e-10	-4.26572	0.305516
427572	0.0028379329263275416	1.8749470754490301e-10	-4.27571	0.305545
428571	0.0028097231189931795	1.7680891557605435e-10	-4.2857	0.305573
429570	0.0027817937246391012	1.667303225433419e-10	-4.29569	0.305601
430569	0.0027541419558857827	1.5722454354419131e-10	-4.30568	0.305628
431568	0.0027267650530609904	1.4825913317935692e-10	-4.31567	0.305656
432567	0.0026996602839243723	1.3980347665156305e-10	-4.32566	0.305683
433566	0.0026728249433947567	1.3182868694664175e-10	-4.33565	0.30571
434565	0.0026462563532801964	1.243075077595306e-10	-4.34564	0.305736
435564	0.002619951862010696	1.1721422184607453e-10	-4.35563	0.305763
436563	0.0025939088443735782	1.1052456449920766e-10	-4.36562	0.305789
437562	0.002568124701251462	1.0421564186467909e-10	-4.37561	0.305814
438561	0.0025425968593628875	9.8265853827239656e-11	-4.3856	0.30584
439560	0.0025173227710054758	9.265482121305131e-11	-4.39559	0.305865
440559	0.0024922999138017217	8.7363317068125462e-11	-4.40558	0.30589
441558	0.0024675257904472037	8.2373201785881748e-11	-4.41557	0.305915
442557	0.0024429979284613739	7.7667361869455975e-11	-4.42556	0.30594
443556	0.0024187138799407902	7.322965212625504e-11	-4.43555	0.305964
444555	0.0023946712213148364	6.9044841103457377e-11	-4.44554	0.305988
445554	0.0023708675531038106	6.5098559583757154e-11	-4.45553	0.306012
446553	0.0023473004996795066	6.1377251970653134e-11	-4.46552	0.306035
447552	0.0023239677090280547	5.786813040205324e-11	-4.47551	0.306059
448551	0.0023008668525152653	5.4559131439896827e-11	-4.4855	0.306082
449550	0.0022779956246541644	5.1438875191951089e-11	-4.49549	0.306105
450549	0.0022553517428749582	4.8496626729916307e-11	-4.50548	0.306127
451548	0.0022329329472971682	4.5722259675520514e-11	-4.51547	0.30615
452547	0.0022107370005041544	4.3106221833408911e-11	-4.52546	0.306172
453546	0.0021887616873197905	4.0639502756371501e-11	-4.53545	0.306194
454545	0.0021670048145873795	3.8313603134808623e-11	-4.54544	0.306216
455544	0.0021454642109507865	3.6120505908351841e-11	-4.55543	0.306237
456543	0.0021241377266377442	3.4052649003232769e-11	-4.56542	0.306258
457542	0.0021030232332452758	3.2102899604360267e-11	-4.57541	0.306279
458541	0.0020821186235273105	3.026452987613334e-11	-4.5854	0.3063
459540	0.0020614218111843596	2.8531194050808172e-11	-4.59539	0.306321
460539	0.0020409307306552896	2.6896906807758767e-11	-4.60538	0.306342
461538	0.0020206433369112219	2.5356022871246289e-11	-4.61537	0.306362
462537	0.0020005576052513877	2.3903217758346958e-11	-4.62536	0.306382
463536	0.0019806715311010896	2.2533469612501822e-11	-4.63535	0.306402
464535	0.0019609831298116275	2.1242042061754288e-11	-4.64534	0.306422
465534	0.0019414904364622424	2.0024468044141779e-11	-4.65533	0.306441
466533	0.001922191505664018	1.8876534545921038e-11	-4.66532	0.30646
467532	0.0019030844113657121	1.7794268201343273e-11	-4.67531	0.306479
468531	0.0018841672466615414	1.6773921705559232e-11	-4.6853	0.306498
469530	0.0018654381236008753	1.5811960994942488e-11	-4.69529	0.306517
470529	0.0018468951729998129	1.4905053151676029e-11	-4.70528	0.306536
471528	0.001828536544254642	1.4050054991861577e-11	-4.71527	0.306554
472527	0.0018103604051571416	1.3244002298690421e-11	-4.72526	0.306572
473526	0.0017923649417117204	1.2484099664369434e-11	-4.73525	0.30659
474525	0.0017745483579543998	1.1767710906527934e-11	-4.74524	0.306608
475524	0.00175690887577354	1.1092350026752184e-11	-4.75523	0.306626
476523	0.0017394447347324168	1.0455672680707243e-11	-4.76522	0.306643
477522	0.0017221541918935204	9.8554681310178237e-12	-4.77521	0.30666
478521	0.0017050355216445918	9.2896516556975945e-12	-4.7852	0.306677
479520	0.0016880870155264165	8.7562573864412789e-12	-4.79519	0.306694
480519	0.0016713069820623243	8.2534315525369928e-12	-4.80518	0.306711
481518	0.0016546937465893668	7.7794261075159467e-12	-4.81517	0.306728
482517	0.0016382456510912005	7.3325927169424453e-12	-4.82516	0.306744
483516	0.0016219610540325899	6.9113770869597476e-12	-4.83515	0.306761
484515	0.0016058383301956094	6.5143136143530465e-12	-4.84514	0.306777
485514	0.001589875870517428	6.1400203399721295e-12	-4.85513	0.306793
486513	0.0015740720819297142	5.7871941883771391e-12	-4.86512	0.306808
487512	0.0015584253871996773	5.4546064775347741e-12	-4.87511	0.306824
488511	0.001542934224772631	5.1410986833019049e-12	-4.8851	0.30684
489510	0.0015275970486161518	4.8455784442927817e-12	-4.89509	0.306855
490509	0.0015124123280658038	4.5670157935366802e-12	-4.90508	0.30687
491508	0.0014973785476723538	4.3044396040983531e-12	-4.91507	0.306885
492507	0.0014824942070505347	4.0569342365561439e-12	-4.92506	0.3069
493506	0.001467757820729309	3.8236363769144651e-12	-4.93505	0.306915
494505	0.0014531679180036197	3.6037320541715898e-12	-4.94504	0.306929
495504	0.0014387230427875992	3.3964538273708829e-12	-4.95503	0.306944
496503	0.0014244217534692769	3.2010781325374552e-12	-4.96502	0.306958
497502	0.001410262622766672	3.0169227804435549e-12	-4.97501	0.306972
498501	0.0013962442375853718	2.8433445966570611e-12	-4.985	0.306986
499500	0.0013823651988775052	2.6797371958095039e-12	-4.99499	0.307
500499	0.0013686241215020941	2.5255288824755893e-12	-5.00498	0.307014
501498	0.001355019634086843	2.3801806714854635e-12	-5.01497	0.307027
502497	0.0013415503788912471	2.2431844208966969e-12	-5.02496	0.307041
503496	0.0013282150116711215	2.1140610712354552e-12	-5.03495	0.307054
504495	0.0013150122015444107	1.9923589849775366e-12	-5.04494	0.307067
505494	0.0013019406308583819	1.8776523805807622e-12	-5.05493	0.307081
506493	0.0012889989950581379	1.7695398557018095e-12	-5.06492	0.307094
507492	0.0012761860025563719	1.6676429945341796e-12	-5.07491	0.307106
508491	0.001263500374604527	1.5716050544903112e-12	-5.0849	0.307119
509490	0.00125094084516513	1.48108972772126e-12	-5.09489	0.307132
510489	0.0012385061607854673	1.3957799732223435e-12	-5.10488	0.307144
511488	0.0012261950804724638	1.3153769155139035e-12	-5.11487	0.307156
512487	0.0012140063755688689	1.2395988061134239e-12	-5.12486	0.307169
513486	0.0012019388296305906	1.1681800442295028e-12	-5.13485	0.307181
514485	0.0011899912383053185	1.1008702533105409e-12	-5.14484	0.307193
515484	0.0011781624092123291	1.0374334102716188e-12	-5.15483	0.307204
516483	0.0011664511618234826	9.7764702440325732e-13	-5.16482	0.307216
517482	0.0011548563273453944	9.2130136313550079e-13	-5.17481	0.307228
518481	0.0011433767486027995	8.681987219910818e-13	-5.1848	0.307239
519480	0.0011320112799230657	8.181527362126957e-13	-5.19479	0.307251
520479	0.0011207587870218467	7.7098773169201781e-13	-5.20478	0.307262
521478	0.0011096181468898912	7.2653811296275209e-13	-5.21477	0.307273
522477	0.0010985882476809454	6.846477861470151e-13	-5.22476	0.307284
523476	0.001087667988600815	6.4516961486414938e-13	-5.23475	0.307295
524475	0.0010768562797974863	6.0796490722412692e-13	-5.24474	0.307306
525474	0.0010661520422523621	5.7290293213435381e-13	-5.25473	0.307316
526473	0.0010555542076725864	5.3986046324929836e-13	-5.26472	0.307327
527472	0.001045061718384415	5.0872134898726784e-13	-5.27471	0.307337
528471	0.0010346735272276451	4.7937610712822902e-13	-5.2847	0.307348
529470	0.001024388597451151	4.5172154259103651e-13	-5.29469	0.307358
530469	0.0010142059026093707	4.2566038706809322e-13	-5.30468	0.307368
531468	0.0010041244264598899	4.0110095927067727e-13	-5.31467	0.307378
532467	0.00099414316286201474	3.7795684460906895e-13	-5.32466	0.307388
533466	0.00098426111567635646	3.5614659319847774e-13	-5.33465	0.307398
534465	0.0009744772986654092	3.3559343514492834e-13	-5.34464	0.307408
535464	0.00096479073539514147	3.1622501212472143e-13	-5.35463	0.307418
536463	0.00095520045913752869	2.9797312432727697e-13	-5.36462	0.307427
537462	0.00094570551277408125	2.8077349188410265e-13	-5.37461	0.307437
538461	0.00093630494870032414	2.6456552995659042e-13	-5.3846	0.307446
539460	0.00092699782873121726	2.4929213670247163e-13	-5.39459	0.307456
540459	0.00091778322400753217	2.3489949338518528e-13	-5.40458	0.307465
541458	0.00090866021490314838	2.2133687593234739e-13	-5.41457	0.307474
542457	0.00089962789093327481	2.0855647728905587e-13	-5.42456	0.307483
543456	0.00089068535066357457	1.9651323994902574e-13	-5.43455	0.307492
544455	0.00088183170162021616	1.8516469808175471e-13	-5.44454	0.307501
545454	0.0008730660602007884	1.7447082870707869e-13	-5.45453	0.307509
546453	0.00086438755158612887	1.6439391139976409e-13	-5.46452	0.307518
547452	0.0008557953096530041	1.5489839603629602e-13	-5.47451	0.307527
548451	0.00084728847688767992	1.4595077812384934e-13	-5.4845	0.307535
549450	0.00083886620430033399	1.3751948127767708e-13	-5.49449	0.307544
550449	0.00083052765134032788	1.2957474643790983e-13	-5.50448	0.307552
551448	0.00082227198581232409	1.2208852744009791e-13	-5.51447	0.30756
552447	0.0008140983837932207	1.1503439257584497e-13	-5.52446	0.307568
553446	0.00080600602954994155	1.0838743180065565e-13	-5.53445	0.307577
554445	0.00079799411545800102	1.0212416926568541e-13	-5.54444	0.307585
555444	0.00079006184192092447	9.6222480868557163e-14	-5.55443	0.307592
556443	0.00078220841729043512	9.0661516535821369e-14	-5.56442	0.3076
557442	0.00077443305778745173	8.5421626966054994e-14	-5.57441	0.307608
558441	0.00076673498742386255	8.0484294578083454e-14	-5.5844	0.307616
559440	0.00075911343792509122	7.5832068423411609e-14	-5.59439	0.307623
560439	0.00075156764865340429	7.1448502835725345e-14	-5.60438	0.307631
561438	0.00074409686653201582	6.7318099603301199e-14	-5.61437	0.307638
562437	0.00073670034596992314	6.3426253462420418e-14	-5.62436	0.307646
563436	0.00072937734878749717	5.9759200721418266e-14	-5.63435	0.307653
564435	0.00072212714414280515	5.6303970835896259e-14	-5.64434	0.30766
565434	0.00071494900845868253	5.3048340765886355e-14	-5.65433	0.307668
566433	0.00070784222535051253	4.9980791955443168e-14	-5.66432	0.307675
567432	0.00070080608555473105	4.7090469784261406e-14	-5.67431	0.307682
568431	0.00069383988685804373	4.4367145349530384e-14	-5.6843	0.307689
569430	0.000686942934027341	4.180117944434984e-14	-5.69429	0.307696
570429	0.00068011453874031668	3.9383488606683364e-14	-5.70428	0.307702
571428	0.00067335401951677018	3.7105513120044314e-14	-5.71427	0.307709
572427	0.00066666070165059528	3.4959186853908727e-14	-5.72426	0.307716
573426	0.00066003391714244486	3.2936908838267962e-14	-5.73425	0.307722
574425	0.00065347300463306271	3.1031516472779928e-14	-5.74424	0.307729
575424	0.00064697730933727766	2.9236260276679774e-14	-5.75423	0.307736
576423	0.00064054618297865803	2.7544780090989883e-14	-5.76422	0.307742
577422	0.00063417898372481298	2.5951082649635434e-14	-5.77421	0.307748
578421	0.00062787507612333438	2.4449520440853292e-14	-5.7842	0.307755
579420	0.00062163383103838146	2.3034771784786631e-14	-5.79419	0.307761
580419	0.00061545462558789082	2.1701822057406625e-14	-5.80418	0.307767
581418	0.00060933684308141006	2.0445945994907911e-14	-5.81417	0.307773
582417	0.0006032798729585586	1.9262691016500436e-14	-5.82416	0.307779
583416	0.00059728311072808349	1.8147861507080213e-14	-5.83415	0.307785
584415	0.00059134595790753526	1.7097504004618521e-14	-5.84414	0.307791
585414	0.00058546782196354497	1.6107893240272133e-14	-5.85413	0.307797
586413	0.0005796481162526762	1.5175518982201932e-14	-5.86412	0.307803
587412	0.00057388625996288522	1.4297073636897902e-14	-5.87411	0.307809
588411	0.00056818167805555795	1.3469440564460571e-14	-5.8841	0.307814
589410	0.00056253380120811411	1.2689683066788613e-14	-5.89409	0.30782
590409	0.00055694206575719173	1.1955034009977727e-14	-5.90408	0.307826
591408	0.00055140591364239257	1.1262886044458353e-14	-5.91407	0.307831
592407	0.00054592479235058612	1.0610782388492633e-14	-5.92406	0.307837
593406	0.00054049815486077073	9.9964081426256523e-15	-5.93405	0.307842
594405	0.00053512545958947922	9.417582104547219e-15	-5.94404	0.307847
595404	0.00052980617033672212	8.8722490555736982e-15	-5.95403	0.307853
596403	0.00052453975623249012	8.3584724916139706e-15	-5.96402	0.307858
597402	0.00051932569168375623	7.8744277730423636e-15	-5.97401	0.307863
598401	0.00051416345632202996	7.4183956693698863e-15	-5.984	0.307868
599400	0.0005090525349514208	6.988756275991985e-15	-5.99399	0.307873
600399	0.00050399241749722276	6.5839832815953414e-15	-6.00398	0.307879
601398	0.00049898259895500736	6.2026385660375923e-15	-6.01397	0.307884
602397	0.00049402257934022379	5.8433671096745774e-15	-6.02396	0.307888
603396	0.00048911186363830321	5.5048921962024108e-15	-6.03395	0.307893
604395	0.0004842499617552526	5.1860108921136651e-15	-6.04394	0.307898
605394	0.0004794363884687413	4.8855897868377231e-15	-6.05393	0.307903
606393	0.00047467066337967943	4.6025609785521983e-15	-6.06392	0.307908
607392	0.00046995231086427024	4.3359182915149987e-15	-6.07391	0.307913
608391	0.00046528086002654427	4.0847137115808522e-15	-6.0839	0.307917
609390	0.00046065584465136439	3.8480540273331949e-15	-6.09389	0.307922
610389	0.00045607680315789466	3.6250976649852429e-15	-6.10388	0.307926
611388	0.00045154327855353332	3.4150517058855463e-15	-6.11387	0.307931
612387	0.00044705481838831068	3.2171690761059005e-15	-6.12386	0.307935
613386	0.0004426109747097281	3.0307458981948643e-15	-6.13385	0.30794
614385	0.0004382113040180529	2.8551189957507375e-15	-6.14384	0.307944
615384	0.00043385536722205905	2.6896635420059358e-15	-6.15383	0.307949
616383	0.00042954272959520401	2.5337908441215308e-15	-6.16382	0.307953
617382	0.00042527296073223875	2.3869462553686948e-15	-6.17381	0.307957
618381	0.00042104563450626241	2.2486072078240926e-15	-6.1838	0.307961
619380	0.00041686032902618517	2.1182813586308309e-15	-6.19379	0.307966
620379	0.00041271662659462871	1.9955048432766486e-15	-6.20378	0.30797
621378	0.00040861411366623502	1.8798406297180904e-15	-6.21377	0.307974
622377	0.00040455238080640071	1.7708769675348831e-15	-6.22376	0.307978
623376	0.00040053102265040676	1.6682259266336399e-15	-6.23375	0.307982
624375	0.00039654963786297154	1.5715220203357763e-15	-6.24374	0.307986
625374	0.00039260782909818762	1.4804209079820805e-15	-6.25373	0.30799
626373	0.00038870520295987648	1.3945981724667041e-15	-6.26372	0.307994
627372	0.00038484136996232014	1.3137481683777766e-15	-6.27371	0.307998
628371	0.00038101594449139087	1.2375829366708653e-15	-6.2837	0.308001
629370	0.00037722854476607021	1.1658311820362709e-15	-6.29369	0.308005
630369	0.00037347879280034328	1.0982373093423777e-15	-6.30368	0.308009
631368	0.00036976631436547516	1.0345605157458805e-15	-6.31367	0.308013
632367	0.00036609073895266681	9.7457393525606214e-16	-6.32366	0.308016
633366	0.00036245169973607211	9.1806383272571211e-16	-6.33365	0.30802
634365	0.00035884883353619448	8.6482884441556836e-16	-6.34364	0.308024
635364	0.00035528178078363674	8.1467926244392973e-16	-6.35363	0.308027
636363	0.00035175018548321555	7.674363605878321e-16	-6.36362	0.308031
637362	0.00034825369517843665	7.2293175904848266e-16	-6.37361	0.308034
638361	0.00034479196091631407	6.8100682593123055e-16	-6.3836	0.308038
639360	0.0003413646372125505	6.4151211332009424e-16	-6.39359	0.308041
640359	0.00033797138201705201	6.0430682594920382e-16	-6.40358	0.308045
641358	0.00033461185667979558	5.6925832058867898e-16	-6.41357	0.308048
642357	0.00033128572591702729	5.3624163437109831e-16	-6.42356	0.308051
643356	0.00032799265777780216	5.0513904038704951e-16	-6.43355	0.308055
644355	0.00032473232361086011	4.7583962897466771e-16	-6.44354	0.308058
645354	0.00032150439803181748	4.4823891321896976e-16	-6.45353	0.308061
646353	0.00031830855889070043	4.222384572624456e-16	-6.46352	0.308064
647352	0.00031514448723979024	3.9774552610903994e-16	-6.47351	0.308067
648351	0.00031201186730179327	3.7467275567975526e-16	-6.4835	0.30807
649350	0.00030891038643832711	3.5293784194975607e-16	-6.49349	0.308074
650349	0.00030583973511871744	3.3246324806439269e-16	-6.50348	0.308077
651348	0.00030279960688910437	3.1317592839523494e-16	-6.51347	0.30808
652347	0.0002997896983418653	2.9500706855713788e-16	-6.52346	0.308083
653346	0.00029680970908532766	2.7789184046392824e-16	-6.53345	0.308086
654345	0.00029385934171379175	2.6176917155351888e-16	-6.54344	0.308089
655344	0.0002909383017778504	2.4658152736347793e-16	-6.55343	0.308092
656343	0.00028804629775500135	2.3227470668534158e-16	-6.56342	0.308094
657342	0.00028518304102055446	2.1879764857054741e-16	-6.57341	0.308097
658341	0.00028234824581882387	2.0610225050285275e-16	-6.5834	0.3081
659340	0.00027954162923461088	1.941431970916588e-16	-6.59339	0.308103
660339	0.00027676291116497225	1.8287779867797673e-16	-6.60338	0.308106
661338	0.00027401181429125883	1.7226583927987907e-16	-6.61337	0.308108
662337	0.00027128806405144558	1.6226943333741192e-16	-6.62336	0.308111
663336	0.00026859138861272429	1.5285289074812983e-16	-6.63335	0.308114
664335	0.00026592151884437829	1.4398258971381246e-16	-6.64334	0.308117
665334	0.00026327818829092163	1.3562685694663431e-16	-6.65333	0.308119
666333	0.00026066113314550778	1.2775585480914283e-16	-6.66332	0.308122
667332	0.00025807009222359801	1.2034147498701533e-16	-6.67331	0.308124
668331	0.00025550480693689961	1.1335723831672496e-16	-6.6833	0.308127
669330	0.00025296502126755636	1.0677820041209434e-16	-6.69329	0.30813
670329	0.00025045048174259437	1.0058086275428442e-16	-6.70328	0.308132
671328	0.00024796093740863046	9.4743088929159739e-17	-6.71327	0.308135
672327	0.00024549613980682589	8.9244025714239334e-17	-6.72326	0.308137
673326	0.0002430558429480873	8.4064028734655774e-17	-6.73325	0.308139
674325	0.00024063980328851867	7.9184592423763852e-17	-6.74324	0.308142
675324	0.00023824777970511552	7.4588284039326714e-17	-6.75323	0.308144
676323	0.00023587953347169844	7.0258681500603765e-17	-6.76322	0.308147
677322	0.00023353482823509203	6.61803148252381e-17	-6.77321	0.308149
678321	0.0002312134299915331	6.2338610957618033e-17	-6.7832	0.308151
679320	0.00022891510706331717	5.8719841792445213e-17	-6.79319	0.308154
680319	0.00022663963007567937	5.5311075208580219e-17	-6.80318	0.308156
681318	0.00022438677193389964	5.2100128938937906e-17	-6.81317	0.308158
682317	0.00022215630780064049	4.9075527112278993e-17	-6.82316	0.30816
683316	0.00021994801507350657	4.622645931224085e-17	-6.83315	0.308163
684315	0.00021776167336283036	4.3542742007891601e-17	-6.84314	0.308165
685314	0.00021559706446967574	4.1014782218525408e-17	-6.85313	0.308167
686313	0.00021345397236406186	3.8633543283354005e-17	-6.86312	0.308169
687312	0.00021133218316340393	3.6390512614234693e-17	-6.87311	0.308171
688311	0.00020923148511116642	3.4277671316624394e-17	-6.8831	0.308173
689310	0.00020715166855572999	3.2287465570589758e-17	-6.89309	0.308175
690309	0.00020509252592946828	3.0412779669966749e-17	-6.90308	0.308177
691308	0.00020305385172803185	2.8646910623652197e-17	-6.91307	0.308179
692307	0.00020103544248983935	2.6983544228573589e-17	-6.92306	0.308181
693306	0.00019903709677577161	2.5416732529112466e-17	-6.93305	0.308183
694305	0.00019705861514906792	2.3940872582689455e-17	-6.94304	0.308185
695304	0.00019509980015542243	2.255068645586847e-17	-6.95303	0.308187
696303	0.0001931604563032769	2.1241202379711291e-17	-6.96302	0.308189
697302	0.00019124039004431113	2.0007736997242581e-17	-6.97301	0.308191
698301	0.0001893394097541268	1.8845878639768219e-17	-6.983	0.308193
699300	0.00018745732571312317	1.7751471572453676e-17	-6.99299	0.308195
700299	0.00018559395008756264	1.6720601153017231e-17	-7.00298	0.308197
701298	0.00018374909691082456	1.5749579850644504e-17	-7.01297	0.308199
702297	0.00018192258206484597	1.4834934075290598e-17	-7.02296	0.308201
703296	0.00018011422326174713	1.3973391770424104e-17	-7.03295	0.308202
704295	0.00017832384002563744	1.3161870724982413e-17	-7.04294	0.308204
705294	0.00017655125367460459	1.2397467562870473e-17	-7.05293	0.308206
706293	0.00017479628730288288	1.1677447370747105e-17	-7.06292	0.308208
707292	0.0001730587657631959	1.0999233927116059e-17	-7.07291	0.308209
708291	0.00017133851564927812	1.036040049788044e-17	-7.0829	0.308211
709290	0.00016963536527856755	9.758661165537325e-18	-7.09289	0.308213
710289	0.00016794914467507485	9.1918626610890717e-18	-7.10288	0.308215
711288	0.00016627968555241469	8.6579766695401318e-18	-7.11287	0.308216
712287	0.00016462682129701384	8.1550925815340058e-18	-7.12286	0.308218
713286	0.00016299038695148299	7.681410665275464e-18	-7.13285	0.30822
714285	0.00016137021919815237	7.235235634380323e-18	-7.14284	0.308221
715284	0.00015976615634277256	6.814970588705862e-18	-7.15283	0.308223
716283	0.00015817803829837993	6.4191113065443058e-18	-7.16282	0.308224
717282	0.00015660570656931617	6.0462408678141413e-18	-7.17281	0.308226
718281	0.00015504900423541246	5.6950245890634536e-18	-7.1828	0.308227
719280	0.00015350777593632837	5.3642052522112731e-18	-7.19279	0.308229
720279	0.00015198186785604574	5.0525986099997187e-18	-7.20278	0.308231
721278	0.00015047112770751999	4.7590891521165972e-18	-7.21277	0.308232
722277	0.00014897540471747807	4.4826261168770262e-18	-7.22276	0.308234
723276	0.00014749454961137534	4.2222197342284978e-18	-7.23275	0.308235
724275	0.00014602841459849524	3.9769376866686361e-18	-7.24274	0.308236
725274	0.00014457685335719995	3.7459017754418278e-18	-7.25273	0.308238
726273	0.00014313972102032661	3.5282847801130587e-18	-7.26272	0.308239
727272	0.00014171687416073239	3.3233075003072009e-18	-7.27271	0.308241
728271	0.00014030817077697686	3.1302359690511338e-18	-7.2827	0.308242
729270	0.00013891347027915354	2.9483788277690935e-18	-7.29269	0.308244
730269	0.0001375326334748536	2.7770848535573677e-18	-7.30268	0.308245
731268	0.00013616552255528154	2.615740629908351e-18	-7.31267	0.308246
732267	0.00013481200108149502	2.463768352565546e-18	-7.32266	0.308248
733266	0.00013347193397079268	2.3206237626732104e-18	-7.33265	0.308249
734265	0.00013214518748323105	2.185794199838575e-18	-7.34264	0.30825
735264	0.00013083162920827609	2.0587967681524951e-18	-7.35263	0.308252
736263	0.00012953112805159009	1.9391766086175285e-18	-7.36262	0.308253
737262	0.0001282435542219489	1.8265052718121138e-18	-7.37261	0.308254
738261	0.00012696877921828669	1.7203791849772382e-18	-7.3826	0.308256
739260	0.00012570667581687225	1.6204182080492524e-18	-7.39259	0.308257
740259	0.00012445711805861271	1.5262642734796381e-18	-7.40258	0.308258
741258	0.00012321998123648149	1.4375801049818998e-18	-7.41257	0.308259
742257	0.00012199514188307313	1.3540480106273996e-18	-7.42256	0.308261
743256	0.00012078247775828126	1.2753687459774326e-18	-7.43255	0.308262
744255	0.0001195818678370982	1.2012604431888761e-18	-7.44254	0.308263
745254	0.00011839319229753722	1.1314576022663064e-18	-7.45253	0.308264
746253	0.00011721633250867422	1.0657101408554441e-18	-7.46252	0.308265
747252	0.00011605117101880776	1.0037824991817707e-18	-7.47251	0.308266
748251	0.00011489759154373756	9.4545279693511405e-19	-7.4825	0.308268
749250	0.00011375547895515905	8.9051203908656653e-19	-7.49249	0.308269
750249	0.00011262471926917343	8.3876336779879953e-19	-7.50248	0.30827
751248	0.00011150519963491275	7.9002135775555425e-19	-7.51247	0.308271
752247	0.00011039680832327671	7.4411135239107619e-19	-7.52246	0.308272
753246	0.00010929943471578102	7.008688386464822e-19	-7.53245	0.308273
754245	0.00010821296929351928	6.6013885801758775e-19	-7.54244	0.308274
755244	0.00010713730362623197	6.2177545178845431e-19	-7.55243	0.308275
756243	0.00010607233036148505	5.8564113846695963e-19	-7.56242	0.308276
757242	0.00010501794321395627	5.5160642155387577e-19	-7.57241	0.308277
758241	0.00010397403695482779	5.1954932588521081e-19	-7.5824	0.308279
759240	0.00010294050740128399	4.8935496088972865e-19	-7.59239	0.30828
760239	0.00010191725140611432	4.609151091997555e-19	-7.60238	0.308281
761238	0.00010090416684741899	4.3412783914394046e-19	-7.61237	0.308282
762237	9.9901152618416458e-05	4.0889713973603631e-19	-7.62236	0.308283
763236	9.8908108617354378e-05	3.8513257685413804e-19	-7.63235	0.308284
764235	9.7924935737517453e-05	3.6274896938056779e-19	-7.64234	0.308285
765234	9.6951535857338212e-05	3.4166608414394506e-19	-7.65233	0.308286
766233	9.5987811830603096e-05	3.2180834857218968e-19	-7.66232	0.308287
767232	9.5033667476758147e-05	3.031045800285114e-19	-7.67231	0.308287
768231	9.4089007571309126e-05	2.8548773086209082e-19	-7.6823	0.308288
769230	9.3153737836319461e-05	2.6889464826133328e-19	-7.69229	0.308289
770229	9.2227764930999289e-05	2.532658480504927e-19	-7.70228	0.30829
771228	9.1310996442392199e-05	2.3854530162034216e-19	-7.71227	0.308291
772227	9.0403340876149852e-05	2.2468023523048628e-19	-7.72226	0.308292
773226	8.9504707647402836e-05	2.116209409652018e-19	-7.73225	0.308293
774225	8.8615007071719042e-05	1.9932059866631966e-19	-7.74224	0.308294
775224	8.7734150356153428e-05	1.8773510820594403e-19	-7.75223	0.308295
776223	8.6862049590386955e-05	1.7682293149877041e-19	-7.76222	0.308296
777222	8.5998617737951963e-05	1.6654494368859896e-19	-7.77221	0.308297
778221	8.5143768627546668e-05	1.5686429297645965e-19	-7.7822	0.308297
779220	8.4297416944434446e-05	1.477462685886577e-19	-7.79219	0.308298
780219	8.3459478221930807e-05	1.3915817641218297e-19	-7.80218	0.308299
781218	8.2629868832971725e-05	1.3106922185233812e-19	-7.81217	0.3083
782217	8.1808505981768759e-05	1.234503994932835e-19	-7.82216	0.308301
783216	8.0995307695545129e-05	1.1627438916652991e-19	-7.83215	0.308302
784215	8.0190192816356011e-05	1.0951545805534066e-19	-7.84214	0.308302
785214	7.939308099298725e-05	1.0314936848458306e-19	-7.85213	0.308303
786213	7.8603892672938003e-05	9.7153291065932923e-20	-7.86212	0.308304
787212	7.7822549094479508e-05	9.1505722887480071e-20	-7.87211	0.308305
788211	7.7048972278796318e-05	8.618641045483594e-20	-7.8821	0.308305
789210	7.6283085022202767e-05	8.1176277107849011e-20	-7.89209	0.308306
790209	7.5524810888438174e-05	7.6457354653049323e-20	-7.90208	0.308307
791208	7.477407420103903e-05	7.2012718967024207e-20	-7.91207	0.308308
792207	7.4030800035785512e-05	6.7826429340143549e-20	-7.92206	0.308308
793206	7.3294914213224648e-05	6.3883471343435195e-20	-7.93205	0.308309
794205	7.2566343291267344e-05	6.0169703014022124e-20	-7.94204	0.30831
795204	7.1845014557857633e-05	5.6671804166407766e-20	-7.95203	0.308311
796203	7.1130856023717099e-05	5.3377228648087447e-20	-7.96202	0.308311
797202	7.0423796415160111e-05	5.0274159368498945e-20	-7.97201	0.308312
798201	6.9723765166980337e-05	4.7351465940254623e-20	-7.982	0.308313
799200	6.9030692415407544e-05	4.4598664780946303e-20	-7.99199	0.308313
800199	6.8344508991136912e-05	4.2005881532624306e-20	-8.00198	0.308314
801198	6.766514641242458e-05	3.956381566434862e-20	-8.01197	0.308315
802197	6.6992536878253102e-05	3.7263707131022028e-20	-8.02196	0.308316
803196	6.6326613261565717e-05	3.509730496908234e-20	-8.03195	0.308316
804195	6.5667309102566222e-05	3.3056837716560307e-20	-8.04194	0.308317
805194	6.5014558602086175e-05	3.1134985551544018e-20	-8.05193	0.308317
806193	6.4368296615018833e-05	2.9324854049243464e-20	-8.06192	0.308318
807192	6.3728458643816594e-05	2.7619949463642411e-20	-8.07191	0.308319
808191	6.3094980832054887e-05	2.6014155445185456e-20	-8.0819	0.308319
809190	6.2467799958058966e-05	2.4501711111090815e-20	-8.09189	0.30832
810189	6.1846853428594372e-05	2.3077190389720685e-20	-8.10188	0.308321
811188	6.1232079272620219e-05	2.1735482565006e-20	-8.11187	0.308321
812187	6.0623416135103778e-05	2.0471773951218028e-20	-8.12186	0.308322
813186	6.0020803270897895e-05	1.9281530632428581e-20	-8.13185	0.308322
814185	5.9424180538678068e-05	1.8160482204813209e-20	-8.14184	0.308323
815184	5.8833488394941071e-05	1.7104606463543274e-20	-8.15183	0.308324
816183	5.8248667888061549e-05	1.6110114979396012e-20	-8.16182	0.308324
817182	5.7669660652408925e-05	1.5173439513398707e-20	-8.17181	0.308325
818181	5.7096408902522644e-05	1.4291219220824424e-20	-8.1818	0.308325
819180	5.6528855427344856e-05	1.3460288598683996e-20	-8.19179	0.308326
820179	5.5966943584511062e-05	1.2677666133523105e-20	-8.20178	0.308327
821178	5.5410617294696668e-05	1.1940543608840718e-20	-8.21177	0.308327
822177	5.4859821036020656e-05	1.1246276033808663e-20	-8.22176	0.308328
823176	5.4314499838503956e-05	1.0592372157197856e-20	-8.23175	0.308328
824175	5.3774599278584104e-05	9.9764855325132135e-21	-8.24174	0.308329
825174	5.3240065473682999e-05	9.3964061023136875e-21	-8.25173	0.308329
826173	5.2710845076829825e-05	8.8500522715541388e-21	-8.26172	0.30833
827172	5.21868852713369e-05	8.3354634415380323e-21	-8.27171	0.30833
828171	5.1668133765528264e-05	7.8507929777197357e-21	-8.2817	0.308331
829170	5.1154538787521155e-05	7.3943015861500775e-21	-8.29169	0.308331
830169	5.0646049080059287e-05	6.9643510748228714e-21	-8.30168	0.308332
831168	5.0142613895396759e-05	6.5593984775593099e-21	-8.31167	0.308332
832167	4.9644182990233983e-05	6.1779905193661146e-21	-8.32166	0.308333
833166	4.9150706620703209e-05	5.8187584034270555e-21	-8.33165	0.308333
834165	4.8662135537403562e-05	5.4804129010398295e-21	-8.34164	0.308334
835164	4.8178420980486831e-05	5.1617397268962866e-21	-8.35163	0.308334
836163	4.7699514674790273e-05	4.861595183125994e-21	-8.36162	0.308335
837162	4.7225368825019146e-05	4.5789020564867813e-21	-8.37161	0.308335
838161	4.6755936110976687e-05	4.3126457539929851e-21	-8.3816	0.308336
839160	4.6291169682841482e-05	4.0618706631265716e-21	-8.39159	0.308336
840159	4.5831023156491639e-05	3.8256767235812285e-21	-8.40158	0.308337
841158	4.5375450608876186e-05	3.6032161982478246e-21	-8.41157	0.308337
842157	4.492440657343094e-05	3.3936906318636333e-21	-8.42156	0.308338
843156	4.447784603554166e-05	3.1963479864202711e-21	-8.43155	0.308338
844155	4.4035724428051652e-05	3.0104799430590344e-21	-8.44154	0.308338
845154	4.359799762681318e-05	2.8354193607790286e-21	-8.45153	0.308339
846153	4.3164621946284352e-05	2.6705378828455049e-21	-8.46152	0.308339
847152	4.2735554135169191e-05	2.515243682315323e-21	-8.47151	0.30834
848151	4.2310751372101046e-05	2.3689793385951968e-21	-8.4815	0.30834
849150	4.1890171261369121e-05	2.2312198374179951e-21	-8.49149	0.308341
850149	4.1473771828687213e-05	2.1014706870649018e-21	-8.50148	0.308341
851148	4.106151151700492e-05	1.979266144077915e-21	-8.51147	0.308341
852147	4.0653349182359465e-05	1.8641675420997233e-21	-8.52146	0.308342
853146	4.0249244089770227e-05	1.7557617178476577e-21	-8.53145	0.308342
854145	3.9849155909173386e-05	1.65365952857681e-21	-8.54144	0.308343
855144	3.9453044711396223e-05	1.5574944557151713e-21	-8.55143	0.308343
856143	3.9060870964172829e-05	1.4669212896628587e-21	-8.56142	0.308343
857142	3.8672595528198707e-05	1.3816148910383559e-21	-8.57141	0.308344
858141	3.8288179653224179e-05	1.301269023928783e-21	-8.5814	0.308344
859140	3.7907584974187262e-05	1.2255952569595228e-21	-8.59139	0.308345
860139	3.7530773507385091e-05	1.1543219282414949e-21	-8.60138	0.308345
861138	3.7157707646682832e-05	1.087193170483623e-21	-8.61137	0.308345
862137	3.6788350159760665e-05	1.0239679927736823e-21	-8.62136	0.308346
863136	3.6422664184397895e-05	9.6441941573385734e-22	-8.63135	0.308346
864135	3.6060613224794284e-05	9.0833365694889084e-22	-8.64134	0.308346
865134	3.5702161147926964e-05	8.5550936374483323e-22	-8.65133	0.308347
866133	3.5347272179945607e-05	8.0575689056633095e-22	-8.66132	0.308347
867132	3.4995910902600967e-05	7.5889761836020753e-22	-8.67131	0.308348
868131	3.4648042249710923e-05	7.1476331352383056e-22	-8.6813	0.308348
869130	3.4303631503660203e-05	6.7319552411860043e-22	-8.69129	0.308348
870129	3.3962644291936308e-05	6.3404501118256504e-22	-8.70128	0.308349
871128	3.3625046583698247e-05	5.9717121310201581e-22	-8.71127	0.308349
872127	3.3290804686380837e-05	5.6244174112051874e-22	-8.72126	0.308349
873126	3.2959885242331927e-05	5.2973190417548883e-22	-8.73125	0.30835
874125	3.2632255225482969e-05	4.9892426135761198e-22	-8.74124	0.30835
875124	3.2307881938053797e-05	4.6990820038749266e-22	-8.75123	0.30835
876123	3.1986733007288671e-05	4.4257954059721056e-22	-8.76122	0.308351
877122	3.166877638222552e-05	4.1684015899238827e-22	-8.77121	0.308351
878121	3.1353980330497555e-05	3.9259763805313057e-22	-8.7812	0.308351
879120	3.1042313435166078e-05	3.6976493401020681e-22	-8.79119	0.308351
880119	3.0733744591584962e-05	3.48260064406241e-22	-8.80118	0.308352
881118	3.0428243004296682e-05	3.2800581382091215e-22	-8.81117	0.308352
882117	3.0125778183958739e-05	3.0892945670427625e-22	-8.82116	0.308352
883116	2.9826319944300747e-05	2.9096249632371588e-22	-8.83115	0.308353
884115	2.9529838399111994e-05	2.7404041888781231e-22	-8.84114	0.308353
885114	2.9236303959258468e-05	2.5810246196490023e-22	-8.85113	0.308353
886113	2.8945687329730012e-05	2.4309139636531454e-22	-8.86112	0.308354
887112	2.8657959506716753e-05	2.289533207046775e-22	-8.87111	0.308354
888111	2.8373091774714429e-05	2.1563746791102251e-22	-8.8811	0.308354
889110	2.8091055703658394e-05	2.0309602298144276e-22	-8.89109	0.308354
890109	2.7811823146086522e-05	1.9128395133428566e-22	-8.90108	0.308355
891108	2.7535366234329806e-05	1.8015883714093225e-22	-8.91107	0.308355
892107	2.7261657377731388e-05	1.6968073105700964e-22	-8.92106	0.308355
893106	2.6990669259892765e-05	1.5981200680660404e-22	-8.93105	0.308356
894105	2.6722374835947911e-05	1.505172261048054e-22	-8.94104	0.308356
895104	2.6456747329863644e-05	1.4176301143383057e-22	-8.95103	0.308356
896103	2.6193760231767873e-05	1.3351792621615167e-22	-8.96102	0.308356
897102	2.593338729530362e-05	1.2575236195459806e-22	-8.97101	0.308357
898101	2.5675602535009748e-05	1.1843843193439478e-22	-8.981	0.308357
899100	2.5420380223727361e-05	1.1154987110564313e-22	-8.99099	0.308357
900099	2.5167694890032473e-05	1.050619417869372e-22	-9.00098	0.308357
901098	2.4917521315693744e-05	9.8951344851681184e-23	-9.01097	0.308358
902097	2.4669834533155783e-05	9.3196136078357506e-23	-9.02096	0.308358
903096	2.4424609823047384e-05	8.7775647364521411e-23	-9.03095	0.308358
904095	2.4181822711714372e-05	8.2670412521751354e-23	-9.04094	0.308358
905094	2.3941448968777198e-05	7.7862097385219132e-23	-9.05093	0.308359
906093	2.370346460471291e-05	7.3333433987034532e-23	-9.06092	0.308359
907092	2.3467845868460583e-05	6.9068158557093658e-23	-9.07091	0.308359
908091	2.3234569245051183e-05	6.5050953128899072e-23	-9.0809	0.308359
909090	2.3003611453260813e-05	6.1267390540759222e-23	-9.09089	0.30836
910089	2.2774949443287058e-05	5.7703882634953229e-23	-9.10088	0.30836
911088	2.2548560394448604e-05	5.4347631468930047e-23	-9.11087	0.30836
912087	2.2324421712907797e-05	5.1186583363415701e-23	-9.12086	0.30836
913086	2.2102511029415852e-05	4.8209385622484512e-23	-9.13085	0.30836
914085	2.1882806197080087e-05	4.5405345770243447e-23	-9.14084	0.308361
915084	2.1665285289154012e-05	4.2764393157803668e-23	-9.15083	0.308361
916083	2.1449926596848746e-05	4.0277042802725152e-23	-9.16082	0.308361
917082	2.1236708627166387e-05	3.7934361331130881e-23	-9.17081	0.308361
918081	2.102561010075535e-05	3.5727934900234109e-23	-9.1808	0.308361
919080	2.0816609949786339e-05	3.3649838986129458e-23	-9.19079	0.308362
920079	2.0609687315849998e-05	3.1692609928392694e-23	-9.20078	0.308362
921078	2.0404821547874879e-05	2.9849218129342039e-23	-9.21077	0.308362
922077	2.0201992200066826e-05	2.8113042811749239e-23	-9.22076	0.308362
923076	2.0001179029868344e-05	2.6477848244384662e-23	-9.23075	0.308363
924075	1.9802361995938336e-05	2.4937761350048655e-23	-9.24074	0.308363
925074	1.9605521256151858e-05	2.348725061570364e-23	-9.25073	0.308363
926073	1.9410637165619998e-05	2.2121106228993601e-23	-9.26072	0.308363
927072	1.9217690274729349e-05	2.0834421369842362e-23	-9.27071	0.308363
928071	1.9026661327200718e-05	1.9622574589965871e-23	-9.2807	0.308363
929070	1.8837531258167472e-05	1.8481213217039771e-23	-9.29069	0.308364
930069	1.8650281192272879e-05	1.7406237723941249e-23	-9.30068	0.308364
931068	1.8464892441786197e-05	1.639378700694867e-23	-9.31067	0.308364
932067	1.828134650473768e-05	1.5440224520044654e-23	-9.32066	0.308364
933066	1.8099625063072073e-05	1.4542125215542176e-23	-9.33065	0.308364
934065	1.7919709980820641e-05	1.3696263244146814e-23	-9.34064	0.308365
935064	1.774158330229069e-05	1.2899600370295551e-23	-9.35063	0.308365
936063	1.7565227250274193e-05	1.2149275061178907e-23	-9.36062	0.308365
937062	1.7390624224273042e-05	1.1442592210272595e-23	-9.37061	0.308365
938061	1.7217756798742873e-05	1.0777013458482157e-23	-9.3806	0.308365
939060	1.7046607721353844e-05	1.01501480781495e-23	-9.39059	0.308365
940059	1.6877159911268947e-05	9.5597443871909533e-24	-9.40058	0.308366
941058	1.6709396457439071e-05	9.0036816625393857e-24	-9.41057	0.308366
942057	1.6543300616915506e-05	8.479962523855814e-24	-9.42056	0.308366
943056	1.6378855813178928e-05	7.9867057601637473e-24	-9.43055	0.308366
944055	1.6216045634484898e-05	7.522139573649749e-24	-9.44054	0.308366
945054	1.6054853832226275e-05	7.0845952163717434e-24	-9.45053	0.308366
946053	1.589526431931127e-05	6.6725009970265141e-24	-9.46052	0.308367
947052	1.5737261168557994e-05	6.2843766362570235e-24	-9.47051	0.308367
948051	1.5580828611105176e-05	5.9188279502310955e-24	-9.4805	0.308367
949050	1.5425951034838005e-05	5.5745418434017736e-24	-9.49049	0.308367
950049	1.5272612982830401e-05	5.2502815924696609e-24	-9.50048	0.308367
951048	1.5120799151802094e-05	4.944882404612913e-24	-9.51047	0.308367
952047	1.49704943905916e-05	4.6572472340354727e-24	-9.52046	0.308368
953046	1.4821683698643982e-05	4.3863428418115506e-24	-9.53045	0.308368
954045	1.4674352224513743e-05	4.1311960848776766e-24	-9.54044	0.308368
955044	1.452848526438279e-05	3.8908904208465782e-24	-9.55043	0.308368
956043	1.4384068260592835e-05	3.6645626160920761e-24	-9.56042	0.308368
957042	1.4241086800192588e-05	3.451399645283768e-24	-9.57041	0.308368
958041	1.4099526613499288e-05	3.2506357712380238e-24	-9.5804	0.308368
959040	1.395937357267471e-05	3.0615497945988414e-24	-9.59039	0.308369
960039	1.3820613690315021e-05	2.8834624634724144e-24	-9.60038	0.308369
961038	1.3683233118054887e-05	2.7157340337129847e-24	-9.61037	0.308369
962037	1.3547218145185442e-05	2.5577619710990354e-24	-9.62036	0.308369
963036	1.3412555197285897e-05	2.4089787871479418e-24	-9.63035	0.308369
964035	1.3279230834868846e-05	2.2688500007974121e-24	-9.64034	0.308369
965034	1.3147231752038873e-05	2.1368722186336338e-24	-9.65033	0.308369
966033	1.3016544775164817e-05	2.0125713267720301e-24	-9.66032	0.308369
967032	1.2887156861564786e-05	1.8955007878972986e-24	-9.67031	0.30837
968031	1.2759055098204705e-05	1.7852400373469266e-24	-9.6803	0.30837
969030	1.263222670040945e-05	1.6813929724782757e-24	-9.69029	0.30837
970029	1.2506659010586934e-05	1.5835865298940456e-24	-9.70028	0.30837
971028	1.2382339496964967e-05	1.4914693454165408e-24	-9.71027	0.30837
972027	1.22592557523405e-05	1.4047104919983134e-24	-9.72026	0.30837
973026	1.2137395492841306e-05	1.3229982910365672e-24	-9.73025	0.30837
974025	1.2016746556700137e-05	1.2460391928223139e-24	-9.74024	0.30837
975024	1.1897296903041017e-05	1.1735567221035621e-24	-9.75023	0.308371
976023	1.1779034610677422e-05	1.1052904849756358e-24	-9.76022	0.308371
977022	1.1661947876922552e-05	1.0409952335318948e-24	-9.77021	0.308371
978021	1.1546025016411513e-05	9.8043998491565103e-25	-9.7802	0.308371
979020	1.1431254459934992e-05	9.234071916093249e-25	-9.79019	0.308371
980019	1.1317624753284744e-05	8.6969195998098249e-25	-9.80018	0.308371
981018	1.1205124556110326e-05	8.1910131428159228e-25	-9.81017	0.308371
982017	1.1093742640787465e-05	7.7145350344972314e-25	-9.82016	0.308371
983016	1.0983467891297397e-05	7.2657734823387887e-25	-9.83015	0.308372
984015	1.0874289302117604e-05	6.8431162628774886e-25	-9.84014	0.308372
985014	1.0766195977123351e-05	6.4450449302978535e-25	-9.85013	0.308372
986013	1.0659177128500234e-05	6.0701293618709615e-25	-9.86012	0.308372
987012	1.055322207566768e-05	5.7170226206456928e-25	-9.87011	0.308372
988011	1.0448320244212854e-05	5.3844561169404641e-25	-9.8801	0.308372
989010	1.0344461164835411e-05	5.0712350512574705e-25	-9.89009	0.308372
990009	1.0241634472302675e-05	4.7762341222513665e-25	-9.90008	0.308372
991008	1.0139829904415062e-05	4.4983934843369173e-25	-9.91007	0.308372
992007	1.0039037300982037e-05	4.2367149404160435e-25	-9.92006	0.308372
993006	9.9392466028080295e-06	3.9902583560497017e-25	-9.93005	0.308373
994005	9.8404478506885721e-06	3.7581382821949174e-25	-9.94004	0.308373
995004	9.7426311844163067e-06	3.5395207743765924e-25	-9.95003	0.308373
996003	9.6457868417969471e-06	3.3336203968690519e-25	-9.96002	0.308373
997002	9.5499051576750308e-06	3.1396974011268695e-25	-9.97001	0.308373
998001	9.4549765629693636e-06	2.9570550683303073e-25	-9.98	0.308373
999000	9.3609915837178523e-06	2.7850372065000752e-25	-9.98999	0.308373
999999	9.2679408401322334e-06	2.6230257931913025e-25	-9.99998	0.308373
