# Filename: 3Dvlt_flow_Op11144_K0.494_y0.005_step1000000.dat
# Source: 3Dvlt_flow.c
# Source version: 1 (2012 Jul 19 - ...)
# Constant values: PI= 3.141592653589793116, PISQ=9.8696044010893579923, PICU=31.0062766802998162063
# Parameter values: OpA=1, OpB=1, OpC=1, OpD=4, OpE=4, A3=41.3417022403997549418, THETA=0.6, N=2, initialdl=1e-05, trajectorydl=1e-05, initialds=1e-05, trajectorydsMax=1e-05, uncertainty=1e-16, dataskipdl=999, dataskipds=999
# Option-dependent values: K=0.494114898344637898386, y=0.0046803123357064954288, Kstar=                  -10, ystar=                  -10, c=                    0, Z=                    0, lambda=                    0, initialKdir=0, flowdir=-1, Max_steps=1000000
# Initialized values: Deltas=0, Deltal=0, count_steps=0, count_passes=0, K0c=0.296469, oldK0c=-100
# Input-file parameter: Cc=1.1
# step	K	y	path-length-l	path-length-s (in K-y-space)
0	0.4941148983446379	0.0046803123357064954	0	0
1	0.4941148983446379	0.0046803123357064954	2.0755e-317	0
2	0.49411042962595159	0.0046803563081464026	-1e-05	4.46894e-06
3	0.4941059609478457	0.0046804002793005605	-2e-05	8.93783e-06
4	0.49410149231031969	0.0046804442491689292	-3e-05	1.34067e-05
5	0.494097023713373	0.0046804882177514696	-4e-05	1.78755e-05
6	0.49409255515700512	0.0046805321850481411	-5e-05	2.23443e-05
7	0.49408808664121545	0.0046805761510589038	-6e-05	2.6813e-05
8	0.49408361816600349	0.0046806201157837185	-7e-05	3.12817e-05
9	0.49407914973136874	0.0046806640792225454	-8e-05	3.57503e-05
10	0.49407468133731058	0.0046807080413753446	-9e-05	4.0219e-05
999	0.48967521697052846	0.0047235506444789173	-0.00998	0.00443989
1998	0.48527103316967724	0.0047655108484914417	-0.01997	0.00884428
2997	0.48090629049033545	0.004806111098396469	-0.02996	0.0132092
3996	0.47658047335429499	0.0048453147740890245	-0.03995	0.0175352
4995	0.47229307580932228	0.0048830865664707549	-0.04994	0.0218228
5994	0.46804360151516061	0.0049193925308134304	-0.05993	0.0260724
6993	0.46383156372237438	0.0049542001378868761	-0.06992	0.0302846
7992	0.45965648524404129	0.0049874783227461753	-0.07991	0.0344598
8991	0.45551789842031665	0.0050191975310782434	-0.0899	0.0385985
9990	0.45141534507591202	0.0050493297630131604	-0.09989	0.0427012
10989	0.44734837647054354	0.0050778486143113685	-0.10988	0.0467682
11988	0.44331655324241603	0.0051047293148434739	-0.11987	0.0508001
12987	0.4393194453448222	0.0051299487642854427	-0.12986	0.0547973
13986	0.43535663197595981	0.005153485564958123	-0.13985	0.0587602
14985	0.4314277015020731	0.0051753200517465382	-0.14984	0.0626892
15984	0.42753225137404033	0.0051954343190410666	-0.15983	0.0665847
16983	0.42366988803754718	0.0052138122446487899	-0.16982	0.0704471
17982	0.41984022683699584	0.005230439510630935	-0.17981	0.0742768
18981	0.41604289191330479	0.0052453036210285981	-0.1898	0.0780742
19980	0.41227751609577717	0.0052583939164465004	-0.19979	0.0818396
20979	0.40854374078823286	0.0052697015854714559	-0.20978	0.0855734
21978	0.40484121584957866	0.0052792196729096116	-0.21977	0.0892759
22977	0.40116959946904113	0.0052869430848336684	-0.22976	0.0929475
23976	0.39752855803627724	0.0052928685904388194	-0.23975	0.0965886
24975	0.39391776600657835	0.0052969948207131842	-0.24974	0.100199
25974	0.39033690576141583	0.0052993222639362136	-0.25973	0.10378
26973	0.38678566746456261	0.0052998532580255577	-0.26972	0.107331
27972	0.38326374891405185	0.0052985919797603155	-0.27971	0.110853
28971	0.37977085539021987	0.0052955444309155534	-0.2897	0.114346
29970	0.37630669950010032	0.0052907184213503728	-0.29969	0.11781
30969	0.37287100101845272	0.0052841235490986016	-0.30968	0.121246
31968	0.36946348672568086	0.005275771177517913	-0.31967	0.124654
32967	0.3660838902429292	0.005265674409560263	-0.32966	0.128033
33966	0.36273195186464935	0.005253848059232573	-0.33965	0.131385
34965	0.35940741838890145	0.0052403086203232615	-0.34964	0.13471
35964	0.35611004294569165	0.0052250742324762116	-0.35963	0.138007
36963	0.3528395848236297	0.0052081646446995953	-0.36962	0.141278
37962	0.34959580929519585	0.0051896011764026697	-0.37961	0.144522
38961	0.34637848744089972	0.0051694066760588553	-0.3896	0.147739
39960	0.3431873959726226	0.0051476054775987969	-0.39959	0.15093
40959	0.34002231705642522	0.0051242233546413933	-0.40958	0.154095
41958	0.33688303813509818	0.0050992874726757398	-0.41957	0.157235
42957	0.33376935175074213	0.0050728263393104087	-0.42956	0.160348
43956	0.33068105536764475	0.0050448697527108628	-0.43955	0.163437
44955	0.32761795119572057	0.0050154487483488816	-0.44954	0.1665
45954	0.32457984601478335	0.0049845955441907633	-0.45953	0.169538
46953	0.32156655099989745	0.004952343484454046	-0.46952	0.172552
47952	0.31857788154807387	0.0049187269820645365	-0.47951	0.175541
48951	0.31561365710653977	0.0048837814599472515	-0.4895	0.178505
49950	0.312673701002814	0.0048475432912866009	-0.49949	0.181445
50949	0.3097578402768324	0.0048100497388920051	-0.50948	0.184361
51948	0.30686590551531229	0.0047713388938057126	-0.51947	0.187254
52947	0.30399773068859054	0.0047314496132902237	-0.52946	0.190122
53946	0.30115315299011708	0.0046904214583321979	-0.53945	0.192967
54945	0.29833201267879139	0.0046482946307994507	-0.54944	0.195788
55944	0.29553415292432544	0.0046051099103866615	-0.55943	0.198587
56943	0.29275941965579688	0.0045609085914839519	-0.56942	0.201362
57942	0.29000766141353962	0.0045157324201012452	-0.57941	0.204114
58941	0.28727872920452913	0.0044696235309787157	-0.5894	0.206843
59940	0.28457247636138955	0.0044226243850117083	-0.59939	0.20955
60939	0.28188875840513422	0.0043747777071155101	-0.60938	0.212234
61938	0.27922743291176222	0.0043261264246524491	-0.61937	0.214896
62937	0.27658835938280707	0.004276713606540211	-0.62936	0.217535
63936	0.27397139911991397	0.0042265824031567176	-0.63935	0.220153
64935	0.27137641510353738	0.0041757759871531679	-0.64934	0.222748
65934	0.26880327187580755	0.0041243374952820294	-0.65933	0.225322
66933	0.2662518354276186	0.0040723099713429849	-0.66932	0.227874
67932	0.26372197309000378	0.0040197363103445984	-0.67931	0.230404
68931	0.26121355342979757	0.0039666592039748943	-0.6893	0.232913
69930	0.25872644614962137	0.0039131210874688944	-0.69929	0.235401
70929	0.25626052199220095	0.0038591640879557377	-0.70928	0.237867
71928	0.2538156526490204	0.0038048299743628972	-0.71927	0.240313
72927	0.25139171067328803	0.0037501601089493602	-0.72926	0.242737
73926	0.2489885693972147	0.0036951954005339377	-0.73925	0.245141
74925	0.24660610285356327	0.0036399762594794016	-0.74924	0.247524
75924	0.24424418570143686	0.0035845425544872439	-0.75923	0.249887
76923	0.24190269315626409	0.0035289335712522154	-0.76922	0.252229
77922	0.23958150092392733	0.0034731879730198665	-0.77921	0.254551
78921	0.23728048513896918	0.0034173437630846794	-0.7892	0.256853
79920	0.23499952230682278	0.0033614382492605992	-0.79919	0.259134
80919	0.23273848924998189	0.003305508010350009	-0.80918	0.261396
81918	0.2304972630580375	0.0032495888646316634	-0.81917	0.263638
82917	0.22827572104149427	0.0031937158403824392	-0.82916	0.26586
83916	0.22607374068928071	0.0031379231484424393	-0.83915	0.268063
84915	0.22389119962985626	0.0030822441568275705	-0.84914	0.270246
85914	0.22172797559581645	0.0030267113673885172	-0.85913	0.27241
86913	0.21958394639189857	0.0029713563945100753	-0.86912	0.274555
87912	0.21745898986627668	0.0029162099458397719	-0.87911	0.27668
88911	0.21535298388504409	0.0028613018050301451	-0.8891	0.278787
89910	0.21326580630976744	0.0028066608164744856	-0.89909	0.280875
90909	0.21119733497800419	0.0027523148720113256	-0.90908	0.282944
91908	0.20914744768666491	0.00269829089956915	-0.91907	0.284995
92907	0.20711602217811434	0.002644614853718624	-0.92906	0.287027
93906	0.20510293612887712	0.0025913117080959822	-0.93905	0.289041
94905	0.203108067140853	0.0025384054496578531	-0.94904	0.291036
95904	0.20113129273491137	0.0024859190747244268	-0.95903	0.293014
96903	0.19917249034674891	0.0024338745867648641	-0.96902	0.294973
97902	0.19723153732490101	0.0023822929958761058	-0.97901	0.296915
98901	0.19530831093078296	0.0023311943199036578	-0.989	0.298839
99900	0.19340268834065549	0.0022805975871505986	-0.99899	0.300745
100899	0.19151454664939363	0.0022305208406190212	-1.00898	0.302634
101898	0.18964376287595314	0.0021809811437261996	-1.01897	0.304505
102897	0.18779021397042142	0.002131994587436248	-1.02896	0.30636
103896	0.18595377682254749	0.0020835762987465056	-1.03895	0.308197
104895	0.1841343282716435	0.0020357404504669266	-1.04894	0.310017
105894	0.18233174511775679	0.0019885002722295915	-1.05893	0.31182
106893	0.18054590413400862	0.0019418680626648254	-1.06892	0.313606
107892	0.17877668208000802	0.0018958552026799482	-1.07891	0.315376
108891	0.17702395571623597	0.0018504721697762405	-1.0889	0.317129
109890	0.17528760181931777	0.0018057285533396219	-1.09889	0.318866
110889	0.17356749719808498	0.001761633070840639	-1.10888	0.320587
111888	0.17186351871035138	0.0017181935848795357	-1.11887	0.322292
112887	0.17017554328030365	0.0016754171210126394	-1.12886	0.32398
113886	0.16850344791644889	0.0016333098862968748	-1.13885	0.325653
114885	0.16684710973002084	0.0015918772884898427	-1.14884	0.32731
115884	0.165206405953784	0.0015511239558439337	-1.15883	0.328951
116883	0.16358121396116118	0.001511053757433805	-1.16882	0.330576
117882	0.16197141128561926	0.0014716698239577869	-1.17881	0.332187
118881	0.16037687564024627	0.0014329745689549663	-1.1888	0.333782
119880	0.15879748493746201	0.0013949697103810799	-1.19879	0.335362
120879	0.15723311730880538	0.00135765629248785	-1.20878	0.336926
121878	0.15568365112473972	0.0013210347079518243	-1.21877	0.338476
122877	0.15414896501443023	0.0012851047202005986	-1.22876	0.340011
123876	0.15262893788544324	0.0012498654858857665	-1.23875	0.341532
124875	0.15112344894332122	0.0012153155774539317	-1.24874	0.343038
125874	0.14963237771099369	0.0011814530057687718	-1.25873	0.344529
126873	0.14815560404798317	0.0011482752427390743	-1.26872	0.346006
127872	0.14669300816936898	0.0011157792439096027	-1.27871	0.347469
128871	0.14524447066448085	0.0010839614709734775	-1.2887	0.348918
129870	0.14380987251527955	0.0010528179141668361	-1.29869	0.350353
130869	0.14238909511441267	0.0010223441145083944	-1.30868	0.351774
131868	0.14098202028290302	0.00099253518584861071	-1.31867	0.353182
132867	0.13958853028745791	0.00096338583669508516	-1.32866	0.354575
133866	0.13820850785737288	0.00093489039178274065	-1.33865	0.355956
134865	0.1368418362010082	0.00090704281335950469	-1.34864	0.357323
135864	0.13548839902183257	0.00087983672215989454	-1.35863	0.358676
136863	0.13414808053400398	0.00085326541804106441	-1.36862	0.360017
137862	0.13282076547748742	0.00082732190025765011	-1.37861	0.361345
138861	0.13150633913268878	0.00080199888735368386	-1.3886	0.362659
139860	0.13020468733460402	0.00077728883665166353	-1.39859	0.363961
140859	0.12891569648647069	0.0007531839633206916	-1.40858	0.36525
141858	0.12763925357291778	0.00072967625900733583	-1.41857	0.366527
142857	0.12637524617260867	0.00070675751001460045	-1.42856	0.367791
143856	0.12512356247037426	0.0006844193150160649	-1.43855	0.369043
144855	0.12388409126883498	0.00066265310229386037	-1.44854	0.370283
145854	0.12265672199951276	0.00064145014649073361	-1.45853	0.37151
146853	0.12144134473342706	0.00062080158486795673	-1.46852	0.372726
147852	0.12023785019118666	0.00060069843306230801	-1.47851	0.37393
148851	0.11904612975257234	0.00058113160033673944	-1.4885	0.375121
149850	0.11786607546561639	0.00056209190432070612	-1.49849	0.376302
150849	0.11669758005518523	0.00054357008523741701	-1.50848	0.37747
151848	0.11554053693106801	0.00052555681961647348	-1.51847	0.378627
152847	0.11439484019557955	0.00050804273349156826	-1.52846	0.379773
153846	0.11326038465068251	0.00049101841508397345	-1.53845	0.380908
154845	0.11213706580463763	0.00047447442697366466	-1.54844	0.382031
155844	0.11102477987818958	0.00045840131776083136	-1.55843	0.383144
156843	0.10992342381029638	0.00044278963322152997	-1.56842	0.384245
157842	0.10883289526341303	0.00042762992696206988	-1.57841	0.385336
158841	0.107753092628335	0.00041291277057753628	-1.5884	0.386416
159840	0.10668391502861641	0.00039862876332062713	-1.59839	0.387485
160839	0.10562526232456886	0.00038476854128767604	-1.60838	0.388544
161838	0.10457703511685211	0.0003713227861293773	-1.61837	0.389592
162837	0.10353913474966814	0.00035828223329433087	-1.62836	0.39063
163836	0.10251146331356731	0.00034563767981406467	-1.63835	0.391658
164835	0.10149392364787921	0.00033337999163869083	-1.64834	0.392675
165834	0.10048641934277926	0.00032150011053277679	-1.65833	0.393683
166833	0.09948885474099807	0.00030998906054144809	-1.66832	0.394681
167832	0.098501134939190022	0.00029883795403704434	-1.67831	0.395668
168831	0.097523165788968844	0.00028803799735699093	-1.6883	0.396646
169830	0.096554853897620932	0.00027758049604381023	-1.69829	0.397615
170829	0.095596106628508981	0.00026745685969839684	-1.70828	0.398574
171828	0.094646832101175735	0.00025765860645791001	-1.71827	0.399523
172827	0.093706939191157967	0.0002481773671097427	-1.72826	0.400463
173826	0.092776337529523731	0.00023900488885316375	-1.73825	0.401393
174825	0.091854937502141465	0.00023013303872031546	-1.74824	0.402315
175824	0.090942650248689874	0.00022155380666828421	-1.75823	0.403227
176823	0.090039387661424775	0.00021325930835398513	-1.76822	0.404131
177822	0.089145062383704524	0.00020524178760359649	-1.77821	0.405025
178821	0.088259587808293447	0.00019749361858824153	-1.7882	0.40591
179820	0.087382878075443524	0.00019000730771755932	-1.79819	0.406787
180819	0.086514848070771949	0.0001827754952627173	-1.80818	0.407655
181818	0.085655413422938836	0.00017579095672031489	-1.81817	0.408515
182817	0.084804490501136143	0.0001690466039285046	-1.82816	0.409366
183816	0.083961996412398154	0.00016253548594651876	-1.83815	0.410208
184815	0.083127848998737541	0.00015625078970861892	-1.84814	0.411042
185814	0.082301966834122664	0.00015018584046331496	-1.85813	0.411868
186813	0.081484269221298172	0.00014433410200851544	-1.86812	0.412686
187812	0.080674676188459332	0.00013868917673306262	-1.87811	0.413496
188811	0.079873108485789532	0.00013324480547489129	-1.8881	0.414297
189810	0.079079487581864824	0.00012799486720583482	-1.89809	0.415091
190809	0.078293735659937233	0.00012293337855285419	-1.90808	0.415877
191808	0.077515775614101792	0.00011805449316523698	-1.91807	0.416655
192807	0.076745531045352339	0.00011335250093706845	-1.92806	0.417425
193806	0.075982926257537331	0.00010882182709400421	-1.93805	0.418187
194805	0.075227886253219564	0.00010445703115313848	-1.94804	0.418942
195804	0.074480336729444901	0.00010025280576448357	-1.95803	0.41969
196803	0.073740204073428392	9.6203975442322971e-05	-1.96802	0.42043
197802	0.073007415358162811	9.23054951944225e-05	-1.97801	0.421163
198801	0.072281898337956368	8.8552449056825499e-05	-1.988	0.421888
199800	0.071563581443901042	8.4940048541683771e-05	-1.99799	0.422607
200799	0.070852393779282791	8.1463631005307497e-05	-2.00798	0.423318
201798	0.070148265114934188	7.8118657943353011e-05	-2.01797	0.424022
202797	0.069451125884535295	7.4900713219797801e-05	-2.02796	0.424719
203796	0.068760907179868797	7.1805501236087772e-05	-2.03795	0.42541
204795	0.068077540746032852	6.8828845046581917e-05	-2.04794	0.426093
205794	0.067400958976615438	6.5966684426160995e-05	-2.05793	0.426769
206793	0.066731094908834679	6.3215073895606048e-05	-2.06792	0.427439
207792	0.066067882218651369	6.0570180710108455e-05	-2.07791	0.428103
208791	0.065411255215852254	5.8028282816020874e-05	-2.0879	0.428759
209790	0.064761148839113145	5.5585766780714753e-05	-2.09789	0.429409
210789	0.064117498651042173	5.3239125700177402e-05	-2.10788	0.430053
211788	0.063480240833207427	5.0984957088740507e-05	-2.11787	0.43069
212787	0.06284931218115114	4.8819960755111726e-05	-2.12786	0.431321
213786	0.062224650099395457	4.6740936668653199e-05	-2.13785	0.431946
214785	0.061606192596441012	4.4744782819635751e-05	-2.14784	0.432564
215784	0.060993878279760196	4.2828493076988348e-05	-2.15783	0.433177
216783	0.060387646350790185	4.0989155046854292e-05	-2.16782	0.433783
217782	0.05978743659992633	3.922394793506783e-05	-2.17781	0.434383
218781	0.059193189401518645	3.7530140416473501e-05	-2.1878	0.434977
219780	0.058604845708873893	3.590508851381994e-05	-2.19779	0.435566
220779	0.058022347049264594	3.4346233488783381e-05	-2.20778	0.436148
221778	0.057445635518948185	3.2851099747499032e-05	-2.21777	0.436725
222777	0.056874653778197309	3.1417292762809107e-05	-2.22776	0.437296
223776	0.056309345046342205	3.0042497015278236e-05	-2.23775	0.437861
224775	0.055749653096829284	2.8724473954866352e-05	-2.24774	0.438421
225774	0.055195522252294578	2.7461059985002879e-05	-2.25773	0.438975
226773	0.054646897379656091	2.6250164470658139e-05	-2.26772	0.439524
227772	0.054103723885224185	2.5089767771874485e-05	-2.27771	0.440067
228771	0.053565947709833507	2.397791930408403e-05	-2.2877	0.440605
229770	0.053033515323995244	2.2912735626414608e-05	-2.29769	0.441137
230769	0.052506373723073624	2.1892398559064874e-05	-2.30768	0.441664
231768	0.051984470422484871	2.0915153330715179e-05	-2.31767	0.442186
232767	0.051467753452922212	1.997930675682983e-05	-2.32766	0.442703
233766	0.050956171355605755	1.9083225449601967e-05	-2.33765	0.443214
234765	0.050449673177559683	1.8225334060195494e-05	-2.34764	0.443721
235764	0.049948208466916319	1.7404113553841434e-05	-2.35763	0.444222
236763	0.049451727268248799	1.6618099518259348e-05	-2.36762	0.444719
237762	0.04896018011793251	1.58658805057884e-05	-2.37761	0.44521
238761	0.048473518039535937	1.5146096409535605e-05	-2.3876	0.445697
239760	0.047991692539242008	1.445743687377033e-05	-2.39759	0.446179
240759	0.047514655601299444	1.379863973872709e-05	-2.40758	0.446656
241758	0.047042359683505702	1.3168489519909884e-05	-2.41757	0.447128
242757	0.046574757712721626	1.2565815921929947e-05	-2.42756	0.447596
243756	0.046111803080417256	1.1989492386850814e-05	-2.43755	0.448059
244755	0.045653449638251166	1.1438434676959599e-05	-2.44754	0.448517
245754	0.045199651693681599	1.091159949183327e-05	-2.45753	0.448971
246753	0.044750364005610763	1.0407983119520855e-05	-2.46752	0.44942
247752	0.044305541780062456	9.9266201216193475e-06	-2.47751	0.449865
248751	0.043865140665893289	9.4665820519803207e-06	-2.4875	0.450305
249750	0.043429116750536789	9.026976208746924e-06	-2.49749	0.450741
250749	0.042997426555782134	8.6069444193864537e-06	-2.50748	0.451173
251748	0.042570027033586574	8.2056618583526516e-06	-2.51747	0.4516
252747	0.042146875561921843	7.8223358969825466e-06	-2.52746	0.452024
253746	0.041727929940653989	7.4562049852068078e-06	-2.53745	0.452443
254745	0.041313148387459218	7.106537564629298e-06	-2.54744	0.452857
255744	0.040902489533771576	6.7726310125094645e-06	-2.55743	0.453268
256743	0.040495912420767111	6.4538106161628611e-06	-2.56742	0.453675
257742	0.040093376495380861	6.1494285772780544e-06	-2.57741	0.454077
258741	0.039694841606358035	5.8588630456329246e-06	-2.5874	0.454476
259740	0.039300268000340803	5.5815171816811147e-06	-2.59739	0.45487
260739	0.0389096163179872	5.3168182474676599e-06	-2.60738	0.455261
261738	0.038522847590125836	5.0642167253237607e-06	-2.61737	0.455648
262737	0.038139923233943919	4.8231854637827374e-06	-2.62736	0.456031
263736	0.037760805049208791	4.593218850152969e-06	-2.63735	0.45641
264735	0.037385455214523876	4.3738320091786027e-06	-2.64734	0.456785
265734	0.037013836283618151	4.1645600272157612e-06	-2.65733	0.457157
266733	0.036645911181668933	3.9649572013489549e-06	-2.66732	0.457525
267732	0.036281643201658394	3.7745963128720386e-06	-2.67731	0.457889
268731	0.035920996000763018	3.5930679245576709e-06	-2.6873	0.45825
269730	0.035563933596776377	3.4199797011402668e-06	-2.69729	0.458607
270729	0.035210420364564746	3.2549557524393634e-06	-2.70728	0.45896
271728	0.034860421032555912	3.0976359985533346e-06	-2.71727	0.45931
272727	0.034513900679259586	2.9476755565567853e-06	-2.72726	0.459657
273726	0.034170824729821081	2.8047441481394153e-06	-2.73725	0.46
274725	0.033831158952606945	2.6685255276292814e-06	-2.74724	0.460339
275724	0.033494869455822536	2.5387169298488979e-06	-2.75723	0.460676
276723	0.03316192268416171	2.4150285372589823e-06	-2.76722	0.461009
277722	0.032832285415487578	2.2971829658514449e-06	-2.77721	0.461338
278721	0.032505924757544984	2.1849147692602828e-06	-2.7872	0.461665
279720	0.032182808144703874	2.077969960567012e-06	-2.79719	0.461988
280719	0.031862903334734557	1.9761055512848677e-06	-2.80718	0.462308
281718	0.031546178405612038	1.8790891070148448e-06	-2.81717	0.462624
282717	0.031232601752352606	1.7866983192749618e-06	-2.82716	0.462938
283716	0.030922142083879275	1.6987205930132622e-06	-2.83715	0.463248
284715	0.030614768419918486	1.6149526493240833e-06	-2.84714	0.463556
285714	0.030310450087925603	1.5352001428965594e-06	-2.85713	0.46386
286713	0.030009156720040633	1.4592772937337584e-06	-2.86712	0.464161
287712	0.029710858250072879	1.3870065326905222e-06	-2.87711	0.46446
288711	0.029415524910515332	1.3182181603877619e-06	-2.8871	0.464755
289710	0.029123127229587074	1.2527500190707681e-06	-2.89709	0.465047
290709	0.028833636028305073	1.1904471769890165e-06	-2.90708	0.465337
291708	0.028547022417584039	1.1311616248847066e-06	-2.91707	0.465623
292707	0.028263257795364451	1.0747519841872921e-06	-2.92706	0.465907
293706	0.027982313843768605	1.0210832265210462e-06	-2.93705	0.466188
294705	0.027704162526284219	9.7002640414261609e-07	-2.94704	0.466466
295704	0.027428776084975612	9.2145839093530196e-07	-2.95703	0.466742
296703	0.027156127037722081	8.7526163359654515e-07	-2.96702	0.467014
297702	0.026886188175483272	8.3132391266480113e-07	-2.97701	0.467284
298701	0.026618932559591007	7.8953811304151922e-07	-2.987	0.467552
299700	0.02635433351906806	7.4980200367350805e-07	-2.99699	0.467816
300699	0.026092364647972769	7.1201802607026337e-07	-3.00698	0.468078
301698	0.025832999802770092	6.7609309134018167e-07	-3.01697	0.468338
302697	0.025576213099727994	6.4193838543862263e-07	-3.02696	0.468594
303696	0.025321978912339772	6.0946918232989695e-07	-3.03695	0.468849
304695	0.025070271868771421	5.786046647739964e-07	-3.04694	0.4691
305694	0.024821066849334224	5.4926775245769626e-07	-3.05693	0.469349
306693	0.024574338983982327	5.2138493719812756e-07	-3.06692	0.469596
307692	0.024330063649834643	4.9488612495540772e-07	-3.07691	0.46984
308691	0.024088216468721422	4.6970448439907268e-07	-3.0869	0.470082
309690	0.023848773304754569	4.4577630178118708e-07	-3.09689	0.470322
310689	0.023611710261922832	4.2304084187688375e-07	-3.10688	0.470559
311688	0.023377003681709408	4.0144021476082586e-07	-3.11687	0.470793
312687	0.023144630140734195	3.8091924819566019e-07	-3.12686	0.471026
313686	0.022914566448418581	3.6142536541591287e-07	-3.13685	0.471256
314685	0.022686789644673681	3.4290846809799212e-07	-3.14684	0.471484
315684	0.022461276997611437	3.2532082431401679e-07	-3.15683	0.471709
316683	0.022238006001277705	3.0861696127405688e-07	-3.16682	0.471932
317682	0.022016954373408677	2.9275356266806169e-07	-3.17681	0.472154
318681	0.021798100053208834	2.7768937042528512e-07	-3.1868	0.472372
319680	0.021581421199151119	2.6338509071536031e-07	-3.19679	0.472589
320679	0.02136689618679884	2.4980330402136338e-07	-3.20678	0.472804
321678	0.021154503606648972	2.3690837912120554e-07	-3.21677	0.473016
322677	0.020944222261997054	2.2466639081955289e-07	-3.22676	0.473226
323676	0.020736031166823193	2.1304504127813471e-07	-3.23675	0.473434
324675	0.020529909543698689	2.0201358479782719e-07	-3.24674	0.473641
325674	0.020325836821713822	1.9154275591123815e-07	-3.25673	0.473845
326673	0.020123792634425895	1.816047006497304e-07	-3.26672	0.474047
327672	0.019923756817827522	1.7217291085383653e-07	-3.27671	0.474247
328671	0.019725709408335634	1.6322216140091626e-07	-3.2867	0.474445
329670	0.019529630640799694	1.5472845022863362e-07	-3.29669	0.474641
330669	0.019335500946529863	1.466689410374131e-07	-3.30668	0.474835
331668	0.019143300951345015	1.3902190855947188e-07	-3.31667	0.475027
332667	0.018953011473639952	1.3176668628631772e-07	-3.32666	0.475217
333666	0.018764613522471458	1.2488361655077058e-07	-3.33665	0.475406
334665	0.018578088295664017	1.1835400286356065e-07	-3.34664	0.475592
335664	0.018393417177933538	1.1216006440846746e-07	-3.35663	0.475777
336663	0.018210581739030392	1.0628489260369832e-07	-3.36662	0.47596
337662	0.018029563731900313	1.0071240964084834e-07	-3.37661	0.476141
338661	0.017850345090864094	9.5427328916277636e-08	-3.3866	0.47632
339660	0.0176729079298148	9.0415117273131683e-08	-3.39659	0.476498
340659	0.017497234540433393	8.566195897548954e-08	-3.40658	0.476673
341658	0.017323307390421386	8.1154721339280868e-08	-3.41657	0.476847
342657	0.017151109121752033	7.688092194765124e-08	-3.42656	0.477019
343656	0.016980622548937892	7.2828697381380233e-08	-3.43655	0.47719
344655	0.016811830657316167	6.8986773397790102e-08	-3.44654	0.477359
345654	0.0166447166013509	6.5344436494298278e-08	-3.45653	0.477526
346653	0.016479263702952048	6.1891506795395533e-08	-3.46652	0.477691
347652	0.016315455449811243	5.8618312204353319e-08	-3.47651	0.477855
348651	0.016153275493754202	5.5515663763401315e-08	-3.4865	0.478017
349650	0.015992707649109116	5.2574832168454616e-08	-3.49649	0.478178
350649	0.015833735891091626	4.9787525386725921e-08	-3.50648	0.478337
351648	0.015676344354205934	4.7145867327725608e-08	-3.51647	0.478494
352647	0.01552051733066134	4.4642377520240398e-08	-3.52646	0.47865
353646	0.015366239268804864	4.2269951749884576e-08	-3.53645	0.478804
354645	0.015213494771569242	4.0021843613749564e-08	-3.54644	0.478957
355644	0.015062268594936529	3.7891646950529619e-08	-3.55643	0.479108
356643	0.014912545646416822	3.5873279106283073e-08	-3.56642	0.479258
357642	0.014764310983542092	3.3960964997701901e-08	-3.57641	0.479406
358641	0.014617549812375154	3.2149221936403645e-08	-3.5864	0.479553
359640	0.014472247486033181	3.0432845179342285e-08	-3.59639	0.479698
360639	0.014328389503226133	2.8806894171945545e-08	-3.60638	0.479842
361638	0.014185961506809563	2.7266679452046858e-08	-3.61637	0.479985
362637	0.014044949282351825	2.5807750184072222e-08	-3.62636	0.480126
363636	0.013905338756715615	2.4425882294284417e-08	-3.63635	0.480265
364635	0.013767115996653475	2.3117067179170718e-08	-3.64634	0.480403
365634	0.01363026720741735	2.1877500960294774e-08	-3.65633	0.48054
366633	0.013494778731381881	2.0703574260113427e-08	-3.66632	0.480676
367632	0.013360637046681384	1.9591862474393925e-08	-3.67631	0.48081
368631	0.013227828765860546	1.8539116517953172e-08	-3.6863	0.480943
369630	0.013096340634538297	1.7542254021479972e-08	-3.69629	0.481074
370629	0.012966159530085073	1.6598350958200724e-08	-3.70628	0.481204
371628	0.012837272460313224	1.5704633680103244e-08	-3.71627	0.481333
372627	0.012709666562180404	1.4858471344349586e-08	-3.72626	0.481461
373626	0.012583329100505917	1.4057368711382978e-08	-3.73625	0.481587
374625	0.01245824746669973	1.3298959297076501e-08	-3.74624	0.481712
375624	0.012334409177504077	1.2580998862071004e-08	-3.75623	0.481836
376623	0.012211801873747817	1.1901359222220884e-08	-3.76622	0.481959
377622	0.012090413319112925	1.125802236480088e-08	-3.77621	0.48208
378621	0.01197023139891328	1.0649074855831453e-08	-3.7862	0.4822
379620	0.011851244118885657	1.0072702524554021e-08	-3.79619	0.482319
380619	0.011733439603992781	9.5271854117304793e-09	-3.80618	0.482437
381618	0.011616806097238169	9.0108929690583259e-09	-3.81617	0.482554
382617	0.011501331958492721	8.5222794975816117e-09	-3.82616	0.482669
383616	0.011387005663333127	8.059879813540368e-09	-3.83615	0.482783
384615	0.011273815801891688	7.6223051306399991e-09	-3.84614	0.482897
385614	0.011161751077717651	7.2082391482365263e-09	-3.85613	0.483009
386613	0.011050800306649887	6.8164343354247988e-09	-3.86612	0.48312
387612	0.01094095241570049	6.4457084014865246e-09	-3.87611	0.48323
388611	0.010832196441949975	6.0949409436040306e-09	-3.8861	0.483338
389610	0.010724521531452976	5.7630702631736206e-09	-3.89609	0.483446
390609	0.010617916938155178	5.4490903424622128e-09	-3.90608	0.483553
391608	0.01051237202282071	5.1520479737411978e-09	-3.91607	0.483658
392607	0.010407876251970427	4.8710400334051652e-09	-3.92606	0.483763
393606	0.010304419196830762	4.6052108939388572e-09	-3.93605	0.483866
394605	0.01020199053229276	4.3537499669360451e-09	-3.94604	0.483969
395604	0.010100580035881643	4.1158893706983541e-09	-3.95603	0.48407
396603	0.010000177586736785	3.8909017162515075e-09	-3.96602	0.48417
397602	0.0099007731646014799	3.6780980059122243e-09	-3.97601	0.48427
398601	0.0098023568488229199	3.4768256388206608e-09	-3.986	0.484368
399600	0.0097049188173622403	3.286466518122022e-09	-3.99599	0.484466
400599	0.0096084493458141653	3.1064352547374917e-09	-4.00598	0.484562
401598	0.0095129388064365186	2.9361774629091247e-09	-4.01597	0.484658
402597	0.0094183776671893527	2.775168142936356e-09	-4.02596	0.484752
403596	0.0093247564907837591	2.6229101467442167e-09	-4.03595	0.484846
404595	0.0092320659337398938	2.4789327221351004e-09	-4.04594	0.484938
405594	0.0091402967454545497	2.3427901317779295e-09	-4.05593	0.48503
406593	0.0090494397672779628	2.2140603431810773e-09	-4.06592	0.485121
407592	0.008959485931599712	2.0923437860787949e-09	-4.07591	0.485211
408591	0.0088704262609438349	1.9772621738356189e-09	-4.0859	0.4853
409590	0.0087822518670727986	1.8684573856398596e-09	-4.09589	0.485388
410589	0.0086949539501005139	1.7655904064157299e-09	-4.10588	0.485476
411588	0.0086085237976140476	1.6683403215349449e-09	-4.11587	0.485562
412587	0.0085229527838041712	1.5764033635523347e-09	-4.12586	0.485648
413586	0.0084382323686044165	1.4894920083271472e-09	-4.13585	0.485732
414585	0.0083543540968388594	1.4073341180222303e-09	-4.14584	0.485816
415584	0.0082713095973782642	1.3296721285974201e-09	-4.15583	0.485899
416583	0.0081890905823046086	1.2562622795317444e-09	-4.16582	0.485981
417582	0.0081076888460839599	1.1868738836217741e-09	-4.17581	0.486063
418581	0.0080270962647475529	1.1212886348103639e-09	-4.1858	0.486143
419580	0.0079473047950810016	1.0592999521022585e-09	-4.19579	0.486223
420579	0.0078683064738216801	1.0007123577198792e-09	-4.20578	0.486302
421578	0.0077900934168638157	9.4534088774507194e-10	-4.21577	0.48638
422577	0.0077126578184717569	8.9301053358044827e-10	-4.22576	0.486458
423576	0.0076359919505009036	8.4355571264742438e-10	-4.23575	0.486535
424575	0.0075600881616264852	7.9681976681770844e-10	-4.24574	0.48661
425574	0.0074849388765798781	7.526544871505085e-10	-4.25573	0.486686
426573	0.0074105365953926984	7.1091966357970144e-10	-4.26572	0.48676
427572	0.0073368738926481939	6.7148265826358163e-10	-4.27571	0.486834
428571	0.0072639434167402258	6.3421800137483476e-10	-4.2857	0.486907
429570	0.0071917378891395581	5.9900700817026149e-10	-4.29569	0.486979
430569	0.0071202501036674885	5.6573741623849671e-10	-4.30568	0.48705
431568	0.0070494729257766283	5.3430304187990722e-10	-4.31567	0.487121
432567	0.0069793992918388515	5.0460345462597724e-10	-4.32566	0.487191
433566	0.0069100222084404264	4.7654366895593739e-10	-4.33565	0.48726
434565	0.0068413347516839496	4.5003385231642302e-10	-4.34564	0.487329
435564	0.0067733300664974301	4.2498904859552849e-10	-4.35563	0.487397
436563	0.006706001365950098	4.0132891624595158e-10	-4.36562	0.487465
437562	0.006639341930575071	3.7897748029311916e-10	-4.37561	0.487531
438561	0.0065733451076987609	3.5786289750326558e-10	-4.3856	0.487597
439560	0.0065080043107768942	3.379172340236248e-10	-4.39559	0.487662
440559	0.0064433130187372088	3.1907625484217463e-10	-4.40558	0.487727
441558	0.0063792647753286502	3.0127922444790888e-10	-4.41557	0.487791
442557	0.0063158531884770037	2.8446871810445688e-10	-4.42556	0.487855
443556	0.0062530719296469304	2.6859044318010181e-10	-4.43555	0.487917
444555	0.0061909147332104763	2.5359307000598075e-10	-4.44554	0.48798
445554	0.0061293753958216388	2.3942807176150423e-10	-4.45553	0.488041
446553	0.0060684477757973502	2.2604957291192128e-10	-4.46552	0.488102
447552	0.0060081257925044818	2.1341420574755748e-10	-4.47551	0.488162
448551	0.0059484034257530393	2.0148097459756395e-10	-4.4855	0.488222
449550	0.0058892747151952935	1.9021112731317352e-10	-4.49549	0.488281
450549	0.0058307337597309425	1.7956803363649294e-10	-4.50548	0.48834
451548	0.0057727747169182284	1.695170700908067e-10	-4.51547	0.488398
452547	0.0057153918023907799	1.6002551104730642e-10	-4.52546	0.488455
453546	0.0056585792892803908	1.5106242564113861e-10	-4.53545	0.488512
454545	0.0056023315076454061	1.4259858022671256e-10	-4.54544	0.488568
455544	0.0055466428439049451	1.3460634607839104e-10	-4.55543	0.488624
456543	0.0054915077402785534	1.2705961205804798e-10	-4.56542	0.488679
457542	0.0054369206942316475	1.199337019855308e-10	-4.57541	0.488734
458541	0.0053828762579263036	1.1320529646189939e-10	-4.5854	0.488788
459540	0.0053293690376774918	1.0685235890840202e-10	-4.59539	0.488841
460539	0.0052763936934148879	1.0085406559660309e-10	-4.60538	0.488894
461538	0.0052239449381498541	9.5190739456851054e-11	-4.61537	0.488947
462537	0.0051720175374478806	8.9843787463474149e-11	-4.62536	0.488998
463536	0.0051206063089060472	8.4795641405689844e-11	-4.63535	0.48905
464535	0.0050697061216359836	8.0029701863272928e-11	-4.64534	0.489101
465534	0.0050193118957516441	7.5530285215569238e-11	-4.65533	0.489151
466533	0.0049694186018624398	7.1282573521479943e-11	-4.66532	0.489201
467532	0.0049200212605712314	6.7272567116619134e-11	-4.67531	0.48925
468531	0.0048711149419774285	6.3487039781974645e-11	-4.6853	0.489299
469530	0.0048226947651849568	5.9913496346108038e-11	-4.69529	0.489348
470529	0.0047747558978151455	5.6540132590233296e-11	-4.70528	0.489396
471528	0.0047272935555244403	5.3355797332442021e-11	-4.71527	0.489443
472527	0.0046803030015269654	5.0349956573902303e-11	-4.72526	0.48949
473526	0.0046337795461217132	4.7512659596078902e-11	-4.73525	0.489537
474525	0.0045877185462245762	4.4834506903918803e-11	-4.74524	0.489583
475524	0.0045421154049049397	4.2306619915533577e-11	-4.75523	0.489628
476523	0.0044969655709268695	3.9920612304200634e-11	-4.76522	0.489674
477522	0.0044522645382949607	3.7668562903525584e-11	-4.77521	0.489718
478521	0.0044080078458046046	3.5542990091358888e-11	-4.7852	0.489762
479520	0.0043641910765967115	3.3536827572563277e-11	-4.79519	0.489806
480519	0.0043208098577169731	3.164340148499629e-11	-4.80518	0.48985
481518	0.0042778598596794008	2.9856408757112452e-11	-4.81517	0.489893
482517	0.0042353367960342343	2.8169896649420807e-11	-4.82516	0.489935
483516	0.0041932364229402049	2.6578243415657806e-11	-4.83515	0.489977
484515	0.0041515545387408904	2.50761400229734e-11	-4.84514	0.490019
485514	0.0041102869835455214	2.3658572873681306e-11	-4.85513	0.49006
486513	0.0040694296388136828	2.2320807474205795e-11	-4.86512	0.490101
487512	0.0040289784269443869	2.1058372999777085e-11	-4.87511	0.490142
488511	0.0039889293108690774	1.9867047706191095e-11	-4.8851	0.490182
489510	0.0039492782936487161	1.8742845142566561e-11	-4.89509	0.490221
490509	0.003910021418074912	1.7682001121512055e-11	-4.90508	0.49026
491508	0.0038711547662749627	1.6680961405461063e-11	-4.91507	0.490299
492507	0.0038326744593208876	1.5736370070156545e-11	-4.92506	0.490338
493506	0.0037945766568422612	1.484505850837034e-11	-4.93505	0.490376
494505	0.0037568575566429624	1.400403503893342e-11	-4.94504	0.490414
495504	0.0037195133943217183	1.3210475088040038e-11	-4.95503	0.490451
496503	0.0036825404428963916	1.246171191157351e-11	-4.96502	0.490488
497502	0.0036459350124320579	1.175522782889058e-11	-4.97501	0.490525
498501	0.0036096934496727046	1.108864594010183e-11	-4.985	0.490561
499500	0.0035738121376766674	1.0459722300398657e-11	-4.99499	0.490597
500499	0.0035382874954556364	9.8663385264109578e-12	-5.00498	0.490632
501498	0.0035031159776172855	9.3064948109353202e-12	-5.01497	0.490667
502497	0.0034682940740114192	8.7783033236575696e-12	-5.02496	0.490702
503496	0.0034338183093796785	8.2799819767076041e-12	-5.03495	0.490737
504495	0.0033996852430086886	7.8098485350345367e-12	-5.04494	0.490771
505494	0.003365891468386679	7.3663150526771572e-12	-5.05493	0.490805
506493	0.0033324336128635165	6.9478826170347055e-12	-5.06492	0.490838
507492	0.0032993083373141019	6.5531363842161261e-12	-5.07491	0.490871
508491	0.0032665123358051277	6.1807408894677745e-12	-5.0849	0.490904
509490	0.0032340423352651554	5.8294356175512674e-12	-5.09489	0.490936
510489	0.0032018950951579212	5.4980308187678446e-12	-5.10488	0.490969
511488	0.0031700674071589718	5.1854035571058277e-12	-5.11487	0.491
512487	0.0031385560948354323	4.8904939777261324e-12	-5.12486	0.491032
513486	0.0031073580133290412	4.6123017816987928e-12	-5.13485	0.491063
514485	0.003076470049042249	4.3498828965640865e-12	-5.14484	0.491094
515484	0.0030458891193274841	4.1023463319165487e-12	-5.15483	0.491125
516483	0.0030156121721795228	3.8688512098010534e-12	-5.16482	0.491155
517482	0.0029856361859308925	3.6486039602693119e-12	-5.17481	0.491185
518481	0.0029559581689502885	3.4408556729733629e-12	-5.1848	0.491215
519480	0.0029265751593440022	3.244899596172911e-12	-5.19479	0.491244
520479	0.0028974842246603616	3.0600687750059086e-12	-5.20478	0.491273
521478	0.0028686824615970163	2.8857338213191628e-12	-5.21477	0.491302
522477	0.0028401669957112408	2.7213008077783608e-12	-5.22476	0.49133
523476	0.0028119349811330115	2.5662092793766411e-12	-5.23475	0.491359
524475	0.0027839836002810205	2.419930375839413e-12	-5.24474	0.491387
525474	0.0027563100635814601	2.2819650587797501e-12	-5.25473	0.491414
526473	0.0027289116091896346	2.1518424377976356e-12	-5.26472	0.491442
527472	0.0027017855027143154	2.0291181900350787e-12	-5.27471	0.491469
528471	0.0026749290369448473	1.9133730680018465e-12	-5.2847	0.491496
529470	0.0026483395315809728	1.8042114907717999e-12	-5.29469	0.491522
530469	0.0026220143329653296	1.7012602139201583e-12	-5.30468	0.491548
531468	0.002595950813818612	1.604167073827075e-12	-5.31467	0.491575
532467	0.0025701463729773601	1.512599802214398e-12	-5.32466	0.4916
533466	0.0025445984351343798	1.4262449070104833e-12	-5.33465	0.491626
534465	0.0025193044505817256	1.3448066158536706e-12	-5.34464	0.491651
535464	0.0024942618949562144	1.2680058787487615e-12	-5.35463	0.491676
536463	0.0024694682689875044	1.1955794265835748e-12	-5.36462	0.491701
537462	0.0024449210982486615	1.1272788823946449e-12	-5.37461	0.491726
538461	0.0024206179329092181	1.0628699224433718e-12	-5.3846	0.49175
539460	0.0023965563474906762	1.0021314843264024e-12	-5.39459	0.491774
540459	0.0023727339406244309	9.4485501949789247e-13	-5.40458	0.491798
541458	0.0023491483348121239	8.9084378772651949e-13	-5.41457	0.491821
542457	0.0023257971761883492	8.3991219114735199e-13	-5.42456	0.491845
543456	0.0023026781342857742	7.918851456985039e-13	-5.43455	0.491868
544455	0.002279788901802499	7.4659748785502702e-13	-5.44454	0.491891
545454	0.0022571271943718518	7.0389341468836204e-13	-5.45453	0.491913
546453	0.0022346907503343542	6.6362595538913809e-13	-5.46452	0.491936
547452	0.0022124773305120292	6.2565647249451573e-13	-5.47451	0.491958
548451	0.0021904847179848945	5.8985419115902551e-13	-5.4845	0.49198
549450	0.0021687107178697818	5.5609575490014272e-13	-5.49449	0.492002
550449	0.0021471531571012324	5.2426480633712304e-13	-5.50448	0.492023
551448	0.0021258098842146314	4.9425159152399482e-13	-5.51447	0.492045
552447	0.0021046787691314998	4.6595258655551628e-13	-5.52446	0.492066
553446	0.0020837577029468946	4.3927014519840743e-13	-5.53445	0.492087
554445	0.0020630445977189412	4.1411216636974016e-13	-5.54444	0.492107
555444	0.0020425373862604976	3.9039178034991277e-13	-5.55443	0.492128
556443	0.0020222340219327819	3.6802705267975728e-13	-5.56442	0.492148
557442	0.0020021324784411441	3.4694070474981803e-13	-5.57441	0.492168
558441	0.0019822307496328486	3.2705985014522971e-13	-5.5844	0.492188
559440	0.001962526849296859	3.0831574586186926e-13	-5.59439	0.492208
560439	0.0019430188109655941	2.9064355755881323e-13	-5.60438	0.492227
561438	0.0019237046877186859	2.7398213805879562e-13	-5.61437	0.492247
562437	0.0019045825519886719	2.5827381835235796e-13	-5.62436	0.492266
563436	0.0018856504953686226	2.4346421040302108e-13	-5.63435	0.492285
564435	0.0018669066284216808	2.295020210900697e-13	-5.64434	0.492304
565434	0.0018483490804924985	2.1633887666264747e-13	-5.65433	0.492322
566433	0.0018299759995205251	2.0392915711390388e-13	-5.66432	0.492341
567432	0.0018117855518551963	1.9222983991702509e-13	-5.67431	0.492359
568431	0.0017937759220729133	1.8120035259622735e-13	-5.6843	0.492377
569430	0.0017759453127958774	1.7080243363530374e-13	-5.69429	0.492395
570429	0.0017582919445127037	1.6100000125418428e-13	-5.70428	0.492412
571428	0.0017408140554008176	1.517590296102819e-13	-5.71427	0.49243
572427	0.0017235099011506316	1.4304743200624262e-13	-5.72426	0.492447
573426	0.0017063777547914583	1.3483495070918858e-13	-5.73425	0.492464
574425	0.0016894159065191595	1.2709305300868975e-13	-5.74424	0.492481
575424	0.0016726226635254968	1.1979483316162482e-13	-5.75423	0.492498
576423	0.0016559963498292099	1.1291491989183627e-13	-5.76422	0.492515
577422	0.0016395353061087236	1.0642938913113631e-13	-5.77421	0.492531
578421	0.0016232378895365681	1.0031568170583135e-13	-5.7842	0.492547
579420	0.0016071024736154108	9.4552525689544231e-14	-5.79419	0.492563
580419	0.0015911274480157364	8.9119863158818724e-14	-5.80418	0.492579
581418	0.0015753112184151382	8.3998781102798781e-14	-5.81417	0.492595
582417	0.0015596522063391898	7.9171446252268248e-14	-5.82416	0.492611
583416	0.0015441488490039199	7.4621043606536479e-14	-5.83415	0.492626
584415	0.0015287995991598521	7.0331718449123449e-14	-5.84414	0.492642
585414	0.0015136029249375744	6.6288521654967476e-14	-5.85413	0.492657
586413	0.001498557309694868	6.2477358102981157e-14	-5.86412	0.492672
587412	0.0014836612518653407	5.8884938018274832e-14	-5.87411	0.492687
588411	0.001468913264808569	5.5498731078256685e-14	-5.8841	0.492702
589410	0.0014543118766617239	5.2306923126170065e-14	-5.89409	0.492716
590409	0.0014398556301926889	4.9298375344441477e-14	-5.90408	0.492731
591408	0.0014255430826546228	4.6462585748540363e-14	-5.91407	0.492745
592407	0.0014113728056419728	4.3789652869908123e-14	-5.92406	0.492759
593406	0.0013973433849479152	4.1270241503929494e-14	-5.93405	0.492773
594405	0.0013834534204232149	3.8895550405918631e-14	-5.94404	0.492787
595404	0.0013697015258364947	3.6657281824700158e-14	-5.95403	0.492801
596403	0.0013560863287358845	3.4547612769598521e-14	-5.96402	0.492814
597402	0.001342606470312052	3.2559167912534644e-14	-5.97401	0.492828
598401	0.001329260605262596	3.0684994032481681e-14	-5.984	0.492841
599400	0.0013160474016577642	2.8918535914774752e-14	-5.99399	0.492854
600399	0.0013029655408075538	2.725361362271264e-14	-6.00398	0.492868
601398	0.0012900137171300843	2.568440106356101e-14	-6.01397	0.49288
602397	0.0012771906380213058	2.4205405775468987e-14	-6.02396	0.492893
603396	0.0012644950237259962	2.2811449865969566e-14	-6.03395	0.492906
604395	0.001251925607210051	2.1497652036656479e-14	-6.04394	0.492919
605394	0.0012394811340340037	2.0259410632332994e-14	-6.05393	0.492931
606393	0.0012271603622278618	1.9092387656418666e-14	-6.06392	0.492943
607392	0.0012149620621671369	1.7992493697700575e-14	-6.07391	0.492956
608391	0.0012028850164501389	1.6955873716621841e-14	-6.0839	0.492968
609390	0.0011909280197764773	1.5978893642236811e-14	-6.09389	0.49298
610389	0.0011790898788267613	1.5058127733732226e-14	-6.10388	0.492991
611388	0.0011673694121435156	1.4190346663024972e-14	-6.11387	0.493003
612387	0.0011557654500132589	1.3372506277413816e-14	-6.12386	0.493015
613386	0.0011442768343497888	1.2601737003588562e-14	-6.13385	0.493026
614385	0.0011329024185785725	1.1875333856493399e-14	-6.14384	0.493038
615384	0.0011216410675223417	1.1190747018614327e-14	-6.15383	0.493049
616383	0.0011104916572877842	1.0545572957212107e-14	-6.16382	0.49306
617382	0.0010994530751533918	9.9375460488671309e-15	-6.17381	0.493071
618381	0.0010885242194583944	9.364530682440274e-15	-6.1838	0.493082
619380	0.0010777039994928374	8.8245138131957785e-15	-6.19379	0.493093
620379	0.0010669913353887005	8.3155979423789332e-15	-6.20378	0.493104
621378	0.0010563851580121513	7.8359944980023957e-15	-6.21377	0.493114
622377	0.0010458844088568162	7.3840175939720678e-15	-6.22376	0.493125
623376	0.0010354880399381669	6.9580781459835557e-15	-6.23375	0.493135
624375	0.0010251950136889092	6.5566783238457594e-15	-6.24374	0.493145
625374	0.0010150043028554568	6.1784063210450104e-15	-6.25373	0.493155
626373	0.0010049148903953926	5.8219314234541356e-15	-6.26372	0.493166
627372	0.00099492576937597224	5.4859993601200265e-15	-6.27371	0.493176
628371	0.00098503594287362422	5.1694279200341392e-15	-6.2837	0.493185
629370	0.00097524442387446027	4.8711028197061044e-15	-6.29369	0.493195
630369	0.00096555023517578772	4.5899738072246406e-15	-6.30368	0.493205
631368	0.00095595240928855523	4.325050989304796e-15	-6.31367	0.493215
632367	0.00094644998834081222	4.0754013685890241e-15	-6.32366	0.493224
633366	0.00093704202398211156	3.8401455791948632e-15	-6.33365	0.493233
634365	0.00092772757728885966	3.6184548091856788e-15	-6.34364	0.493243
635364	0.00091850571867061576	3.4095478992860923e-15	-6.35363	0.493252
636363	0.00090937552777731352	3.212688607771886e-15	-6.36362	0.493261
637362	0.00090033609340740969	3.0271830320383833e-15	-6.37361	0.49327
638361	0.00089138651341694522	2.8523771778922443e-15	-6.3836	0.493279
639360	0.00088252589462951793	2.6876546681222749e-15	-6.39359	0.493288
640359	0.00087375335274712828	2.5324345823862462e-15	-6.40358	0.493297
641358	0.00086506801226194198	2.3861694209048436e-15	-6.41357	0.493305
642357	0.00085646900636889857	2.24834318488221e-15	-6.42356	0.493314
643356	0.00084795547687921619	2.1184695669763793e-15	-6.43355	0.493323
644355	0.0008395265741347308	1.9960902455239251e-15	-6.44354	0.493331
645354	0.00083118145692310825	1.8807732765823731e-15	-6.45353	0.493339
646353	0.00082291929239389238	1.7721115781928009e-15	-6.46352	0.493348
647352	0.0008147392559753815	1.6697215015845874e-15	-6.47351	0.493356
648351	0.00080664053129232661	1.5732414843456066e-15	-6.4835	0.493364
649350	0.00079862231008447754	1.4823307808653749e-15	-6.49349	0.493372
650349	0.00079068379212589887	1.3966682656266744e-15	-6.50348	0.49338
651348	0.00078282418514511831	1.3159513051739308e-15	-6.51347	0.493388
652347	0.00077504270474604764	1.2398946948249556e-15	-6.52346	0.493395
653346	0.0007673385743297088	1.1682296564174055e-15	-6.53345	0.493403
654345	0.00075971102501671563	1.1007028935933427e-15	-6.54344	0.493411
655344	0.00075215929557055747	1.037075701325057e-15	-6.55343	0.493418
656343	0.00074468263232161118	9.771231265738781e-16	-6.56342	0.493426
657342	0.00073728028909193213	9.2063317715133704e-16	-6.57341	0.493433
658341	0.0007299515271207797	8.6740607601977937e-16	-6.5834	0.493441
659340	0.00072269561499089423	8.1725355842735951e-16	-6.59339	0.493448
660339	0.00071551182855549749	7.6999820942157002e-16	-6.60338	0.493455
661338	0.000708399450866022	7.2547283942582859e-16	-6.61337	0.493462
662337	0.00070135777210055949	6.8351989569621524e-16	-6.62336	0.493469
663336	0.00069438608949302244	6.4399090760033736e-16	-6.63335	0.493476
664335	0.00068748370726300003	6.0674596377813116e-16	-6.64334	0.493483
665334	0.00068064993654632765	5.7165321935547071e-16	-6.65333	0.49349
666333	0.00067388409532633409	5.3858843148616615e-16	-6.66332	0.493497
667332	0.00066718550836576988	5.0743452159669995e-16	-6.67331	0.493503
668331	0.00066055350713942857	4.7808116280114426e-16	-6.6833	0.49351
669330	0.00065398742976742127	4.5042439104149778e-16	-6.69329	0.493517
670329	0.00064748662094911739	4.2436623859141068e-16	-6.70328	0.493523
671328	0.00064105043189775063	3.99814388639365e-16	-6.71327	0.493529
672327	0.00063467822027566735	3.7668184974090086e-16	-6.72326	0.493536
673326	0.00062836935013022455	3.5488664899886121e-16	-6.73325	0.493542
674325	0.00062212319183031209	3.3435154289604394e-16	-6.74324	0.493548
675324	0.00061593912200352699	3.1500374476629701e-16	-6.75323	0.493555
676323	0.00060981652347394508	2.9677466794822908e-16	-6.76322	0.493561
677322	0.00060375478520053845	2.7959968372052052e-16	-6.77321	0.493567
678321	0.00059775330221619166	2.6341789316948784e-16	-6.7832	0.493573
679320	0.0005918114755673208	2.4817191218826628e-16	-6.79319	0.493579
680319	0.00058592871225410118	2.3380766885291408e-16	-6.80318	0.493585
681318	0.0005801044251712835	2.2027421246402159e-16	-6.81317	0.49359
682317	0.00057433803304959895	2.0752353358324543e-16	-6.82316	0.493596
683316	0.0005686289603977539	1.955103944326575e-16	-6.83315	0.493602
684315	0.00056297663744498457	1.8419216906107696e-16	-6.84314	0.493608
685314	0.00055738050008420528	1.735286927157574e-16	-6.85313	0.493613
686313	0.00055183998981570264	1.6348211989004e-16	-6.86312	0.493619
687312	0.00054635455369139946	1.5401679054797586e-16	-6.87311	0.493624
688311	0.00054092364425966776	1.4509910405557476e-16	-6.8831	0.49363
689310	0.00053554671951069779	1.3669740037534217e-16	-6.89309	0.493635
690309	0.00053022324282239654	1.2878184810623675e-16	-6.90308	0.49364
691308	0.00052495268290684151	1.2132433897517076e-16	-6.91307	0.493646
692307	0.0005197345137572505	1.1429838840881517e-16	-6.92306	0.493651
693306	0.00051456821459548773	1.0767904183579197e-16	-6.93305	0.493656
694305	0.00050945326982009345	1.0144278638943663e-16	-6.94304	0.493661
695304	0.00050438916895482295	9.5567467700283222e-17	-6.95303	0.493666
696303	0.00049937540659769934	9.0032211485269964e-17	-6.96302	0.493671
697302	0.00049441148237057745	8.4817349657517098e-17	-6.97301	0.493676
698301	0.00048949690086920385	7.9904350696399315e-17	-6.983	0.493681
699300	0.00048463117161377307	7.5275754032594641e-17	-6.99299	0.493686
700299	0.00047981380899997952	7.0915108216901058e-17	-7.00298	0.493691
701298	0.00047504433225055589	6.6806912654904643e-17	-7.01297	0.493695
702297	0.00047032226536728518	6.2936562702116612e-17	-7.02296	0.4937
703296	0.00046564713708350169	5.9290297926005208e-17	-7.03295	0.493705
704295	0.00046101848081705457	5.5855153352487179e-17	-7.04294	0.493709
705294	0.00045643583462374315	5.2618913524934641e-17	-7.05293	0.493714
706293	0.00045189874115121728	4.9570069213648046e-17	-7.06292	0.493719
707292	0.00044740674759332819	4.6697776623067464e-17	-7.07291	0.493723
708291	0.00044295940564493923	4.3991818952783426e-17	-7.0829	0.493728
709290	0.00043855627145718908	4.1442570176692653e-17	-7.09289	0.493732
710289	0.0004341969055931921	3.9040960912450925e-17	-7.10288	0.493736
711288	0.00042988087298417941	3.6778446260733456e-17	-7.11287	0.493741
712287	0.00042560774288608277	3.4646975500750095e-17	-7.12286	0.493745
713286	0.00042137708883654431	3.2638963534999431e-17	-7.13285	0.493749
714285	0.00041718848861235623	3.074726398240776e-17	-7.14284	0.493753
715284	0.00041304152418731894	2.8965143824804393e-17	-7.15283	0.493757
716283	0.00040893578169052787	2.7286259517162171e-17	-7.16282	0.493762
717282	0.00040487085136506313	2.5704634477184565e-17	-7.17281	0.493766
718281	0.0004008463275270986	2.4214637874689606e-17	-7.1828	0.49377
719280	0.00039686180852541067	2.2810964645817674e-17	-7.19279	0.493774
720279	0.00039291689670129817	2.1488616661412454e-17	-7.20278	0.493778
721278	0.00038901119834889198	2.0242884982992737e-17	-7.21277	0.493781
722277	0.00038514432367586413	1.9069333143570283e-17	-7.22276	0.493785
723276	0.00038131588676452695	1.7963781394183704e-17	-7.23275	0.493789
724275	0.00037752550553331614	1.6922291860425677e-17	-7.24274	0.493793
725274	0.00037377280169865898	1.5941154556453279e-17	-7.25273	0.493797
726273	0.00037005740073722229	1.5016874206996087e-17	-7.26272	0.4938
727272	0.00036637893184853523	1.4146157830730265e-17	-7.27271	0.493804
728271	0.00036273702791798207	1.332590304107458e-17	-7.2827	0.493808
729270	0.00035913132548016371	1.2553187022998219e-17	-7.29269	0.493811
730269	0.00035556146468262295	1.1825256146816279e-17	-7.30268	0.493815
731268	0.00035202708924993186	1.1139516182201182e-17	-7.31267	0.493818
732267	0.00034852784644813766	1.0493523077756596e-17	-7.32266	0.493822
733266	0.00034506338704955121	9.8849742735002188e-18	-7.33265	0.493825
734265	0.00034163336529790449	9.3117005154844152e-18	-7.34264	0.493829
735264	0.00033823743887383595	8.7716581435586622e-18	-7.35263	0.493832
736263	0.00033487526886073071	8.2629218249505089e-18	-7.36262	0.493836
737262	0.00033154651971089438	7.7836777079175842e-18	-7.37261	0.493839
738261	0.00032825085921206574	7.3322169712086011e-18	-7.3826	0.493842
739260	0.00032498795845426241	6.9069297464719524e-18	-7.39259	0.493846
740259	0.00032175749179695379	6.506299392068212e-18	-7.40258	0.493849
741258	0.00031855913683656334	6.1288970979871468e-18	-7.41257	0.493852
742257	0.000315392574374292	5.7733768027407663e-18	-7.42256	0.493855
743256	0.00031225748838426074	5.4384704042080315e-18	-7.43255	0.493858
744255	0.00030915356598197174	5.1229832474469677e-18	-7.44254	0.493861
745254	0.00030608049739308345	4.8257898734707472e-18	-7.45253	0.493864
746253	0.00030303797592249199	4.5458300139074283e-18	-7.46252	0.493867
747252	0.00030002569792372564	4.282104817334161e-18	-7.47251	0.49387
748251	0.00029704336276863765	4.0336732938966788e-18	-7.4825	0.493873
749250	0.00029409067281740666	3.7996489655981951e-18	-7.49249	0.493876
750249	0.00029116733338883005	3.5791967103699784e-18	-7.50248	0.493879
751248	0.00028827305273091449	3.3715297887226052e-18	-7.51247	0.493882
752247	0.00028540754199175627	3.1759070424235692e-18	-7.52246	0.493885
753246	0.00028257051519072027	2.9916302552564862e-18	-7.53245	0.493888
754245	0.00027976168918989315	2.8180416664915728e-18	-7.54244	0.493891
755244	0.00027698078366582816	2.654521628238209e-18	-7.55243	0.493894
756243	0.00027422752108156677	2.5004863983604685e-18	-7.56242	0.493896
757242	0.00027150162665894403	2.3553860611170265e-18	-7.57241	0.493899
758241	0.00026880282835115964	2.2187025681397022e-18	-7.5824	0.493902
759240	0.00026613085681563331	2.0899478927917095e-18	-7.59239	0.493904
760239	0.00026348544538712078	1.9686622913485135e-18	-7.60238	0.493907
761238	0.00026086633005110158	1.8544126648233634e-18	-7.61237	0.49391
762237	0.00025827324941742812	1.7467910156163217e-18	-7.62236	0.493912
763236	0.00025570594469424401	1.6454129935021933e-18	-7.63235	0.493915
764235	0.00025316415966214896	1.5499165257895709e-18	-7.64234	0.493917
765234	0.00025064764064863327	1.4599605267820006e-18	-7.65233	0.49392
766233	0.00024815613650275737	1.3752236819536319e-18	-7.66232	0.493922
767232	0.00024568939857009267	1.2954033025169272e-18	-7.67231	0.493925
768231	0.00024324718066789762	1.2202142463098133e-18	-7.6823	0.493927
769230	0.00024082923906055482	1.1493879011651727e-18	-7.69229	0.49393
770229	0.00023843533243524381	1.0826712271473446e-18	-7.70228	0.493932
771228	0.00023606522187785627	1.0198258542493047e-18	-7.71227	0.493934
772227	0.00023371867084915498	9.6062723234124724e-19	-7.72226	0.493937
773226	0.00023139544516116416	9.0486383034672126e-19	-7.73225	0.493939
774225	0.00022909531295380004	8.5233638179743968e-19	-7.74224	0.493941
775224	0.00022681804467172945	8.0285717408257386e-19	-7.75223	0.493944
776223	0.00022456341304145957	7.5624937886358277e-19	-7.76222	0.493946
777222	0.0002223311930486565	7.1234642127189138e-19	-7.77221	0.493948
778221	0.00022012116191568942	6.7099138564452496e-19	-7.7822	0.49395
779220	0.00021793309907939604	6.3203645568268517e-19	-7.79219	0.493953
780219	0.00021576678616907043	5.9534238704056584e-19	-7.80218	0.493955
781218	0.00021362200698466925	5.6077801046697963e-19	-7.81217	0.493957
782217	0.0002114985474752353	5.2821976373099217e-19	-7.82216	0.493959
783216	0.00020939619571753475	4.9755125066506566e-19	-7.83215	0.493961
784215	0.00020731474189490689	4.6866282575565081e-19	-7.84214	0.493963
785214	0.00020525397827632431	4.4145120280199611e-19	-7.85213	0.493965
786213	0.00020321369919566138	4.1581908624953291e-19	-7.86212	0.493967
787212	0.00020119370103116837	3.9167482388484658e-19	-7.87211	0.493969
788211	0.00019919378218515035	3.6893207965520043e-19	-7.8821	0.493971
789210	0.0001972137430638463	3.4750952544719079e-19	-7.89209	0.493973
790209	0.0001952533860575099	3.2733055072654425e-19	-7.90208	0.493975
791208	0.00019331251552068922	3.0832298900461116e-19	-7.91207	0.493977
792207	0.00019139093775269987	2.9041886015699109e-19	-7.92206	0.493979
793206	0.00018948846097829324	2.735541276761186e-19	-7.93205	0.493981
794205	0.00018760489532851842	2.5766846999280805e-19	-7.94204	0.493983
795204	0.0001857400528217712	2.4270506505179863e-19	-7.95203	0.493985
796203	0.00018389374734503511	2.2861038737354048e-19	-7.96202	0.493987
797202	0.00018206579463530683	2.1533401687889747e-19	-7.97201	0.493988
798201	0.00018025601226120575	2.028284587953181e-19	-7.982	0.49399
799200	0.00017846421960476786	1.9104897400248819e-19	-7.99199	0.493992
800199	0.00017669023784341962	1.7995341921263296e-19	-8.00198	0.493994
801198	0.00017493388993213119	1.695020964156737e-19	-8.01197	0.493996
802197	0.00017319500058574796	1.5965761105242465e-19	-8.02196	0.493997
803196	0.00017147339626149581	1.503847384101062e-19	-8.03195	0.493999
804195	0.00016976890514166238	1.4165029776373788e-19	-8.04194	0.494001
805194	0.00016808135711644817	1.3342303381455832e-19	-8.05193	0.494002
806193	0.00016641058376699143	1.2567350500262086e-19	-8.06192	0.494004
807192	0.00016475641834855711	1.183739782951964e-19	-8.07191	0.494006
808191	0.00016311869577389934	1.1149833007569749e-19	-8.0819	0.494007
809190	0.00016149725259678136	1.0502195277956579e-19	-8.09189	0.494009
810189	0.00015989192699566632	9.8921666944041368e-20	-8.10188	0.494011
811188	0.00015830255875756599	9.3175638358041415e-20	-8.11187	0.494012
812187	0.00015672898926205237	8.7763300016531193e-20	-8.12186	0.494014
813186	0.00015517106146542624	8.2665278600913697e-20	-8.13185	0.494015
814185	0.00015362861988504455	7.7863325223081189e-20	-8.14184	0.494017
815184	0.00015210151058380299	7.3340250185984825e-20	-8.15183	0.494018
816183	0.00015058958115477336	6.9079861527885603e-20	-8.16182	0.49402
817182	0.00014909268070599244	6.5066907130948315e-20	-8.17181	0.494021
818181	0.00014761065984540347	6.1287020187543201e-20	-8.1818	0.494023
819180	0.00014614337066594634	5.7726667829595917e-20	-8.19179	0.494024
820179	0.0001446906667307956	5.437310273760595e-20	-8.20178	0.494026
821178	0.00014325240305874848	5.121431755657577e-20	-8.21177	0.494027
822177	0.00014182843610975254	4.8239001956111141e-20	-8.22176	0.494029
823176	0.00014041862377058112	4.5436502181377467e-20	-8.23175	0.49403
824175	0.00013902282534065353	4.2796782950485058e-20	-8.24174	0.494031
825174	0.00013764090151798688	4.0310391562245685e-20	-8.25173	0.494033
826173	0.00013627271438529872	3.7968424086129385e-20	-8.26172	0.494034
827172	0.000134918127396241	3.5762493513677255e-20	-8.27171	0.494036
828171	0.00013357700536177169	3.3684699757625096e-20	-8.2817	0.494037
829170	0.00013224921443666564	3.1727601391587175e-20	-8.29169	0.494038
830169	0.00013093462210615338	2.9884189029358192e-20	-8.30168	0.49404
831168	0.00012963309717269736	2.8147860248743462e-20	-8.31167	0.494041
832167	0.00012834450974289936	2.6512395970340561e-20	-8.32166	0.494042
833166	0.00012706873121453471	2.4971938206887439e-20	-8.33165	0.494043
834165	0.00012580563426372007	2.3520969103683446e-20	-8.34164	0.494045
835164	0.00012455509283220507	2.2154291195199979e-20	-8.35163	0.494046
836163	0.00012331698211479251	2.086700880733768e-20	-8.36162	0.494047
837162	0.0001220911785468799	1.9654510538876812e-20	-8.37161	0.494048
838161	0.00012087755979213264	1.8512452759521417e-20	-8.3816	0.49405
839160	0.00011967600473026961	1.7436744065566743e-20	-8.39159	0.494051
840159	0.00011848639344497833	1.6423530637638442e-20	-8.40158	0.494052
841158	0.00011730860721194592	1.5469182448174018e-20	-8.41157	0.494053
842157	0.00011614252848701136	1.4570280269350788e-20	-8.42156	0.494054
843156	0.00011498804089443322	1.3723603435023354e-20	-8.43155	0.494056
844155	0.00011384502921527617	1.292611831292652e-20	-8.44154	0.494057
845154	0.0001127133793759116	1.2174967445936094e-20	-8.45153	0.494058
846153	0.00011159297843663296	1.1467459323570489e-20	-8.46152	0.494059
847152	0.00011048371458038468	1.0801058747166082e-20	-8.47151	0.49406
848151	0.00010938547710160216	1.0173377754281301e-20	-8.4815	0.494061
849150	0.00010829815639516354	9.5821670698812125e-21	-8.49149	0.494062
850149	0.00010722164394545151	9.0253080537369185e-21	-8.50148	0.494063
851148	0.00010615583231552233	8.500805115246494e-21	-8.51147	0.494064
852147	0.00010510061513638362	8.006778568554899e-21	-8.52146	0.494065
853146	0.00010405588709638015	7.5414579024228135e-21	-8.53145	0.494066
854145	0.00010302154393068161	7.1031754407769127e-21	-8.54144	0.494067
855144	0.00010199748241087815	6.6903603712701093e-21	-8.55143	0.494069
856143	0.0001009836003346776	6.3015331204951763e-21	-8.56142	0.49407
857142	9.997979651570631e-05	5.9353000557344399e-21	-8.57141	0.494071
858141	9.8985970773409184e-05	5.5903484942950052e-21	-8.5814	0.494072
859140	9.8002023923052979e-05	5.2654420025786464e-21	-8.59139	0.494073
860139	9.702785776582704e-05	4.9594159680707196e-21	-8.60138	0.494073
861138	9.6063375079042767e-05	4.6711734284084566e-21	-8.61137	0.494074
862137	9.5108479606430903e-05	4.3996811426076483e-21	-8.62136	0.494075
863136	9.4163076048535266e-05	4.1439658903926978e-21	-8.63135	0.494076
864135	9.3227070053201514e-05	3.9031109863904125e-21	-8.64134	0.494077
865134	9.2300368206161071e-05	3.6762529967159913e-21	-8.65133	0.494078
866133	9.1382878021707789e-05	3.462578646203404e-21	-8.66132	0.494079
867132	9.0474507933467857e-05	3.2613219052141481e-21	-8.67131	0.49408
868131	8.9575167285261797e-05	3.0717612456002755e-21	-8.6813	0.494081
869130	8.8684766322056071e-05	2.893217056002534e-21	-8.69129	0.494082
870129	8.7803216181007163e-05	2.7250492072344272e-21	-8.70128	0.494083
871128	8.6930428882591004e-05	2.566654759039487e-21	-8.71127	0.494084
872127	8.6066317321823168e-05	2.4174658000148001e-21	-8.72126	0.494084
873126	8.5210795259566118e-05	2.2769474129702285e-21	-8.73125	0.494085
874125	8.4363777313923005e-05	2.1445957584410391e-21	-8.74124	0.494086
875124	8.3525178951714623e-05	2.0199362694947412e-21	-8.75123	0.494087
876123	8.2694916480044705e-05	1.9025219513706851e-21	-8.76122	0.494088
877122	8.1872907037946465e-05	1.7919317798660875e-21	-8.77121	0.494089
878121	8.1059068588112984e-05	1.6877691927354751e-21	-8.7812	0.494089
879120	8.0253319908710137e-05	1.5896606687032375e-21	-8.79119	0.49409
880119	7.9455580585270348e-05	1.4972543890023062e-21	-8.80118	0.494091
881118	7.8665771002667356e-05	1.4102189766474784e-21	-8.81117	0.494092
882117	7.7883812337170363e-05	1.3282423089297956e-21	-8.82116	0.494093
883116	7.7109626548576987e-05	1.2510303988805409e-21	-8.83115	0.494093
884115	7.6343136372425692e-05	1.1783063417001492e-21	-8.84114	0.494094
885114	7.5584265312284065e-05	1.1098093223797296e-21	-8.85113	0.494095
886113	7.4832937632114343e-05	1.0452936809619821e-21	-8.86112	0.494096
887112	7.4089078348715673e-05	9.8452803209449826e-22	-8.87111	0.494096
888111	7.3352613224239628e-05	9.2729443572273647e-22	-8.8811	0.494097
889110	7.2623468758782061e-05	8.7338761595301241e-22	-8.89109	0.494098
890109	7.1901572183047052e-05	8.2261422528820755e-22	-8.90108	0.494099
891108	7.1186851451084747e-05	7.7479215160134612e-22	-8.91107	0.494099
892107	7.0479235233101377e-05	7.2974986536510211e-22	-8.92106	0.4941
893106	6.9778652908340506e-05	6.8732580479944324e-22	-8.93105	0.494101
894105	6.9085034558034636e-05	6.4736779673533075e-22	-8.94104	0.494101
895104	6.839831095842732e-05	6.0973251112021222e-22	-8.95103	0.494102
896103	6.7718413573864558e-05	5.7428494721154543e-22	-8.96102	0.494103
897102	6.7045274549955137e-05	5.4089794961796649e-22	-8.97101	0.494103
898101	6.6378826706798457e-05	5.094517524545993e-22	-8.981	0.494104
899100	6.5719003532280194e-05	4.7983354997967253e-22	-8.99099	0.494105
900099	6.5065739175433455e-05	4.5193709217438129e-22	-9.00098	0.494105
901098	6.4418968439868045e-05	4.2566230381728467e-22	-9.01097	0.494106
902097	6.3778626777263281e-05	4.0091492568861612e-22	-9.02096	0.494107
903096	6.3144650280925262e-05	3.7760617661913954e-22	-9.03095	0.494107
904095	6.2516975679410185e-05	3.5565243517282146e-22	-9.04094	0.494108
905094	6.1895540330209438e-05	3.3497493982290547e-22	-9.05093	0.494109
906093	6.1280282213496912e-05	3.1549950654718116e-22	-9.06092	0.494109
907092	6.0671139925940351e-05	2.971562628306418e-22	-9.07091	0.49411
908091	6.0068052674573106e-05	2.798793971224601e-22	-9.0809	0.49411
909090	5.9470960270726547e-05	2.6360692284958472e-22	-9.09089	0.494111
910089	5.8879803124023397e-05	2.4828045614137497e-22	-9.10088	0.494112
911088	5.8294522236430805e-05	2.3384500646880685e-22	-9.11087	0.494112
912087	5.7715059196371728e-05	2.2024877944803911e-22	-9.12086	0.494113
913086	5.7141356172895946e-05	2.0744299110169529e-22	-9.13085	0.494113
914085	5.6573355909908006e-05	1.9538169291226295e-22	-9.14084	0.494114
915084	5.601100172045363e-05	1.8402160704066523e-22	-9.15083	0.494114
916083	5.5454237481061578e-05	1.7332197111947231e-22	-9.16082	0.494115
917082	5.4903007626142962e-05	1.632443920645227e-22	-9.17081	0.494116
918081	5.4357257142445793e-05	1.5375270838103104e-22	-9.1808	0.494116
919080	5.3816931563564062e-05	1.4481286047068558e-22	-9.19079	0.494117
920079	5.328197696450257e-05	1.3639276847490296e-22	-9.20078	0.494117
921078	5.2752339956294654e-05	1.2846221721641769e-22	-9.21077	0.494118
922077	5.2227967680674516e-05	1.2099274782679945e-22	-9.22076	0.494118
923076	5.1708807804801397e-05	1.1395755567145518e-22	-9.23075	0.494119
924075	5.1194808516036807e-05	1.0733139420624143e-22	-9.24074	0.494119
925074	5.0685918516773661e-05	1.0109048442104913e-22	-9.25073	0.49412
926073	5.0182087019316735e-05	9.5212429545762625e-23	-9.26072	0.49412
927072	4.968326374081399e-05	8.9676134712832137e-23	-9.27071	0.494121
928071	4.9189398898238476e-05	8.4461731288474992e-23	-9.2807	0.494121
929070	4.8700443203419506e-05	7.955050560123933e-23	-9.29069	0.494122
930069	4.8216347858124027e-05	7.4924831812432127e-23	-9.30068	0.494122
931068	4.7737064549186445e-05	7.0568108687746207e-23	-9.31067	0.494123
932067	4.7262545443686598e-05	6.6464700043410328e-23	-9.32066	0.494123
933066	4.6792743184176697e-05	6.2599878653351164e-23	-9.33065	0.494124
934065	4.6327610883954206e-05	5.8959773416257124e-23	-9.34064	0.494124
935064	4.5867102122382856e-05	5.5531319593125128e-23	-9.35063	0.494125
936063	4.5411170940259902e-05	5.2302211936869621e-23	-9.36062	0.494125
937062	4.4959771835229818e-05	4.9260860545939183e-23	-9.37061	0.494126
938061	4.4512859757241824e-05	4.6396349283655731e-23	-9.3806	0.494126
939060	4.4070390104054809e-05	4.3698396614178355e-23	-9.39059	0.494126
940059	4.3632318716786021e-05	4.1157318714665403e-23	-9.40058	0.494127
941058	4.3198601875503567e-05	3.8763994731359956e-23	-9.41057	0.494127
942057	4.2769196294863254e-05	3.6509834055013881e-23	-9.42056	0.494128
943056	4.2344059119788844e-05	3.4386745498301624e-23	-9.43055	0.494128
944055	4.192314792119485e-05	3.2387108264694945e-23	-9.44054	0.494129
945054	4.1506420691752354e-05	3.0503744604688984e-23	-9.45053	0.494129
946053	4.109383584169615e-05	2.8729894061324405e-23	-9.46052	0.494129
947052	4.0685352194674555e-05	2.7059189212641262e-23	-9.47051	0.49413
948051	4.0280928983639567e-05	2.5485632824072178e-23	-9.4805	0.49413
949050	3.9880525846778892e-05	2.4003576328834849e-23	-9.49049	0.494131
950049	3.9484102823486897e-05	2.260769955914513e-23	-9.50048	0.494131
951048	3.9091620350377196e-05	2.1292991655558696e-23	-9.51047	0.494131
952047	3.8703039257333975e-05	2.0054733085969095e-23	-9.52046	0.494132
953046	3.831832076360276e-05	1.888847870977381e-23	-9.53045	0.494132
954045	3.7937426473920123e-05	1.7790041826462918e-23	-9.54044	0.494133
955044	3.7560318374681571e-05	1.6755479151418007e-23	-9.55043	0.494133
956043	3.7186958830148281e-05	1.5781076665031186e-23	-9.56042	0.494133
957042	3.6817310578690407e-05	1.4863336284387966e-23	-9.57041	0.494134
958041	3.645133672906862e-05	1.3998963309705373e-23	-9.5804	0.494134
959040	3.6089000756752496e-05	1.3184854600495468e-23	-9.59039	0.494134
960039	3.5730266500274944e-05	1.2418087439042127e-23	-9.60038	0.494135
961038	3.5375098157623481e-05	1.1695909041242482e-23	-9.61037	0.494135
962037	3.5023460282667334e-05	1.1015726677186518e-23	-9.62036	0.494135
963036	3.4675317781619408e-05	1.0375098366035034e-23	-9.63035	0.494136
964035	3.4330635909534514e-05	9.7717241118154398e-24	-9.64034	0.494136
965034	3.3989380266841042e-05	9.2034376486951598e-24	-9.65033	0.494137
966033	3.3651516795908646e-05	8.6681986661192471e-24	-9.66032	0.494137
967032	3.3317011777648599e-05	8.1640854859201804e-24	-9.67031	0.494137
968031	3.2985831828149069e-05	7.6892881651285752e-24	-9.6803	0.494138
969030	3.2657943895343101e-05	7.2421019997404103e-24	-9.69029	0.494138
970029	3.2333315255709853e-05	6.8209214061346353e-24	-9.70028	0.494138
971028	3.2011913511009481e-05	6.4242341581892571e-24	-9.71027	0.494138
972027	3.1693706585048815e-05	6.05061595942034e-24	-9.72026	0.494139
973026	3.1378662720480832e-05	5.6987253306692857e-24	-9.73025	0.494139
974025	3.1066750475634677e-05	5.3672987949963343e-24	-9.74024	0.494139
975024	3.0757938721378404e-05	5.0551463425039759e-24	-9.75023	0.49414
976023	3.045219663801152e-05	4.7611471588179115e-24	-9.76022	0.49414
977022	3.0149493712189941e-05	4.4842456018994906e-24	-9.77021	0.49414
978021	2.9849799733880043e-05	4.2234474127537374e-24	-9.7802	0.494141
979020	2.9553084793344129e-05	3.9778161464366893e-24	-9.79019	0.494141
980019	2.9259319278155267e-05	3.7464698105556235e-24	-9.80018	0.494141
981018	2.896847387024174e-05	3.5285776992004071e-24	-9.81017	0.494142
982017	2.8680519542961353e-05	3.3233574109450086e-24	-9.82016	0.494142
983016	2.839542755820448e-05	3.1300720402188179e-24	-9.83015	0.494142
984015	2.8113169463525901e-05	2.9480275319693471e-24	-9.84014	0.494142
985014	2.7833717089305232e-05	2.7765701901234954e-24	-9.85013	0.494143
986013	2.7557042545935691e-05	2.6150843309065588e-24	-9.86012	0.494143
987012	2.7283118221040511e-05	2.462990072597878e-24	-9.87011	0.494143
988011	2.7011916776717214e-05	2.3197412537913305e-24	-9.8801	0.494143
989010	2.6743411146809545e-05	2.1848234726901302e-24	-9.89009	0.494144
990009	2.6477574534205886e-05	2.0577522403994939e-24	-9.90008	0.494144
991008	2.6214380408165089e-05	1.9380712415898886e-24	-9.91007	0.494144
992007	2.5953802501668633e-05	1.8253506962887138e-24	-9.92006	0.494145
993006	2.5695814808799049e-05	1.7191858169211806e-24	-9.93005	0.494145
994005	2.5440391582144731e-05	1.6191953550628858e-24	-9.94004	0.494145
995004	2.518750733023008e-05	1.5250202326884771e-24	-9.95003	0.494145
996003	2.4937136814971524e-05	1.4363222530040248e-24	-9.96002	0.494146
997002	2.4689255049158856e-05	1.3527828862362569e-24	-9.97001	0.494146
998001	2.4443837293961303e-05	1.2741021260207676e-24	-9.98	0.494146
999000	2.4200859056458668e-05	1.1999974122846812e-24	-9.98999	0.494146
999999	2.3960296087196791e-05	1.130202616757825e-24	-9.99998	0.494147
