# Filename: 3Dvlt_flow_Op11144_K0.312_y0.034_step1000000.dat
# Source: 3Dvlt_flow.c
# Source version: 1 (2012 Jul 19 - ...)
# Constant values: PI= 3.141592653589793116, PISQ=9.8696044010893579923, PICU=31.0062766802998162063
# Parameter values: OpA=1, OpB=1, OpC=1, OpD=4, OpE=4, A3=41.3417022403997549418, THETA=0.6, N=2, initialdl=1e-05, trajectorydl=1e-05, initialds=1e-05, trajectorydsMax=1e-05, uncertainty=1e-16, dataskipdl=999, dataskipds=999
# Option-dependent values: K=0.312072567375560772085, y=0.033774943672259361005, Kstar=                  -10, ystar=                  -10, c=                    0, Z=                    0, lambda=                    0, initialKdir=0, flowdir=-1, Max_steps=1000000
# Initialized values: Deltas=0, Deltal=0, count_steps=0, count_passes=0, K0c=0.296469, oldK0c=-100
# Input-file parameter: Cc=1.1
# step	K	y	path-length-l	path-length-s (in K-y-space)
0	0.31207256737556077	0.033774943672259361	0	0
1	0.31207256737556077	0.033774943672259361	2.0755e-317	0
2	0.31207080650572355	0.033774684308112084	-1e-05	1.77987e-06
3	0.3120690456277066	0.033774424939507386	-2e-05	3.55975e-06
4	0.31206728474151013	0.033774165566445344	-3e-05	5.33963e-06
5	0.31206552384713426	0.033773906188926048	-4e-05	7.11953e-06
6	0.3120637629445791	0.033773646806949581	-5e-05	8.89943e-06
7	0.31206200203384488	0.033773387420516027	-6e-05	1.06793e-05
8	0.31206024111493169	0.033773128029625461	-7e-05	1.24593e-05
9	0.31205848018783972	0.033772868634277975	-8e-05	1.42392e-05
10	0.31205671925256911	0.033772609234473651	-9e-05	1.60191e-05
999	0.31031117558905069	0.033513894588502464	-0.00998	0.00178063
1998	0.30854001795357539	0.033248222533499711	-0.01997	0.0035716
2997	0.30676102306085506	0.032978274866341667	-0.02996	0.00537096
3996	0.30497436836233877	0.032704142761679031	-0.03995	0.00717853
4995	0.30318024084285805	0.032425920538499783	-0.04994	0.0089941
5994	0.30137883681711325	0.032143705623131243	-0.05993	0.0108175
6993	0.29957036171086859	0.031857598506083433	-0.06992	0.0126484
7992	0.29775502982718055	0.031567702692678203	-0.07991	0.0144868
8991	0.2959330640979872	0.031274124647426446	-0.0899	0.0163322
9990	0.29410469582147547	0.030976973732136037	-0.09989	0.0181846
10989	0.29227016438568471	0.030676362137752627	-0.10988	0.0200436
11988	0.29042971697884568	0.030372404809955376	-0.11987	0.021909
12987	0.28858360828699764	0.030065219368551343	-0.12986	0.0237805
13986	0.28673210017951106	0.029754926020732698	-0.13985	0.0256578
14985	0.28487546138312869	0.029441647468282994	-0.14984	0.0275407
15984	0.28301396714523747	0.02912550880883898	-0.15983	0.0294288
16983	0.28114789888707525	0.028806637431338458	-0.16982	0.0313219
17982	0.27927754384765191	0.028485162905802906	-0.17981	0.0332197
18981	0.27740319471916614	0.02816121686762748	-0.1898	0.0351219
19980	0.27552514927475336	0.02783493289657081	-0.19979	0.037028
20979	0.27364370998941379	0.027506446390657871	-0.20978	0.0389379
21978	0.27175918365499341	0.02717589443522871	-0.21977	0.0408512
22977	0.26987188099012499	0.026843415667386388	-0.22976	0.0427676
23976	0.26798211624601564	0.026509150136114233	-0.23975	0.0446867
24975	0.26609020680903672	0.026173239158352769	-0.24974	0.0466082
25974	0.26419647280101738	0.025835825171340865	-0.25973	0.0485318
26973	0.26230123667819666	0.025497051581543629	-0.26972	0.050457
27972	0.26040482282975819	0.025157062610502511	-0.27971	0.0523837
28971	0.25850755717688356	0.024816003137957926	-0.2897	0.0543114
29970	0.25660976677324443	0.024474018542605825	-0.29969	0.0562397
30969	0.25471177940784973	0.02413125454085991	-0.30968	0.0581684
31968	0.25281392321113599	0.023787857024002684	-0.31967	0.0600971
32967	0.25091652626518796	0.023443971894113031	-0.32966	0.0620254
33966	0.24901991621893929	0.023099744899166722	-0.33965	0.063953
34965	0.2471244199091796	0.022755321467710185	-0.34964	0.0658795
35964	0.24523036298817352	0.022410846543509819	-0.35963	0.0678046
36963	0.24333806955865911	0.022066464420582389	-0.36962	0.069728
37962	0.24144786181695915	0.021722318579009383	-0.37961	0.0716493
38961	0.23956005970490066	0.021378551521938714	-0.3896	0.0735682
39960	0.23767498057120651	0.021035304614171472	-0.39959	0.0754842
40959	0.23579293884296601	0.020692717922727529	-0.40958	0.0773972
41958	0.23391424570777455	0.020350930059776479	-0.41957	0.0793067
42957	0.2320392088070547	0.020010078028311652	-0.42956	0.0812125
43956	0.23016813194105229	0.019670297070936892	-0.43955	0.0831142
44955	0.22830131478594851	0.019331720522121773	-0.44954	0.0850114
45954	0.22643905262346734	0.018994479664270675	-0.45953	0.086904
46953	0.22458163608333451	0.01865870358793599	-0.46952	0.0887915
47952	0.22272935089886928	0.018324519056491038	-0.47951	0.0906737
48951	0.22088247767597086	0.017992050375561813	-0.4895	0.0925503
49950	0.21904129167568664	0.01766141926749909	-0.49949	0.0944209
50949	0.21720606261052269	0.017332744751155416	-0.50948	0.0962853
51948	0.21537705445460456	0.01700614302721027	-0.51947	0.0981433
52947	0.21355452526774202	0.016681727369269105	-0.52946	0.0999944
53946	0.21173872703342772	0.016359608020939817	-0.53945	0.101839
54945	0.20992990551073257	0.016039892099070883	-0.54944	0.103675
55944	0.20812830010004246	0.015722683503311477	-0.55943	0.105505
56943	0.2063341437225229	0.015408082832135369	-0.56942	0.107326
57942	0.20454766271317915	0.01509618730544628	-0.57941	0.10914
58941	0.20276907672731712	0.014787090693860958	-0.5894	0.110945
59940	0.20099859866020944	0.014480883254744772	-0.59939	0.112742
60939	0.1992364345797081	0.014177651675052196	-0.60938	0.11453
61938	0.19748278367154512	0.013877479021003536	-0.61937	0.116309
62937	0.19573783819699961	0.013580444694607785	-0.62936	0.118079
63936	0.19400178346262842	0.013286624397020264	-0.63935	0.11984
64935	0.19227479780169038	0.012996090098704104	-0.64934	0.121591
65934	0.19055705256690664	0.012708910016344142	-0.65933	0.123333
66933	0.18884871213416507	0.012425148596443204	-0.66932	0.125064
67932	0.18714993391676504	0.01214486650551231	-0.67931	0.126786
68931	0.18546086838977929	0.011868120626748134	-0.6893	0.128498
69930	0.18378165912411504	0.011594964063075433	-0.69929	0.130199
70929	0.18211244282981887	0.011325446146415129	-0.70928	0.13189
71928	0.18045334940818988	0.011059612453024758	-0.71927	0.13357
72927	0.17880450201224515	0.010797504824743204	-0.72926	0.13524
73926	0.1771660171150759	0.010539161395959788	-0.73925	0.136898
74925	0.175538004585644	0.010284616626114766	-0.74924	0.138546
75924	0.17392056777155032	0.010033901337528137	-0.75923	0.140183
76923	0.17231380358832912	0.0097870427583437204	-0.76922	0.141809
77922	0.17071780261480449	0.0095440645703667362	-0.77921	0.143423
78921	0.16913264919406362	0.0093049869615655888	-0.7892	0.145026
79920	0.16755842153960235	0.0090698266830014848	-0.79919	0.146618
80919	0.16599519184620512	0.0088385971099448658	-0.80918	0.148198
81918	0.16444302640513334	0.0086113083069322919	-0.81917	0.149767
82917	0.16290198572319917	0.0083879670965143326	-0.82916	0.151324
83916	0.1613721246453188	0.0081685771314425736	-0.83915	0.152869
84915	0.1598534924801451	0.0079531389700419602	-0.84914	0.154403
85914	0.1583461331283931	0.0077416501545147648	-0.85913	0.155925
86913	0.15685008521348701	0.0075341052919218028	-0.86912	0.157436
87912	0.15536538221416596	0.0073304961375883926	-0.87911	0.158934
88911	0.15389205259869881	0.0071308116806845954	-0.8891	0.160421
89910	0.15243011996038133	0.0069350382317311153	-0.89909	0.161896
90909	0.15097960315398809	0.0067431595117867175	-0.90908	0.163359
91908	0.1495405164328798	0.0065551567430764306	-0.91907	0.164811
92907	0.14811286958647313	0.0063710087408250741	-0.92906	0.16625
93906	0.14669666807780196	0.0061906920060655563	-0.93905	0.167678
94905	0.14529191318089785	0.0060141808191975839	-0.94904	0.169093
95904	0.14389860211775832	0.0058414473340786333	-0.95903	0.170497
96903	0.14251672819465755	0.0056724616724360532	-0.96902	0.17189
97902	0.14114628093759091	0.0055071920183961702	-0.97901	0.17327
98901	0.13978724622664593	0.0053456047129338442	-0.989	0.174639
99900	0.1384396064291081	0.0051876643480540698	-0.99899	0.175995
100899	0.13710334053113474	0.0050333338605249639	-1.00898	0.177341
101898	0.13577842426782341	0.0048825746249900517	-1.01897	0.178674
102897	0.1344648302515338	0.0047353465462962674	-1.02896	0.179996
103896	0.13316252809832177	0.0045916081508825422	-1.03895	0.181306
104895	0.1318714845523655	0.0044513166770828051	-1.04894	0.182605
105894	0.13059166360826535	0.0043144281642059929	-1.05893	0.183892
106893	0.12932302663112491	0.0041808975402641887	-1.06892	0.185167
107892	0.1280655324743126	0.0040506787082291414	-1.07891	0.186432
108891	0.12681913759483865	0.0039237246307059857	-1.0889	0.187685
109890	0.12558379616626131	0.0037999874129217709	-1.09889	0.188926
110889	0.12435946018907813	0.0036794183839346734	-1.10888	0.190156
111888	0.12314607959854429	0.0035619681759786167	-1.11887	0.191375
112887	0.12194360236987611	0.0034475868018660426	-1.12886	0.192583
113886	0.12075197462081072	0.0033362237303796874	-1.13885	0.19378
114885	0.11957114071149393	0.0032278279595922836	-1.14884	0.194966
115884	0.11840104334167853	0.003122348088060676	-1.15883	0.196141
116883	0.1172416236452227	0.0030197323838483396	-1.16882	0.197305
117882	0.11609282128188463	0.0029199288513376306	-1.17881	0.198458
118881	0.11495457452641321	0.0028228852957999438	-1.1888	0.1996
119880	0.11382682035494512	0.0027285493856987831	-1.19879	0.200732
120879	0.11270949452871813	0.0026368687127071755	-1.20878	0.201853
121878	0.11160253167512026	0.0025477908494269895	-1.21877	0.202964
122877	0.11050586536609627	0.0024612634048036775	-1.22876	0.204064
123876	0.10941942819393707	0.0023772340772356226	-1.23875	0.205153
124875	0.10834315184448347	0.0022956507053823929	-1.24874	0.206233
125874	0.1072769671677775	0.0022164613166814973	-1.25873	0.207302
126873	0.10622080424619558	0.002139614173587719	-1.26872	0.208361
127872	0.10517459246010785	0.0020650578175538011	-1.27871	0.20941
128871	0.10413826055110165	0.0019927411107752068	-1.2887	0.210448
129870	0.10311173668281473	0.0019226132757257312	-1.29869	0.211477
130869	0.10209494849942409	0.0018546239325142118	-1.30868	0.212496
131868	0.10108782318183888	0.0017887231340959703	-1.31867	0.213506
132867	0.10009028750164693	0.0017248613993757394	-1.32866	0.214505
133866	0.099102267872866481	0.001662989744241444	-1.33865	0.215495
134865	0.098123690401550265	0.0016030597105709328	-1.34864	0.216476
135864	0.097154480933302173	0.0015450233932559332	-1.35863	0.217447
136863	0.096194565098752113	0.0014888334652895761	-1.36862	0.218408
137862	0.095243868357047137	0.0014344432009656394	-1.37861	0.21936
138861	0.094302316037413333	0.001381806497239287	-1.3886	0.220303
139860	0.093369833378838404	0.0013308778933003979	-1.39859	0.221237
140859	0.092446345567933463	0.001281612588411732	-1.40858	0.222162
141858	0.091531777775026149	0.0012339664580652454	-1.41857	0.223078
142857	0.090626055188538612	0.0011878960685104971	-1.42856	0.223985
143856	0.089729103047705122	0.001143358689709807	-1.43855	0.224883
144855	0.088840846673680016	0.0011003123067751738	-1.44854	0.225772
145854	0.087961211499091127	0.0010587156299422201	-1.45853	0.226653
146853	0.087090123096089211	0.0010185281031366226	-1.46852	0.227525
147852	0.086227507202944226	0.00097970991118833816	-1.47851	0.228388
148851	0.085373289749239231	0.00094222198574883773	-1.4885	0.229243
149850	0.084527396879711961	0.00090602600996621426	-1.49849	0.23009
150849	0.083689754976791125	0.0008710844219727168	-1.50848	0.230928
151848	0.082860290681877627	0.00083736041723856845	-1.51847	0.231758
152847	0.082038930915415947	0.00080481794984547949	-1.52846	0.23258
153846	0.081225602895800122	0.00077342173273242578	-1.53845	0.233394
154845	0.080420234157163262	0.00074313723696553221	-1.54844	0.2342
155844	0.079622752566088917	0.0007139306900829889	-1.55843	0.234998
156843	0.078833086337291552	0.00068576907356498237	-1.56842	0.235789
157842	0.078051164048305463	0.00065862011947761937	-1.57841	0.236571
158841	0.077276914653222131	0.00063245230633876385	-1.5884	0.237346
159840	0.076510267495517176	0.00060723485425257125	-1.59839	0.238113
160839	0.075751152320003082	0.00058293771935834498	-1.60838	0.238872
161838	0.074999499283946655	0.00055953158763816528	-1.61837	0.239624
162837	0.074255238967385478	0.00053698786812647582	-1.62836	0.240369
163836	0.07351830238268052	0.000515278685563596	-1.63835	0.241106
164835	0.072788620983335856	0.00049437687253380826	-1.64834	0.241836
165834	0.072066126672119951	0.0004742559611274157	-1.65833	0.242559
166833	0.071350751808521851	0.00045489017416482151	-1.66832	0.243274
167832	0.07064242921556807	0.00043625441601940297	-1.67831	0.243983
168831	0.069941092186034226	0.00041832426307459745	-1.6883	0.244685
169830	0.069246674488077239	0.00040107595384933624	-1.69829	0.245379
170829	0.068559110370319351	0.00038448637882461731	-1.70828	0.246067
171828	0.067878334566403908	0.00036853307000271737	-1.71827	0.246748
172827	0.067204282299054605	0.00035319419022923198	-1.72826	0.247422
173826	0.066536889283660111	0.00033844852230686403	-1.73825	0.24809
174825	0.065876091731408279	0.00032427545792858059	-1.74824	0.248751
175824	0.065221826351991072	0.0003106549864565325	-1.75823	0.249405
176823	0.064574030355905171	0.00029756768357186881	-1.76822	0.250053
177822	0.063932641456368164	0.00028499469981939368	-1.77821	0.250695
178821	0.063297597870865696	0.00027291774906977779	-1.7882	0.25133
179820	0.062668838322358797	0.00026131909692092288	-1.79819	0.251959
180819	0.062046302040159873	0.00025018154905887365	-1.80818	0.252581
181818	0.061429928760500858	0.0002394884395976179	-1.81817	0.253198
182817	0.060819658726810027	0.00022922361941598326	-1.82816	0.253808
183816	0.06021543268971144	0.00021937144450879232	-1.83815	0.254412
184815	0.059617191906764996	0.00020991676436841778	-1.84814	0.255011
185814	0.059024878141960467	0.00020084491041186508	-1.85813	0.255603
186813	0.058438433664980999	0.00019214168446755376	-1.86812	0.25619
187812	0.057857801250248225	0.00018379334733501917	-1.87811	0.25677
188811	0.057282924175764319	0.00017578660742985215	-1.8881	0.257345
189810	0.056713746221759551	0.00016810860952532359	-1.89809	0.257914
190809	0.056150211669162411	0.00016074692360128253	-1.90808	0.258478
191808	0.055592265297898229	0.00015368953381012291	-1.91807	0.259036
192807	0.05503985238503141	0.00014692482756880303	-1.92806	0.259588
193806	0.054492918702758804	0.00014044158478517972	-1.93805	0.260135
194805	0.053951410516265987	0.00013422896722617482	-1.94804	0.260677
195804	0.053415274581453003	0.0001282765080346114	-1.95803	0.261213
196803	0.052884458142541814	0.00012257410140089262	-1.96802	0.261744
197802	0.052358908929571242	0.00011711199239506433	-1.97801	0.26227
198801	0.051838575155788311	0.00011188076696420145	-1.988	0.26279
199800	0.051323405514944909	0.00010687134209947851	-1.99799	0.263305
200799	0.05081334917850408	0.00010207495617674286	-2.00798	0.263815
201798	0.05030835579276554	9.7483159473885528e-05	-2.01797	0.26432
202797	0.049808375475915455	9.3087804867816057e-05	-2.02796	0.26482
203796	0.04931335881500757	8.8881038713373644e-05	-2.03795	0.265315
204795	0.04882325686287995	8.4855291906072813e-05	-2.04794	0.265805
205794	0.04833802113501541	8.1003271130157846e-05	-2.05793	0.266291
206793	0.047857603606348033	7.7317950293049443e-05	-2.06792	0.266771
207792	0.047381956708023372	7.379256214689727e-05	-2.07791	0.267247
208791	0.04691103332411467	7.0420590097601635e-05	-2.0879	0.267718
209790	0.046444786788301794	6.719576020134386e-05	-2.09789	0.268184
210789	0.045983170880515088	6.4112033348355705e-05	-2.10788	0.268645
211788	0.045526139823549597	6.1163597633376229e-05	-2.11787	0.269103
212787	0.045073648279652663	5.8344860911977127e-05	-2.12786	0.269555
213786	0.044625651347088	5.5650443541689953e-05	-2.13785	0.270003
214785	0.044182104556681423	5.3075171306640134e-05	-2.14784	0.270447
215784	0.043742963868348854	5.0614068524180206e-05	-2.15783	0.270886
216783	0.043308185667611715	4.8262351331819174e-05	-2.16782	0.271321
217782	0.042877726762101227	4.6015421152566257e-05	-2.17781	0.271751
218781	0.042451544378054595	4.3868858336640161e-05	-2.1878	0.272177
219780	0.042029596156805744	4.1818415977350823e-05	-2.19779	0.272599
220779	0.041611840151272436	3.9860013898816032e-05	-2.20778	0.273017
221778	0.04119823482244285	3.7989732813061133e-05	-2.21777	0.27343
222777	0.040788739035862401	3.6203808643931606e-05	-2.22776	0.27384
223776	0.040383312058123948	3.449862701515683e-05	-2.23775	0.274245
224775	0.039981913553362211	3.287071789981076e-05	-2.24774	0.274647
225774	0.039584503579754363	3.1316750428341527e-05	-2.25773	0.275044
226773	0.039191042586029033	2.9833527852274684e-05	-2.26772	0.275438
227772	0.038801491407984348	2.8417982660637674e-05	-2.27771	0.275827
228771	0.038415811265016184	2.7067171846107067e-05	-2.2877	0.276213
229770	0.038033963756659329	2.5778272317837916e-05	-2.29769	0.276595
230769	0.037655910859140593	2.4548576457905939e-05	-2.30768	0.276973
231768	0.037281614921947183	2.3375487818268211e-05	-2.31767	0.277347
232767	0.036911038664409521	2.2256516955132156e-05	-2.32766	0.277718
233766	0.036544145172301222	2.11892773976115e-05	-2.33765	0.278085
234765	0.03618089789445509	2.0171481747545007e-05	-2.34764	0.278448
235764	0.035821260639397286	1.9200937907355007e-05	-2.35763	0.278808
236763	0.03546519757200102	1.8275545432831056e-05	-2.36762	0.279164
237762	0.035112673210158096	1.7393292007734024e-05	-2.37761	0.279516
238761	0.034763652421471558	1.6552250037135816e-05	-2.3876	0.279865
239760	0.034418100419968144	1.5750573356427467e-05	-2.39759	0.280211
240759	0.034075982762832392	1.4986494052957084e-05	-2.40758	0.280553
241758	0.033737265347161732	1.4258319397283574e-05	-2.41757	0.280892
242757	0.033401914406744206	1.3564428881068261e-05	-2.42756	0.281227
243756	0.033069896508857298	1.2903271358656995e-05	-2.43755	0.281559
244755	0.032741178551091252	1.227336228944678e-05	-2.44754	0.281888
245754	0.032415727758193957	1.1673281078167812e-05	-2.45753	0.282213
246753	0.03209351167894027	1.1101668510256246e-05	-2.46752	0.282535
247752	0.031774498183024059	1.0557224279535818e-05	-2.47751	0.282854
248751	0.031458655457974168	1.0038704605473002e-05	-2.4875	0.28317
249750	0.031145952006094907	9.544919937317953e-06	-2.49749	0.283483
250749	0.030836356641430425	9.0747327424911301e-06	-2.50748	0.283792
251748	0.030529838486753138	8.6270553766274582e-06	-2.51747	0.284099
252747	0.030226366970577102	8.2008480327384747e-06	-2.52746	0.284402
253746	0.029925911824195413	7.795116767006565e-06	-2.53745	0.284703
254745	0.029628443078742524	7.4089115987765736e-06	-2.54744	0.285
255744	0.029333931062280983	7.0413246823632206e-06	-2.55743	0.285295
256743	0.029042346396912978	6.6914885483462846e-06	-2.56742	0.285586
257742	0.028753659995916701	6.3585744120785652e-06	-2.57741	0.285875
258741	0.028467843060907144	6.0417905471855214e-06	-2.5874	0.286161
259740	0.028184867079021705	5.7403807218890508e-06	-2.59739	0.286444
260739	0.027904703820130612	5.4536226960411776e-06	-2.60738	0.286724
261738	0.027627325334071851	5.1808267768070616e-06	-2.61737	0.287001
262737	0.027352703947910388	4.9213344309896483e-06	-2.62736	0.287276
263736	0.027080812263222495	4.6745169520410256e-06	-2.63735	0.287548
264735	0.026811623153404116	4.43977417985778e-06	-2.64734	0.287817
265734	0.026545109761003553	4.216533271509754e-06	-2.65733	0.288084
266733	0.026281245495078796	4.0042475211024118e-06	-2.66732	0.288348
267732	0.026020004028578472	3.8023952270240324e-06	-2.67731	0.288609
268731	0.025761359295747362	3.6104786048788851e-06	-2.6873	0.288867
269730	0.025505285489555531	3.4280227444566807e-06	-2.69729	0.289123
270729	0.025251757059151562	3.2545746091373987e-06	-2.70728	0.289377
271728	0.02500074870733919	3.0897020761780719e-06	-2.71727	0.289628
272727	0.024752235388077717	2.932993016375373e-06	-2.72726	0.289877
273726	0.024506192304005706	2.7840544116437976e-06	-2.73725	0.290123
274725	0.02426259490398822	2.6425115090946058e-06	-2.74724	0.290366
275724	0.024021418880686703	2.5080070102449566e-06	-2.75723	0.290607
276723	0.023782640168152493	2.3802002940303218e-06	-2.76722	0.290846
277722	0.023546234939442624	2.2587666723357131e-06	-2.77721	0.291083
278721	0.023312179604258715	2.1433966768030612e-06	-2.7872	0.291317
279720	0.023080450806607932	2.0337953757125264e-06	-2.79719	0.291548
280719	0.022851025422486852	1.9296817197757579e-06	-2.80718	0.291778
281718	0.02262388055758701	1.8307879157174344e-06	-2.81717	0.292005
282717	0.022398993545022707	1.7368588265598204e-06	-2.82716	0.29223
283716	0.022176341943080827	1.6476513975616759e-06	-2.83715	0.292452
284715	0.021955903532991917	1.5629341067990243e-06	-2.84714	0.292673
285714	0.021737656316723239	1.4824864394103754e-06	-2.85713	0.292891
286713	0.021521578514793093	1.4060983845631016e-06	-2.86712	0.293107
287712	0.021307648564105712	1.333569954230914e-06	-2.87711	0.293321
288711	0.021095845115807994	1.2647107229047134e-06	-2.8871	0.293533
289710	0.02088614703316655	1.1993393873904845e-06	-2.89709	0.293743
290709	0.020678533389465552	1.1372833458783949e-06	-2.90708	0.29395
291708	0.020472983465925128	1.078378295496939e-06	-2.91707	0.294156
292707	0.020269476749639821	1.0224678475946613e-06	-2.92706	0.294359
293706	0.020067992931537278	9.6940316001994467e-07	-2.93705	0.294561
294705	0.019868511904357105	9.1904258569635871e-07	-2.94704	0.29476
295704	0.019671013760649149	8.7125133681734306e-07	-2.95703	0.294958
296703	0.019475478790791395	8.2590116400932106e-07	-2.96702	0.295153
297702	0.019281887481027729	7.8287004983706119e-07	-2.97701	0.295347
298701	0.019090220511524304	7.4204191604882399e-07	-2.987	0.295539
299700	0.018900458754445605	7.0330634398194183e-07	-2.99699	0.295728
300699	0.018712583272048725	6.6655830757179971e-07	-3.00698	0.295916
301698	0.018526575314797043	6.3169791842869205e-07	-3.01697	0.296102
302697	0.018342416319492068	5.9863018246797097e-07	-3.02696	0.296286
303696	0.018160087907423801	5.6726476759895875e-07	-3.03695	0.296469
304695	0.017979571882539097	5.37515781997646e-07	-3.04694	0.296649
305694	0.017800850229628365	5.0930156250694603e-07	-3.05693	0.296828
306693	0.017623905112530033	4.8254447272644923e-07	-3.06692	0.297005
307692	0.017448718872352654	4.5717071037113701e-07	-3.07691	0.29718
308691	0.017275274025714649	4.3311012349538612e-07	-3.0869	0.297354
309690	0.017103553263001101	4.1029603519494652e-07	-3.09689	0.297525
310689	0.016933539446638553	3.8866507641524099e-07	-3.10688	0.297695
311688	0.016765215609385806	3.6815702650951922e-07	-3.11687	0.297864
312687	0.01659856495264243	3.4871466120497379e-07	-3.12686	0.29803
313686	0.016433570844773666	3.3028360764901303e-07	-3.13685	0.298195
314685	0.016270216819451813	3.1281220622140575e-07	-3.14684	0.298359
315684	0.01610848657401422	2.9625137881107988e-07	-3.15683	0.29852
316683	0.01594836396783729	2.8055450326889276e-07	-3.16682	0.29868
317682	0.015789833020726899	2.6567729375977803e-07	-3.17681	0.298839
318681	0.015632877911324585	2.5157768674930769e-07	-3.1868	0.298996
319680	0.015477482975529252	2.3821573237086509e-07	-3.19679	0.299151
320679	0.015323632704935078	2.2555349093039508e-07	-3.20678	0.299305
321678	0.015171311745284339	2.1355493431603075e-07	-3.21677	0.299457
322677	0.015020504894935845	2.0218585208981662e-07	-3.22676	0.299608
323676	0.014871197103348626	1.9141376204830704e-07	-3.23675	0.299758
324675	0.014723373469580416	1.8120782504798605e-07	-3.24674	0.299905
325674	0.014577019240801192	1.7153876390025531e-07	-3.25673	0.300052
326673	0.014432119810821349	1.6237878614920347e-07	-3.26672	0.300197
327672	0.014288660718634586	1.5370151055348593e-07	-3.27671	0.30034
328671	0.014146627646975123	1.4548189710143678e-07	-3.2867	0.300482
329670	0.01400600642088933	1.376961803960166e-07	-3.29669	0.300623
330669	0.013866783006321435	1.3032180625337286e-07	-3.30668	0.300762
331668	0.013728943508713325	1.2333737136567165e-07	-3.31667	0.3009
332667	0.01359247417161822	1.1672256588546636e-07	-3.32666	0.301036
333666	0.013457361375328132	1.1045811879519277e-07	-3.33665	0.301171
334665	0.013323591635514918	1.045257459314473e-07	-3.34664	0.301305
335664	0.013191151601884828	9.8908100539525769e-08	-3.35663	0.301438
336663	0.013060028056846321	9.3588726239270625e-08	-3.36662	0.301569
337662	0.01293020791419139	8.8552012288610557e-08	-3.37661	0.301699
338661	0.012801678217789611	8.3783151036299129e-08	-3.3866	0.301827
339660	0.012674426140295406	7.9268097460251935e-08	-3.39659	0.301954
340659	0.012548438981868037	7.4993530692573199e-08	-3.40658	0.30208
341658	0.012423704168904405	7.0946817436857326e-08	-3.41657	0.302205
342657	0.012300209252784314	6.7115977187647695e-08	-3.42656	0.302329
343656	0.012177941908628207	6.3489649166050796e-08	-3.43655	0.302451
344655	0.01205688993406737	6.0057060889438208e-08	-3.44654	0.302572
345654	0.01193704124802631	5.6807998296943038e-08	-3.45653	0.302692
346653	0.011818383889516997	5.3732777356050439e-08	-3.46652	0.30281
347652	0.011700906016445448	5.0822217079039599e-08	-3.47651	0.302928
348651	0.011584595904429947	4.8067613881323643e-08	-3.4865	0.303044
349650	0.011469441945630992	4.5460717216885127e-08	-3.49649	0.303159
350649	0.011355432647593035	4.2993706429022452e-08	-3.50648	0.303273
351648	0.011242556632097427	4.0659168757496497e-08	-3.51647	0.303386
352647	0.011130802634027121	3.8450078445921351e-08	-3.52646	0.303498
353646	0.011020159500242469	3.6359776895875194e-08	-3.53645	0.303609
354645	0.010910616188468072	3.4381953816712362e-08	-3.54644	0.303718
355644	0.010802161766190952	3.2510629322466082e-08	-3.55643	0.303827
356643	0.010694785409569443	3.0740136929518147e-08	-3.56642	0.303934
357642	0.010588476402353136	2.9065107410902949e-08	-3.57641	0.30404
358641	0.010483224134813297	2.7480453465201977e-08	-3.5864	0.304146
359640	0.010379018102684226	2.5981355159983186e-08	-3.59639	0.30425
360639	0.010275847906114804	2.4563246111641638e-08	-3.60638	0.304353
361638	0.010173703248630738	2.3221800365318097e-08	-3.61637	0.304455
362637	0.010072573936106928	2.1952919940306298e-08	-3.62636	0.304556
363636	0.0099724498757502184	2.075272300801603e-08	-3.63635	0.304656
364635	0.0098733210750920446	1.9617532671137947e-08	-3.64634	0.304755
365634	0.0097751776409912942	1.8543866314164442e-08	-3.65633	0.304854
366633	0.009678009778646933	1.7528425496856867e-08	-3.66632	0.304951
367632	0.0095818077906205962	1.6568086363620171e-08	-3.67631	0.305047
368631	0.0094865620758686191	1.5659890543055365e-08	-3.6863	0.305142
369630	0.0093922631287841028	1.4801036513203483e-08	-3.69629	0.305237
370629	0.0092989015382481267	1.3988871409185795e-08	-3.70628	0.30533
371628	0.0092064679866905239	1.3220883251075933e-08	-3.71627	0.305422
372627	0.0091149532491600349	1.2494693570920003e-08	-3.72626	0.305514
373626	0.0090243481924037108	1.1808050418849818e-08	-3.73625	0.305604
374625	0.0089346437739553624	1.1158821729214198e-08	-3.74624	0.305694
375624	0.0088458310412330415	1.0544989028588106e-08	-3.75623	0.305783
376623	0.008757901130645826	9.9646414684092479e-09	-3.76622	0.305871
377622	0.0086708452667089934	9.4159701658390671e-09	-3.77621	0.305958
378621	0.0085846547611684362	8.8972628372535889e-09	-3.7862	0.306044
379620	0.0084993210121333262	8.4068987095375575e-09	-3.79619	0.306129
380619	0.0084148355032179264	7.9433436950882718e-09	-3.80618	0.306214
381618	0.0083311898026914855	7.5051458171331159e-09	-3.81617	0.306298
382617	0.0082483755626367068	7.0909308726277357e-09	-3.82616	0.30638
383616	0.0081663845181168711	6.6993983206349283e-09	-3.83615	0.306462
384615	0.0080852084863506941	6.3293173846852616e-09	-3.84614	0.306544
385614	0.0080048393658959348	5.9795233581931858e-09	-3.85613	0.306624
386613	0.0079252691358407245	5.6489141025473992e-09	-3.86612	0.306704
387612	0.00784648985500307	5.3364467280129205e-09	-3.87611	0.306782
388611	0.0077684936611384517	5.0411344480752824e-09	-3.8861	0.30686
389610	0.0076912727701550611	4.7620435983272387e-09	-3.89609	0.306938
390609	0.0076148194753369427	4.4982908114444541e-09	-3.90608	0.307014
391608	0.0075391261465749277	4.2490403402218791e-09	-3.91607	0.30709
392607	0.0074641852296051118	4.0135015210459889e-09	-3.92606	0.307165
393606	0.0073899892452549392	3.7909263705629998e-09	-3.93605	0.307239
394605	0.0073165307886967294	3.5806073086677647e-09	-3.94604	0.307312
395604	0.0072438025287087683	3.3818750012863585e-09	-3.95603	0.307385
396603	0.007171797206943574	3.1940963167548506e-09	-3.96602	0.307457
397602	0.0071005076372035614	3.0166723899114782e-09	-3.97601	0.307528
398601	0.0070299267047237834	2.8490367883176361e-09	-3.986	0.307599
399600	0.0069600473654619528	2.6906537753069303e-09	-3.99599	0.307669
400599	0.0068908626453953979	2.5410166648312385e-09	-4.00598	0.307738
401598	0.0068223656398250605	2.3996462633291728e-09	-4.01597	0.307806
402597	0.0067545495126864041	2.2660893940856485e-09	-4.02596	0.307874
403596	0.00668740749586718	2.139917499783015e-09	-4.03595	0.307941
404595	0.0066209328885319281	2.0207253191638827e-09	-4.04594	0.308008
405594	0.0065551190564532708	1.9081296339347343e-09	-4.05593	0.308074
406593	0.0064899594313498083	1.8017680822379756e-09	-4.06592	0.308139
407592	0.0064254475102305583	1.7012980352085361e-09	-4.07591	0.308203
408591	0.0063615768547460204	1.6063955333101077e-09	-4.0859	0.308267
409590	0.0062983410905455613	1.5167542793162926e-09	-4.09589	0.30833
410589	0.0062357339066412649	1.4320846849634181e-09	-4.10588	0.308393
411588	0.0061737490547781144	1.3521129684550092e-09	-4.11587	0.308455
412587	0.0061123803488104126	1.2765803001436795e-09	-4.12586	0.308516
413586	0.0060516216640843432	1.2052419938543722e-09	-4.13585	0.308577
414585	0.0059914669368268331	1.1378667414441592e-09	-4.14584	0.308637
415584	0.005931910163540239	1.0742358883184097e-09	-4.15583	0.308697
416583	0.0058729454004033165	1.0141427477414105e-09	-4.16582	0.308756
417582	0.0058145667626779748	9.5739195189179922e-10	-4.17581	0.308814
418581	0.0057567684241219613	9.0379883771973243e-10	-4.1858	0.308872
419580	0.0056995446164074476	8.5318886576378046e-10	-4.19579	0.308929
420579	0.0056428896285452773	8.0539707018155964e-10	-4.20578	0.308986
421578	0.0055867978063150218	7.6026753833915389e-10	-4.21577	0.309042
422577	0.0055312635517007179	7.1765291839075029e-10	-4.22576	0.309098
423576	0.0054762813223322229	6.7741395336190381e-10	-4.23575	0.309152
424575	0.0054218456309319393	6.3941904032764047e-10	-4.24574	0.309207
425574	0.0053679510447672985	6.0354381335031038e-10	-4.25573	0.309261
426573	0.0053145921851085317	5.6967074891216711e-10	-4.26572	0.309314
427572	0.005261763726691869	5.3768879264396859e-10	-4.27571	0.309367
428571	0.0052094603971880767	5.0749300621385169e-10	-4.2857	0.309419
429570	0.0051576769766762598	4.7898423330049082e-10	-4.29569	0.309471
430569	0.0051064082971229276	4.5206878363111047e-10	-4.30568	0.309522
431568	0.0050556492418662204	4.2665813411866234e-10	-4.31567	0.309573
432567	0.005005394745105249	4.0266864618334729e-10	-4.32566	0.309623
433566	0.0049556397913945354	3.8002129839199056e-10	-4.33565	0.309673
434565	0.0049063794151434472	3.5864143359449218e-10	-4.34564	0.309722
435564	0.0048576087001206397	3.3845851978000011e-10	-4.35563	0.309771
436563	0.0048093227789634463	3.1940592391657603e-10	-4.36562	0.309819
437562	0.0047615168326920233	3.0142069807711056e-10	-4.37561	0.309867
438561	0.0047141860902285048	2.8444337719121084e-10	-4.3856	0.309915
439560	0.0046673258279207874	2.6841778779780959e-10	-4.39559	0.309961
440559	0.0046209313690711296	2.5329086720644828e-10	-4.40558	0.310008
441558	0.004574998083469407	2.3901249250664658e-10	-4.41557	0.310054
442557	0.0045295213869310218	2.2553531889459387e-10	-4.42556	0.310099
443556	0.0044844967408393796	2.1281462681464452e-10	-4.43555	0.310144
444555	0.0044399196516929293	2.0080817743988597e-10	-4.44554	0.310189
445554	0.0043957856706567213	1.8947607604140019e-10	-4.45553	0.310233
446553	0.0043520903931184348	1.7878064281988384e-10	-4.46552	0.310277
447552	0.0043088294582487412	1.6868629079605996e-10	-4.47551	0.31032
448551	0.0042659985485661066	1.5915941037787893e-10	-4.4855	0.310363
449550	0.0042235933895059313	1.5016826024295519e-10	-4.49549	0.310405
450549	0.0041816097489938992	1.4168286419402376e-10	-4.50548	0.310447
451548	0.0041400434370236572	1.3367491366354754e-10	-4.51547	0.310489
452547	0.0040988903052386338	1.2611767556096991e-10	-4.52546	0.31053
453546	0.00405814624651798	1.1898590517254665e-10	-4.53545	0.310571
454545	0.0040178071945667741	1.1225576383927266e-10	-4.54544	0.310611
455544	0.0039778691235101233	1.0590474115317088e-10	-4.55543	0.310651
456543	0.0039383280474913785	9.9911581426171176e-11	-4.56542	0.31069
457542	0.0038991800202743902	9.4256214199038104e-11	-4.57541	0.31073
458541	0.0038604211348496342	8.8919688570331884e-11	-4.5854	0.310768
459540	0.0038220475230443009	8.3884111137238415e-11	-4.59539	0.310807
460539	0.0037840553551362578	7.9132587351335055e-11	-4.60538	0.310845
461538	0.0037464408394718182	7.4649166102986021e-11	-4.61537	0.310882
462537	0.0037092002220873326	7.04187873581221e-11	-4.62536	0.31092
463536	0.0036723297863345693	6.6427232680684278e-11	-4.63535	0.310956
464535	0.0036358258525097551	6.2661078483028689e-11	-4.64534	0.310993
465534	0.0035996847774863302	5.9107651855122681e-11	-4.65533	0.311029
466533	0.0035639029543514059	5.5754988831440255e-11	-4.66532	0.311065
467532	0.0035284768120457527	5.2591794962109801e-11	-4.67531	0.3111
468531	0.0034934028150074357	4.9607408062105412e-11	-4.6853	0.311135
469530	0.0034586774628189219	4.679176301911799e-11	-4.69529	0.31117
470529	0.003424297289857776	4.413535854722382e-11	-4.70528	0.311204
471528	0.0033902588649507618	4.162922577960238e-11	-4.71527	0.311239
472527	0.0033565587910314178	3.9264898599355574e-11	-4.72526	0.311272
473526	0.0033231937048010243	3.7034385612973241e-11	-4.73525	0.311306
474525	0.0032901602763929553	3.4930143676185585e-11	-4.74524	0.311339
475524	0.0032574552090403322	3.2945052886856892e-11	-4.75523	0.311371
476523	0.0032250752387470113	3.1072392964228478e-11	-4.76522	0.311404
477522	0.003193017133961854	2.9305820938215397e-11	-4.77521	0.311436
478521	0.0031612776952561852	2.7639350076627327e-11	-4.7852	0.311468
479520	0.0031298537550044957	2.6067329982119687e-11	-4.79519	0.311499
480519	0.0030987421770683403	2.4584427794406311e-11	-4.80518	0.31153
481518	0.0030679398564833057	2.3185610436788944e-11	-4.81517	0.311561
482517	0.0030374437191491503	2.1866127849390969e-11	-4.82516	0.311591
483516	0.0030072507215229984	2.0621497154635748e-11	-4.83515	0.311622
484515	0.0029773578503156204	1.9447487703491347e-11	-4.84514	0.311651
485514	0.0029477621221906608	1.8340106953822499e-11	-4.85513	0.311681
486513	0.0029184605834669352	1.7295587134858305e-11	-4.86512	0.31171
487512	0.0028894503098236203	1.6310372654306005e-11	-4.87511	0.311739
488511	0.0028607284060084394	1.5381108207026337e-11	-4.8851	0.311768
489510	0.0028322920055486676	1.4504627546440258e-11	-4.89509	0.311796
490509	0.0028041382704650981	1.3677942881971566e-11	-4.90508	0.311825
491508	0.0027762643909887853	1.289823486784445e-11	-4.91507	0.311853
492507	0.0027486675852806406	1.216284315046277e-11	-4.92506	0.31188
493506	0.0027213450991537907	1.1469257443400882e-11	-4.93505	0.311907
494505	0.0026942942057986969	1.0815109100739871e-11	-4.94504	0.311934
495504	0.002667512205511056	1.0198163161094766e-11	-4.95503	0.311961
496503	0.0026409964254223333	9.6163108362019807e-12	-4.96502	0.311988
497502	0.0026147442192330124	9.0675624193764465e-12	-4.97501	0.312014
498501	0.0025887529669485002	8.5500405905092299e-12	-4.985	0.31204
499500	0.0025630200746176446	8.0619740955644489e-12	-4.99499	0.312066
500499	0.0025375429740738652	7.6016917797496322e-12	-5.00498	0.312091
501498	0.0025123191226788422	7.1676169546852515e-12	-5.01497	0.312116
502497	0.0024873460030687333	6.7582620809850123e-12	-5.02496	0.312141
503496	0.0024626211229029685	6.3722237486866794e-12	-5.03495	0.312166
504495	0.0024381420146155248	6.0081779389442016e-12	-5.04494	0.312191
505494	0.0024139062351686363	5.6648755513096441e-12	-5.05493	0.312215
506493	0.0023899113658089641	5.3411381818010981e-12	-5.06492	0.312239
507492	0.0023661550118262314	5.035854137772376e-12	-5.07491	0.312263
508491	0.0023426348023142247	4.7479746763751582e-12	-5.0849	0.312286
509490	0.0023193483899341663	4.4765104541364553e-12	-5.09489	0.312309
510489	0.0022962934506804127	4.2205281758660667e-12	-5.10488	0.312332
511488	0.0022734676836486246	3.979147431762507e-12	-5.11487	0.312355
512487	0.0022508688108059962	3.7515377122037307e-12	-5.12486	0.312378
513486	0.0022284945767640121	3.5369155902926685e-12	-5.13485	0.3124
514485	0.0022063427485533101	3.3345420627792623e-12	-5.14484	0.312422
515484	0.0021844111154008293	3.1437200405016562e-12	-5.15483	0.312444
516483	0.0021626974885091809	2.9637919799818622e-12	-5.16482	0.312466
517482	0.002141199700838215	2.7941376482761878e-12	-5.17481	0.312488
518481	0.0021199156068887246	2.6341720136203045e-12	-5.1848	0.312509
519480	0.0020988430824883404	2.4833432548241719e-12	-5.19479	0.31253
520479	0.002077980024579526	2.3411308827641832e-12	-5.20478	0.312551
521478	0.0020573243510097093	2.2070439676904781e-12	-5.21477	0.312571
522477	0.0020368740003234393	2.0806194664175631e-12	-5.22476	0.312592
523476	0.0020166269315567138	1.9614206437968836e-12	-5.23475	0.312612
524475	0.0019965811240332436	1.8490355831825585e-12	-5.24474	0.312632
525474	0.0019767345771627724	1.743075780896427e-12	-5.25473	0.312652
526473	0.0019570853102414839	1.6431748199772605e-12	-5.26472	0.312672
527472	0.0019376313622542652	1.5489871187623994e-12	-5.27471	0.312691
528471	0.0019183707916790109	1.4601867500984991e-12	-5.2847	0.31271
529470	0.0018993016762928615	1.3764663272131096e-12	-5.29469	0.312729
530469	0.0018804221129803738	1.2975359525004919e-12	-5.30468	0.312748
531468	0.0018617302175435687	1.223122225684594e-12	-5.31467	0.312767
532467	0.0018432241245138978	1.1529673080200077e-12	-5.32466	0.312786
533466	0.0018249019869660626	1.086828039378426e-12	-5.33465	0.312804
534465	0.0018067619763337029	1.0244751052447672e-12	-5.34464	0.312822
535464	0.0017888022822268839	9.6569225081352929e-13	-5.35463	0.31284
536463	0.0017710211122514306	9.102755395334972e-13	-5.36462	0.312858
537462	0.0017534166918300484	8.5803265359739308e-13	-5.37461	0.312875
538461	0.0017359872640251982	8.0878223401339413e-13	-5.3846	0.312893
539460	0.0017187310893637773	7.6235325802798004e-13	-5.39459	0.31291
540459	0.0017016464456635085	7.1858445179460358e-13	-5.40458	0.312927
541458	0.0016847316278610631	6.7732373630086733e-13	-5.41457	0.312944
542457	0.0016679849478418924	6.3842770467839008e-13	-5.42456	0.312961
543456	0.0016514047342717536	6.0176112912485557e-13	-5.43455	0.312977
544455	0.0016349893324299138	5.6719649576718942e-13	-5.44454	0.312994
545454	0.0016187371040440066	5.3461356588866212e-13	-5.45453	0.31301
546453	0.0016026464271265189	5.0389896203134373e-13	-5.46452	0.313026
547452	0.0015867156958129286	4.7494577756903042e-13	-5.47451	0.313042
548451	0.0015709433202014422	4.4765320842474164e-13	-5.4845	0.313058
549450	0.0015553277261942989	4.2192620568146326e-13	-5.49449	0.313073
550449	0.0015398673553406988	3.9767514790521746e-13	-5.50448	0.313089
551448	0.0015245606646812468	3.748155320660107e-13	-5.51447	0.313104
552447	0.0015094061265939834	3.5326768200493513e-13	-5.52446	0.313119
553446	0.001494402228641917	3.3295647345493629e-13	-5.53445	0.313134
554445	0.0014795474734220738	3.1381107467865388e-13	-5.54444	0.313149
555444	0.001464840378416068	2.9576470183953152e-13	-5.55443	0.313164
556443	0.0014502794758421416	2.7875438827218376e-13	-5.56442	0.313178
557442	0.0014358633125086736	2.6272076686505143e-13	-5.57441	0.313193
558441	0.0014215904496691571	2.4760786481273194e-13	-5.5844	0.313207
559440	0.0014074594628786124	2.333629100372756e-13	-5.59439	0.313221
560439	0.0013934689418514093	2.1993614861728187e-13	-5.60438	0.313235
561438	0.0013796174903205412	2.072806726009185e-13	-5.61437	0.313249
562437	0.0013659037258982602	1.9535225761424649e-13	-5.62436	0.313263
563436	0.0013523262799381257	1.8410920970943599e-13	-5.63435	0.313276
564435	0.0013388837973984022	1.7351222092885632e-13	-5.64434	0.31329
565434	0.0013255749367068323	1.6352423309061774e-13	-5.65433	0.313303
566433	0.0013123983696267385	1.5411030932908975e-13	-5.66432	0.313316
567432	0.001299352781124478	1.4523751295028779e-13	-5.67431	0.313329
568431	0.0012864368692381775	1.3687479318690621e-13	-5.6843	0.313342
569430	0.0012736493449478242	1.2899287746126224e-13	-5.69429	0.313355
570429	0.0012609889320466037	1.2156416978657393e-13	-5.70428	0.313368
571428	0.0012484543670135317	1.1456265495790573e-13	-5.71427	0.31338
572427	0.0012360443988873569	1.0796380820386022e-13	-5.72426	0.313393
573426	0.0012237577891417205	1.0174450998870179e-13	-5.73425	0.313405
574425	0.0012115933115615428	9.5882965672185266e-14	-5.74424	0.313417
575424	0.0011995497521206518	9.0358629750930599e-14	-5.75423	0.313429
576423	0.0011876259088606127	8.5152134420838779e-14	-5.76422	0.313441
577422	0.0011758205917707808	8.0245222214802155e-14	-5.77421	0.313453
578421	0.0011641326226695286	7.5620682483895598e-14	-5.7842	0.313465
579420	0.0011525608350866701	7.126229150337212e-14	-5.79419	0.313476
580419	0.0011411040741470468	6.715475599719284e-14	-5.80418	0.313488
581418	0.0011297611964552596	6.328365988651945e-14	-5.81417	0.313499
582417	0.0011185310699815642	5.9635414078631311e-14	-5.82416	0.31351
583416	0.0011074125739488978	5.6197209123153046e-14	-5.83415	0.313521
584415	0.0010964045987210112	5.2956970572296706e-14	-5.84414	0.313532
585414	0.0010855060456917414	4.990331689109732e-14	-5.85413	0.313543
586413	0.0010747158271753653	4.7025519772365491e-14	-5.86412	0.313554
587412	0.0010640328662980308	4.4313466719330904e-14	-5.87411	0.313565
588411	0.0010534560968903132	4.1757625766736356e-14	-5.8841	0.313575
589410	0.0010429844633807867	3.9349012218484089e-14	-5.89409	0.313586
590409	0.0010326169206906939	3.7079157286864874e-14	-5.90408	0.313596
591408	0.0010223524341296246	3.4940078524935062e-14	-5.91407	0.313606
592407	0.0010121899792922765	3.2924251949772808e-14	-5.92406	0.313617
593406	0.0010021285419562038	3.1024585760158338e-14	-5.93405	0.313627
594405	0.00099216711798060615	2.9234395557712224e-14	-5.94404	0.313637
595404	0.00098230471320610488	2.7547380985698994e-14	-5.95403	0.313646
596403	0.00097254034335553534	2.5957603704585345e-14	-5.96402	0.313656
597402	0.00096287303393570401	2.4459466628046528e-14	-5.97401	0.313666
598401	0.00095330182014013651	2.3047694347460607e-14	-5.984	0.313675
599400	0.00094382574675279981	2.1717314677023576e-14	-5.99399	0.313685
600399	0.00093444386805275226	2.0463641255486699e-14	-6.00398	0.313694
601398	0.00092515524771977719	1.928225714415987e-14	-6.01397	0.313704
602397	0.00091595895874092468	1.8168999364265037e-14	-6.02396	0.313713
603396	0.00090685408331800464	1.7119944319965203e-14	-6.03395	0.313722
604395	0.00089783971277597929	1.6131394056454706e-14	-6.04394	0.313731
605394	0.00088891494747228897	1.5199863305380249e-14	-6.05393	0.31374
606393	0.00088007889670705275	1.43220672725843e-14	-6.06392	0.313749
607392	0.00087133067863418706	1.3494910125727874e-14	-6.07391	0.313757
608391	0.00086266942017339688	1.2715474141771055e-14	-6.0839	0.313766
609390	0.00085409425692302724	1.1981009476571997e-14	-6.09389	0.313775
610389	0.00084560433307381345	1.1288924521018223e-14	-6.10388	0.313783
611388	0.0008371988013234588	1.063677681013483e-14	-6.11387	0.313792
612387	0.00082887682279207805	1.0022264453528777e-14	-6.12386	0.3138
613386	0.00082063756693847342	9.4432180573350717e-15	-6.13385	0.313808
614385	0.00081248021147724758	8.8975931095329988e-15	-6.14384	0.313816
615384	0.00080440394229674007	8.3834628021082539e-15	-6.15383	0.313824
616383	0.00079640795337777761	7.8990112650496954e-15	-6.16382	0.313832
617382	0.00078849144671322554	7.4425271885998764e-15	-6.17381	0.31384
618381	0.00078065363222835796	7.0123978115242841e-15	-6.1838	0.313848
619380	0.0007728937277020016	6.6071032544354626e-15	-6.19379	0.313856
620379	0.00076521095868846726	6.225211178405637e-15	-6.20378	0.313864
621378	0.0007576045584402637	5.8653717502315801e-15	-6.21377	0.313871
622377	0.00075007376783157054	5.5263128967805765e-15	-6.22376	0.313879
623376	0.00074261783528247795	5.2068358318510069e-15	-6.23375	0.313886
624375	0.00073523601668399111	4.9058108399283365e-15	-6.24374	0.313894
625374	0.00072792757532374336	4.6221733021105115e-15	-6.25373	0.313901
626373	0.00072069178181249243	4.3549199503192901e-15	-6.26372	0.313908
627372	0.00071352791401131438	4.1031053367078363e-15	-6.27371	0.313915
628371	0.00070643525695953898	3.8658385059245229e-15	-6.2837	0.313922
629370	0.00069941310280339998	3.6422798585982081e-15	-6.29369	0.313929
630369	0.00069246075072538105	3.431638195076926e-15	-6.30368	0.313936
631368	0.00068557750687427772	3.2331679290792739e-15	-6.31367	0.313943
632367	0.00067876268429595103	3.0461664615097739e-15	-6.32366	0.31395
633366	0.00067201560286477306	2.8699717052481737e-15	-6.33365	0.313957
634365	0.0006653355892157416	2.7039597522481856e-15	-6.34364	0.313963
635364	0.00065872197667728042	2.5475426747780365e-15	-6.35363	0.31397
636363	0.00065217410520470752	2.4001664531027753e-15	-6.36362	0.313977
637362	0.00064569132131436086	2.261309022349357e-15	-6.37361	0.313983
638361	0.00063927297801838012	2.130478431711734e-15	-6.3836	0.31399
639360	0.00063291843476013404	2.0072111095449136e-15	-6.39359	0.313996
640359	0.000626627057350296	1.8910702282670506e-15	-6.40358	0.314002
641358	0.00062039821790354978	1.7816441633369916e-15	-6.41357	0.314008
642357	0.00061423129477592472	1.6785450409033204e-15	-6.42356	0.314015
643356	0.00060812567250276056	1.5814073690309014e-15	-6.43355	0.314021
644355	0.00060208074173727334	1.4898867477029676e-15	-6.44354	0.314027
645354	0.00059609589918975135	1.4036586530721676e-15	-6.45353	0.314033
646353	0.00059017054756734151	1.322417291693681e-15	-6.46352	0.314039
647352	0.00058430409551444131	1.2458745207182121e-15	-6.47351	0.314044
648351	0.00057849595755368104	1.1737588302535006e-15	-6.4835	0.31405
649350	0.00057274555402748908	1.1058143843204986e-15	-6.49349	0.314056
650349	0.00056705231104024615	1.041800117035459e-15	-6.50348	0.314062
651348	0.00056141566040100982	9.8148888084252229e-16	-6.51347	0.314067
652347	0.00055583503956680249	9.2466664380364896e-16	-6.52346	0.314073
653346	0.00055030989158647784	8.7113173312460784e-16	-6.53345	0.314078
654345	0.00054483966504512388	8.2069412225767285e-16	-6.54344	0.314084
655344	0.00053942381400904564	7.7317475907441671e-16	-6.55343	0.314089
656343	0.00053406179797127267	7.2840493274588732e-16	-6.56342	0.314095
657342	0.00052875308179761997	6.8622567710321391e-16	-6.57341	0.3141
658341	0.00052349713567327659	6.4648720837957862e-16	-6.5834	0.314105
659340	0.00051829343504992834	6.0904839535504894e-16	-6.59339	0.31411
660339	0.00051314146059341741	5.737762600394896e-16	-6.60338	0.314116
661338	0.00050804069813189818	5.4054550713588685e-16	-6.61337	0.314121
662337	0.00050299063860453398	5.0923808062744273e-16	-6.62336	0.314126
663336	0.00049799077801068769	4.7974274592698264e-16	-6.63335	0.314131
664335	0.00049304061735962158	4.519546961170104e-16	-6.64334	0.314136
665334	0.00048813966262070024	4.2577518089330118e-16	-6.65333	0.314141
666333	0.00048328742467408176	4.0111115690471123e-16	-6.66332	0.314145
667332	0.00047848341926190691	3.7787495825700681e-16	-6.67331	0.31415
668331	0.00047372716693996707	3.5598398601940678e-16	-6.6833	0.314155
669330	0.00046901819302985764	3.3536041563929117e-16	-6.69329	0.31416
670329	0.0004643560275716041	3.1593092123352003e-16	-6.70328	0.314164
671328	0.00045974020527675684	2.9762641578408082e-16	-6.71327	0.314169
672327	0.00045517026548195789	2.803818063217791e-16	-6.72326	0.314174
673326	0.00045064575210296623	2.6413576323436103e-16	-6.73325	0.314178
674325	0.00044616621358913733	2.4883050288516937e-16	-6.74324	0.314183
675324	0.00044173120287836412	2.3441158277525128e-16	-6.75323	0.314187
676323	0.00043734027735245154	2.2082770852600677e-16	-6.76322	0.314191
677322	0.00043299299879294786	2.0803055200103737e-16	-6.77321	0.314196
678321	0.00042868893333741033	1.9597457992511479e-16	-6.7832	0.3142
679320	0.00042442765143610445	1.8461689239511665e-16	-6.79319	0.314204
680319	0.00042020872780913304	1.7391707071263422e-16	-6.80318	0.314209
681318	0.00041603174140399454	1.6383703400078917e-16	-6.81317	0.314213
682317	0.00041189627535356024	1.5434090409874251e-16	-6.82316	0.314217
683316	0.00040780191693447275	1.4539487825655016e-16	-6.83315	0.314221
684315	0.00040374825752595477	1.3696710918050631e-16	-6.84314	0.314225
685314	0.00039973489256902656	1.2902759200503811e-16	-6.85313	0.314229
686313	0.00039576142152613383	1.2154805779161725e-16	-6.86312	0.314233
687312	0.0003918274478411707	1.1450187317819328e-16	-6.87311	0.314237
688311	0.0003879325788999047	1.078639458243157e-16	-6.8831	0.314241
689310	0.00038407642599079268	1.0161063531759081e-16	-6.89309	0.314245
690309	0.00038025860426618924	9.5719669226354474e-17	-6.90308	0.314249
691308	0.00037647873270393477	9.0170064001619433e-17	-6.91307	0.314252
692307	0.00037273643406933118	8.4942050448467073e-17	-6.92306	0.314256
693306	0.00036903133487749609	8.0017003503177343e-17	-6.93305	0.31426
694305	0.00036536306535608448	7.5377376067594043e-17	-6.94304	0.314263
695304	0.00036173125940838644	7.1006636666550392e-17	-6.95303	0.314267
696303	0.00035813555457678894	6.6889210707675761e-17	-6.96302	0.314271
697302	0.0003545755920066067	6.3010425135631947e-17	-6.97301	0.314274
698301	0.00035105101641026552	5.9356456284817167e-17	-6.983	0.314278
699300	0.00034756147603184228	5.5914280745872558e-17	-6.99299	0.314281
700299	0.00034410662261196161	5.2671629071983486e-17	-7.00298	0.314285
701298	0.00034068611135303837	4.9616942160995033e-17	-7.01297	0.314288
702297	0.00033729960088486991	4.6739330158826204e-17	-7.02296	0.314291
703296	0.00033394675323056175	4.4028533738576052e-17	-7.03295	0.314295
704295	0.00033062723377279843	4.1474887618117703e-17	-7.04294	0.314298
705294	0.00032734071122045224	3.9069286186888291e-17	-7.05293	0.314301
706293	0.00032408685757551479	3.6803151120047548e-17	-7.06292	0.314305
707292	0.00032086534810036682	3.4668400865203119e-17	-7.07291	0.314308
708291	0.00031767586128536639	3.2657421893525763e-17	-7.0829	0.314311
709290	0.0003145180788167634	3.0763041613323264e-17	-7.09289	0.314314
710289	0.00031139168554493045	2.897850285002272e-17	-7.10288	0.314317
711288	0.0003082963694529113	2.729743980205304e-17	-7.11287	0.31432
712287	0.00030523182162528164	2.571385538734771e-17	-7.12286	0.314324
713286	0.00030219773621731832	2.4222099900107271e-17	-7.13285	0.314327
714285	0.00029919381042447526	2.2816850902101922e-17	-7.14284	0.31433
715284	0.00029621974445216584	2.1493094277166166e-17	-7.15283	0.314333
716283	0.00029327524148583964	2.0246106381655879e-17	-7.16282	0.314336
717282	0.00029036000766136181	1.9071437227520912e-17	-7.17281	0.314338
718281	0.00028747375203568514	1.796489463830509e-17	-7.1828	0.314341
719280	0.00028461618655781473	1.6922529321830208e-17	-7.19279	0.314344
720279	0.000281787026040058	1.5940620806571408e-17	-7.20278	0.314347
721278	0.00027898598812956373	1.5015664191790151e-17	-7.21277	0.31435
722277	0.00027621279328014412	1.4144357664376317e-17	-7.22276	0.314353
723276	0.00027346716472437352	1.3323590738067485e-17	-7.23275	0.314355
724275	0.00027074882844596923	1.2550433173276439e-17	-7.24274	0.314358
725274	0.00026805751315244283	1.1822124538168798e-17	-7.25273	0.314361
726273	0.00026539295024802467	1.1136064373907837e-17	-7.26272	0.314363
727272	0.00026275487380685784	1.0489802929126103e-17	-7.27271	0.314366
728271	0.00026014302054646184	9.8810324307019672e-18	-7.2827	0.314369
729270	0.00025755712980145138	9.3075788598221372e-18	-7.29269	0.314371
730269	0.00025499694349752485	8.7673942041031066e-18	-7.30268	0.314374
731268	0.00025246220612570847	8.2585491582346449e-18	-7.31267	0.314376
732267	0.00024995266471685579	7.7792262471984769e-18	-7.32266	0.314379
733266	0.00024746806881639896	7.3277133476169271e-18	-7.33265	0.314381
734265	0.00024500817045935779	6.9023975841973015e-18	-7.34264	0.314384
735264	0.00024257272414558836	6.5017595795709128e-18	-7.35263	0.314386
736263	0.00024016148681528312	6.1243680370793427e-18	-7.36262	0.314389
737262	0.0002377742178247137	5.7688746372428698e-18	-7.37261	0.314391
738261	0.00023541067892221505	5.4340092297598624e-18	-7.3826	0.314393
739260	0.00023307063422440622	5.1185753039354963e-18	-7.39259	0.314396
740259	0.00023075385019265043	4.8214457214268001e-18	-7.40258	0.314398
741258	0.00022846009560974697	4.5415586961229559e-18	-7.41257	0.3144
742257	0.00022618914155685506	4.2779140068577191e-18	-7.42256	0.314403
743256	0.00022394076139064866	4.0295694294778827e-18	-7.43255	0.314405
744255	0.00022171473072069551	3.7956373755710283e-18	-7.44254	0.314407
745254	0.00021951082738706404	3.5752817258905624e-18	-7.45253	0.314409
746253	0.00021732883143815322	3.3677148472074235e-18	-7.46252	0.314411
747252	0.00021516852510873745	3.1721947819701426e-18	-7.47251	0.314414
748251	0.00021302969279823561	2.9880226007689414e-18	-7.4825	0.314416
749250	0.00021091212104919419	2.8145399081786534e-18	-7.49249	0.314418
750249	0.00020881559852598344	2.651126493100067e-18	-7.50248	0.31442
751248	0.00020673991599370569	2.4971981152334398e-18	-7.51247	0.314422
752247	0.000204684866297314	2.3522044198018279e-18	-7.52246	0.314424
753246	0.00020265024434093688	2.2156269730980369e-18	-7.53245	0.314426
754245	0.00020063584706741215	2.0869774118586366e-18	-7.54244	0.314428
755244	0.00019864147343801701	1.9657956998734374e-18	-7.55243	0.31443
756243	0.00019666692441240935	1.8516484856202124e-18	-7.56242	0.314432
757242	0.00019471200292876022	1.7441275550739018e-18	-7.57241	0.314434
758241	0.00019277651388408695	1.6428483741781457e-18	-7.5824	0.314436
759240	0.00019086026411478245	1.5474487157859844e-18	-7.59239	0.314438
760239	0.00018896306237733808	1.4575873661772062e-18	-7.60238	0.31444
761238	0.00018708471932925649	1.3729429065430105e-18	-7.61237	0.314442
762237	0.00018522504751015384	1.293212565095401e-18	-7.62236	0.314444
763236	0.00018338386132305353	1.2181111357102407e-18	-7.63235	0.314445
764235	0.0001815609770158617	1.1473699592495988e-18	-7.64234	0.314447
765234	0.00017975621266302927	1.0807359639322686e-18	-7.65233	0.314449
766233	0.00017796938814739524	1.0179707613315489e-18	-7.66232	0.314451
767232	0.00017620032514221155	9.5884979477732813e-19	-7.67231	0.314453
768231	0.00017444884709334448	9.0316153712636479e-19	-7.6823	0.314454
769230	0.0001727147792016564	8.5070673504020281e-19	-7.69229	0.314456
770229	0.00017099794840555829	8.0129769707599167e-19	-7.70228	0.314458
771228	0.00016929818336374069	7.547576230514294e-19	-7.71227	0.314459
772227	0.00016761531443807161	7.1091997229210779e-19	-7.72226	0.314461
773226	0.00016594917367666686	6.6962786850806499e-19	-7.73225	0.314463
774225	0.00016429959479712873	6.3073353917680496e-19	-7.74224	0.314464
775224	0.0001626664131699516	5.9409778743303395e-19	-7.75223	0.314466
776223	0.00016104946580208931	5.5958949458116029e-19	-7.76222	0.314468
777222	0.00015944859132069127	5.2708515145574055e-19	-7.77221	0.314469
778221	0.0001578636299569958	4.9646841695786579e-19	-7.7822	0.314471
779220	0.00015629442353038434	4.6762970219233153e-19	-7.79219	0.314472
780219	0.00015474081543259642	4.4046577872166313e-19	-7.80218	0.314474
781218	0.0001532026506120988	4.1487940953909381e-19	-7.81217	0.314476
782217	0.00015167977555861217	3.9077900144351841e-19	-7.82216	0.314477
783216	0.00015017203828778954	3.680782775757589e-19	-7.83215	0.314479
784215	0.00014867928832604886	3.4669596894739621e-19	-7.84214	0.31448
785214	0.00014720137669555581	3.2655552386110419e-19	-7.85213	0.314482
786213	0.00014573815589935567	3.0758483418522681e-19	-7.86212	0.314483
787212	0.00014428947990665177	2.8971597750545634e-19	-7.87211	0.314484
788211	0.00014285520413823306	2.7288497423308883e-19	-7.8821	0.314486
789210	0.00014143518545204386	2.5703155880265416e-19	-7.89209	0.314487
790209	0.00014002928212889835	2.4209896414202177e-19	-7.90208	0.314489
791208	0.00013863735385833802	2.2803371864536675e-19	-7.91207	0.31449
792207	0.00013725926172462673	2.1478545492403218e-19	-7.92206	0.314492
793206	0.00013589486819288755	2.0230672965231934e-19	-7.93205	0.314493
794205	0.00013454403709537728	1.9055285386481288e-19	-7.94204	0.314494
795204	0.00013320663361789551	1.7948173309916407e-19	-7.95203	0.314496
796203	0.00013188252428633263	1.6905371681336624e-19	-7.96202	0.314497
797202	0.0001305715769533453	1.592314565396583e-19	-7.97201	0.314498
798201	0.00012927366078517019	1.4997977226837377e-19	-7.982	0.3145
799200	0.00012798864624856675	1.4126552658442004e-19	-7.99199	0.314501
800199	0.00012671640509788964	1.3305750610674246e-19	-8.00198	0.314502
801198	0.00012545681036228834	1.2532630980720542e-19	-8.01197	0.314503
802197	0.00012420973633303663	1.1804424380985979e-19	-8.02196	0.314505
803196	0.00012297505855098776	1.1118522229471656e-19	-8.03195	0.314506
804195	0.00012175265379415001	1.047246741519367e-19	-8.04194	0.314507
805194	0.00012054240006539191	9.8639455052866898e-20	-8.05193	0.314508
806193	0.00011934417658026568	9.2907764623706931e-20	-8.06192	0.314509
807192	0.00011815786375495294	8.750906842580253e-20	-8.07191	0.314511
808191	0.00011698334319433074	8.2424024463724247e-20	-8.0819	0.314512
809190	0.0001158204976801548	7.7634413958465264e-20	-8.09189	0.314513
810189	0.00011466921115936112	7.3123076138318649e-20	-8.10188	0.314514
811188	0.00011352936873248475	6.8873846814347169e-20	-8.11187	0.314515
812187	0.00011240085664219072	6.4871500520871495e-20	-8.12186	0.314516
813186	0.00011128356226192334	6.1101696014142468e-20	-8.13185	0.314517
814185	0.00011017737408466434	5.7550924934350494e-20	-8.14184	0.314519
815184	0.00010908218171180482	5.4206463447436897e-20	-8.15183	0.31452
816183	0.00010799787584212736	5.1056326693804446e-20	-8.16182	0.314521
817182	0.00010692434826089779	4.8089225881061829e-20	-8.17181	0.314522
818181	0.0001058614918290653	4.5294527867379187e-20	-8.1818	0.314523
819180	0.00010480920047256927	4.2662217090932278e-20	-8.19179	0.314524
820179	0.00010376736917175375	4.0182859709294579e-20	-8.20178	0.314525
821178	0.00010273589395088609	3.7847569820535489e-20	-8.21177	0.314526
822177	0.00010171467186777983	3.564797764521909e-20	-8.22176	0.314527
823176	0.00010070360100352151	3.357619955551052e-20	-8.23175	0.314528
824175	9.9702580452298248e-05	3.1624809844192486e-20	-8.24174	0.314529
825174	9.8711510311328456e-05	2.9786814132617302e-20	-8.25173	0.31453
826173	9.7730291670890336e-05	2.805562432247724e-20	-8.26172	0.314531
827172	9.6758826604450711e-05	2.6425035001791926e-20	-8.27171	0.314532
828171	9.5797018158892661e-05	2.4889201220713392e-20	-8.2817	0.314533
829170	9.4844770344839041e-05	2.3442617557643114e-20	-8.29169	0.314534
830169	9.3901988127072008e-05	2.2080098400769885e-20	-8.30168	0.314535
831168	9.2968577415049566e-05	2.0796759374482595e-20	-8.31167	0.314536
832167	9.2044445053514836e-05	1.9587999844204554e-20	-8.32166	0.314537
833166	9.1129498813198321e-05	1.8449486437052028e-20	-8.33165	0.314538
834165	9.0223647381614726e-05	1.7377137519353207e-20	-8.34164	0.314539
835164	8.9326800353948377e-05	1.63671085754833e-20	-8.35163	0.314539
836163	8.8438868224032161e-05	1.5415778435695573e-20	-8.36162	0.31454
837162	8.7559762375413456e-05	1.4519736303665046e-20	-8.37161	0.314541
838161	8.6689395072510998e-05	1.3675769537320065e-20	-8.3816	0.314542
839160	8.5827679451858752e-05	1.2880852139232091e-20	-8.39159	0.314543
840159	8.4974529513436153e-05	1.2132133915371174e-20	-8.40158	0.314544
841158	8.4129860112086067e-05	1.142693026342607e-20	-8.41157	0.314545
842157	8.3293586949016453e-05	1.076271255413902e-20	-8.42156	0.314545
843156	8.2465626563388037e-05	1.0137099071226489e-20	-8.43155	0.314546
844155	8.1645896323984416e-05	9.5478464774563191e-21	-8.44154	0.314547
845154	8.0834314420965046e-05	8.9928417763324175e-21	-8.45153	0.314548
846153	8.0030799857701439e-05	8.4700947406130911e-21	-8.46152	0.314549
847152	7.9235272442692941e-05	7.9777307805570454e-21	-8.47151	0.31455
848151	7.8447652781563629e-05	7.5139842263666095e-21	-8.4815	0.31455
849150	7.7667862269138876e-05	7.0771920007778949e-21	-8.49149	0.314551
850149	7.6895823081600491e-05	6.6657876591449057e-21	-8.50148	0.314552
851148	7.613145816871909e-05	6.278295775678493e-21	-8.51147	0.314553
852147	7.5374691246165912e-05	5.9133266557407016e-21	-8.52146	0.314553
853146	7.4625446787898194e-05	5.5695713552610785e-21	-8.53145	0.314554
854145	7.3883650018622082e-05	5.2457969894411573e-21	-8.54144	0.314555
855144	7.3149226906330043e-05	4.9408423139481865e-21	-8.55143	0.314556
856143	7.2422104154912768e-05	4.653613562774854e-21	-8.56142	0.314556
857142	7.1702209196843305e-05	4.3830805278598037e-21	-8.57141	0.314557
858141	7.0989470185935129e-05	4.1282728664296527e-21	-8.5814	0.314558
859140	7.0283815990172273e-05	3.8882766228379233e-21	-8.59139	0.314558
860139	6.9585176184609876e-05	3.6622309524441041e-21	-8.60138	0.314559
861138	6.8893481044345327e-05	3.4493250357995417e-21	-8.61137	0.31456
862137	6.8208661537560593e-05	3.248795172087752e-21	-8.62136	0.314561
863136	6.753064931863178e-05	3.059922041408713e-21	-8.63135	0.314561
864135	6.6859376721308802e-05	2.8820281261010308e-21	-8.64134	0.314562
865134	6.6194776751962457e-05	2.7144752818653118e-21	-8.65133	0.314563
866133	6.5536783082897874e-05	2.5566624499882705e-21	-8.66132	0.314563
867132	6.4885330045734598e-05	2.4080235024724555e-21	-8.67131	0.314564
868131	6.4240352624853709e-05	2.2680252123521958e-21	-8.6813	0.314565
869130	6.3601786450908645e-05	2.136165341924732e-21	-8.69129	0.314565
870129	6.2969567794401773e-05	2.0119708420476005e-21	-8.70128	0.314566
871128	6.2343633559322947e-05	1.8949961560511061e-21	-8.71127	0.314566
872127	6.1723921276853218e-05	1.7848216221894038e-21	-8.72126	0.314567
873126	6.1110369099130901e-05	1.6810519689063938e-21	-8.73125	0.314568
874125	6.0502915793077607e-05	1.5833148975252554e-21	-8.74124	0.314568
875124	5.9901500734288582e-05	1.4912597472833181e-21	-8.75123	0.314569
876123	5.9306063900981692e-05	1.4045562379290432e-21	-8.76122	0.314569
877122	5.8716545868007363e-05	1.3228932853756079e-21	-8.77121	0.31457
878121	5.813288780091747e-05	1.2459778861671887e-21	-8.7812	0.314571
879120	5.7555031450094137e-05	1.173534066760675e-21	-8.79119	0.314571
880119	5.6982919144936124e-05	1.1053018938574763e-21	-8.80118	0.314572
881118	5.6416493788103373e-05	1.0410365422390014e-21	-8.81117	0.314572
882117	5.5855698849818475e-05	9.8050741676514996e-22	-8.82116	0.314573
883116	5.5300478362224929e-05	9.2349732538937652e-22	-8.83115	0.314573
884115	5.4750776913801829e-05	8.6980170022649093e-22	-8.84114	0.314574
885114	5.4206539643833433e-05	8.192278638815379e-22	-8.85113	0.314575
886113	5.3667712236934042e-05	7.7159433841033794e-22	-8.86112	0.314575
887112	5.3134240917627153e-05	7.2673019443486983e-22	-8.87111	0.314576
888111	5.2606072444979165e-05	6.8447443808061143e-22	-8.8811	0.314576
889110	5.2083154107285312e-05	6.4467543353846391e-22	-8.89109	0.314577
890109	5.156543371680898e-05	6.0719035918148528e-22	-8.90108	0.314577
891108	5.1052859604573827e-05	5.7188469528694032e-22	-8.91107	0.314578
892107	5.0545380615206695e-05	5.3863174152734339e-22	-8.92106	0.314578
893106	5.0042946101832694e-05	5.0731216250092145e-22	-8.93105	0.314579
894105	4.954550592101997e-05	4.7781355967232915e-22	-8.94104	0.314579
895104	4.9053010427775891e-05	4.5003006818912743e-22	-8.95103	0.31458
896103	4.856541047059231e-05	4.2386197712866276e-22	-8.96102	0.31458
897102	4.8082657386539822e-05	3.9921537181394257e-22	-8.97101	0.314581
898101	4.7604702996411728e-05	3.7600179691619992e-22	-8.981	0.314581
899100	4.7131499599915339e-05	3.5413793913634278e-22	-8.99099	0.314582
900099	4.6662999970911734e-05	3.3354532832761967e-22	-9.00098	0.314582
901098	4.6199157352702119e-05	3.1415005598796113e-22	-9.01097	0.314583
902097	4.5739925453361883e-05	2.9588251011268899e-22	-9.02096	0.314583
903096	4.5285258441120376e-05	2.7867712545692304e-22	-9.03095	0.314583
904095	4.4835110939787054e-05	2.6247214831225832e-22	-9.04094	0.314584
905094	4.4389438024222496e-05	2.4720941495429404e-22	-9.05093	0.314584
906093	4.3948195215855193e-05	2.3283414296660966e-22	-9.06092	0.314585
907092	4.3511338478242685e-05	2.1929473469292665e-22	-9.07091	0.314585
908091	4.3078824212676106e-05	2.0654259211268166e-22	-9.0809	0.314586
909090	4.265060925382959e-05	1.9453194247617153e-22	-9.09089	0.314586
910089	4.2226650865451899e-05	1.8321967407401204e-22	-9.10088	0.314587
911088	4.1806906736101898e-05	1.7256518155197237e-22	-9.11087	0.314587
912087	4.1391334974924871e-05	1.6253022021647555e-22	-9.12086	0.314587
913086	4.0979894107472578e-05	1.5307876880827693e-22	-9.13085	0.314588
914085	4.0572543071563912e-05	1.4417690025219583e-22	-9.14084	0.314588
915084	4.0169241213186477e-05	1.3579265991937539e-22	-9.15083	0.314589
916083	3.9769948282439922e-05	1.2789595096546603e-22	-9.16082	0.314589
917082	3.9374624429518264e-05	1.2045842633351344e-22	-9.17081	0.314589
918081	3.898323020073337e-05	1.1345338703421533e-22	-9.1808	0.31459
919080	3.8595726534577148e-05	1.0685568633872043e-22	-9.19079	0.31459
920079	3.8212074757823514e-05	1.0064163954034884e-22	-9.20078	0.314591
921078	3.7832236581668088e-05	9.4788938961571015e-23	-9.21077	0.314591
922077	3.7456174097907906e-05	8.9276573901401735e-23	-9.22076	0.314591
923076	3.7083849775157106e-05	8.4084755236065611e-23	-9.23075	0.314592
924075	3.6715226455102198e-05	7.9194844402493515e-23	-9.24074	0.314592
925074	3.6350267348792975e-05	7.4589286509909118e-23	-9.25073	0.314592
926073	3.59889360329712e-05	7.025154733958114e-23	-9.26072	0.314593
927072	3.5631196446435519e-05	6.616605400675218e-23	-9.27071	0.314593
928071	3.5277012886442525e-05	6.2318139071887812e-23	-9.2807	0.314594
929070	3.4926350005143355e-05	5.8693987900767262e-23	-9.29069	0.314594
930069	3.4579172806056684e-05	5.5280589084574683e-23	-9.30068	0.314594
931068	3.423544664057488e-05	5.206568774213912e-23	-9.31067	0.314595
932067	3.3895137204506843e-05	4.9037741536796895e-23	-9.32066	0.314595
933066	3.3558210534654732e-05	4.6185879250088473e-23	-9.33065	0.314595
934065	3.3224633005423292e-05	4.3499861763675412e-23	-9.34064	0.314596
935064	3.2894371325465019e-05	4.0970045309495842e-23	-9.35063	0.314596
936063	3.2567392534357112e-05	3.8587346856315752e-23	-9.36062	0.314596
937062	3.2243663999311903e-05	3.6343211508492775e-23	-9.37061	0.314597
938061	3.192315341192078e-05	3.4229581799989523e-23	-9.3806	0.314597
939060	3.1605828784928896e-05	3.2238868773468948e-23	-9.39059	0.314597
940059	3.12916584490434e-05	3.0363924740708097e-23	-9.40058	0.314597
941058	3.0980611049772669e-05	2.8598017626599339e-23	-9.41057	0.314598
942057	3.0672655544296825e-05	2.6934806804683797e-23	-9.42056	0.314598
943056	3.0367761198370184e-05	2.5368320337517334e-23	-9.43055	0.314598
944055	3.006589758325335e-05	2.3892933540204871e-23	-9.44054	0.314599
945054	2.9767034572676866e-05	2.2503348790187181e-23	-9.45053	0.314599
946053	2.9471142339834295e-05	2.1194576510834041e-23	-9.46052	0.314599
947052	2.91781913544057e-05	1.9961917260609598e-23	-9.47051	0.3146
948051	2.888815237961018e-05	1.8800944863540125e-23	-9.4805	0.3146
949050	2.8600996469288367e-05	1.7707490520452188e-23	-9.49049	0.3146
950049	2.8316694965013415e-05	1.6677627843965173e-23	-9.50048	0.3146
951048	2.8035219493230637e-05	1.5707658763538769e-23	-9.51047	0.314601
952047	2.7756541962426275e-05	1.4794100249995323e-23	-9.52046	0.314601
953046	2.7480634560323511e-05	1.3933671811878182e-23	-9.53045	0.314601
954045	2.7207469751107115e-05	1.3123283718776027e-23	-9.54044	0.314602
955044	2.6937020272675001e-05	1.2360025909350878e-23	-9.55043	0.314602
956043	2.6669259133917742e-05	1.1641157544265182e-23	-9.56042	0.314602
957042	2.6404159612024613e-05	1.096409716651546e-23	-9.57041	0.314602
958041	2.6141695249816874e-05	1.0326413433861562e-23	-9.5804	0.314603
959040	2.5881839853107051e-05	9.7258163900911357e-24	-9.59039	0.314603
960039	2.5624567488084913e-05	9.1601492437938225e-24	-9.60038	0.314603
961038	2.5369852478729105e-05	8.6273806251397768e-24	-9.61037	0.314603
962037	2.5117669404244899e-05	8.1255972928727033e-24	-9.62036	0.314604
963036	2.4867993096526798e-05	7.6529972653430092e-24	-9.63035	0.314604
964035	2.4620798637647108e-05	7.2078833509278952e-24	-9.64034	0.314604
965034	2.437606135736904e-05	6.7886570546189825e-24	-9.65033	0.314604
966033	2.4133756830684333e-05	6.3938128389073953e-24	-9.66032	0.314605
967032	2.3893860875375902e-05	6.0219327183674448e-24	-9.67031	0.314605
968031	2.3656349549604345e-05	5.6716811685383071e-24	-9.6803	0.314605
969030	2.3421199149518411e-05	5.3418003308299441e-24	-9.69029	0.314605
970029	2.3188386206889503e-05	5.0311054962427062e-24	-9.70028	0.314606
971028	2.2957887486769483e-05	4.7384808516898764e-24	-9.71027	0.314606
972027	2.2729679985171616e-05	4.4628754736554629e-24	-9.72026	0.314606
973026	2.250374092677506e-05	4.2032995548065838e-24	-9.73025	0.314606
974025	2.2280047762651588e-05	3.9588208500162005e-24	-9.74024	0.314606
975024	2.2058578168015537e-05	3.7285613290392425e-24	-9.75023	0.314607
976023	2.1839310039995297e-05	3.5116940238267259e-24	-9.76022	0.314607
977022	2.1622221495427784e-05	3.307440059161128e-24	-9.77021	0.314607
978021	2.1407290868674344e-05	3.1150658559542251e-24	-9.7802	0.314607
979020	2.1194496709458463e-05	2.9338804971680794e-24	-9.79019	0.314608
980019	2.0983817780725281e-05	2.7632332469038213e-24	-9.80018	0.314608
981018	2.0775233056521673e-05	2.6025112137522925e-24	-9.81017	0.314608
982017	2.0568721719898258e-05	2.4511371500187061e-24	-9.82016	0.314608
983016	2.036426316083157e-05	2.308567378920778e-24	-9.83015	0.314608
984015	2.0161836974167283e-05	2.1742898423195216e-24	-9.84014	0.314609
985014	1.9961422957583658e-05	2.047822261974143e-24	-9.85013	0.314609
986013	1.9763001109575458e-05	1.9287104077202318e-24	-9.86012	0.314609
987012	1.9566551627457795e-05	1.8165264663540136e-24	-9.87011	0.314609
988011	1.9372054905389571e-05	1.7108675053670198e-24	-9.8801	0.314609
989010	1.917949153241702e-05	1.6113540260160075e-24	-9.89009	0.31461
990009	1.8988842290536504e-05	1.5176286005334912e-24	-9.90008	0.31461
991008	1.8800088152776382e-05	1.42935458858643e-24	-9.91007	0.31461
992007	1.8613210281298111e-05	1.3462149283749527e-24	-9.92006	0.31461
993006	1.8428190025516404e-05	1.2679109980309869e-24	-9.93005	0.31461
994005	1.8245008920237516e-05	1.1941615432290301e-24	-9.94004	0.314611
995004	1.8063648683816934e-05	1.1247016671589209e-24	-9.95003	0.314611
996003	1.7884091216334294e-05	1.0592818792343338e-24	-9.96002	0.314611
997002	1.7706318597787424e-05	9.9766719912165174e-25	-9.97001	0.314611
998001	1.7530313086303644e-05	9.3963631287232267e-25	-9.98	0.314611
999000	1.7356057116369134e-05	8.8498077812894138e-25	-9.98999	0.314611
999999	1.7183533297076128e-05	8.3350427555148726e-25	-9.99998	0.314612
