# Filename: 3Dvlt_flow_Op11133_K0.148_y0.200_step1000000.dat
# Source: 3Dvlt_flow.c
# Source version: 1 (2012 Jul 19 - ...)
# Constant values: PI= 3.141592653589793116, PISQ=9.8696044010893579923, PICU=31.0062766802998162063
# Parameter values: OpA=1, OpB=1, OpC=1, OpD=3, OpE=3, A3=41.3417022403997549418, THETA=0.6, N=2, initialdl=1e-05, trajectorydl=1e-05, initialds=1e-05, trajectorydsMax=1e-05, uncertainty=1e-16, dataskipdl=999, dataskipds=999
# Option-dependent values: K=0.148234469503391363965, y=0.20002415797288183863, Kstar=                  -10, ystar=                  -10, c=                    0, Z=                    0, lambda=                    0, initialKdir=0, flowdir=1, Max_steps=1000000
# Initialized values: Deltas=0, Deltal=0, count_steps=0, count_passes=0, K0c=0.296469, oldK0c=-100
# Input-file parameter: Cc=1.1
# step	K	y	path-length-l	path-length-s (in K-y-space)
0	0.14823446950339136	0.20002415797288184	0	0
1	0.14823446950339136	0.20002415797288184	2.0755e-317	0
2	0.14823413476475275	0.20002988131409188	1e-05	5.73312e-06
3	0.14823379997898123	0.2000356048292789	2e-05	1.14664e-05
4	0.14823346514607635	0.20004132851844991	3e-05	1.71999e-05
5	0.14823313026603768	0.20004705238161191	4e-05	2.29335e-05
6	0.14823279533886477	0.20005277641877192	5e-05	2.86674e-05
7	0.14823246036455717	0.20005850062993694	6e-05	3.44014e-05
8	0.14823212534311445	0.20006422501511398	7e-05	4.01356e-05
9	0.14823179027453615	0.20006994957431007	8e-05	4.58699e-05
10	0.14823145515882183	0.2000756743075322	9e-05	5.16044e-05
999	0.1478768803016591	0.20582377966492688	0.00998	0.00581064
1998	0.14747150661278666	0.21180994680191387	0.01997	0.0118105
2997	0.14701832243256294	0.21798450111045603	0.02996	0.0180017
3996	0.14651702477965206	0.22435541807941736	0.03995	0.0243923
4995	0.14596737021138081	0.2309311072422684	0.04994	0.0309909
5994	0.1453691765276921	0.23772043699191375	0.05993	0.0378066
6993	0.14472232434741183	0.24473276084869416	0.06992	0.0448487
7992	0.14402675854996705	0.25197794527553308	0.07991	0.0521272
8991	0.14328248957617515	0.25946639914061653	0.0899	0.0596525
9990	0.1424895945822558	0.26720910493483185	0.09989	0.0674357
10989	0.14164821844175876	0.27521765185842773	0.10988	0.0754884
11988	0.14075857459064101	0.28350427089910218	0.11987	0.0838226
12987	0.13982094571129733	0.29208187203187669	0.12986	0.0924513
13986	0.13883568425190435	0.30096408367986632	0.13985	0.101388
14985	0.13780321277798901	0.31016529458425318	0.14984	0.110647
15984	0.13672402415368998	0.31970069824162212	0.15983	0.120243
16983	0.13560177180181107	0.32955924789840646	0.169793	0.130165
17982	0.13446832405683118	0.33948473433978543	0.179471	0.140155
18981	0.13333402316428858	0.34941011705496677	0.188815	0.150145
19980	0.13220119458055646	0.35933566186188293	0.197844	0.160135
20979	0.13107184094240457	0.36926159680845766	0.206577	0.170125
21978	0.12994768257525091	0.37918811584394546	0.21503	0.180115
22977	0.12883019283668801	0.38911538238089732	0.223219	0.190105
23976	0.12772062897485331	0.39904353267038717	0.231157	0.200095
24975	0.126620059090225	0.40897267894572364	0.238857	0.210085
25974	0.12552938571028968	0.41890291231268528	0.246332	0.220075
26973	0.12444936641794167	0.42883430537990902	0.253592	0.230065
27972	0.12338063191515518	0.43876691463352707	0.260649	0.240055
28971	0.12232370185224531	0.44870078256685209	0.267512	0.250045
29970	0.1212789987088304	0.45863593957999926	0.274191	0.260035
30969	0.12024685997448703	0.46857240566650021	0.280693	0.270025
31968	0.11922754884420085	0.47851019190489313	0.287027	0.280015
32967	0.11822126361535255	0.48844930177326912	0.293201	0.290005
33966	0.11722814594848437	0.49838973230425748	0.299221	0.299995
34965	0.11624828813295582	0.50833147509695953	0.305094	0.309985
35964	0.11528173948031234	0.51827451720126094	0.310826	0.319974
36963	0.11432851195238933	0.52821884188871959	0.316424	0.329964
37962	0.1133885851174877	0.53816442932298103	0.321892	0.339954
38961	0.11246191051610184	0.54811125714142817	0.327236	0.349944
39960	0.1115484155073965	0.55805930095862299	0.332461	0.359934
40959	0.11064800665870106	0.56800853480097135	0.337571	0.369924
41958	0.10976057273254308	0.57795893148101851	0.342572	0.379914
42957	0.10888598731897867	0.58791046291886906	0.347466	0.389904
43956	0.10802411115512063	0.5978631004173306	0.352258	0.399894
44955	0.10717479416863517	0.60781681489663586	0.356952	0.409884
45954	0.10633787727751601	0.61777157709393959	0.361552	0.419873
46953	0.10551319397454455	0.62772735773209754	0.36606	0.429863
47952	0.10470057172143628	0.63768412766172866	0.37048	0.439853
48951	0.10389983317469366	0.64764185798009444	0.374815	0.449843
49950	0.10311079726257112	0.65760052012984893	0.379068	0.459833
50949	0.10233328013027179	0.66756008598035521	0.383241	0.469823
51948	0.10156709596849027	0.67752052789394113	0.387338	0.479813
52947	0.10081205773864584	0.68748181877915093	0.39136	0.489803
53946	0.10006797780660985	0.69744393213277478	0.39531	0.499792
54945	0.099334668495363904	0.70740684207225968	0.399191	0.509782
55944	0.098611942565824076	0.71737052335986518	0.403005	0.519772
56943	0.097899613634019708	0.72733495141973525	0.406753	0.529762
57942	0.097197496531868072	0.73730010234896248	0.410438	0.539752
58941	0.09650540761798071	0.74726595292351916	0.414062	0.549742
59940	0.09582316504419873	0.75723248059987314	0.417626	0.559732
60939	0.095150588982919365	0.76719966351294766	0.421132	0.569721
61938	0.094487501819710107	0.77716748047102324	0.424582	0.579711
62937	0.093833728315196027	0.78713591094811086	0.427978	0.589701
63936	0.093189095739772979	0.79710493507421976	0.431321	0.599691
64935	0.092553433984297676	0.80707453362392223	0.434612	0.609681
65934	0.091926575649556613	0.81704468800353924	0.437854	0.619671
66933	0.091308356117011907	0.82701538023723276	0.441047	0.62966
67932	0.090698613603038686	0.83698659295225064	0.444192	0.63965
68931	0.090097189198630745	0.84695830936353911	0.447292	0.64964
69930	0.089503926896331021	0.85693051325789993	0.450346	0.65963
70929	0.088918673605950696	0.8669031889778458	0.453357	0.66962
71928	0.088341279160469494	0.87687632140528737	0.456326	0.67961
72927	0.087771596313355391	0.88684989594515506	0.459253	0.689599
73926	0.087209480728406813	0.89682389850906685	0.462139	0.699589
74925	0.086654790963100123	0.90679831549910062	0.464987	0.709579
75924	0.086107388446313285	0.91677313379174408	0.467795	0.719569
76923	0.085567137451205533	0.92674834072208212	0.470567	0.729559
77922	0.085033905063939763	0.93672392406825367	0.473302	0.739549
78921	0.084507561148866331	0.94669987203622241	0.476001	0.749538
79920	0.083987978310709435	0.95667617324489373	0.478666	0.759528
80919	0.083475031854243598	0.9666528167115761	0.481296	0.769518
81918	0.082968599741888374	0.97662979183784504	0.483894	0.779508
82917	0.082468562549602054	0.98660708839576661	0.486459	0.789498
83916	0.08197480342141239	0.99658469651455395	0.488992	0.799487
84915	0.08148720802288123	1.0065626066675977	0.491494	0.809477
85914	0.081005664493771695	1.0165408096599164	0.493966	0.819467
86913	0.080530063400141211	1.0265192966160022	0.496409	0.829457
87912	0.080060297686075116	1.0364980589680717	0.498822	0.839447
88911	0.079596262625234324	1.0464770884447181	0.501207	0.849437
89910	0.0791378557723766	1.056456377059942	0.503565	0.859426
90909	0.078684976914991184	1.0664359171025799	0.505895	0.869416
91908	0.078237528025164371	1.0764157011261017	0.508199	0.879406
92907	0.077795413211782655	1.0863957219387834	0.510477	0.889396
93906	0.077358538673163058	1.0963759725942226	0.512729	0.899386
94905	0.076926812650188345	1.1063564463822193	0.514957	0.909375
95904	0.076500145380015205	1.1163371368199897	0.51716	0.919365
96903	0.076078449050410613	1.1263180376437143	0.519339	0.929355
97902	0.075661637754764241	1.1362991428003972	0.521495	0.939345
98901	0.075249627447819004	1.1462804464400451	0.523627	0.949335
99900	0.074842335902149476	1.1562619429081358	0.525738	0.959324
100899	0.074439682665417284	1.1662436267383762	0.527826	0.969314
101898	0.074041589018424558	1.1762254926457385	0.529893	0.979304
102897	0.073647977933979814	1.1862075355197919	0.531938	0.989294
103896	0.073258774036588856	1.1961897504182402	0.533962	0.999284
104895	0.072873903562980902	1.2061721325607608	0.535966	1.00927
105894	0.072493294323471985	1.2161546773230578	0.537951	1.01926
106893	0.072116875664166413	1.2261373802311524	0.539915	1.02925
107892	0.071744578430001094	1.2361202369558926	0.54186	1.03924
108891	0.07137633492862179	1.2461032433076722	0.543786	1.04923
109890	0.071012078895091479	1.2560863952313945	0.545693	1.05922
110889	0.070651745457423282	1.266069688801567	0.547583	1.06921
111888	0.070295271102926202	1.2760531202176468	0.549454	1.0792
112887	0.069942593645358667	1.2860366857995369	0.551307	1.08919
113886	0.069593652192875791	1.2960203819832536	0.553144	1.09918
114885	0.069248387116759347	1.3060042053167844	0.554963	1.10917
115884	0.068906740020919552	1.3159881524561079	0.556765	1.11916
116883	0.068568653712152705	1.3259722201613315	0.558551	1.12915
117882	0.068234072171142607	1.3359564052930184	0.560321	1.13914
118881	0.067902940524194447	1.3459407048086558	0.562075	1.14913
119880	0.067575205015679249	1.3559251157592218	0.563814	1.15912
120879	0.067250812981183364	1.3659096352859266	0.565537	1.16911
121878	0.066929712821340082	1.3758942606170579	0.567245	1.1791
122877	0.066611853976334193	1.3858789890649468	0.568938	1.18909
123876	0.066297186901061567	1.3958638180230776	0.570616	1.19908
124875	0.065985663040929343	1.4058487449632453	0.57228	1.20907
125874	0.065677234808281582	1.4158337674329031	0.57393	1.21906
126873	0.065371855559437322	1.4258188830525478	0.575566	1.22905
127872	0.065069479572322703	1.4358040895132287	0.577188	1.23904
128871	0.064770062024685285	1.4457893845741598	0.578797	1.24903
129870	0.064473558972875378	1.4557747660603957	0.580392	1.25902
130869	0.064179927331180844	1.4657602318606195	0.581975	1.26901
131868	0.063889124851699522	1.4757457799250016	0.583544	1.279
132867	0.063601110104736444	1.4857314082631421	0.585101	1.28899
133866	0.06331584245971307	1.4957171149420989	0.586645	1.29898
134865	0.063033282066573368	1.5057028980844511	0.588177	1.30897
135864	0.062753389837675047	1.5156887558664989	0.589697	1.31896
136863	0.062476127430152843	1.525674686516465	0.591205	1.32895
137862	0.062201457228740833	1.5356606883128152	0.592702	1.33894
138861	0.06192934232904166	1.5456467595825953	0.594186	1.34893
139860	0.061659746521230879	1.5556328986998516	0.595659	1.35892
140859	0.061392634274184038	1.5656191040841339	0.597121	1.36891
141858	0.061127970720016189	1.5756053741989824	0.598572	1.3789
142857	0.060865721639021604	1.5855917075505499	0.600012	1.38889
143856	0.060605853445002217	1.5955781026862239	0.601441	1.39888
144855	0.060348333170976223	1.605564558193314	0.60286	1.40886
145854	0.060093128455254018	1.615551072697774	0.604268	1.41885
146853	0.059840207527873494	1.6255376448629901	0.605666	1.42884
147852	0.059589539197382781	1.6355242733886015	0.607053	1.43883
148851	0.059341092837962663	1.6455109570093585	0.608431	1.44882
149850	0.059094838376877991	1.6554976944940221	0.609799	1.45881
150849	0.058850746282249969	1.6654844846443113	0.611156	1.4688
151848	0.058608787551139234	1.6754713262938812	0.612505	1.47879
152847	0.058368933697932883	1.6854582183073399	0.613843	1.48878
153846	0.058131156743024825	1.6954451595792845	0.615172	1.49877
154845	0.057895429201783671	1.7054321490333901	0.616492	1.50876
155844	0.057661724073798597	1.7154191856215311	0.617803	1.51875
156843	0.057430014832395362	1.7254062683229145	0.619105	1.52874
157842	0.057200275414416912	1.7353933961432497	0.620398	1.53873
158841	0.056972480210259073	1.7453805681139685	0.621682	1.54872
159840	0.056746604054155284	1.7553677832914252	0.622958	1.55871
160839	0.056522622214703562	1.7653550407561784	0.624225	1.5687
161838	0.056300510385628853	1.7753423396122532	0.625483	1.57869
162837	0.056080244676774665	1.7853296789864626	0.626733	1.58868
163836	0.05586180160531632	1.795317058027708	0.627975	1.59867
164835	0.055645158087191865	1.8053044759063626	0.629209	1.60866
165834	0.055430291428742846	1.8152919318136105	0.630435	1.61865
166833	0.055217179318560058	1.825279424960865	0.631652	1.62864
167832	0.05500579981952898	1.8352669545791609	0.632862	1.63863
168831	0.054796131361068201	1.8452545199186021	0.634064	1.64862
169830	0.054588152731556788	1.8552421202478075	0.635259	1.65861
170829	0.054381843070945041	1.8652297548533781	0.636446	1.6686
171828	0.054177181863543596	1.8752174230393728	0.637625	1.67859
172827	0.053974148930986225	1.8852051241268308	0.638797	1.68858
173826	0.053772724425361004	1.8951928574532702	0.639962	1.69857
174825	0.053572888822506333	1.9051806223722467	0.64112	1.70856
175824	0.053374622915466748	1.915168418252879	0.64227	1.71855
176823	0.053177907808104219	1.9251562444794161	0.643414	1.72854
177822	0.052982724908860759	1.9351441004508283	0.64455	1.73853
178821	0.052789055924668642	1.9451319855803815	0.64568	1.74852
179820	0.052596882855003774	1.9551198992952494	0.646803	1.75851
180819	0.0524061879860791	1.9651078410361331	0.647919	1.7685
181818	0.052216953885173806	1.9750958102568776	0.649028	1.77849
182817	0.052029163395094211	1.9850838064241334	0.650131	1.78848
183816	0.051842799628764306	1.9950718290169711	0.651227	1.79847
184815	0.051657845963940886	2.0050598775265782	0.652317	1.80846
185814	0.051474286038052125	2.0150479514559119	0.653401	1.81845
186813	0.051292103743153405	2.025036050319406	0.654478	1.82844
187812	0.051111283221000108	2.035024173642618	0.655549	1.83842
188811	0.05093180885823257	2.0450123209619684	0.656614	1.84841
189810	0.05075366528167137	2.0550004918244378	0.657673	1.8584
190809	0.050576837353719012	2.0649886857872977	0.658726	1.86839
191808	0.050401310167866573	2.0749769024178235	0.659773	1.87838
192807	0.050227069044300778	2.0849651412930208	0.660814	1.88837
193806	0.050054099525611302	2.0949534019994207	0.661849	1.89836
194805	0.049882387372593567	2.1049416841327577	0.662879	1.90835
195804	0.049711918560145195	2.1149299872978018	0.663903	1.91834
196803	0.049542679273255223	2.1249183111080585	0.664921	1.92833
197802	0.049374655903080912	2.1349066551855809	0.665933	1.93832
198801	0.049207835043112373	2.1448950191607539	0.66694	1.94831
199800	0.049042203485422257	2.1548834026720702	0.667942	1.9583
200799	0.048877748216996933	2.1648718053659017	0.668938	1.96829
201798	0.048714456416148612	2.1748602268963353	0.669929	1.97828
202797	0.048552315449005963	2.1848486669249487	0.670915	1.98827
203796	0.048391312866082108	2.1948371251206318	0.671895	1.99826
204795	0.048231436398915188	2.2048256011594125	0.67287	2.00825
205794	0.048072673956783413	2.2148140947242507	0.67384	2.01824
206793	0.04791501362349021	2.2248026055048933	0.674805	2.02823
207792	0.047758443654218871	2.2347911331976897	0.675765	2.03822
208791	0.047602952472454163	2.2447796775054294	0.67672	2.04821
209790	0.047448528666970718	2.2547682381371792	0.67767	2.0582
210789	0.047295160988884498	2.2647568148081474	0.678615	2.06819
211788	0.047142838348767112	2.2747454072394966	0.679555	2.07818
212787	0.046991549813821649	2.2847340151582305	0.680491	2.08817
213786	0.046841284605118189	2.2947226382970403	0.681421	2.09816
214785	0.046692032094886482	2.304711276394158	0.682348	2.10815
215784	0.046543781803866376	2.3146999291932362	0.683269	2.11814
216783	0.046396523398713335	2.324688596443226	0.684186	2.12813
217782	0.046250246689457951	2.3346772778982037	0.685098	2.13812
218781	0.046104941627017663	2.3446659733173023	0.686006	2.14811
219780	0.045960598300760935	2.354654682464548	0.686909	2.1581
220779	0.045817206936120632	2.3646434051087848	0.687808	2.16809
221778	0.045674757892257903	2.3746321410235081	0.688702	2.17808
222777	0.045533241659771996	2.3846208899868193	0.689592	2.18807
223776	0.045392648858458763	2.3946096517812538	0.690478	2.19806
224775	0.045252970235113557	2.4045984261937186	0.691359	2.20805
225774	0.045114196661379204	2.4145872130153649	0.692237	2.21804
226773	0.044976319131637368	2.4245760120415194	0.69311	2.22803
227772	0.044839328760942689	2.4345648230715513	0.693979	2.23802
228771	0.04470321678299799	2.4445536459088055	0.694844	2.248
229770	0.044567974548170623	2.4545424803604972	0.695704	2.25799
230769	0.044433593521548034	2.4645313262376187	0.696561	2.26798
231768	0.04430006528103228	2.4745201833548744	0.697414	2.27797
232767	0.044167381515472032	2.484509051530575	0.698262	2.28796
233766	0.044035534022832092	2.4944979305865602	0.699107	2.29795
234765	0.04390451470839872	2.5044868203481325	0.699948	2.30794
235764	0.043774315583019537	2.5144757206439445	0.700785	2.31793
236763	0.043644928761380007	2.5244646313059675	0.701618	2.32792
237762	0.043516346460310981	2.5344535521693907	0.702448	2.33791
238761	0.043388560997130898	2.544442483072535	0.703273	2.3479
239760	0.043261564788019763	2.5544314238568289	0.704095	2.35789
240759	0.043135350346424413	2.564420374366688	0.704913	2.36788
241758	0.043009910281495034	2.5744093344494896	0.705728	2.37787
242757	0.042885237296551207	2.584398303955489	0.706539	2.38786
243756	0.042761324187577873	2.5943872827377379	0.707346	2.39785
244755	0.042638163841749233	2.6043762706520686	0.70815	2.40784
245754	0.042515749235981969	2.6143652675569968	0.70895	2.41783
246753	0.04239407343551492	2.6243542733136613	0.709747	2.42782
247752	0.042273129592516251	2.6343432877857893	0.71054	2.43781
248751	0.042152910944716723	2.6443323108396268	0.71133	2.4478
249750	0.042033410814068868	2.6543213423438798	0.712116	2.45779
250749	0.041914622605430836	2.6643103821696887	0.712899	2.46778
251748	0.041796539805275611	2.6742994301905387	0.713679	2.47777
252747	0.041679155980423738	2.6842884862822101	0.714455	2.48776
253746	0.04156246477679993	2.6942775503227949	0.715228	2.49775
254745	0.041446459918212185	2.7042666221925606	0.715998	2.50774
255744	0.041331135205154371	2.7142557017739364	0.716764	2.51773
256743	0.041216484513630226	2.7242447889514936	0.717527	2.52772
257742	0.041102501793999387	2.734233883611866	0.718287	2.53771
258741	0.040989181069843866	2.7442229856437268	0.719044	2.5477
259740	0.040876516436855942	2.7542120949377336	0.719797	2.55769
260739	0.040764502061746324	2.7642012113865024	0.720548	2.56768
261738	0.040653132181171246	2.7741903348845351	0.721295	2.57767
262737	0.040542401100680248	2.7841794653282195	0.72204	2.58766
263736	0.040432303193681865	2.7941686026157737	0.722781	2.59765
264735	0.040322832900428617	2.8041577466472019	0.723519	2.60764
265734	0.040213984727019911	2.8141468973242625	0.724254	2.61763
266733	0.040105753244422615	2.8241360545504328	0.724986	2.62762
267732	0.039998133087509942	2.834125218230878	0.725716	2.6376
268731	0.039891118954116088	2.8441143882724043	0.726442	2.64759
269730	0.039784705604108669	2.8541035645834438	0.727165	2.65758
270729	0.039678887858477598	2.8640927470739914	0.727886	2.66757
271728	0.039573660598438989	2.8740819356556164	0.728604	2.67756
272727	0.039469018764555976	2.8840711302413946	0.729319	2.68755
273726	0.039364957355874412	2.8940603307458974	0.730031	2.69754
274725	0.039261471429073679	2.904049537085148	0.73074	2.70753
275724	0.03915855609763242	2.9140387491766062	0.731446	2.71752
276723	0.039056206531008338	2.9240279669391298	0.73215	2.72751
277722	0.038954417953832969	2.9340171902929471	0.732851	2.7375
278721	0.038853185645119914	2.9440064191596473	0.733549	2.74749
279720	0.038752504937486547	2.9539956534621217	0.734244	2.75748
280719	0.038652371216389425	2.9639848931245592	0.734937	2.76747
281718	0.038552779919372816	2.9739741380724345	0.735627	2.77746
282717	0.038453726535329469	2.9839633882324494	0.736315	2.78745
283716	0.038355206603774894	2.9939526435325212	0.737	2.79744
284715	0.038257215714133326	3.0039419039017723	0.737682	2.80743
285714	0.038159749505036152	3.0139311692704949	0.738362	2.81742
286713	0.038062803663631239	3.0239204395701336	0.739039	2.82741
287712	0.037966373924905823	3.0339097147332601	0.739713	2.8374
288711	0.03787045607101841	3.0438989946935515	0.740386	2.84739
289710	0.037775045930643625	3.053888279385764	0.741055	2.85738
290709	0.037680139378327586	3.0638775687457245	0.741722	2.86737
291708	0.0375857323338534	3.0738668627103065	0.742387	2.87736
292707	0.037491820761618083	3.0838561612173976	0.743049	2.88735
293706	0.037398400670018907	3.0938454642059079	0.743709	2.89734
294705	0.037305468110850497	3.1038347716157002	0.744366	2.90733
295704	0.037213019178712045	3.1138240833876298	0.745021	2.91732
296703	0.037121050010423401	3.1238133994634989	0.745673	2.92731
297702	0.037029556784451134	3.1338027197860345	0.746324	2.9373
298701	0.036938535720344799	3.1437920442988765	0.746971	2.94729
299700	0.036847983078180997	3.153781372946566	0.747617	2.95728
300699	0.036757895158017341	3.1637707056745206	0.74826	2.96727
301698	0.036668268299355065	3.1737600424290133	0.748901	2.97726
302697	0.036579098880610131	3.1837493831571955	0.749539	2.98725
303696	0.036490383318593306	3.1937387278070215	0.750176	2.99724
304695	0.036402118067998139	3.2037280763272613	0.75081	3.00723
305694	0.036314299620897439	3.2137174286674983	0.751442	3.01722
306693	0.036226924506247163	3.2237067847781042	0.752071	3.0272
307692	0.036139989289399627	3.2336961446102013	0.752698	3.03719
308691	0.036053490571622979	3.2436855081157026	0.753324	3.04718
309690	0.035967424989628856	3.2536748752472455	0.753947	3.05717
310689	0.035881789215107721	3.2636642459582021	0.754567	3.06716
311688	0.035796579954271039	3.2736536202026656	0.755186	3.07715
312687	0.035711793947401461	3.2836429979354294	0.755803	3.08714
313686	0.035627427968409002	3.2936323791119788	0.756417	3.09713
314685	0.035543478824395042	3.3036217636884952	0.757029	3.10712
315684	0.035459943355222873	3.3136111516217959	0.75764	3.11711
316683	0.035376818433094218	3.3236005428693915	0.758248	3.1271
317682	0.035294100962133847	3.3335899373894144	0.758854	3.13709
318681	0.035211787877979274	3.3435793351406278	0.759458	3.14708
319680	0.035129876147377136	3.3535687360824276	0.76006	3.15707
320679	0.035048362767786216	3.3635581401748138	0.76066	3.16706
321678	0.034967244766985893	3.3735475473784033	0.761258	3.17705
322677	0.034886519202691327	3.3835369576543646	0.761854	3.18704
323676	0.034806183162174119	3.3935263709644747	0.762447	3.19703
324675	0.034726233761888485	3.4035157872710742	0.763039	3.20702
325674	0.034646668147103522	3.4135052065370726	0.763629	3.21701
326673	0.034567483491541137	3.4234946287259072	0.764218	3.227
327672	0.034488676997018984	3.4334840538015738	0.764804	3.23699
328671	0.03441024589309942	3.4434734817285864	0.765388	3.24698
329670	0.034332187436743031	3.4534629124719833	0.76597	3.25697
330669	0.034254498911967871	3.4634523459973252	0.766551	3.26696
331668	0.034177177629513625	3.4734417822706636	0.767129	3.27695
332667	0.034100220926510549	3.483431221258555	0.767706	3.28694
333666	0.034023626166154307	3.4934206629280395	0.76828	3.29693
334665	0.03394739073738428	3.5034101072466242	0.768853	3.30692
335664	0.033871512054567558	3.5133995541823015	0.769424	3.31691
336663	0.033795987557187088	3.5233890037035271	0.769994	3.3269
337662	0.033720814709535106	3.5333784557791956	0.770561	3.33689
338661	0.033645991000410401	3.5433679103786613	0.771127	3.34688
339660	0.033571513942820159	3.5533573674717194	0.771691	3.35687
340659	0.033497381073686383	3.5633468270285973	0.772253	3.36686
341658	0.033423589953556654	3.5733362890199287	0.772813	3.37685
342657	0.033350138166318724	3.5833257534167835	0.773371	3.38684
343656	0.033277023318919692	3.5933152201906386	0.773928	3.39683
344655	0.033204243041088571	3.6033046893133736	0.774483	3.40681
345654	0.033131794985063905	3.6132941607572677	0.775037	3.4168
346653	0.03305967682532493	3.6232836344949884	0.775588	3.42679
347652	0.032987886258325341	3.6332731104995855	0.776138	3.43678
348651	0.032916421002232653	3.6432625887444878	0.776686	3.44677
349650	0.032845278796671186	3.653252069203496	0.777233	3.45676
350649	0.032774457402466782	3.6632415518507853	0.777777	3.46675
351648	0.032703954601397633	3.6732310366608751	0.778321	3.47674
352647	0.032633768195947134	3.683220523608651	0.778862	3.48673
353646	0.032563896009060254	3.6932100126693435	0.779402	3.49672
354645	0.032494335883904636	3.7031995038185199	0.77994	3.50671
355644	0.032425085683633129	3.7131889970320886	0.780477	3.5167
356643	0.032356143291151364	3.7231784922862863	0.781012	3.52669
357642	0.032287506608887823	3.7331679895576886	0.781545	3.53668
358641	0.032219173558567085	3.7431574888231811	0.782077	3.54667
359640	0.032151142080986288	3.7531469900599599	0.782607	3.55666
360639	0.032083410135795201	3.7631364932455464	0.783135	3.56665
361638	0.032015975701278773	3.7731259983577554	0.783662	3.57664
362637	0.031948836774142793	3.7831155053747145	0.784188	3.58663
363636	0.031881991369302518	3.7931050142748304	0.784711	3.59662
364635	0.031815437519674597	3.8030945250368138	0.785234	3.60661
365634	0.031749173275971453	3.8130840376396704	0.785755	3.6166
366633	0.031683196706498794	3.8230735520626697	0.786274	3.62659
367632	0.031617505896955236	3.8330630682853677	0.786792	3.63658
368631	0.031552098950235551	3.8430525862875689	0.787308	3.64657
369630	0.031486973986236365	3.8530421060494238	0.787822	3.65656
370629	0.031422129141663827	3.8630316275512708	0.788336	3.66655
371628	0.031357562569844788	3.8730211507737344	0.788847	3.67654
372627	0.031293272440540282	3.883010675697697	0.789358	3.68653
373626	0.031229256939760943	3.8930002023042927	0.789866	3.69652
374625	0.03116551426958562	3.9029897305749066	0.790374	3.70651
375624	0.031102042647982282	3.9129792604911646	0.79088	3.7165
376623	0.031038840308631285	3.9229687920349399	0.791384	3.72649
377622	0.030975905500750626	3.9329583251883404	0.791887	3.73648
378621	0.030913236488924196	3.9429478599337067	0.792389	3.74647
379620	0.030850831552931928	3.9529373962536174	0.792889	3.75646
380619	0.030788688987582077	3.962926934130873	0.793387	3.76645
381618	0.030726807102546008	3.9729164735484881	0.793885	3.77643
382617	0.030665184222195496	3.9829060144897137	0.794381	3.78642
383616	0.030603818685441167	3.9928955569380085	0.794875	3.79641
384615	0.03054270884557404	4.0028851008770374	0.795368	3.8064
385614	0.030481853070108617	4.012874646290701	0.79586	3.81639
386613	0.030421249740628344	4.0228641931630875	0.796351	3.82638
387612	0.030360897252632777	4.0328537414784869	0.79684	3.83637
388611	0.030300794015387041	4.042843291221403	0.797327	3.84636
389610	0.030240938451773215	4.0528328423765263	0.797814	3.85635
390609	0.030181328998143492	4.0628223949287428	0.798299	3.86634
391608	0.030121964104175239	4.0728119488631398	0.798782	3.87633
392607	0.030062842232728187	4.0828015041649879	0.799265	3.88632
393606	0.030003961859703079	4.0927910608197502	0.799746	3.89631
394605	0.02994532147390255	4.1027806188130613	0.800225	3.9063
395604	0.029886919576893684	4.1127701781307451	0.800704	3.91629
396603	0.029828754682872004	4.122759738758802	0.801181	3.92628
397602	0.029770825318527702	4.1327493006834128	0.801657	3.93627
398601	0.029713130022913141	4.1427388638909237	0.802131	3.94626
399600	0.029655667347312321	4.1527284283678512	0.802605	3.95625
400599	0.02959843585511214	4.1627179941008956	0.803077	3.96624
401598	0.029541434121674735	4.1727075610769067	0.803547	3.97623
402597	0.029484660734211996	4.1826971292829001	0.804017	3.98622
403596	0.029428114291661492	4.1926866987060549	0.804485	3.99621
404595	0.029371793404563817	4.2026762693337076	0.804952	4.0062
405594	0.029315696694941645	4.2126658411533642	0.805418	4.01619
406593	0.029259822796180203	4.2226554141526575	0.805883	4.02618
407592	0.029204170352909408	4.2326449883193948	0.806346	4.03617
408591	0.029148738020887303	4.2426345636415155	0.806808	4.04616
409590	0.029093524466885009	4.2526241401071285	0.807269	4.05615
410589	0.029038528368572954	4.2626137177044647	0.807729	4.06614
411588	0.028983748414409104	4.2726032964219209	0.808187	4.07613
412587	0.02892918330352762	4.2825928762480165	0.808644	4.08612
413586	0.028874831745629902	4.2925824571714246	0.8091	4.09611
414585	0.0288206924608761	4.3025720391809434	0.809555	4.1061
415584	0.028766764179778564	4.3125616222655152	0.810009	4.11609
416583	0.028713045643096409	 4.32255120641421	0.810462	4.12608
417582	0.028659535601731411	4.3325407916162355	0.810913	4.13607
418581	0.028606232816625016	4.3425303778609212	0.811363	4.14605
419580	0.028553136058656683	4.352519965137736	0.811812	4.15604
420579	0.028500244108543734	4.362509553436257	0.81226	4.16603
421578	0.028447555756742005	4.3724991427462063	0.812707	4.17602
422577	0.028395069803347925	4.3824887330574205	0.813153	4.18601
423576	0.028342785058001946	4.3924783243598418	0.813597	4.196
424575	0.028290700339792526	4.4024679166435616	0.814041	4.20599
425574	0.028238814477162276	4.4124575098987657	0.814483	4.21598
426573	0.028187126307814184	4.4224471041157578	0.814924	4.22597
427572	0.028135634678619549	4.4324366992849731	0.815365	4.23596
428571	0.028084338445527206	4.4424262953969418	0.815804	4.24595
429570	0.028033236473473059	4.4524158924423114	0.816241	4.25594
430569	0.027982327636291479	4.4624054904118369	0.816678	4.26593
431568	0.027931610816627463	4.4723950892963895	0.817114	4.27592
432567	0.027881084905849843	4.4823846890869374	0.817549	4.28591
433566	0.027830748803965244	4.4923742897745518	0.817982	4.2959
434565	0.027780601419533715	4.5023638913503836	0.818415	4.30589
435564	0.027730641669584642	4.5123534938057865	0.818846	4.31588
436563	0.027680868479534233	4.5223430971321239	0.819277	4.32587
437562	0.027631280783103538	4.5323327013208656	0.819706	4.33586
438561	0.027581877522237817	4.5423223063636042	0.820134	4.34585
439560	0.027532657647026657	4.552311912252013	0.820561	4.35584
440559	0.027483620115624691	4.5623015189778746	0.820988	4.36583
441558	0.027434763894174014	4.572291126533055	0.821413	4.37582
442557	0.027386087956726788	4.5822807349095154	0.821837	4.38581
443556	0.027337591285169081	4.5922703440993127	0.82226	4.3958
444555	0.027289272869145686	4.6022599540945954	0.822682	4.40579
445554	0.027241131705985376	4.6122495648876018	0.823103	4.41578
446553	0.027193166800627736	4.6222391764706474	0.823523	4.42577
447552	0.027145377165549919	4.6322287888361471	0.823942	4.43576
448551	0.027097761820695128	4.6422184019766028	0.82436	4.44575
449550	0.027050319793401337	4.6522080158845958	0.824777	4.45574
450549	0.027003050118331245	4.6621976305527904	0.825193	4.46573
451548	0.026955951837402445	4.6721872459739329	0.825609	4.47572
452547	0.026909023999719003	4.6821768621408619	0.826023	4.48571
453546	0.026862265661503681	4.6921664790464801	0.826436	4.4957
454545	0.026815675886030545	4.702156096683777	0.826848	4.50569
455544	0.026769253743558818	4.7121457150458266	0.827259	4.51567
456543	0.026722998311267312	4.7221353341257704	0.827669	4.52566
457542	0.026676908673189292	4.7321249539168351	0.828079	4.53565
458541	0.026630983920148819	4.7421145744123079	0.828487	4.54564
459540	0.026585223149696871	4.7521041956055674	0.828894	4.55563
460539	0.02653962546604904	4.762093817490066	0.829301	4.56562
461538	0.026494189980023303	4.7720834400593146	0.829706	4.57561
462537	0.026448915808978866	4.782073063306906	0.830111	4.5856
463536	0.026403802076755585	4.7920626872264993	0.830514	4.59559
464535	0.026358847913613852	4.8020523118118126	0.830917	4.60558
465534	0.026314052456175671	4.8120419370566703	0.831319	4.61557
466533	0.026269414847365814	4.8220315629549226	0.831719	4.62556
467532	0.026224934236353796	4.832021189500515	0.832119	4.63555
468531	0.02618060977849699	4.8420108166874396	0.832518	4.64554
469530	0.026136440635283413	4.8520004445097555	0.832916	4.65553
470529	0.026092425974276155	4.8619900729616035	0.833314	4.66552
471528	0.026048564969057678	4.8719797020371729	0.83371	4.67551
472527	0.02600485679917509	4.8819693317307244	0.834105	4.6855
473526	0.025961300650085978	4.8919589620365755	0.8345	4.69549
474525	0.025917895713104742	4.9019485929491102	0.834893	4.70548
475524	0.02587464118534941	4.911938224462765	0.835286	4.71547
476523	0.025831536269689512	4.921927856572049	0.835678	4.72546
477522	0.025788580174693848	4.9319174892715063	0.836069	4.73545
478521	0.02574577211457944	4.9419071225557643	0.836459	4.74544
479520	0.025703111309160864	4.9518967564195009	0.836848	4.75543
480519	0.025660596983799418	4.9618863908574538	0.837236	4.76542
481518	0.025618228369354214	4.9718760258644004	0.837624	4.77541
482517	0.025576004702132706	4.9818656614351902	0.83801	4.7854
483516	0.025533925223841868	4.9918552975647277	0.838396	4.79539
484515	0.025491989181540584	5.0018449342479645	0.838781	4.80538
485514	0.025450195827591744	5.0118345714799002	0.839165	4.81537
486513	0.025408544419615275	5.0218242092556018	0.839548	4.82536
487512	0.02536703422044163	5.0318138475701852	0.839931	4.83535
488511	0.025325664498065704	5.0418034864188117	0.840312	4.84534
489510	0.02528443452560138	5.0517931257966877	0.840693	4.85533
490509	0.025243343581236276	5.0617827656990855	0.841073	4.86532
491508	0.025202390948187041	5.071772406121319	0.841452	4.8753
492507	0.0251615759146557	5.0817620470587572	0.84183	4.88529
493506	0.025120897773785598	5.0917516885067968	0.842208	4.89528
494505	0.025080355823618235	5.1017413304609098	0.842584	4.90527
495504	0.025039949367050656	5.1117309729166021	0.84296	4.91526
496503	0.024999677711793084	5.1217206158694308	0.843335	4.92525
497502	0.024959540170327088	5.1317102593149908	0.843709	4.93524
498501	0.024919536059864154	5.1416999032489263	0.844082	4.94523
499500	0.024879664702304672	5.1516895476669324	0.844455	4.95522
500499	0.024839925424197534	5.1616791925647441	0.844827	4.96521
501498	0.024800317556699841	5.1716688379381326	0.845198	4.9752
502497	0.024760840435537237	5.1816584837829334	0.845568	4.98519
503496	0.024721493400964661	5.1916481300949986	0.845937	4.99518
504495	0.024682275797727315	5.2016377768702426	0.846306	5.00517
505494	0.024643186975022487	5.2116274241046199	0.846674	5.01516
506493	0.024604226286461143	5.2216170717941202	0.847041	5.02515
507492	0.024565393090030432	5.2316067199347707	0.847407	5.03514
508491	0.02452668674805623	5.2415963685226519	0.847773	5.04513
509490	0.02448810662716638	5.2515860175538709	0.848137	5.05512
510489	0.024449652098253859	5.2615756670245766	0.848501	5.06511
511488	0.02441132253644096	5.2715653169309613	0.848865	5.0751
512487	0.024373117321043348	5.2815549672692574	0.849227	5.08509
513486	0.024335035835534494	5.291544618035732	0.849589	5.09508
514485	0.024297077467510766	 5.30153426922669	0.84995	5.10507
515484	0.024259241608656695	5.3115239208384759	0.85031	5.11506
516483	0.024221527654710539	5.3215135728674667	0.85067	5.12505
517482	0.024183935005430281	5.331503225310076	0.851028	5.13504
518481	0.024146463064560045	5.3414928781627609	0.851386	5.14503
519480	0.024109111239796654	5.351482531422004	0.851744	5.15502
520479	0.024071878942756593	5.3614721850843328	0.8521	5.16501
521478	0.024034765588943446	5.3714618391462992	0.852456	5.175
522477	0.023997770597715715	5.3814514936044935	0.852811	5.18499
523476	0.023960893392254389	5.3914411484555487	0.853165	5.19498
524475	0.023924133399531679	5.4014308036961181	0.853519	5.20497
525474	0.023887490050279302	5.4114204593228967	0.853872	5.21496
526473	0.023850962778957641	5.4214101153326002	0.854224	5.22495
527472	0.023814551023724987	5.4313997717219982	0.854576	5.23493
528471	0.023778254226406972	5.441389428487871	0.854927	5.24492
529470	0.023742071832466398	5.451379085627039	0.855277	5.25491
530469	0.023706003290973686	5.4613687431363589	0.855626	5.2649
531468	0.023670048054576957	5.4713584010127088	0.855975	5.27489
532467	0.023634205579472968	5.4813480592530004	0.856323	5.28488
533466	0.023598475325378142	5.4913377178541802	0.85667	5.29487
534465	0.023562856755499718	5.5013273768132249	0.857017	5.30486
535464	0.023527349336507682	5.5113170361271306	0.857362	5.31485
536463	0.023491952538506233	5.5213066957929273	0.857708	5.32484
537462	0.023456665835006305	5.5312963558076849	0.858052	5.33483
538461	0.023421488702897793	5.5412860161684865	0.858396	5.34482
539460	0.02338642062242224	5.5512756768724518	0.858739	5.35481
540459	0.023351461077145821	5.5612653379167245	0.859082	5.3648
541458	0.023316609553932634	5.571254999298481	0.859423	5.37479
542457	0.023281865542918077	5.5812446610149227	0.859765	5.38478
543456	0.023247228537482699	5.5912343230632677	0.860105	5.39477
544455	0.02321269803422599	5.6012239854407762	0.860445	5.40476
545454	0.023178273532940986	5.6112136481447248	0.860784	5.41475
546453	0.023143954536588428	5.6212033111724251	0.861123	5.42474
547452	0.023109740551271515	5.6311929745212064	0.86146	5.43473
548451	0.023075631086211145	5.6411826381884236	0.861798	5.44472
549450	0.02304162565372091	5.6511723021714664	0.862134	5.45471
550449	0.023007723769182635	5.6611619664677377	0.86247	5.4647
551448	0.022973924951022063	5.6711516310746699	0.862805	5.47469
552447	0.022940228720684731	5.6811412959897227	0.86314	5.48468
553446	0.022906634602612257	5.6911309612103693	0.863474	5.49467
554445	0.022873142124218572	5.7011206267341237	0.863807	5.50466
555444	0.022839750815866634	5.7111102925585069	0.86414	5.51465
556443	0.022806460210845095	5.7210999586810773	0.864472	5.52464
557442	0.022773269845345709	5.7310896250994343	0.864803	5.53463
558441	0.022740179258440133	5.7410792918111202	0.865134	5.54462
559440	0.022707187992057842	5.7510689588137884	0.865464	5.55461
560439	0.022674295590963425	5.7610586261050729	0.865793	5.5646
561438	0.022641501602734808	5.7710482936826457	0.866122	5.57459
562437	0.022608805577741101	5.7810379615441851	0.86645	5.58458
563436	0.022576207069121217	5.7910276296874095	0.866778	5.59456
564435	0.022543705632762027	5.8010172981100405	0.867105	5.60455
565434	0.022511300827277498	5.8110069668098303	0.867431	5.61454
566433	0.022478992213987279	5.820996635784554	0.867757	5.62453
567432	0.022446779356895829	5.830986305031991	0.868082	5.63452
568431	0.022414661822671961	5.840975974549969	0.868407	5.64451
569430	0.022382639180628126	5.8509656443363118	0.868731	5.6545
570429	0.022350711002700242	5.8609553143888853	0.869054	5.66449
571428	0.022318876863427466	5.8709449847055497	0.869377	5.67448
572427	0.022287136339932311	5.8809346552842054	0.869699	5.68447
573426	0.022255489011900893	5.8909243261227564	0.87002	5.69446
574425	0.022223934461563507	5.900913997219134	0.870341	5.70445
575424	0.022192472273674914	5.9109036685712972	0.870662	5.71444
576423	0.022161102035495393	5.9208933401772006	0.870982	5.72443
577422	0.022129823336771572	5.9308830120348466	0.871301	5.73442
578421	0.022098635769717691	5.9408726841422368	0.871619	5.74441
579420	0.02206753892899687	5.9508623564973941	0.871937	5.7544
580419	0.022036532411702548	5.9608520290983575	0.872255	5.76439
581418	0.02200561581734015	5.9708417019431881	0.872572	5.77438
582417	0.021974788747808845	5.9808313750299602	0.872888	5.78437
583416	0.021944050807383719	5.9908210483567776	0.873203	5.79436
584415	0.021913401602697859	6.0008107219217512	0.873519	5.80435
585414	0.0218828407427244	6.0108003957230025	0.873833	5.81434
586413	0.021852367838759424	6.0207900697586805	0.874147	5.82433
587412	0.021821982504404244	6.0307797440269528	0.87446	5.83432
588411	0.021791684355548426	6.0407694185259917	0.874773	5.84431
589410	0.021761473010352545	6.0507590932539976	0.875086	5.8543
590409	0.02173134808923137	6.060748768209181	0.875397	5.86429
591408	0.021701309214837039	6.0707384433897742	0.875708	5.87428
592407	0.021671356012042675	6.0807281187940143	0.876019	5.88427
593406	0.021641488107925724	6.0907177944201916	0.876329	5.89426
594405	0.021611705131751525	6.1007074702665323	0.876638	5.90425
595404	0.021582006714957445	6.1106971463313471	0.876947	5.91424
596403	0.021552392491136742	6.1206868226129432	0.877256	5.92423
597402	0.021522862096022624	6.1306764991096445	0.877564	5.93422
598401	0.021493415167472635	6.1406661758197822	0.877871	5.94421
599400	0.021464051345452859	6.1506558527417123	0.878178	5.95419
600399	0.021434770272022726	6.1606455298737943	0.878484	5.96418
601398	0.021405571591319443	6.1706352072144162	0.878789	5.97417
602397	0.021376454949542979	6.1806248847619578	0.879094	5.98416
603396	0.021347419994940869	6.1906145625148348	0.879399	5.99415
604395	0.021318466377793537	6.2006042404714687	0.879703	6.00414
605394	0.021289593750399242	6.2105939186303019	0.880007	6.01413
606393	0.021260801767059481	6.2205835969897763	0.880309	6.02412
607392	0.021232090084064632	6.2305732755483616	0.880612	6.03411
608391	0.021203458359679326	6.2405629543045213	0.880914	6.0441
609390	0.021174906254128295	6.2505526332567634	0.881215	6.05409
610389	0.021146433429582192	6.2605423124035804	0.881516	6.06408
611388	0.021118039550143436	6.2705319917434892	0.881816	6.07407
612387	0.021089724281832572	6.280521671275026	0.882116	6.08406
613386	0.021061487292574267	6.290511350996729	0.882415	6.09405
614385	0.02103332825218376	6.3005010309071521	0.882714	6.10404
615384	0.021005246832353233	6.3104907110048645	0.883013	6.11403
616383	0.020977242706638428	6.3204803912884424	0.88331	6.12402
617382	0.020949315550445255	6.3304700717564772	0.883607	6.13401
618381	0.020921465041016687	6.3404597524075745	0.883904	6.144
619380	0.020893690857419621	6.3504494332403567	0.8842	6.15399
620379	0.02086599268053186	6.3604391142534471	0.884496	6.16398
621378	0.020838370193029379	6.3704287954454779	0.884791	6.17397
622377	0.020810823079373392	6.3804184768151373	0.885086	6.18396
623376	0.020783351025798032	6.3904081583610317	0.88538	6.19395
624375	0.020755953720297239	6.4003978400818715	0.885674	6.20394
625374	0.02072863085261295	6.4103875219763369	0.885967	6.21393
626373	0.020701382114222469	6.4203772040431213	0.88626	6.22392
627372	0.020674207198326116	6.4303668862809351	0.886552	6.23391
628371	0.020647105799835527	6.4403565686884958	0.886844	6.2439
629370	0.020620077615361092	6.4503462512645404	0.887135	6.25389
630369	0.020593122343200529	6.4603359340078033	0.887426	6.26388
631368	0.020566239683326885	6.4703256169170409	0.887716	6.27387
632367	0.02053942933737693	6.4803152999910125	0.888006	6.28386
633366	0.020512691008639054	6.4903049832284925	0.888295	6.29385
634365	0.020486024402042575	6.5002946666282631	0.888584	6.30384
635364	0.020459429224145651	6.5102843501891234	0.888872	6.31382
636363	0.020432905183124243	6.5202740339098675	0.88916	6.32381
637362	0.020406451988760749	6.5302637177893192	0.889447	6.3338
638361	0.020380069352433104	6.5402534018262948	0.889734	6.34379
639360	0.02035375698710349	6.5502430860196279	0.89002	6.35378
640359	0.020327514607307549	6.5602327703681675	0.890306	6.36377
641358	0.02030134192914345	6.5702224548707635	0.890592	6.37376
642357	0.020275238670261184	6.5802121395262807	0.890877	6.38375
643356	0.020249204549851761	6.5902018243335938	0.891161	6.39374
644355	0.020223239288636698	6.6001915092915757	0.891445	6.40373
645354	0.020197342608857603	6.6101811943991287	0.891729	6.41372
646353	0.020171514234265633	6.6201708796551602	0.892012	6.42371
647352	0.020145753890111209	6.6301605650585449	0.892295	6.4337
648351	0.020120061303133867	6.6401502506082304	0.892577	6.44369
649350	0.020094436201551831	6.6501399363031366	0.892858	6.45368
650349	0.020068878315052309	6.6601296221422004	0.89314	6.46367
651348	0.020043387374781285	6.6701193081243666	0.89342	6.47366
652347	0.020017963113333485	6.6801089942485889	0.893701	6.48365
653346	0.019992605264742894	6.6900986805138354	0.893981	6.49364
654345	0.019967313564472657	6.7000883669190685	0.89426	6.50363
655344	0.019942087749405622	6.710078053463274	0.894539	6.51362
656343	0.019916927557834703	6.7200677401454367	0.894818	6.52361
657342	0.01989183272945335	6.7300574269645521	0.895096	6.5336
658341	0.019866803005346143	6.740047113919629	0.895373	6.54359
659340	0.019841838127979353	6.7500368010096778	0.89565	6.55358
660339	0.019816937841191862	6.7600264882337218	0.895927	6.56357
661338	0.019792101890185664	6.7700161755907899	0.896203	6.57356
662337	0.019767330021516958	6.7800058630799152	0.896479	6.58355
663336	0.019742621983086947	6.7899955507001462	0.896755	6.59354
664335	0.01971797752413303	6.799985238450529	0.89703	6.60353
665334	0.019693396395219644	6.8099749263301295	0.897304	6.61352
666333	0.019668878348229751	6.8199646143380113	0.897578	6.62351
667332	0.019644423136355629	6.8299543024732685	0.897852	6.6335
668331	0.019620030514090704	6.8399439907349562	0.898125	6.64349
669330	0.019595700237220352	6.8499336791221737	0.898398	6.65348
670329	0.019571432062813875	6.8599233676340212	0.89867	6.66346
671328	0.019547225749215476	6.8699130562696062	0.898942	6.67345
672327	0.019523081056036347	6.8799027450280361	0.899214	6.68344
673326	0.019498997744145995	6.8898924339084289	0.899485	6.69343
674325	0.019474975575664005	6.8998821229099185	0.899756	6.70342
675324	0.019451014313951857	6.9098718120316338	0.900026	6.71341
676323	0.019427113723604717	6.9198615012727158	0.900296	6.7234
677322	0.019403273570443431	6.9298511906323066	0.900565	6.73339
678321	0.019379493621506413	6.9398408801095677	0.900834	6.74338
679320	0.019355773645041697	6.9498305697036571	0.901102	6.75337
680319	0.019332113410499022	6.9598202594137444	0.901371	6.76336
681318	0.019308512688522048	   6.969809949239	0.901638	6.77335
682317	0.019284971250940478	6.9797996391786041	0.901906	6.78334
683316	0.019261488870762389	6.9897893292317494	0.902172	6.79333
684315	0.019238065322166518	6.9997790193976295	0.902439	6.80332
685314	0.019214700380494779	7.0097687096754413	0.902705	6.81331
686313	0.019191393822244766	7.0197584000643838	0.902971	6.8233
687312	0.019168145425061928	7.0297480905636798	0.903236	6.83329
688311	0.019144954967732501	7.0397377811725494	0.903501	6.84328
689310	0.019121822230176135	7.0497274718902165	0.903765	6.85327
690309	0.019098746993438248	7.0597171627159119	0.904029	6.86326
691308	0.019075729039683215	7.0697068536488699	0.904293	6.87325
692307	0.019052768152186837	7.0796965446883329	0.904556	6.88324
693306	0.019029864115329333	7.0896862358335557	0.904819	6.89323
694305	0.019007016714588328	7.0996759270837906	0.905081	6.90322
695304	0.018984225736531628	7.109665618438294	0.905343	6.91321
696303	0.018961490968810567	7.1196553098963449	0.905605	6.9232
697302	0.018938812200152561	7.1296450014572041	0.905866	6.93319
698301	0.018916189220354877	7.1396346931201595	0.906127	6.94318
699300	0.01889362182027738	7.149624384884488	0.906387	6.95317
700299	0.018871109791835785	7.1596140767494809	0.906647	6.96316
701298	0.018848652927995299	7.1696037687144347	0.906907	6.97315
702297	0.018826251022763495	7.1795934607786496	0.907166	6.98314
703296	0.018803903871184028	 7.18958315294143	0.907425	6.99313
704295	0.018781611269330086	7.1995728452020895	0.907683	7.00312
705294	0.018759373014297608	7.2095625375599415	0.907941	7.01311
706293	0.018737188904198988	7.2195522300143118	0.908199	7.02309
707292	0.01871505873815683	7.2295419225645308	0.908456	7.03308
708291	0.01869298231629728	7.2395316152099243	0.908713	7.04307
709290	0.018670959439744061	7.2495213079498315	0.90897	7.05306
710289	0.01864898991061173	7.2595110007835961	0.909226	7.06305
711288	0.018627073532000056	7.2695006937105644	0.909482	7.07304
712287	0.018605210107987217	7.2794903867300915	0.909737	7.08303
713286	0.018583399443624297	7.2894800798415318	0.909992	7.09302
714285	0.018561641344928693	7.2994697730442546	0.910247	7.10301
715284	0.018539935618878543	7.3094594663376187	0.910501	7.113
716283	0.018518282073406219	7.3194491597210076	0.910755	7.12299
717282	0.018496680517392852	7.3294388531937908	0.911008	7.13298
718281	0.018475130760662248	7.3394285467553484	0.911262	7.14297
719280	0.018453632613975039	7.3494182404050736	0.911514	7.15296
720279	0.018432185889022835	7.3594079341423555	0.911767	7.16295
721278	0.01841079039842243	7.3693976279665909	0.912019	7.17294
722277	0.018389445955710293	7.3793873218771804	0.91227	7.18293
723276	0.018368152375336691	7.3893770158735288	0.912522	7.19292
724275	0.018346909472660215	7.3993667099550402	0.912773	7.20291
725274	0.018325717063941857	7.4093564041211382	0.913023	7.2129
726273	0.018304574966339877	7.4193460983712365	0.913273	7.22289
727272	0.018283482997904135	7.4293357927047596	0.913523	7.23288
728271	0.018262440977570356	7.4393254871211356	0.913773	7.24287
729270	0.018241448725155072	7.4493151816197907	0.914022	7.25286
730269	0.018220506061350176	7.4593048762001688	0.91427	7.26285
731268	0.018199612807717265	7.4692945708617033	0.914519	7.27284
732267	0.01817876878668272	7.479284265603849	0.914767	7.28283
733266	0.018157973821532173	7.4892739604260461	0.915014	7.29282
734265	0.018137227736405352	7.4992636553277476	0.915262	7.30281
735264	0.01811653035629095	7.5092533503084118	0.915509	7.3128
736263	0.01809588150702135	7.5192430453675012	0.915755	7.32279
737262	0.01807528101526763	7.5292327405044768	0.916002	7.33278
738261	0.018054728708534338	7.5392224357188153	0.916247	7.34277
739260	0.0180342244151547	7.5492121310099858	0.916493	7.35276
740259	0.018013767964285273	7.5592018263774676	0.916738	7.36275
741258	0.017993359185901194	7.5691915218207333	0.916983	7.37273
742257	0.017972997910791183	7.579181217339273	0.917227	7.38272
743256	0.017952683970552625	7.5891709129325777	0.917472	7.39271
744255	0.017932417197586852	7.599160608600144	0.917715	7.4027
745254	0.017912197425094017	7.6091503043414512	0.917959	7.41269
746253	0.017892024487068618	7.6191400001560066	0.918202	7.42268
747252	0.017871898218294605	7.6291296960433224	0.918445	7.43267
748251	0.017851818454340546	7.6391193920028995	0.918687	7.44266
749250	0.017831785031555223	7.6491090880342485	0.918929	7.45265
750249	0.017811797787062655	7.6590987841368916	0.919171	7.46264
751248	0.017791856558757663	7.6690884803103359	0.919412	7.47263
752247	0.017771961185301204	7.6790781765541087	0.919653	7.48262
753246	0.017752111506115904	7.6890678728677342	0.919894	7.49261
754245	0.017732307361381414	7.6990575692507415	0.920134	7.5026
755244	0.017712548592030013	7.7090472657026581	0.920375	7.51259
756243	0.017692835039742134	7.7190369622230222	0.920614	7.52258
757242	0.017673166546941864	7.7290266588113781	0.920854	7.53257
758241	0.017653542956792612	7.7390163554672702	0.921093	7.54256
759240	0.017633964113192797	7.7490060521902331	0.921331	7.55255
760239	0.017614429860771379	7.7589957489798245	0.92157	7.56254
761238	0.017594940044883722	7.7689854458355958	0.921808	7.57253
762237	0.017575494511607094	7.7789751427571012	0.922046	7.58252
763236	0.017556093107736717	7.7889648397438966	0.922283	7.59251
764235	0.017536735680781224	7.7989545367955468	0.92252	7.6025
765234	0.017517422078958827	7.8089442339116149	0.922757	7.61249
766233	0.017498152151192822	7.818933931091669	0.922993	7.62248
767232	0.017478925747107736	7.8289236283352786	0.923229	7.63247
768231	0.01745974271702511	7.8389133256420269	0.923465	7.64246
769230	0.017440602911959445	7.8489030230114913	0.9237	7.65245
770229	0.017421506183614079	7.8588927204432455	0.923935	7.66244
771228	0.017402452384377456	7.8688824179368781	0.92417	7.67243
772227	0.017383441367318831	7.8788721154919745	0.924405	7.68242
773226	0.017364472986184574	7.8888618131081243	0.924639	7.69241
774225	0.017345547095393959	7.898851510784918	0.924873	7.7024
775224	0.017326663550035464	7.9088412085219559	0.925106	7.71239
776223	0.017307822205862952	7.9188309063188331	0.925339	7.72237
777222	0.017289022919291727	7.9288206041751508	0.925572	7.73236
778221	0.017270265547394602	7.9388103020905199	0.925805	7.74235
779220	0.01725154994789839	7.9488000000645389	0.926037	7.75234
780219	0.017232875979179881	7.9587896980968234	0.926269	7.76233
781218	0.017214243500262297	7.9687793961869815	0.926501	7.77232
782217	0.017195652370811429	7.9787690943346341	0.926732	7.78231
783216	0.01717710245113202	7.9887587925393948	0.926963	7.7923
784215	0.017158593602164166	7.9987484908008861	0.927194	7.80229
785214	0.017140125685479585	8.008738189118743	0.927424	7.81228
786213	0.017121698563277971	8.0187278874925632	0.927654	7.82227
787212	0.017103312098383523	8.0287175859220081	0.927884	7.83226
788211	0.017084966154241356	8.0387072844066836	0.928113	7.84225
789210	0.01706666059491399	8.0486969829462396	0.928342	7.85224
790209	0.017048395285077702	8.0586866815403155	0.928571	7.86223
791208	0.017030170090019215	8.0686763801885419	0.9288	7.87222
792207	0.017011984875632012	8.0786660788905671	0.929028	7.88221
793206	0.01699383950841326	8.0886557776460304	0.929256	7.8922
794205	0.016975733855460036	8.0986454764545801	0.929484	7.90219
795204	0.016957667784465988	8.1086351753158681	0.929711	7.91218
796203	0.0169396411637181	8.118624874229539	0.929938	7.92217
797202	0.016921653862093444	8.1286145731952537	0.930165	7.93216
798201	0.01690370574905551	8.1386042722126639	0.930391	7.94215
799200	0.016885796694651133	8.1485939712814393	0.930617	7.95214
800199	0.016867926569507287	8.1585836704012227	0.930843	7.96213
801198	0.016850095244827546	8.1685733695717069	0.931069	7.97212
802197	0.016832302592389083	8.178563068792533	0.931294	7.98211
803196	0.016814548484539536	8.1885527680633778	0.931519	7.9921
804195	0.016796832794193424	8.1985424673839251	0.931743	8.00209
805194	0.016779155394829416	8.2085321667538373	0.931968	8.01208
806193	0.016761516160486923	8.2185218661727841	0.932192	8.02207
807192	0.016743914965762944	8.2285115656404653	0.932415	8.03206
808191	0.016726351685809243	8.238501265156529	0.932639	8.04205
809190	0.016708826196328967	8.248490964720677	0.932862	8.05204
810189	0.016691338373573849	8.2584806643325859	0.933085	8.06203
811188	0.016673888094340651	8.2684703639919483	0.933308	8.07201
812187	0.016656475235968849	8.2784600636984642	0.93353	8.082
813186	0.016639099676337074	8.2884497634518066	0.933752	8.09199
814185	0.016621761293860473	 8.29843946325167	0.933974	8.10198
815184	0.016604459967487419	8.3084291630977631	0.934195	8.11197
816183	0.016587195576696922	8.3184188629897768	0.934416	8.12196
817182	0.016569968001495374	8.3284085629274109	0.934637	8.13195
818181	0.016552777122413952	8.3383982629103599	0.934858	8.14194
819180	0.016535622820505611	8.3483879629383342	0.935078	8.15193
820179	0.01651850497734194	8.3583776630110407	0.935298	8.16192
821178	0.016501423475010789	8.3683673631281881	0.935518	8.17191
822177	0.016484378196113106	8.378357063289485	0.935737	8.1819
823176	0.016467369023760295	8.3883467634946456	0.935956	8.19189
824175	0.016450395841571323	8.3983364637433713	0.936175	8.20188
825174	0.016433458533670019	8.4083261640353992	0.936394	8.21187
826173	0.016416556984682303	8.4183158643704292	0.936612	8.22186
827172	0.016399691079733329	8.4283055647481895	0.93683	8.23185
828171	0.016382860704444977	8.438295265168394	0.937048	8.24184
829170	0.016366065744933021	8.448284965630771	0.937266	8.25183
830169	0.016349306087804501	8.4582746661350505	0.937483	8.26182
831168	0.016332581620155027	8.4682643666809465	0.9377	8.27181
832167	0.016315892229566035	8.4782540672682192	0.937916	8.2818
833166	0.016299237804102334	8.4882437678965736	0.938133	8.29179
834165	0.016282618232309427	8.4982334685657381	0.938349	8.30178
835164	0.016266033403210797	8.5082231692754462	0.938565	8.31177
836163	0.016249483206305568	8.5182128700254616	0.93878	8.32176
837162	0.01623296753156565	8.5282025708154929	0.938996	8.33175
838161	0.01621648626943354	8.5381922716453023	0.939211	8.34174
839160	0.016200039310819422	8.5481819725146124	0.939426	8.35173
840159	0.016183626547098904	8.5581716734231854	0.93964	8.36172
841158	0.016167247870110497	8.5681613743707494	0.939854	8.37171
842157	0.016150903172152942	8.5781510753570611	0.940068	8.3817
843156	0.016134592345982988	8.5881407763818665	0.940282	8.39169
844155	0.016118315284812855	8.5981304774449328	0.940495	8.40168
845154	0.016102071882307733	8.6081201785459829	0.940709	8.41167
846153	0.016085862032583425	8.6181098796847806	0.940921	8.42165
847152	0.016069685630204025	8.6280995808610896	0.941134	8.43164
848151	0.016053542570179262	8.6380892820746595	0.941346	8.44163
849150	0.016037432747962446	8.6480789833252594	0.941559	8.45162
850149	0.016021356059448016	8.6580686846126387	0.94177	8.46161
851148	0.016005312400969095	8.6680583859365523	0.941982	8.4716
852147	0.015989301669295179	8.6780480872967853	0.942193	8.48159
853146	0.015973323761629965	8.6880377886930891	0.942404	8.49158
854145	0.015957378575608892	8.6980274901252308	0.942615	8.50157
855144	0.015941466009296992	8.7080171915929867	0.942826	8.51156
856143	0.015925585961186511	8.7180068930961152	0.943036	8.52155
857142	0.015909738330194812	8.7279965946343907	0.943246	8.53154
858141	0.015893923015661927	8.7379862962075805	0.943456	8.54153
859140	0.015878139917348554	8.7479759978154821	0.943665	8.55152
860139	0.015862388935433559	8.7579656994578432	0.943875	8.56151
861138	0.01584666997051206	8.767955401134456	0.944084	8.5715
862137	0.015830982923593129	8.7779451028450985	0.944292	8.58149
863136	0.01581532769609768	8.787934804589554	0.944501	8.59148
864135	0.015799704189856174	8.7979245063675933	0.944709	8.60147
865134	0.015784112307106676	8.8079142081790192	0.944917	8.61146
866133	0.015768551950492534	8.8179039100236061	0.945125	8.62145
867132	0.01575302302306034	8.8278936119011249	0.945332	8.63144
868131	0.015737525428257834	8.837883313811389	0.94554	8.64143
869130	0.015722059069932074	8.8478730157541676	0.945747	8.65142
870129	0.015706623852326705	8.8578627177292564	0.945953	8.66141
871128	0.015691219680080689	8.8678524197364421	0.94616	8.6714
872127	0.015675846458225496	8.8778421217755312	0.946366	8.68139
873126	0.015660504092183749	8.887831823846307	0.946572	8.69138
874125	0.015645192487766739	8.8978215259485651	0.946778	8.70137
875124	0.015629911551172646	8.9078112280821173	0.946983	8.71136
876123	0.015614661188984431	8.9178009302467487	0.947188	8.72135
877122	0.015599441308167912	8.9277906324422691	0.947393	8.73134
878121	0.015584251816069697	8.9377803346684548	0.947598	8.74133
879120	0.015569092620415325	8.9477700369251298	0.947803	8.75132
880119	0.015553963629307315	8.9577597392121007	0.948007	8.76131
881118	0.015538864751223134	8.9677494415291648	0.948211	8.77129
882117	0.015523795895013359	8.9777391438761267	0.948415	8.78128
883116	0.01550875696989973	8.9877288462527947	0.948618	8.79127
884115	0.015493747885473294	8.9977185486589732	0.948822	8.80126
885114	0.015478768551692447	9.0077082510944937	0.949025	8.81125
886113	0.015463818878881123	9.0176979535591446	0.949227	8.82124
887112	0.015448898777726806	9.0276876560527377	0.94943	8.83123
888111	0.0154340081592789	9.0376773585751078	0.949632	8.84122
889110	0.015419146934946637	9.0476670611260541	0.949834	8.85121
890109	0.015404315016497376	9.0576567637053884	0.950036	8.8612
891108	0.015389512316054768	9.0676464663129348	0.950238	8.87119
892107	0.015374738746096937	9.0776361689485263	0.950439	8.88118
893106	0.015359994219454746	9.0876258716119622	0.95064	8.89117
894105	0.015345278649309877	9.0976155743030578	0.950841	8.90116
895104	0.015330591949193183	9.1076052770216638	0.951042	8.91115
896103	0.015315934032982762	9.1175949797675813	0.951242	8.92114
897102	0.01530130481490243	9.1275846825406308	0.951442	8.93113
898101	0.015286704209519802	9.1375743853406526	0.951642	8.94112
899100	0.015272132131744637	9.1475640881674725	0.951842	8.95111
900099	0.015257588496826997	9.1575537910209039	0.952042	8.9611
901098	0.015243073220355681	9.1675434939007889	0.952241	8.97109
902097	0.015228586218256559	9.1775331968069569	0.95244	8.98108
903096	0.015214127406790645	9.1875228997392266	0.952639	8.99107
904095	0.015199696702552576	9.1975126026974348	0.952837	9.00106
905094	0.015185294022469004	9.2075023056814302	0.953036	9.01105
906093	0.015170919283796871	9.2174920086910248	0.953234	9.02104
907092	0.015156572404121547	9.2274817117260692	0.953432	9.03103
908091	0.015142253301355576	9.2374714147864037	0.953629	9.04102
909090	0.015127961893736757	9.2474611178718522	0.953827	9.05101
910089	0.015113698099826682	9.257450820982255	0.954024	9.061
911088	0.015099461838508981	9.2674405241174522	0.954221	9.07099
912087	0.015085253028987843	9.2774302272772875	0.954418	9.08098
913086	0.015071071590786387	9.2874199304615956	0.954614	9.09097
914085	0.015056917443745011	9.2974096336702452	0.95481	9.10096
915084	0.015042790508019913	9.3073993369030354	0.955006	9.11095
916083	0.015028690704081511	9.3173890401598491	0.955202	9.12093
917082	0.015014617952712795	9.3273787434405016	0.955398	9.13092
918081	0.015000572175007935	9.3373684467448808	0.955593	9.14091
919080	0.014986553292370551	9.3473581500727931	0.955788	9.1509
920079	0.014972561226512447	9.3573478534240966	0.955983	9.16089
921078	0.014958595899451796	9.3673375567986508	0.956178	9.17088
922077	0.014944657233511882	9.3773272601962994	0.956372	9.18087
923076	0.014930745151319428	9.3873169636169038	0.956567	9.19086
924075	0.014916859575803201	9.3973066670603078	0.956761	9.20085
925074	0.014903000430192475	9.407296370526355	0.956955	9.21084
926073	0.014889167638015621	9.417286074014914	0.957148	9.22083
927072	0.014875361123098604	9.4272757775258462	0.957342	9.23082
928071	0.014861580809563419	9.4372654810589829	0.957535	9.24081
929070	0.014847826621826892	9.4472551846142085	0.957728	9.2508
930069	0.014834098484599026	9.4572448881913704	0.95792	9.26079
931068	0.014820396322881652	9.4672345917903051	0.958113	9.27078
932067	0.014806720061966996	9.4772242954108865	0.958305	9.28077
933066	0.01479306962743627	9.4872139990529973	0.958497	9.29076
934065	0.014779444945158229	9.4972037027164724	0.958689	9.30075
935064	0.014765845941287874	9.5071934064011767	0.958881	9.31074
936063	0.014752272542264938	9.5171831101069966	0.959072	9.32073
937062	0.014738724674812598	9.5271728138337863	0.959264	9.33072
938061	0.014725202265936023	9.5371625175813879	0.959455	9.34071
939060	0.014711705242921055	9.5471522213496698	0.959645	9.3507
940059	0.01469823353333293	9.5571419251385397	0.959836	9.36069
941058	0.014684787065014762	9.5671316289478021	0.960026	9.37068
942057	0.014671365766086276	9.5771213327773985	0.960216	9.38067
943056	0.01465796956494257	9.5871110366271353	0.960406	9.39066
944055	0.014644598390252627	9.5971007404968951	0.960596	9.40065
945054	0.014631252170958132	9.6070904443865768	0.960786	9.41064
946053	0.014617930836272034	9.6170801482960311	0.960975	9.42063
947052	0.014604634315677371	9.6270698522251354	0.961164	9.43062
948051	0.014591362538925909	9.6370595561737566	0.961353	9.44061
949050	0.014578115436036855	9.6470492601417686	0.961542	9.4506
950049	0.014564892937295501	9.6570389641290433	0.96173	9.46059
951048	0.014551694973252156	9.6670286681354813	0.961918	9.47057
952047	0.014538521474720749	9.6770183721609353	0.962106	9.48056
953046	0.014525372372777536	9.6870080762052577	0.962294	9.49055
954045	0.014512247598759869	9.6969977802683971	0.962482	9.50054
955044	0.01449914708426499	9.7069874843501509	0.962669	9.51053
956043	0.014486070761148825	9.7169771884504748	0.962857	9.52052
957042	0.014473018561524643	9.7269668925691821	0.963044	9.53051
958041	0.014459990417761968	9.7369565967061806	0.963231	9.5405
959040	0.014446986262485244	9.7469463008613744	0.963417	9.55049
960039	0.014434006028572689	9.7569360050346106	0.963604	9.56048
961038	0.014421049649155086	9.766925709225788	0.96379	9.57047
962037	0.014408117057614574	9.7769154134347875	0.963976	9.58046
963036	0.014395208187583492	9.7869051176614974	0.964162	9.59045
964035	0.014382322972943085	9.7968948219057985	0.964347	9.60044
965034	0.014369461347822516	9.8068845261675683	0.964533	9.61043
966033	0.014356623246597575	9.8168742304467056	0.964718	9.62042
967032	0.014343808603889568	9.8268639347431108	0.964903	9.63041
968031	0.014331017354564086	9.836853639056633	0.965088	9.6404
969030	0.014318249433729911	9.8468433433871887	0.965272	9.65039
970029	0.014305504776737888	9.8568330477346606	0.965457	9.66038
971028	0.014292783319179799	9.8668227520989333	0.965641	9.67037
972027	0.014280084996887156	9.8768124564798914	0.965825	9.68036
973026	0.014267409745930148	9.8868021608774725	0.966009	9.69035
974025	0.014254757502616561	9.8967918652915152	0.966192	9.70034
975024	0.014242128203490549	9.9067815697219181	0.966376	9.71033
976023	0.014229521785331595	9.9167712741685801	0.966559	9.72032
977022	0.014216938185153453	9.9267609786314264	0.966742	9.73031
978021	0.014204377340203005	9.9367506831103203	0.966925	9.7403
979020	0.014191839187959184	9.9467403876051588	0.967107	9.75029
980019	0.014179323666131853	9.9567300921158424	0.96729	9.76028
981018	0.01416683071266087	9.9667197966422858	0.967472	9.77027
982017	0.014154360265714906	9.9767095011843594	0.967654	9.78026
983016	0.014141912263690371	9.9866992057419601	0.967836	9.79025
984015	0.014129486645210413	9.9966889103149761	0.968018	9.80024
985014	0.014117083349123847	10.006678614903359	0.968199	9.81023
986013	0.014104702314504135	10.016668319506945	0.96838	9.82021
987012	0.014092343480648273	10.026658024125689	0.968561	9.8302
988011	0.014080006787075924	10.036647728759439	0.968742	9.84019
989010	0.014067692173528197	10.046637433408163	0.968923	9.85018
990009	0.014055399579966743	10.056627138071686	0.969103	9.86017
991008	0.014043128946572669	10.066616842749951	0.969284	9.87016
992007	0.014030880213745709	10.076606547442889	0.969464	9.88015
993006	0.014018653322102918	10.086596252150354	0.969644	9.89014
994005	0.014006448212477865	10.096585956872257	0.969823	9.90013
995004	0.013994264825919747	10.106575661608524	0.970003	9.91012
996003	0.013982103103692134	10.116565366359049	0.970182	9.92011
997002	0.013969962987272183	10.126555071123738	0.970362	9.9301
998001	0.013957844418349583	 10.1365447759025	0.970541	9.94009
999000	0.013945747338825591	10.146534480695239	0.970719	9.95008
999999	0.013933671690812093	10.15652418550186	0.970898	9.96007
