# Filename: 3Dvlt_flow_Op11133_K0.270_y0.054_step1000000.dat
# Source: 3Dvlt_flow.c
# Source version: 1 (2012 Jul 19 - ...)
# Constant values: PI= 3.141592653589793116, PISQ=9.8696044010893579923, PICU=31.0062766802998162063
# Parameter values: OpA=1, OpB=1, OpC=1, OpD=3, OpE=3, A3=41.3417022403997549418, THETA=0.6, N=2, initialdl=1e-05, trajectorydl=1e-05, initialds=1e-05, trajectorydsMax=1e-05, uncertainty=1e-16, dataskipdl=999, dataskipds=999
# Option-dependent values: K=0.26951721727889338398, y=0.0536093843428134472773, Kstar=                  -10, ystar=                  -10, c=                    0, Z=                    0, lambda=                    0, initialKdir=0, flowdir=1, Max_steps=1000000
# Initialized values: Deltas=0, Deltal=0, count_steps=0, count_passes=0, K0c=0.296469, oldK0c=-100
# Input-file parameter: Cc=1.1
# step	K	y	path-length-l	path-length-s (in K-y-space)
0	0.26951721727889338	0.053609384342813447	0	0
1	0.26951721727889338	0.053609384342813447	2.0755e-317	0
2	0.2695183025277284	0.053610053065481229	1e-05	1.27474e-06
3	0.2695193877543684	0.053610721789676574	2e-05	2.54946e-06
4	0.26952047295881304	0.053611390515399489	3e-05	3.82416e-06
5	0.26952155814106193	0.053612059242649973	4e-05	5.09884e-06
6	0.26952264330111475	0.053612727971428027	5e-05	6.37351e-06
7	0.26952372843897104	0.053613396701733651	6e-05	7.64815e-06
8	0.26952481355463048	0.053614065433566852	7e-05	8.92278e-06
9	0.26952589864809268	0.053614734166927629	8e-05	1.01974e-05
10	0.26952698371935724	0.053615402901815989	9e-05	1.1472e-05
999	0.27058919150087735	0.054277530186182997	0.00998	0.00126316
1998	0.27163973020914822	0.054947875420125358	0.01997	0.00250935
2997	0.27266738719676742	0.055619763671798848	0.02996	0.00373717
3996	0.27367181257562184	0.056293214136073785	0.03995	0.00494648
4995	0.27465266765163421	0.056968252958959735	0.04994	0.00613718
5994	0.27560962504733832	0.057644913337017323	0.05993	0.00730921
6993	0.27654236880087046	0.05832323561193295	0.06992	0.00846253
7992	0.27745059444153114	0.059003267360602407	0.07991	0.00959714
8991	0.27833400904218619	0.059685063481090865	0.0899	0.0107131
9990	0.27919233124879195	0.060368686274859543	0.09989	0.0118104
10989	0.28002529128748022	0.061054205525669217	0.10988	0.0128892
11988	0.28083263094962629	0.061741698575592668	0.11987	0.0139496
12987	0.28161410355546129	0.062431250398583278	0.12986	0.0149918
13986	0.28236947389680095	0.063122953672065829	0.13985	0.016016
14985	0.28309851815954584	0.063816908847029938	0.14984	0.0170226
15984	0.28380102382666073	0.064513224217122189	0.15983	0.0180117
16983	0.28447678956237915	0.065212015987242966	0.16982	0.0189838
17982	0.28512562507843181	0.065913408342171242	0.17981	0.0199393
18981	0.28574735098312704	0.066617533515746258	0.1898	0.0208787
19980	0.28634179861417552	0.067324531861148951	0.19979	0.0218024
20979	0.28690880985613093	0.068034551922832573	0.20978	0.0227111
21978	0.28744823694340088	0.068747750510663647	0.21977	0.0236053
22977	0.28795994224975774	0.069464292776837355	0.22976	0.0244858
23976	0.2884437980653286	0.070184352296145738	0.23975	0.0253534
24975	0.28889968636202767	0.070908111150175826	0.24974	0.0262088
25974	0.28932749854842815	0.07163576001603035	0.25973	0.0270529
26973	0.28972713521505927	0.072367498260163268	0.26972	0.0278867
27972	0.29009850587111419	0.073103534037928394	0.27971	0.0287112
28971	0.29044152867356171	0.073844084399454307	0.2897	0.0295273
29970	0.29075613014963358	0.074589375402457275	0.29969	0.0303364
30969	0.29104224491366565	0.075339642232610235	0.30968	0.0311394
31968	0.29129981537923172	0.076095129332101774	0.31967	0.0319376
32967	0.29152879146753125	0.076856090537016739	0.32966	0.0327323
33966	0.29172913031292852	0.07762278922418768	0.33965	0.0335248
34965	0.29190079596655583	0.07839549846816693	0.34964	0.0343164
35964	0.29204375909885233	0.079174501208990125	0.35963	0.0351084
36963	0.2921579967018853	0.079960090431400607	0.36962	0.0359023
37962	0.29224349179228859	0.080752569356230874	0.37961	0.0366995
38961	0.292300233115594	0.081552251644636406	0.3896	0.0375012
39960	0.29232821485273758	0.082359461615908652	0.39959	0.0383089
40959	0.29232743632947622	0.083174534479592999	0.40958	0.0391241
41958	0.29229790172940601	0.083997816582673496	0.41957	0.0399479
42957	0.29223961981126717	0.084829665672593632	0.42956	0.0407818
43956	0.2921526036311729	0.085670451176913631	0.43955	0.0416271
44955	0.29203687027037051	0.086520554500423064	0.44954	0.0424851
45954	0.29189244056911046	0.087380369340557998	0.45953	0.043357
46953	0.29171933886717449	0.088250302022000654	0.46952	0.044244
47952	0.29151759275156941	0.089130771851368695	0.47951	0.0451474
48951	0.29128723281187141	0.090022211492943538	0.4895	0.0460681
49950	0.29102829240367889	0.090925067366411566	0.49949	0.0470074
50949	0.29074080742058522	0.091839800067643723	0.50948	0.0479663
51948	0.29042481607508092	0.092766884813580211	0.51947	0.0489457
52947	0.2900803586887381	0.093706811912327742	0.52946	0.0499468
53946	0.28970747749201758	0.094660087259635053	0.53945	0.0509704
54945	0.28930621643402571	0.095627232862961958	0.54944	0.0520175
55944	0.28887662100249106	0.096608787394417917	0.55943	0.053089
56943	0.28841873805423607	0.097605306773906372	0.56942	0.0541857
57942	0.28793261565639278	0.09861736478387742	0.57941	0.0553085
58941	0.28741830293857068	0.099645553717168461	0.5894	0.0564581
59940	0.28687584995618592	0.1006904850594796	0.59939	0.0576355
60939	0.286305307565142	0.10175279020812018	0.60938	0.0588413
61938	0.285706727308009	0.10283312122874598	0.61937	0.0600764
62937	0.2850801613118813	0.10393215165189855	0.62936	0.0613415
63936	0.2844256621980164	0.10505057731126159	0.63935	0.0626374
64935	0.28374328300340435	0.10618911722564828	0.64934	0.0639647
65934	0.28303307711436199	0.10734851452685304	0.65933	0.0653244
66933	0.28229509821225179	0.10852953743561283	0.66932	0.066717
67932	0.28152940023142548	0.10973298028805741	0.67931	0.0681434
68931	0.28073603732944941	0.11095966461515987	0.6893	0.0696043
69930	0.27991506386971721	0.11221044027784076	0.69929	0.0711004
70929	0.27906653441647505	0.11348618666053928	0.70928	0.0726326
71928	0.27819050374234872	0.1147878139262187	0.71927	0.0742016
72927	0.27728702684841644	0.11611626433595508	0.72926	0.0758081
73926	0.27635615899686211	0.11747251363643775	0.73925	0.0774531
74925	0.2753979557562844	0.11885757251890465	0.74924	0.0791373
75924	0.27441247305967387	0.12027248815324977	0.75923	0.0808616
76923	0.27339976727511472	0.12171834580125594	0.76922	0.0826268
77922	0.27235989528924914	0.12319627051314384	0.77921	0.0844339
78921	0.27129291460353533	0.12470742891188001	0.7892	0.0862838
79920	0.27019888344332488	0.12625303106994662	0.79919	0.0881774
80919	0.2690778608798261	0.1278343324835734	0.80918	0.0901158
81918	0.26792990696494445	0.1294526361497082	0.81917	0.0920999
82917	0.2667550828790643	0.13110929475135544	0.82916	0.0941308
83916	0.2655534510917868	0.13280571295722254	0.83915	0.0962097
84915	0.26432507553566625	0.13454334984199551	0.84914	0.0983377
85914	0.2630700217929558	0.13632372143394225	0.85913	0.100516
86913	0.26178835729541799	0.13814840339695597	0.86912	0.102746
87912	0.26048015153719056	0.14001903385458569	0.87911	0.105028
88911	0.25914547630076912	0.14193731636406798	0.8891	0.107365
89910	0.25778440589608315	0.14390502304886207	0.89909	0.109758
90909	0.25639701741272181	0.14592399789872862	0.90908	0.112208
91908	0.25498339098528638	0.14799616024694234	0.91907	0.114716
92907	0.25354361007189119	0.15012350843482647	0.92906	0.117285
93906	0.25207776174580027	0.15230812367444102	0.93905	0.119916
94905	0.2505859370001905	0.15455217412092442	0.94904	0.12261
95904	0.2490682310660127	0.15685791916671346	0.95903	0.125371
96903	0.2475247437429107	0.15922771397063321	0.96902	0.128199
97902	0.24595557974316126	0.1616640142356647	0.97901	0.131097
98901	0.24436084904855518	0.16416938125007713	0.989	0.134067
99900	0.24274066728013735	0.16674648720752805	0.99899	0.137111
100899	0.24109515608069973	0.16939812082273628	1.00898	0.140232
101898	0.23942444350990097	0.1721271932603812	1.01897	0.143431
102897	0.23772866445185459	0.17493674439600507	1.02896	0.146713
103896	0.2360079610349993	0.17782994942889649	1.03895	0.150079
104895	0.2342624830640424	0.18081012586820844	1.04894	0.153533
105894	0.23249238846371828	0.18388074091492917	1.05893	0.157077
106893	0.23069784373407312	0.18704541926377002	1.06892	0.160715
107892	0.22887902441695124	0.19030795135058631	1.07891	0.164451
108891	0.22703611557329073	0.19367230207259417	1.0889	0.168287
109890	0.22516931227081524	0.19714262001041291	1.09889	0.172227
110889	0.22327882008162747	0.20072324718282514	1.10888	0.176276
111888	0.22136485558917016	0.20441872936716143	1.11887	0.180438
112887	0.21942764690394567	0.2082338270203388	1.12886	0.184717
113886	0.21746743418732001	0.21217352683786089	1.13885	0.189117
114885	0.21548447018267339	0.21624305399051327	1.14884	0.193644
115884	0.21347902075306313	0.22044788508106897	1.15883	0.198303
116883	0.21145136542450332	0.22479376186608446	1.16882	0.203098
117882	0.20940179793385302	0.22928670579079166	1.17881	0.208037
118881	0.207330626780239	0.23393303338824381	1.1888	0.213124
119880	0.20523817577881515	0.23873937259720004	1.19879	0.218366
120879	0.20312478461557529	0.24371268005680224	1.20878	0.22377
121878	0.20099080940181077	0.24886025943989554	1.21877	0.229342
122877	0.19883662322671086	0.25418978089088862	1.22876	0.235091
123876	0.19666261670645668	0.25970930163836459	1.23875	0.241023
124875	0.19446919852806338	0.26542728785725567	1.24874	0.247147
125874	0.19225679598607723	0.27135263786029057	1.25873	0.253472
126873	0.19002585551011233	0.27749470670363952	1.26872	0.260007
127872	0.18777684318106702	0.2838633322972578	1.27871	0.266761
128871	0.18551024523372892	0.29046886311633857	1.2887	0.273744
129870	0.18322656854332514	0.29732218761660484	1.29869	0.280968
130869	0.18092634109344616	0.30443476546288634	1.30868	0.288444
131868	0.17861011242260327	0.31181866068758052	1.31867	0.296182
132867	0.17627845404655973	0.31948657690323629	1.32866	0.304197
133866	0.17393195985341306	0.32745189470155656	1.33865	0.312501
134865	0.17157124646826852	0.33572871137980648	1.34864	0.321108
135864	0.16919695358421757	0.34433188314474467	1.35863	0.330032
136863	0.16680974425617656	0.35327706995398817	1.36862	0.339291
137862	0.16441030515404412	0.36258078316509318	1.37861	0.348899
138861	0.16200886833788325	0.37222153398472263	1.38856	0.358834
139860	0.15967213187732462	0.3819343665621347	1.3982	0.368824
140859	0.15740984834304508	0.3916648055028516	1.4075	0.378814
141858	0.15521854594559881	0.40141147045855069	1.41647	0.388804
142857	0.15309494455327893	0.41117310541002278	1.42514	0.398794
143856	0.15103594592308497	0.42094856658436081	1.43352	0.408784
144855	0.14903862396186149	0.43073681154057397	1.44163	0.418774
145854	0.14710021515773228	0.44053688933066715	1.44949	0.428764
146853	0.14521810928178155	0.45034793164325754	1.4571	0.438754
147852	0.14338984042886788	0.46016914483973292	1.46449	0.448744
148851	0.14161307844255805	0.46999980279770631	1.47165	0.458734
149850	0.13988562075097213	0.47983924048216037	1.47861	0.468724
150849	0.13820538462655188	0.48968684817092983	1.48538	0.478714
151848	0.13657039987252181	0.49954206626740877	1.49196	0.488704
152847	0.13497880193125472	0.50940438063951843	1.49836	0.498694
153846	0.13342882540434317	0.51927331842985636	1.50459	0.508683
154845	0.1319187979703679	0.52914844428743923	1.51066	0.518673
155844	0.13044713468384761	0.53902935697654852	1.51657	0.528663
156843	0.12901233263724571	0.54891568632278931	1.52234	0.538653
157842	0.1276129659670949	0.55880709046079236	1.52797	0.548643
158841	0.12624768118495761	0.56870325335172311	1.53346	0.558633
159840	0.12491519281406664	0.57860388254229378	1.53883	0.568623
160839	0.12361427931284777	0.58850870713991565	1.54407	0.578613
161838	0.12234377926712589	0.59841747598156492	1.54919	0.588603
162837	0.12110258783354844	0.60832995597623363	1.5542	0.598593
163836	0.11988965341755914	0.61824593060310218	1.5591	0.608582
164835	0.11870397457014489	0.62816519854951691	1.56389	0.618572
165834	0.11754459708844672	0.63808757247453718	1.56858	0.628562
166833	0.11641061130623639	0.6480128778854346	1.57318	0.638552
167832	0.11530114956112117	0.65794095211578529	1.57768	0.648542
168831	0.11421538382620552	0.66787164339511573	1.58209	0.658532
169830	0.11315252349474841	0.67780481000105441	1.58641	0.668522
170829	0.11211181330714216	0.68774031948594416	1.59065	0.678512
171828	0.11109253141027865	0.69767804797071142	1.59481	0.688501
172827	0.11009398754007249	0.70761787949950528	1.59889	0.698491
173826	0.10911552131856063	0.71755970544936876	1.6029	0.708481
174825	0.10815650065762494	0.72750342398971557	1.60683	0.718471
175824	0.10721632026194886	0.73744893958697444	1.61069	0.728461
176823	0.10629440022436472	0.74739616255020058	1.61449	0.738451
177822	0.10539018470723946	0.75734500861391474	1.61821	0.748441
178821	0.10450314070401652	0.76729539855476436	1.62188	0.75843
179820	0.1036327568754558	0.7772472578389793	1.62548	0.76842
180819	0.10277854245551606	0.78720051629783228	1.62902	0.77841
181818	0.10194002622219185	0.79715510782868459	1.6325	0.7884
182817	0.10111675552895577	0.80711097011931032	1.63593	0.79839
183816	0.1003082953927761	0.81706804439351877	1.6393	0.80838
184815	0.099514227634970379	0.82702627517622729	1.64262	0.81837
185814	0.098734150071425483	0.83698561007632277	1.64588	0.828359
186813	0.097967675748963215	0.8469459995858124	1.6491	0.838349
187812	0.097214432224861966	0.85690739689389261	1.65227	0.848339
188811	0.09647406088675764	0.86686975771471186	1.65539	0.858329
189810	0.095746216310345925	0.87683304012767593	1.65846	0.868319
190809	0.095030565652483745	0.88679720442929189	1.66149	0.878309
191808	0.09432678807746589	0.89676221299562131	1.66447	0.888298
192807	0.093634574214396055	0.90672803015447967	1.66741	0.898288
193806	0.092953625643731427	0.91669462206660535	1.67032	0.908278
194805	0.092283654411193447	0.9266619566151143	1.67318	0.918268
195804	0.091624382567379176	0.93663000330257118	1.676	0.928258
196803	0.090975541731507306	0.94659873315509857	1.67878	0.938247
197802	0.090336872677851426	0.95656811863299041	1.68152	0.948237
198801	0.089708124943496823	0.96653813354730456	1.68423	0.958227
199800	0.089089056456160498	0.97650875298204087	1.68691	0.968217
200799	0.088479433180891492	0.98647995322143078	1.68954	0.978207
201798	0.087879028784545968	0.99645171168199276	1.69215	0.988197
202797	0.087287624317008067	1.0064240068489763	1.69472	0.998186
203796	0.086705007908190967	1.0163968182169318	1.69726	1.00818
204795	0.086130974479916855	1.0263701262340215	1.69977	1.01817
205794	0.085565325471832723	1.0363439122498794	1.70224	1.02816
206793	0.085007868580568455	1.0463181584667365	1.70469	1.03815
207792	0.084458417511403289	1.0562928478935774	1.70711	1.04814
208791	0.083916791741739383	1.0662679643031261	1.7095	1.05813
209790	0.083382816295739293	1.076243492191461	1.71186	1.06812
210789	0.082856321529514512	1.0862194167400787	1.71419	1.0781
211788	0.082337142926291129	1.0961957237802575	1.71649	1.08809
212787	0.081825120901019233	1.1061723997595017	1.71877	1.09808
213786	0.081320100613919033	1.116149431710034	1.72103	1.10807
214785	0.08082193179248913	1.1261268072190815	1.72326	1.11806
215784	0.080330468561534349	1.136104514400931	1.72546	1.12805
216783	0.079845569280790146	1.1460825418705824	1.72764	1.13804
217782	0.079367096389752215	1.1560608787189275	1.72979	1.14803
218781	0.078894916259337755	1.1660395144893334	1.73193	1.15802
219780	0.078428899050032627	1.1760184391555304	1.73404	1.16801
220779	0.07796891857618922	1.1859976431007795	1.73612	1.178
221778	0.077514852176171378	1.1959771170981539	1.73819	1.18799
222777	0.077066580588047384	1.2059568522919699	1.74023	1.19798
223776	0.076623987830561083	1.2159368401801682	1.74226	1.20797
224775	0.076186961089116073	1.225917072597688	1.74426	1.21796
225774	0.075755390606530332	1.2358975417007492	1.74624	1.22795
226773	0.075329169578325403	1.2458782399519561	1.7482	1.23794
227772	0.074908194052335578	1.2558591601062061	1.75015	1.24793
228771	0.07449236283242526	1.2658402951973324	1.75207	1.25792
229770	0.074081577386122574	1.2758216385254737	1.75397	1.26791
230769	0.073675741755980226	1.2858031836450612	1.75586	1.2779
231768	0.073274762474490843	1.2957849243534627	1.75773	1.28789
232767	0.07287854848238963	1.3057668546801908	1.75958	1.29788
233766	0.072487011050186109	1.3157489688766812	1.76141	1.30787
234765	0.072100063702780812	1.3257312614065511	1.76323	1.31786
235764	0.071717622147017823	1.3357137269363988	1.76503	1.32785
236763	0.071339604202047061	1.3456963603270211	1.76681	1.33784
237762	0.070965929732364819	1.3556791566250905	1.76858	1.34783
238761	0.070596520583415631	1.3656621110552261	1.77033	1.35782
239760	0.070231300519635886	1.3756452190124768	1.77206	1.36781
240759	0.069870195164839499	1.3856284760551414	1.77378	1.3778
241758	0.069513131944832857	1.3956118778979558	1.77549	1.38779
242757	0.069160040032170675	1.4055954204056034	1.77718	1.39778
243756	0.068810850292949963	1.4155790995865227	1.77885	1.40777
244755	0.068465495235565707	1.4255629115870401	1.78051	1.41776
245754	0.068123908961332275	1.4355468526857369	1.78216	1.42775
246753	0.067786027116899475	1.4455309192881107	1.78379	1.43774
247752	0.067451786848384335	1.4555151079214788	1.78541	1.44773
248751	0.067121126757144739	1.4654994152300986	1.78701	1.45772
249750	0.066793986857129256	1.4754838379705515	1.7886	1.46771
250749	0.066470308533734659	1.4854683730072913	1.79018	1.4777
251748	0.066150034504111346	1.4954530173084277	1.79174	1.48769
252747	0.065833108778855454	1.5054377679416839	1.7933	1.49768
253746	0.06551947662503177	1.5154226220705511	1.79484	1.50767
254745	0.065209084530473194	1.5254075769505839	1.79636	1.51766
255744	0.064901880169304899	1.5353926299258922	1.79788	1.52765
256743	0.064597812368645799	1.5453777784257778	1.79938	1.53764
257742	0.06429683107643705	1.5553630199615041	1.80088	1.54763
258741	0.063998887330356219	1.5653483521232288	1.80236	1.55761
259740	0.063703933227772402	1.575333772577034	1.80382	1.5676
260739	0.063411921896702764	1.5853192790621395	1.80528	1.57759
261738	0.063122807467729677	1.5953048693881833	1.80673	1.58758
262737	0.062836545046843953	1.6052905414326348	1.80816	1.59757
263736	0.062553090689174529	1.6152762931383271	1.80959	1.60756
264735	0.062272401373576203	1.6252621225110886	1.811	1.61755
265734	0.061994434978036951	1.6352480276174555	1.81241	1.62754
266733	0.061719150255877681	1.6452340065825042	1.8138	1.63753
267732	0.061446506812712964	1.655220057587778	1.81518	1.64752
268731	0.061176465084145495	1.6652061788692434	1.81655	1.65751
269730	0.06090898631416463	1.6751923687154142	1.81792	1.6675
270729	0.060644032534226212	1.6851786254654804	1.81927	1.67749
271728	0.060381566542985404	1.695164947507545	1.82061	1.68748
272727	0.060121551886660823	1.7051513332769406	1.82195	1.69747
273726	0.059863952840005771	1.7151377812545756	1.82327	1.70746
274725	0.059608734387865299	1.7251242899653898	1.82459	1.71745
275724	0.05935586220729766	1.7351108579768415	1.82589	1.72744
276723	0.05910530265024027	1.7450974838974609	1.82719	1.73743
277722	0.058857022726699612	1.7550841663754801	1.82848	1.74742
278721	0.058610990088448452	1.7650709040974695	1.82976	1.75741
279720	0.058367173013210483	1.7750576957870876	1.83103	1.7674
280719	0.058125540389317082	1.7850445402038269	1.83229	1.77739
281718	0.057886061700818073	1.7950314361418316	1.83355	1.78738
282717	0.057648707013032159	1.8050183824287664	1.83479	1.79737
283716	0.057413446958520457	1.8150053779247042	1.83603	1.80736
284715	0.057180252723470291	1.8249924215210853	1.83726	1.81735
285714	0.056949096034473158	1.8349795121396948	1.83848	1.82734
286713	0.056719949145685893	1.8449666487316789	1.83969	1.83733
287712	0.056492784826359284	1.8549538302766126	1.8409	1.84732
288711	0.056267576348724556	1.8649410557815851	1.8421	1.85731
289710	0.056044297476223207	1.8749283242803232	1.84329	1.8673
290709	0.055822922452070989	1.8849156348323686	1.84447	1.87729
291708	0.055603425988143815	1.8949029865222315	1.84564	1.88728
292707	0.055385783254173981	1.9048903784586482	1.84681	1.89727
293706	0.055169969867249147	1.9148778097737955	1.84797	1.90726
294705	0.054955961881601317	1.9248652796225778	1.84912	1.91725
295704	0.054743735778679012	1.9348527871819308	1.85027	1.92724
296703	0.054533268457491013	1.9448403316501321	1.85141	1.93723
297702	0.0543245372252147	1.9548279122461618	1.85254	1.94722
298701	0.054117519788060099	1.9648155282090589	1.85367	1.95721
299700	0.05391219424238089	1.9748031787973295	1.85479	1.9672
300699	0.05370853906602522	1.9847908632883533	1.8559	1.97719
301698	0.053506533109918139	1.9947785809778185	1.857	1.98717
302697	0.053306155589869342	2.0047663311791668	1.8581	1.99716
303696	0.053107386078597836	2.0147541132230917	1.85919	2.00715
304695	0.05291020449796803	2.024741926457005	1.86028	2.01714
305694	0.052714591111430002	2.0347297702445308	1.86136	2.02713
306693	0.052520526516657437	2.0447176439650798	1.86243	2.03712
307692	0.052327991638378313	2.0547055470133482	1.8635	2.04711
308691	0.052136967721390849	2.0646934787988727	1.86456	2.0571
309690	0.051947436323760428	2.0746814387456434	1.86561	2.06709
310689	0.051759379310191131	2.0846694262916317	1.86666	2.07708
311688	0.051572778845567172	2.0946574408884335	1.86771	2.08707
312687	0.051387617388658956	2.1046454820008726	1.86874	2.09706
313686	0.05120387768598833	2.1146335491065975	1.86977	2.10705
314685	0.051021542765849977	2.1246216416957524	1.8708	2.11704
315684	0.050840595932481636	2.1346097592706057	1.87182	2.12703
316683	0.050661020760380933	2.144597901345219	1.87283	2.13702
317682	0.050482801088764233	2.1545860674451203	1.87384	2.14701
318681	0.050305921016162214	2.164574257106977	1.87484	2.157
319680	0.050130364895149417	2.1745624698783046	1.87584	2.16699
320679	0.049956117327203418	2.1845507053171294	1.87683	2.17698
321678	0.049783163157689575	 2.19453896299175	1.87782	2.18697
322677	0.049611487470968114	2.2045272424804292	1.8788	2.19696
323676	0.049441075585620747	2.2145155433711201	1.87978	2.20695
324675	0.049271913049791269	2.2245038652612212	1.88075	2.21694
325674	0.049103985636639425	2.2344922077573135	1.88172	2.22693
326673	0.048937279339903411	2.2444805704748814	1.88268	2.23692
327672	0.048771780369568023	2.2544689530381592	1.88363	2.24691
328671	0.048607475147636324	2.2644573550797995	1.88458	2.2569
329670	0.048444350304000461	2.2744457762407162	1.88553	2.26689
330669	0.048282392672410579	2.2844342161698425	1.88647	2.27688
331668	0.048121589286538292	2.2944226745239105	1.88741	2.28687
332667	0.047961927376131551	2.304411150967288	1.88834	2.29686
333666	0.047803394363259484	2.3143996451717284	1.88927	2.30685
334665	0.047645977858644488	2.3243881568162039	1.89019	2.31684
335664	0.047489665658077877	2.334376685586717	1.89111	2.32683
336663	0.047334445738919421	2.3443652311761203	1.89202	2.33682
337662	0.04718030625667579	2.3543537932839387	1.89293	2.34681
338661	0.04702723554165792	2.3643423716162006	1.89383	2.3568
339660	0.046875222095713605	2.3743309658852669	1.89473	2.36679
340659	0.046724254589034286	2.3843195758096711	1.89563	2.37678
341658	0.046574321857033876	2.3943082011139762	1.89652	2.38677
342657	0.046425412897297326	2.4042968415286192	1.89741	2.39675
343656	0.046277516866597646	2.4142854967897307	1.89829	2.40674
344655	0.046130623077979119	2.4242741666390524	1.89917	2.41673
345654	0.045984720997905709	2.4342628508237389	1.90004	2.42672
346653	0.045839800243471542	2.4442515490962604	1.90091	2.43671
347652	0.045695850579673236	2.4542402612142631	1.90177	2.4467
348651	0.045552861916742599	2.4642289869404368	1.90264	2.45669
349650	0.04541082430753636	2.4742177260423914	1.90349	2.46668
350649	0.045269727944983712	2.484206478292541	1.90435	2.47667
351648	0.045129563159588389	2.4941952434680008	1.9052	2.48666
352647	0.044990320416985079	2.5041840213504325	1.90604	2.49665
353646	0.044851990315548228	2.5141728117259636	1.90688	2.50664
354645	0.044714563584051958	2.5241616143851111	1.90772	2.51663
355644	0.04457803107938052	2.5341504291226062	1.90855	2.52662
356643	0.044442383784286048	2.5441392557373268	1.90938	2.53661
357642	0.044307612805195309	2.5541280940322366	1.91021	2.5466
358641	0.044173709370061973	2.5641169438142168	1.91103	2.55659
359640	0.044040664826263703	2.5741058048940251	1.91185	2.56658
360639	0.043908470638543994	2.5840946770861941	1.91267	2.57657
361638	0.043777118386996466	2.5940835602089316	1.91348	2.58656
362637	0.04364659976509145	2.6040724540840476	1.91428	2.59655
363636	0.043516906577742563	2.6140613585368562	1.91509	2.60654
364635	0.043388030739414475	2.6240502733961026	1.91589	2.61653
365634	0.043259964272268657	2.6340391984939009	1.91669	2.62652
366633	0.043132699304346926	2.6440281336656217	1.91748	2.63651
367632	0.043006228067793049	2.6540170787498294	1.91827	2.6465
368631	0.042880542897109457	2.6640060335882376	1.91906	2.65649
369630	0.042755636227449982	2.6739949980255959	1.91984	2.66648
370629	0.04263150059294691	2.6839839719096434	1.92062	2.67647
371628	0.042508128625071008	2.6939729550910645	1.9214	2.68646
372627	0.042385513051025607	2.7039619474233554	1.92217	2.69645
373626	0.042263646692172072	2.7139509487628257	1.92294	2.70644
374625	0.042142522462486405	2.7239399589685016	1.92371	2.71643
375624	0.042022133367046889	2.7339289779020732	1.92447	2.72642
376623	0.041902472500551569	2.7439180054278483	1.92523	2.73641
377622	0.041783533045864657	2.7539070414126723	1.92599	2.7464
378621	0.041665308272591607	2.7638960857258863	1.92674	2.75639
379620	0.041547791535682325	2.773885138239272	1.92749	2.76638
380619	0.041430976274061074	2.7838741988269762	1.92824	2.77637
381618	0.041314856009283668	2.7938632673655177	1.92898	2.78635
382617	0.041199424344219714	2.803852343733654	1.92972	2.79634
383616	0.041084674961761228	2.813841427812394	1.93046	2.80633
384615	0.040970601623555584	2.8238305194849329	1.9312	2.81632
385614	0.040857198168762932	2.8338196186365878	1.93193	2.82631
386613	0.040744458512836999	2.8438087251547839	1.93266	2.8363
387612	0.040632376646329377	2.8537978389289798	1.93339	2.84629
388611	0.040520946633716651	2.8637869598506374	1.93411	2.85628
389610	0.040410162612249244	2.8737760878131731	1.93483	2.86627
390609	0.040300018790822213	2.8837652227119359	1.93555	2.87626
391608	0.040190509448867505	2.8937543644441388	1.93626	2.88625
392607	0.04008162893526622	2.9037435129088291	1.93697	2.89624
393606	0.039973371667281925	2.9137326680068689	1.93768	2.90623
394605	0.039865732129513637	2.9237218296408809	1.93839	2.91622
395604	0.039758704872867284	2.9337109977151945	1.93909	2.92621
396603	0.039652284513548082	2.9437001721358338	1.93979	2.9362
397602	0.039546465732068888	2.9536893528104908	1.94049	2.94619
398601	0.039441243272279533	2.9636785396484528	1.94119	2.95618
399600	0.039336611940411721	2.9736677325606182	1.94188	2.96617
400599	0.039232566604142267	2.9836569314594183	1.94257	2.97616
401598	0.039129102191673662	2.9936461362588296	1.94326	2.98615
402597	0.039026213690830272	3.0036353468742893	1.94394	2.99614
403596	0.038923896148171974	3.0136245632227228	1.94463	3.00613
404595	0.03882214466812299	3.0236137852224672	1.94531	3.01612
405594	0.038720954412116683	3.0336030127932689	1.94598	3.02611
406593	0.038620320597755442	3.043592245856249	1.94666	3.0361
407592	0.038520238497985478	3.0535814843338689	1.94733	3.04609
408591	0.038420703440287231	3.0635707281499092	1.948	3.05608
409590	0.038321710805878463	3.0735599772294528	1.94867	3.06607
410589	0.038223256028932971	3.0835492314988424	1.94933	3.07606
411588	0.038125334595811987	3.0935384908856602	1.94999	3.08605
412587	0.038027942044309683	3.1035277553187011	1.95065	3.09604
413586	0.037931073962911614	3.1135170247279707	1.95131	3.10603
414585	0.037834725990066299	3.1235062990446365	1.95196	3.11602
415584	0.037738893813469364	3.1334955782009897	1.95262	3.12601
416583	0.037643573169359616	3.1434848621304807	1.95327	3.136
417582	0.037548759841828032	3.1534741507676349	1.95391	3.14599
418581	0.037454449662138595	3.1634634440480851	1.95456	3.15598
419580	0.03736063850806022	3.1734527419084988	1.9552	3.16597
420579	0.037267322303210434	3.1834420442865978	1.95584	3.17595
421578	0.037174497016410506	3.1934313511211285	1.95648	3.18594
422577	0.037082158661051287	3.2034206623518076	1.95712	3.19593
423576	0.036990303294469618	3.2134099779193601	1.95775	3.20592
424575	0.036898927017335909	3.2233992977654671	1.95838	3.21591
425574	0.036808025973051398	3.2333886218327552	1.95901	3.2259
426573	0.03671759634715558	3.2433779500647644	1.95964	3.23589
427572	0.036627634366744627	3.2533672824059532	1.96026	3.24588
428571	0.03653813629989798	3.2633566188016756	1.96089	3.25587
429570	0.036449098455115403	3.2733459591981453	1.96151	3.26586
430569	0.036360517180763295	3.2833353035424477	1.96213	3.27585
431568	0.036272388864530325	3.2933246517825046	1.96274	3.28584
432567	0.036184709932891398	3.3033140038670616	1.96336	3.29583
433566	0.036097476850581213	3.3133033597456789	1.96397	3.30582
434565	0.036010686120076303	3.323292719368705	1.96458	3.31581
435564	0.035924334281084963	3.333282082687274	1.96519	3.3258
436563	0.035838417910046376	3.3432714496532907	1.96579	3.33579
437562	0.035752933619637432	3.3532608202194081	1.9664	3.34578
438561	0.035667878058287382	3.3632501943390314	1.967	3.35577
439560	0.035583247909700862	3.3732395719662533	1.9676	3.36576
440559	0.035499039892387889	3.383228953055911	1.9682	3.37575
441558	0.035415250759202654	3.3932183375635354	1.96879	3.38574
442557	0.035331877296888275	3.4032077254453417	1.96939	3.39573
443556	0.03524891632562973	3.4131971166582185	1.96998	3.40572
444555	0.03516636469861379	 3.42318651115971	1.97057	3.41571
445554	0.035084219301595561	3.4331759089080167	1.97116	3.4257
446553	0.035002477052472787	3.4431653098619797	1.97174	3.43569
447552	0.034921134900865854	3.4531547139810592	1.97233	3.44568
448551	0.034840189827705044	3.4631441212253105	1.97291	3.45567
449550	0.034759638844824317	3.4731335315554666	1.97349	3.46566
450549	0.034679478994560864	3.4831229449327776	1.97407	3.47565
451548	0.034599707349361603	3.4931123613191075	1.97464	3.48564
452547	0.034520321011395766	3.5031017806768898	1.97522	3.49563
453546	0.034441317112173332	3.5130912029691177	1.97579	3.50562
454545	0.034362692812168923	3.5230806281593416	1.97636	3.51561
455544	0.034284445300452319	3.5330700562116535	1.97693	3.5256
456543	0.034206571794324458	3.5430594870906833	1.9775	3.53559
457542	0.034129069538958799	3.5530489207615683	1.97806	3.54558
458541	0.034051935807048087	3.5630383571899884	1.97863	3.55556
459540	0.03397516789845742	3.5730277963421146	1.97919	3.56555
460539	0.033898763139880932	3.583017238184603	1.97975	3.57554
461538	0.033822718884505928	3.5930066826846345	1.98031	3.58553
462537	0.033747032511680319	3.602996129809835	1.98086	3.59552
463536	0.033671701426585238	3.6129855795283183	1.98142	3.60551
464535	0.033596723059913916	3.6229750318086618	1.98197	3.6155
465534	0.033522094867554468	3.6329644866198896	1.98252	3.62549
466533	0.033447814330276861	3.6429539439314973	1.98307	3.63548
467532	0.033373878953426063	3.6529434037134019	1.98362	3.64547
468531	0.033300286266618427	3.6629328659359466	1.98417	3.65546
469530	0.033227033823443441	3.6729223305699352	1.98471	3.66545
470529	0.033154119201169716	3.6829117975865557	1.98525	3.67544
471528	0.033081540000454608	3.6929012669574282	1.98579	3.68543
472527	0.033009293845059559	3.7028907386545682	1.98633	3.69542
473526	0.032937378381568579	3.7128802126503895	1.98687	3.70541
474525	0.032865791279110754	3.7228696889177009	1.98741	3.7154
475524	0.032794530229087876	3.732859167429698	1.98794	3.72539
476523	0.032723592944905081	3.7428486481599266	1.98848	3.73538
477522	0.032652977161705468	3.7528381310823793	1.98901	3.74537
478521	0.032582680636109536	3.7628276161713439	1.98954	3.75536
479520	0.032512701145957314	3.7728171034014895	1.99007	3.76535
480519	0.032443036490054665	3.782806592747844	1.99059	3.77534
481518	0.032373684487923278	3.7927960841857837	1.99112	3.78533
482517	0.032304642979554272	3.8027855776910182	1.99164	3.79532
483516	0.032235909825165297	3.8127750732396075	1.99216	3.80531
484515	0.032167482904961152	3.8227645708079345	1.99268	3.8153
485514	0.03209936011889785	3.8327540703727037	1.9932	3.82529
486513	0.032031539386449856	3.842743571910971	1.99372	3.83528
487512	0.031964018646381168	3.8527330754000744	1.99424	3.84527
488511	0.031896795856518903	3.8627225808176688	1.99475	3.85526
489510	0.031829868993530394	3.8727120881417241	1.99526	3.86525
490509	0.031763236052703731	3.8827015973505064	1.99577	3.87524
491508	0.031696895047731322	3.8926911084225839	1.99628	3.88523
492507	0.031630844010496324	3.9026806213368044	1.99679	3.89522
493506	0.031565080990861548	3.912670136072312	1.9973	3.90521
494505	0.031499604056462578	3.9226596526085262	1.99781	3.9152
495504	0.031434411292502532	3.932649170925175	1.99831	3.92518
496503	0.031369500801550605	3.9426386910021942	1.99881	3.93517
497502	0.03130487070334307	3.9526282128198438	1.99931	3.94516
498501	0.031240519134586565	3.9626177363586312	1.99981	3.95515
499500	0.031176444248765006	3.9726072615993271	2.00031	3.96514
500499	0.031112644215948147	3.9825967885229585	2.00081	3.97513
501498	0.031049117222603711	3.9925863171108009	2.0013	3.98512
502497	0.030985861471411767	4.0025758473443886	2.0018	3.99511
503496	0.030922875181081416	4.0125653792054816	2.00229	4.0051
504495	0.030860156586170036	4.0225549126760995	2.00278	4.01509
505494	0.030797703936905327	4.0325444477384904	2.00327	4.02508
506493	0.030735515499009436	4.0425339843751535	2.00376	4.03507
507492	0.030673589553525577	4.0525235225687766	2.00425	4.04506
508491	0.030611924396647054	4.062513062302318	2.00474	4.05505
509490	0.030550518339548496	4.072502603558938	2.00522	4.06504
510489	0.030489369708219569	4.0824921463220125	2.0057	4.07503
511488	0.030428476843300498	4.0924816905751511	2.00619	4.08502
512487	0.030367838099920191	4.1024712363021472	2.00667	4.09501
513486	0.030307451847536325	4.1124607834870295	2.00715	4.105
514485	0.030247316469777921	4.1224503321140267	2.00762	4.11499
515484	0.030187430364289315	4.1324398821675832	2.0081	4.12498
516483	0.030127791942576858	4.1424294336323175	2.00858	4.13497
517482	0.030068399629857197	4.1524189864930543	2.00905	4.14496
518481	0.030009251864908264	4.1624085407348268	2.00952	4.15495
519480	0.029950347099921004	4.1723980963428433	2.01	4.16494
520479	0.029891683800354472	4.1823876533025137	2.01047	4.17493
521478	0.029833260444791666	4.1923772115994273	2.01094	4.18492
522477	0.029775075524797901	4.2023667712193458	2.0114	4.19491
523476	0.029717127544780859	4.2123563321482278	2.01187	4.2049
524475	0.029659415021852435	4.2223458943722036	2.01234	4.21489
525474	0.029601936485692457	4.2323354578775758	2.0128	4.22488
526473	0.029544690478414109	4.2423250226508262	2.01326	4.23487
527472	0.029487675554430916	4.2523145886786011	2.01372	4.24486
528471	0.029430890280325941	4.2623041559477075	2.01419	4.25485
529470	0.029374333234722123	4.2722937244451407	2.01464	4.26484
530469	0.029318003008154667	4.2822832941580202	2.0151	4.27483
531468	0.029261898202944819	4.2922728650736621	2.01556	4.28482
532467	0.029206017433075555	4.3022624371795359	2.01602	4.2948
533466	0.029150359324068544	4.3122520104632427	2.01647	4.30479
534465	0.029094922512862723	4.3222415849125531	2.01692	4.31478
535464	0.02903970564769456	4.332231160515386	2.01738	4.32477
536463	0.028984707387979879	4.3422207372598134	2.01783	4.33476
537462	0.028929926404196987	4.3522103151340472	2.01828	4.34475
538461	0.028875361377771292	4.3621998941264435	2.01873	4.35474
539460	0.028821011000961572	4.3721894742255154	2.01917	4.36473
540459	0.028766873976747473	4.3821790554198969	2.01962	4.37472
541458	0.028712949018718532	4.3921686376983757	2.02007	4.38471
542457	0.028659234850964589	4.4021582210498709	2.02051	4.3947
543456	0.028605730207967382	4.4121478054634267	2.02095	4.40469
544455	0.02855243383449383	4.4221373909282287	2.02139	4.41468
545454	0.028499344485490307	4.4321269774335974	2.02184	4.42467
546453	0.028446460925978492	4.442116564968968	2.02228	4.43466
547452	0.028393781930952294	4.4521061535239239	2.02271	4.44465
548451	0.028341306285276296	4.4620957430881596	2.02315	4.45464
549450	0.028289032783585022	4.4720853336514956	2.02359	4.46463
550449	0.028236960230184016	4.4820749252038743	2.02402	4.47462
551448	0.028185087438951765	4.4920645177353542	2.02446	4.48461
552447	0.028133413233242779	4.5020541112361236	2.02489	4.4946
553446	0.028081936445792183	4.5120437056964739	2.02532	4.50459
554445	0.028030655918621111	4.5220333011068226	2.02575	4.51458
555444	0.027979570502943373	4.5320228974576953	2.02619	4.52457
556443	0.027928679059073525	4.542012494739728	2.02661	4.53456
557442	0.027877980456335594	4.5520020929436704	2.02704	4.54455
558441	0.02782747357297323	4.5619916920603778	2.02747	4.55454
559440	0.027777157296060749	4.5719812920808351	2.02789	4.56453
560439	0.027727030521415629	4.5819708929961074	2.02832	4.57452
561438	0.027677092153511461	4.5919604947973331	2.02874	4.58451
562437	0.027627341105392233	4.6019500974758314	2.02917	4.5945
563436	0.02757777629858801	4.6119397010229717	2.02959	4.60449
564435	0.027528396663030964	4.6219293054302337	2.03001	4.61448
565434	0.02747920113697281	4.6319189106892003	2.03043	4.62447
566433	0.027430188666903083	4.6419085167915508	2.03085	4.63446
567432	0.027381358207468579	4.6518981237290591	2.03127	4.64445
568431	0.027332708721393352	4.6618877314935885	2.03168	4.65444
569430	0.027284239179400139	4.671877340077109	2.0321	4.66442
570429	0.027235948560132422	4.6818669494716687	2.03251	4.67441
571428	0.027187835850077228	4.6918565596694197	2.03293	4.6844
572427	0.027139900043489467	4.7018461706625923	2.03334	4.69439
573426	0.027092140142316531	4.7118357824435115	2.03375	4.70438
574425	0.027044555156123931	4.7218253950045916	2.03416	4.71437
575424	0.026997144102022183	4.7318150083383355	2.03457	4.72436
576423	0.026949906004593731	4.7418046224373223	2.03498	4.73435
577422	0.026902839895821769	4.7517942372942272	2.03539	4.74434
578421	0.026855944815019045	4.7617838529017984	2.0358	4.75433
579420	0.026809219808757841	4.7717734692528735	2.0362	4.76432
580419	0.026762663930800658	4.7817630863403551	2.03661	4.77431
581418	0.026716276242031961	4.7917527041572425	2.03701	4.7843
582417	0.026670055810390107	4.8017423226966107	2.03741	4.79429
583416	0.026624001710801041	4.8117319419515958	2.03782	4.80428
584415	0.026578113025111583	4.8217215619154423	2.03822	4.81427
585414	0.02653238884202443	4.8317111825814605	2.03862	4.82426
586413	0.026486828257033294	4.8417008039430103	2.03902	4.83425
587412	0.026441430372359086	4.8516904259935556	2.03942	4.84424
588411	0.026396194296886822	4.8616800487266101	2.03982	4.85423
589410	0.026351119146103209	4.8716696721357744	2.04021	4.86422
590409	0.026306204042034674	4.8816592962147221	2.04061	4.87421
591408	0.026261448113186519	4.8916489209571772	2.041	4.8842
592407	0.026216850494482684	4.901638546356943	2.0414	4.89419
593406	0.026172410327205627	4.9116281724079061	2.04179	4.90418
594405	0.026128126758937657	4.9216177991039984	2.04218	4.91417
595404	0.026083998943502676	4.9316074264392329	2.04257	4.92416
596403	0.026040026040908219	4.9415970544076826	2.04297	4.93415
597402	0.025996207217288594	4.9515866830034918	2.04336	4.94414
598401	0.02595254164484832	4.9615763122208483	2.04374	4.95413
599400	0.025909028501806496	4.9715659420540339	2.04413	4.96412
600399	0.025865666972341696	4.9815555724973573	2.04452	4.97411
601398	0.025822456246536982	4.991545203545221	2.04491	4.9841
602397	0.025779395520326511	5.0015348351920714	2.04529	4.99409
603396	0.025736483995441907	5.0115244674324346	2.04568	5.00408
604395	0.025693720879359568	5.0215141002608501	2.04606	5.01407
605394	0.025651105385248289	5.0315037336719568	2.04644	5.02405
606393	0.025608636731917919	5.0414933676604408	2.04682	5.03404
607392	0.025566314143768289	5.0514830022210484	2.04721	5.04403
608391	0.025524136850738448	5.0614726373485759	2.04759	5.05402
609390	0.025482104088257063	5.0714622730378798	2.04797	5.06401
610389	0.02544021509719285	5.081451909283861	2.04834	5.074
611388	0.025398469123805705	5.0914415460814944	2.04872	5.08399
612387	0.025356865419698442	5.1014311834257944	2.0491	5.09398
613386	0.025315403241769004	5.1114208213118273	2.04948	5.10397
614385	0.025274081852163233	5.1214104597347108	2.04985	5.11396
615384	0.025232900518227824	5.1314000986896291	2.05023	5.12395
616383	0.02519185851246436	5.141389738171803	2.0506	5.13394
617382	0.02515095511248339	5.1513793781765083	2.05097	5.14393
618381	0.025110189600959246	5.1613690186990704	2.05135	5.15392
619380	0.025069561265584944	5.171358659734862	2.05172	5.16391
620379	0.025029069399028443	5.1813483012793107	2.05209	5.1739
621378	0.024988713298888219	5.1913379433278743	2.05246	5.18389
622377	0.024948492267650123	5.2013275858760846	2.05283	5.19388
623376	0.024908405612644537	5.2113172289194987	2.0532	5.20387
624375	0.024868452646003826	5.221306872453729	2.05356	5.21386
625374	0.024828632684620315	5.2312965164744289	2.05393	5.22385
626373	0.024788945050104705	5.2412861609773049	2.0543	5.23384
627372	0.024749389068745041	5.2512758059580982	2.05466	5.24383
628371	0.024709964071465942	5.2612654514126023	2.05503	5.25382
629370	0.024670669393788331	5.271255097336649	2.05539	5.26381
630369	0.024631504375789703	5.2812447437261207	2.05575	5.2738
631368	0.024592468362064333	5.2912343905769266	2.05611	5.28379
632367	0.02455356070168482	5.3012240378850342	2.05648	5.29378
633366	0.02451478074816309	5.3112136856464405	2.05684	5.30377
634365	0.024476127859412136	5.3212033338571869	2.0572	5.31376
635364	0.024437601397708467	5.3311929825134063	2.05756	5.32375
636363	0.024399200729654673	5.3411826316111446	2.05791	5.33374
637362	0.024360925226142058	5.3511722811465949	2.05827	5.34373
638361	0.024322774262314509	5.3611619311159631	2.05863	5.35372
639360	0.024284747217531641	5.3711515815154875	2.05899	5.36371
640359	0.024246843475333551	5.3811412323414531	2.05934	5.3737
641358	0.024209062423404738	5.3911308835901712	2.0597	5.38368
642357	0.02417140345353911	5.4011205352579905	2.06005	5.39367
643356	0.02413386596160538	5.4111101873413157	2.0604	5.40366
644355	0.024096449347512452	5.4210998398365593	2.06076	5.41365
645354	0.024059153015175284	5.4310894927401954	2.06111	5.42364
646353	0.024021976372481268	5.4410791460487147	2.06146	5.43363
647352	0.0239849188312568	5.4510687997586551	2.06181	5.44362
648351	0.023947979807234007	5.4610584538665812	2.06216	5.45361
649350	0.023911158720018456	5.4710481083690956	2.06251	5.4636
650349	0.023874454993056352	5.4810377632628349	2.06286	5.47359
651348	0.023837868053602673	5.4910274185444701	2.0632	5.48358
652347	0.023801397332689361	5.5010170742106981	2.06355	5.49357
653346	0.023765042265093808	5.5110067302582531	2.0639	5.50356
654345	0.023728802289308112	5.5209963866839189	2.06424	5.51355
655344	0.023692676847507709	5.5309860434844849	2.06459	5.52354
656343	0.023656665385521362	5.540975700656781	2.06493	5.53353
657342	0.023620767352800814	5.5509653581976712	2.06528	5.54352
658341	0.023584982202390831	5.5609550161040504	2.06562	5.55351
659340	0.023549309390899775	5.5709446743728472	2.06596	5.5635
660339	0.023513748378470194	5.5809343330010082	2.0663	5.57349
661338	0.023478298628749776	5.5909239919855223	2.06664	5.58348
662337	0.023442959608862706	5.6009136513233928	2.06698	5.59347
663336	0.023407730789381468	5.6109033110116702	2.06732	5.60346
664335	0.023372611644298196	5.6208929710474225	2.06766	5.61345
665334	0.023337601650997269	5.6308826314277534	2.068	5.62344
666333	0.023302700290227341	5.6408722921497922	2.06834	5.63343
667332	0.02326790704607444	5.6508619532106872	2.06868	5.64342
668331	0.023233221405934514	5.6608516146076262	2.06901	5.65341
669330	0.023198642860486927	5.6708412763378266	2.06935	5.6634
670329	0.023164170903667708	5.6808309383985165	2.06968	5.67339
671328	0.023129805032643422	5.6908206007869611	2.07002	5.68338
672327	0.023095544747785111	5.7008102635004594	2.07035	5.69337
673326	0.023061389552642579	5.7107999265363212	2.07068	5.70336
674325	0.023027338953918678	5.7207895898918872	2.07102	5.71335
675324	0.022993392461444426	5.7307792535645303	2.07135	5.72334
676323	0.022959549588153546	5.7407689175516428	2.07168	5.73333
677322	0.022925809850058088	5.7507585818506382	2.07201	5.74331
678321	0.022892172766223715	5.7607482464589594	2.07234	5.7533
679320	0.02285863785874526	5.7707379113740771	2.07267	5.76329
680319	0.022825204652722874	5.7807275765934785	2.073	5.77328
681318	0.022791872676238063	5.7907172421146855	2.07332	5.78327
682317	0.022758641460330256	5.8007069079352318	2.07365	5.79326
683316	0.022725510538973172	5.8106965740527041	2.07398	5.80325
684315	0.022692479449051828	5.8206862404646413	2.0743	5.81324
685314	0.022659547730339447	5.8306759071686685	2.07463	5.82323
686313	0.022626714925475001	5.8406655741624185	2.07496	5.83322
687312	0.022593980579940453	5.850655241443544	2.07528	5.84321
688311	0.022561344242038667	5.8606449090097206	2.0756	5.8532
689310	0.022528805462871091	5.8706345768586452	2.07593	5.86319
690309	0.022496363796315998	5.8806242449880317	2.07625	5.87318
691308	0.022464018799006925	5.8906139133956268	2.07657	5.88317
692307	0.022431770030311157	5.9006035820791798	2.07689	5.89316
693306	0.022399617052308331	5.9105932510364729	2.07721	5.90315
694305	0.022367559429769573	5.9205829202653124	2.07753	5.91314
695304	0.022335596730136548	5.930572589763524	2.07785	5.92313
696303	0.022303728523500634	5.9405622595289431	2.07817	5.93312
697302	0.022271954382582698	5.9505519295594365	2.07849	5.94311
698301	0.022240273882712852	5.9605415998528839	2.07881	5.9531
699300	0.022208686601810124	5.9705312704071867	2.07912	5.96309
700299	0.022177192120362493	5.9805209412202647	2.07944	5.97308
701298	0.022145790021407673	5.9905106122900609	2.07976	5.98307
702297	0.022114479890512836	6.0005002836145405	2.08007	5.99306
703296	0.022083261315756029	6.0104899551916668	2.08039	6.00305
704295	0.022052133887706403	6.0204796270194425	2.0807	6.01304
705294	0.022021097199405478	6.0304692990958859	2.08102	6.02303
706293	0.021990150846348176	6.0404589714190253	2.08133	6.03302
707292	0.021959294426464333	6.0504486439869165	2.08164	6.04301
708291	0.021928527540100166	6.0604383167976232	2.08195	6.053
709290	0.021897849789999878	6.070427989849235	2.08226	6.06299
710289	0.021867260781287551	6.080417663139853	2.08258	6.07298
711288	0.021836760121449278	6.0904073366676004	2.08289	6.08297
712287	0.021806347420315144	6.1003970104306147	2.0832	6.09296
713286	0.02177602229004157	6.1103866844270476	2.0835	6.10294
714285	0.021745784345094263	6.1203763586550703	2.08381	6.11293
715284	0.021715633202230338	6.1303660331128746	2.08412	6.12292
716283	0.021685568480481303	6.1403557077986619	2.08443	6.13291
717282	0.021655589801136136	6.1503453827106513	2.08474	6.1429
718281	0.021625696787724417	6.1603350578470861	2.08504	6.15289
719280	0.021595889065999532	6.1703247332061979	2.08535	6.16288
720279	0.021566166263922087	6.1803144087862849	2.08565	6.17287
721278	0.021536528011643657	6.1903040845856134	2.08596	6.18286
722277	0.02150697394149028	6.2002937606024862	2.08626	6.19285
723276	0.021477503687946629	6.2102834368352129	2.08657	6.20284
724275	0.02144811688763967	6.2202731132821238	2.08687	6.21283
725274	0.021418813179323128	6.2302627899415661	2.08717	6.22282
726273	0.021389592203861673	6.2402524668118957	2.08748	6.23281
727272	0.021360453604215377	6.2502421438914828	2.08778	6.2428
728271	0.021331397025424331	6.2602318211787154	2.08808	6.25279
729270	0.021302422114593253	6.2702214986720026	2.08838	6.26278
730269	0.021273528520876547	6.2802111763697521	2.08868	6.27277
731268	0.021244715895463152	6.2902008542703944	2.08898	6.28276
732267	0.021215983891561582	6.3001905323723726	2.08928	6.29275
733266	0.021187332164385453	6.3101802106741482	2.08958	6.30274
734265	0.021158760371138497	6.3201698891741778	2.08987	6.31273
735264	0.02113026817100051	6.3301595678709672	2.09017	6.32272
736263	0.021101855225112549	6.3401492467630067	2.09047	6.33271
737262	0.021073521196563159	6.3501389258488095	2.09077	6.3427
738261	0.021045265750373861	6.3601286051268904	2.09106	6.35269
739260	0.021017088553485368	6.3701182845957947	2.09136	6.36268
740259	0.020988989274743644	6.3801079642540621	2.09165	6.37267
741258	0.02096096758488623	6.3900976441002646	2.09195	6.38266
742257	0.020933023156528702	6.4000873241329694	2.09224	6.39265
743256	0.020905155664150899	6.4100770043507627	2.09253	6.40264
744255	0.020877364784083845	6.4200666847522445	2.09283	6.41263
745254	0.020849650194496167	6.4300563653360259	2.09312	6.42262
746253	0.02082201157538123	6.4400460461007372	2.09341	6.43261
747252	0.020794448608543955	6.4500357270450071	2.0937	6.4426
748251	0.020766960977587921	6.4600254081675015	2.09399	6.45259
749250	0.02073954836790241	6.4700150894668376	2.09428	6.46257
750249	0.020712210466649849	6.4800047709417123	2.09457	6.47256
751248	0.020684946962753359	6.4899944525908051	2.09486	6.48255
752247	0.020657757546883947	6.4999841344128084	2.09515	6.49254
753246	0.020630641911448255	6.5099738164064203	2.09544	6.50253
754245	0.020603599750576327	6.5199634985703625	2.09573	6.51252
755244	0.020576630760109439	6.5299531809033624	2.09602	6.52251
756243	0.020549734637587934	6.5399428634041463	2.0963	6.5325
757242	0.020522911082239463	6.5499325460714672	2.09659	6.54249
758241	0.020496159794966759	6.559922228904087	2.09688	6.55248
759240	0.020469480478336244	6.5699119119007703	2.09716	6.56247
760239	0.020442872836566102	6.5799015950602993	2.09745	6.57246
761238	0.020416336575514952	6.589891278381466	2.09773	6.58245
762237	0.020389871402670196	6.5998809618630645	2.09802	6.59244
763236	0.020363477027136645	6.6098706455039036	2.0983	6.60243
764235	0.020337153159625369	6.6198603293028047	2.09858	6.61242
765234	0.02031089951244246	6.6298500132586016	2.09887	6.62241
766233	0.020284715799477923	6.6398396973701308	2.09915	6.6324
767232	0.020258601736194731	6.6498293816362422	2.09943	6.64239
768231	0.020232557039617884	6.6598190660557988	2.09971	6.65238
769230	0.020206581428323558	6.6698087506276655	2.09999	6.66237
770229	0.020180674622428538	6.679798435350718	2.10027	6.67236
771228	0.020154836343579417	6.6897881202238461	2.10055	6.68235
772227	0.020129066314942112	6.6997778052459456	2.10083	6.69234
773226	0.020103364261191491	6.709767490415909	2.10111	6.70233
774225	0.020077729908500982	6.7197571757326884	2.10139	6.71232
775224	0.020052162984532124	6.7297468611951814	2.10167	6.72231
776223	0.020026663218424567	6.7397365468023294	2.10195	6.7323
777222	0.020001230340785905	6.7497262325530727	2.10223	6.74229
778221	0.019975864083681578	6.7597159184463571	2.1025	6.75228
779220	0.019950564180625113	6.7697056044811408	2.10278	6.76227
780219	0.019925330366568041	6.7796952906563988	2.10306	6.77226
781218	0.019900162377890225	6.789684976971107	2.10333	6.78225
782217	0.019875059952390202	6.7996746634242458	2.10361	6.79224
783216	0.019850022829275355	6.809664350014816	2.10388	6.80223
784215	0.019825050749152699	6.8196540367418139	2.10416	6.81221
785214	0.019800143454019172	6.8296437236042502	2.10443	6.8222
786213	0.019775300687252202	6.8396334106011389	2.1047	6.83219
787212	0.019750522193600659	6.8496230977315147	2.10498	6.84218
788211	0.019725807719175408	6.8596127849944084	2.10525	6.85217
789210	0.019701157011440228	6.8696024723888556	2.10552	6.86216
790209	0.019676569819202697	6.8795921599139094	2.10579	6.87215
791208	0.019652045892605129	6.8895818475686275	2.10606	6.88214
792207	0.019627584983115749	6.899571535352079	2.10633	6.89213
793206	0.019603186843519742	6.909561223263335	2.1066	6.90212
794205	0.019578851227910608	6.9195509113014575	2.10687	6.91211
795204	0.019554577891681087	6.9295405994655619	2.10714	6.9221
796203	0.019530366591514952	6.9395302877547378	2.10741	6.93209
797202	0.019506217085378107	6.9495199761680793	2.10768	6.94208
798201	0.019482129132510108	6.9595096647046981	2.10795	6.95207
799200	0.019458102493415893	6.9694993533637142	2.10822	6.96206
800199	0.019434136929857217	6.9794890421442473	2.10849	6.97205
801198	0.019410232204844505	6.9894787310454296	2.10875	6.98204
802197	0.019386388082628339	6.999468420066397	2.10902	6.99203
803196	0.019362604328691666	7.0094581092062969	2.10929	7.00202
804195	0.019338880709741268	7.0194477984642818	2.10955	7.01201
805194	0.019315216993700049	7.0294374878395143	2.10982	7.022
806193	0.019291612949698833	7.0394271773311514	2.11008	7.03199
807192	0.01926806834806848	7.049416866938369	2.11035	7.04198
808191	0.019244582960332188	7.059406556660349	2.11061	7.05197
809190	0.019221156559197403	7.069396246496269	2.11087	7.06196
810189	0.019197788918548293	7.0793859364453233	2.11114	7.07195
811188	0.019174479813438207	7.0893756265067145	2.1114	7.08194
812187	0.019151229020081612	7.0993653166796351	2.11166	7.09193
813186	0.01912803631584693	7.1093550069633107	2.11193	7.10192
814185	0.01910490147924896	7.1193446973569516	2.11219	7.11191
815184	0.019081824289941297	7.1293343878597879	2.11245	7.1219
816183	0.019058804528709051	7.1393240784710335	2.11271	7.13189
817182	0.019035841977461485	7.1493137691899404	2.11297	7.14188
818181	0.019012936419224975	7.1593034600157406	2.11323	7.15187
819180	0.018990087638135408	7.1692931509476834	2.11349	7.16186
820179	0.018967295419431325	7.1792828419850219	2.11375	7.17184
821178	0.018944559549446776	7.1892725331270189	2.11401	7.18183
822177	0.018921879815604187	7.1992622243729292	2.11427	7.19182
823176	0.018899256006407423	7.2092519157220343	2.11453	7.20181
824175	0.018876687911434875	7.2192416071736094	2.11478	7.2118
825174	0.018854175321332604	7.2292312987269316	2.11504	7.22179
826173	0.018831718027807302	7.2392209903812885	2.1153	7.23178
827172	0.018809315823619895	7.2492106821359794	2.11556	7.24177
828171	0.018786968502578501	7.2592003739902982	2.11581	7.25176
829170	0.018764675859531992	7.2691900659435378	2.11607	7.26175
830169	0.018742437690363208	7.2791797579950384	2.11632	7.27174
831168	0.018720253791982489	  7.2891694501441	2.11658	7.28173
832167	0.018698123962320956	7.2991591423900379	2.11683	7.29172
833166	0.018676048000324401	7.3091488347321789	2.11709	7.30171
834165	0.018654025705946504	7.3191385271698586	2.11734	7.3117
835164	0.018632056880142803	7.3291282197024117	2.1176	7.32169
836163	0.018610141324864115	7.339117912329181	2.11785	7.33168
837162	0.018588278843050417	7.3491076050495092	2.1181	7.34167
838161	0.018566469238624518	7.3590972978627489	2.11835	7.35166
839160	0.018544712316485884	7.3690869907682499	2.11861	7.36165
840159	0.018523007882504584	7.3790766837653852	2.11886	7.37164
841158	0.018501355743515257	7.389066376853509	2.11911	7.38163
842157	0.018479755707310787	7.3990560700320014	2.11936	7.39162
843156	0.018458207582636825	7.4090457633002389	2.11961	7.40161
844155	0.018436711179185314	7.4190354566575936	2.11986	7.4116
845154	0.018415266307588697	7.4290251501034597	2.12011	7.42159
846153	0.018393872779414441	7.4390148436372225	2.12036	7.43158
847152	0.018372530407158832	7.4490045372582774	2.12061	7.44157
848151	0.018351239004241317	7.4589942309660238	2.12086	7.45156
849150	0.018329998384998786	7.4689839247598719	2.12111	7.46155
850149	0.018308808364679865	7.4789736186392206	2.12136	7.47154
851148	0.018287668759439463	7.4889633126034845	2.1216	7.48153
852147	0.018266579386332808	7.4989530066520862	2.12185	7.49152
853146	0.01824554006331015	7.508942700784444	2.1221	7.50151
854145	0.018224550609211305	7.5189323949999842	2.12235	7.5115
855144	0.0182036108437598	7.5289220892981383	2.12259	7.52148
856143	0.018182720587558002	7.5389117836783397	2.12284	7.53147
857142	0.018161879662081239	7.5489014781400279	2.12308	7.54146
858141	0.018141087889672652	7.5588911726826371	2.12333	7.55145
859140	0.018120345093537958	7.5688808673056336	2.12357	7.56144
860139	0.018099651097739963	7.578870562008464	2.12382	7.57143
861138	0.018079005727193502	7.5888602567905785	2.12406	7.58142
862137	0.018058408807660145	7.5988499516514354	2.12431	7.59141
863136	0.018037860165743127	7.6088396465905035	2.12455	7.6014
864135	0.018017359628882051	7.6188293416072517	2.12479	7.61139
865134	0.017996907025348102	7.6288190367011435	2.12504	7.62138
866133	0.017976502184238779	7.6388087318716638	2.12528	7.63137
867132	0.017956144935472838	7.6487984271182876	2.12552	7.64136
868131	0.017935835109785518	7.6587881224405008	2.12576	7.65135
869130	0.017915572538723421	7.6687778178377863	2.12601	7.66134
870129	0.01789535705463979	7.6787675133096398	2.12625	7.67133
871128	0.017875188490689399	7.6887572088555629	2.12649	7.68132
872127	0.017855066680823956	7.6987469044750432	2.12673	7.69131
873126	0.017834991459787265	7.7087366001675877	2.12697	7.7013
874125	0.017814962663110469	7.7187262959327025	2.12721	7.71129
875124	0.017794980127107084	7.7287159917698984	2.12745	7.72128
876123	0.017775043688868626	7.7387056876786877	2.12769	7.73127
877122	0.017755153186259913	7.7486953836585855	2.12793	7.74126
878121	0.017735308457914229	7.7586850797091191	2.12816	7.75125
879120	0.017715509343228988	7.7686747758298038	2.1284	7.76124
880119	0.017695755682360915	7.7786644720201767	2.12864	7.77123
881118	0.017676047316221868	7.788654168279761	2.12888	7.78122
882117	0.017656384086474033	7.7986438646080938	2.12912	7.79121
883116	0.017636765835525474	7.8086335610047222	2.12935	7.8012
884115	0.01761719240652607	7.8186232574691727	2.12959	7.81119
885114	0.017597663643362599	7.8286129540009952	2.12982	7.82118
886113	0.017578179390654754	7.8386026505997375	2.13006	7.83117
887112	0.017558739493750714	7.8485923472649546	2.1303	7.84116
888111	0.017539343798722847	7.858582043996198	2.13053	7.85115
889110	0.017519992152363318	7.868571740793028	2.13077	7.86114
890109	0.017500684402179927	7.8785614376550033	2.131	7.87112
891108	0.017481420396391965	7.8885511345816948	2.13124	7.88111
892107	0.017462199983926119	7.8985408315726646	2.13147	7.8911
893106	0.017443023014411998	7.9085305286274812	2.1317	7.90109
894105	0.017423889338178223	7.9185202257457172	2.13194	7.91108
895104	0.017404798806248348	7.9285099229269571	2.13217	7.92107
896103	0.017385751270336841	7.9384996201707771	2.1324	7.93106
897102	0.017366746582844775	7.9484893174767599	2.13263	7.94105
898101	0.01734778459685616	7.9584790148444924	2.13287	7.95104
899100	0.017328865166133838	7.9684687122735651	2.1331	7.96103
900099	0.017309988145115484	7.9784584097635696	2.13333	7.97102
901098	0.017291153388909544	7.9884481073140945	2.13356	7.98101
902097	0.017272360753291693	7.9984378049247447	2.13379	7.991
903096	0.017253610094700819	8.0084275025951168	2.13402	8.00099
904095	0.017234901270235088	8.0184172003248175	2.13425	8.01098
905094	0.017216234137648025	8.0284068981134507	2.13448	8.02097
906093	0.017197608555345179	8.0383965959606183	2.13471	8.03096
907092	0.017179024382379861	8.0483862938659527	2.13494	8.04095
908091	0.017160481478449726	8.0583759918290419	2.13517	8.05094
909090	0.017141979703893011	8.0683656898495357	2.1354	8.06093
910089	0.017123518919684562	8.0783553879270347	2.13563	8.07092
911088	0.017105098987432697	8.0883450860611603	2.13586	8.08091
912087	0.017086719769375126	8.0983347842515343	2.13608	8.0909
913086	0.017068381128375585	8.1083244824977925	2.13631	8.10089
914085	0.017050082927920169	8.1183141807995725	2.13654	8.11088
915084	0.017031825032113708	8.1283038791565048	2.13676	8.12087
916083	0.017013607305676467	8.1382935775682146	2.13699	8.13086
917082	0.016995429613940412	8.1482832760343591	2.13722	8.14085
918081	0.016977291822845721	8.1582729745545528	2.13744	8.15084
919080	0.016959193798937542	8.1682626731284689	2.13767	8.16083
920079	0.016941135409362294	8.1782523717557343	2.13789	8.17082
921078	0.016923116521864491	8.1882420704360008	2.13812	8.18081
922077	0.016905137004783036	8.1982317691689328	2.13834	8.1908
923076	0.016887196727048318	8.2082214679541661	2.13857	8.20079
924075	0.016869295558178479	8.2182111667913667	2.13879	8.21078
925074	0.016851433368276252	8.2282008656801953	2.13902	8.22076
926073	0.016833610028025491	8.2381905646203162	2.13924	8.23075
927072	0.016815825408688256	8.248180263611383	2.13946	8.24074
928071	0.016798079382101247	8.2581699626530582	2.13969	8.25073
929070	0.016780371820672602	8.2681596617450133	2.13991	8.26072
930069	0.016762702597378856	8.2781493608869265	2.14013	8.27071
931068	0.016745071585761582	8.2881390600784641	2.14035	8.2807
932067	0.016727478659924334	8.2981287593193134	2.14058	8.29069
933066	0.016709923694529491	8.3081184586091315	2.1408	8.30068
934065	0.016692406564794992	8.318108157947611	2.14102	8.31067
935064	0.016674927146491471	8.3280978573344324	2.14124	8.32066
936063	0.016657485315938924	8.3380875567692794	2.14146	8.33065
937062	0.016640080950003966	8.3480772562518357	2.14168	8.34064
938061	0.016622713926096447	8.3580669557817817	2.1419	8.35063
939060	0.016605384122166618	8.3680566553588331	2.14212	8.36062
940059	0.016588091416702096	8.378046354982656	2.14234	8.37061
941058	0.016570835688724951	8.3880360546529609	2.14256	8.3806
942057	0.01655361681778858	8.3980257543694403	2.14278	8.39059
943056	0.016536434683974959	8.4080154541317942	2.143	8.40058
944055	0.016519289167891648	8.4180051539397187	2.14322	8.41057
945054	0.016502180150668823	8.4279948537929261	2.14343	8.42056
946053	0.016485107513956467	8.4379845536911091	2.14365	8.43055
947052	0.016468071139921485	8.4479742536339835	2.14387	8.44054
948051	0.016451070911244928	8.457963953621265	2.14409	8.45053
949050	0.016434106711119004	8.4679536536526587	2.1443	8.46052
950049	0.016417178423244461	8.4779433537278681	2.14452	8.47051
951048	0.016400285931827706	8.4879330538466125	2.14474	8.4805
952047	0.016383429121578093	 8.49792275400862	2.14495	8.49049
953046	0.016366607877704928	8.5079124542136082	2.14517	8.50048
954045	0.016349822085915244	8.5179021544612965	2.14539	8.51047
955044	0.016333071632410542	8.5278918547513971	2.1456	8.52046
956043	0.016316356403884374	8.5378815550836507	2.14582	8.53045
957042	0.016299676287519729	8.5478712554577694	2.14603	8.54044
958041	0.016283031170986138	8.5578609558734904	2.14625	8.55043
959040	0.016266420942437201	8.5678506563305419	2.14646	8.56042
960039	0.016249845490507991	8.5778403568286521	2.14667	8.5704
961038	0.016233304704312328	8.5878300573675634	2.14689	8.58039
962037	0.016216798473440246	8.5978197579470095	2.1471	8.59038
963036	0.016200326687955305	8.6078094585667202	2.14731	8.60037
964035	0.016183889238392295	8.6177991592264505	2.14753	8.61036
965034	0.016167486015754417	8.627788859925916	2.14774	8.62035
966033	0.016151116911510915	8.6377785606648914	2.14795	8.63034
967032	0.016134781817594507	8.6477682614431064	2.14817	8.64033
968031	0.016118480626398923	  8.6577579622603	2.14838	8.65032
969030	0.016102213230776461	8.6677476631162271	2.14859	8.66031
970029	0.01608597952403543	8.6777373640106426	2.1488	8.6703
971028	0.016069779399937791	8.6877270649432781	2.14901	8.68029
972027	0.016053612752696719	8.6977167659139223	2.14922	8.69028
973026	0.016037479476974106	8.7077064669223034	2.14943	8.70027
974025	0.016021379467878266	8.7176961679681835	2.14964	8.71026
975024	0.016005312620961498	8.7276858690513262	2.14985	8.72025
976023	0.015989278832217818	8.737675570171481	2.15006	8.73024
977022	0.015973277998080335	8.7476652713284135	2.15027	8.74023
978021	0.015957310015419418	8.7576549725219053	2.15048	8.75022
979020	0.015941374781539775	8.7676446737516898	2.15069	8.76021
980019	0.01592547219417853	8.7776343750175574	2.1509	8.7702
981018	0.015909602151502892	8.787624076319263	2.15111	8.78019
982017	0.015893764552107861	8.7976137776565775	2.15132	8.79018
983016	0.015877959295013823	8.8076034790292699	2.15153	8.80017
984015	0.015862186279664389	8.8175931804371217	2.15173	8.81016
985014	0.01584644540592425	8.8275828818799127	2.15194	8.82015
986013	0.015830736574076933	8.8375725833573906	2.15215	8.83014
987012	0.0158150596848225	8.8475622848693654	2.15236	8.84013
988011	0.015799414639275377	8.8575519864155865	2.15256	8.85012
989010	0.015783801338962244	8.8675416879958515	2.15277	8.86011
990009	0.015768219685819936	8.8775313896099295	2.15298	8.8701
991008	0.015752669582193051	8.887521091257609	2.15318	8.88009
992007	0.015737150930832014	8.8975107929386787	2.15339	8.89008
993006	0.015721663634890883	8.907500494652913	2.15359	8.90007
994005	0.015706207597925296	8.917490196400129	2.1538	8.91006
995004	0.015690782723890333	8.9274798981800725	2.154	8.92004
996003	0.015675388917138402	8.9374695999925642	2.15421	8.93003
997002	0.015660026082417199	8.9474593018373856	2.15441	8.94002
998001	0.015644694124867631	8.9574490037143342	2.15462	8.95001
999000	0.015629392950021945	8.9674387056231879	2.15482	8.96
999999	0.015614122463801398	8.9774284075637478	2.15503	8.96999
