# Filename: 3Dvlt_flow_Op11133_K0.523_y0.127_step1000000.dat
# Source: 3Dvlt_flow.c
# Source version: 1 (2012 Jul 19 - ...)
# Constant values: PI= 3.141592653589793116, PISQ=9.8696044010893579923, PICU=31.0062766802998162063
# Parameter values: OpA=1, OpB=1, OpC=1, OpD=3, OpE=3, A3=41.3417022403997549418, THETA=0.6, N=2, initialdl=1e-05, trajectorydl=1e-05, initialds=1e-05, trajectorydsMax=1e-05, uncertainty=1e-16, dataskipdl=999, dataskipds=999
# Option-dependent values: K=0.523039481499034675238, y=0.126833876552779722946, Kstar=                  -10, ystar=                  -10, c=                    0, Z=                    0, lambda=                    0, initialKdir=0, flowdir=1, Max_steps=1000000
# Initialized values: Deltas=0, Deltal=0, count_steps=0, count_passes=0, K0c=0.575343, oldK0c=-100
# Input-file parameter: Cc=0.4
# step	K	y	path-length-l	path-length-s (in K-y-space)
0	0.52303948149903468	0.12683387655277972	0	0
1	0.52303948149903468	0.12683387655277972	2.0755e-317	0
2	0.52303036744590148	0.12683239321087261	1e-05	9.23397e-06
3	0.52302125396927124	0.12683090997631036	2e-05	1.84674e-05
4	0.52301214106908556	0.12682942684908513	3e-05	2.77002e-05
5	0.52300302874528615	0.12682794382918905	4e-05	3.69324e-05
6	0.5229939169978145	0.12682646091661426	5e-05	4.6164e-05
7	0.52298480582661233	0.1268249781113529	6e-05	5.5395e-05
8	0.52297569523162124	0.1268234954133971	7e-05	6.46255e-05
9	0.52296658521278294	0.12682201282273903	8e-05	7.38554e-05
10	0.52295747577003904	0.12682053033937082	9e-05	8.30847e-05
999	0.51422113503448208	0.12540564145360192	0.00998	0.00893326
1998	0.50591515165581835	0.12407569734340136	0.01997	0.017345
2997	0.49808265681426939	0.1228388310260132	0.02996	0.0252746
3996	0.4906813214736595	0.12168900250990006	0.03995	0.0327647
4995	0.48367365758383046	0.12062075216981381	0.04994	0.0398533
5994	0.47702633771374853	0.11962913497736728	0.05993	0.0465742
6993	0.47070962673337696	0.11870966360081368	0.06992	0.0529575
7992	0.46469690454174328	0.11785825901344932	0.07991	0.0590302
8991	0.45896426322657674	0.11707120748322083	0.0899	0.0648166
9990	0.45349016542295117	0.11634512300548154	0.09989	0.0703387
10989	0.44825515326442356	0.11567691439528613	0.10988	0.0756162
11988	0.44324159937357938	0.11506375638212735	0.11987	0.0806671
12987	0.43843349295522571	0.11450306415405986	0.12986	0.0855078
13986	0.43381625533571916	0.11399247088406105	0.13985	0.0901532
14985	0.42937658031209136	0.11352980784270388	0.14984	0.0946169
15984	0.42510229549209322	0.11311308676044947	0.15983	0.0989115
16983	0.42098224146497482	0.11274048415235177	0.16982	0.103048
17982	0.41700616617615532	0.11241032735941696	0.17981	0.107038
18981	0.41316463231303913	0.11212108209571428	0.1898	0.110891
19980	0.40944893586414349	0.11187134131974089	0.19979	0.114615
20979	0.40585103430516212	0.11165981527341846	0.20978	0.118219
21978	0.40236348310602904	0.11148532255322498	0.21977	0.121711
22977	0.39897937945212469	0.11134678209593503	0.22976	0.125098
23976	0.39569231223833629	0.11124320597681078	0.23975	0.128386
24975	0.39249631753283387	0.11117369293120731	0.24974	0.131583
25974	0.38938583882315464	0.11113742252186758	0.25973	0.134694
26973	0.38635569145445914	0.1111336498838764	0.26972	0.137724
27972	0.38340103075184423	0.11116170098764382	0.27971	0.140679
28971	0.38051732338802169	0.11122096836753374	0.2897	0.143563
29970	0.37770032161655331	0.11131090727005502	0.29969	0.146382
30969	0.37494604004098098	0.1114310321810031	0.30968	0.149138
31968	0.37225073463300051	0.11158091369570886	0.31967	0.151838
32967	0.36961088374944823	0.1117601757007253	0.32966	0.154484
33966	0.36702317092934195	0.11196849283892876	0.33965	0.15708
34965	0.36448446927927441	0.11220558823321736	0.34964	0.15963
35964	0.36199182727881296	0.11247123144681329	0.35963	0.162137
36963	0.35954245585775041	0.11276523666065753	0.36962	0.164604
37962	0.35713371661456716	0.11308746105058728	0.37961	0.167034
38961	0.35476311106066633	0.11343780334893748	0.3896	0.16943
39960	0.35242827078821004	0.11381620257693544	0.39959	0.171795
40959	0.35012694847090858	0.11422263693580707	0.40958	0.174132
41958	0.34785700961726873	0.11465712284588091	0.41957	0.176444
42957	0.34561642500462375	0.11511971412422141	0.42956	0.178731
43956	0.34340326373006363	0.11561050129242538	0.43955	0.180998
44955	0.34121568682123216	0.11612961100721443	0.44954	0.183247
45954	0.3390519413559534	0.11667720560736296	0.45953	0.185479
46953	0.33691035504501193	0.11725348277131953	0.46952	0.187696
47952	0.33478933123709298	0.11785867528062129	0.47951	0.189902
48951	0.33268734430904401	0.11849305088489138	0.4895	0.192098
49950	0.33060293540837116	0.11915691226482988	0.49949	0.194285
50949	0.32853470851810673	0.11985059709018615	0.50948	0.196467
51948	0.3264813268171603	0.12057447817024311	0.51947	0.198644
52947	0.32444150931184723	0.12132896369483258	0.52946	0.200819
53946	0.32241402771664102	0.12211449756437705	0.53945	0.202993
54945	0.32039770356425062	0.12293155980789036	0.54944	0.205169
55944	0.31839140552702422	0.1237806670882854	0.55943	0.207348
56943	0.31639404693331319	0.12466237329474088	0.56942	0.209531
57942	0.31440458346398431	0.12557727022225487	0.57941	0.211721
58941	0.31242201101554962	0.12652598833888801	0.5894	0.213919
59940	0.31044536371768283	0.12750919764155505	0.59939	0.216126
60939	0.30847371209390367	0.12852760860158036	0.60938	0.218345
61938	0.3065061613552556	0.1295819732015733	0.61937	0.220578
62937	0.30454184981768673	0.13067308606553274	0.62936	0.222825
63936	0.30257994743462441	0.13180178568442291	0.63935	0.225088
64935	0.30061965443700051	0.13296895573982084	0.64934	0.22737
65934	0.29866020007362643	0.13417552652857331	0.65933	0.229671
66933	0.29670084144541847	0.13542247649176517	0.66932	0.231993
67932	0.29474086242753406	0.13671083385165231	0.67931	0.234339
68931	0.29277957267396076	0.13804167836059356	0.6893	0.236709
69930	0.29081630669956332	0.13941614316638976	0.69929	0.239106
70929	0.28885042303498776	0.14083541679883779	0.70928	0.24153
71928	0.28688130345021839	0.14230074528270914	0.71927	0.243985
72927	0.28490835224290706	0.14381343438280464	0.72926	0.246471
73926	0.28293099558790941	0.14537485198715577	0.73925	0.248991
74925	0.28094868094474862	0.14698643063492892	0.74924	0.251545
75924	0.27896087651997964	0.14864967019607112	0.75923	0.254137
76923	0.27696707078167276	0.15036614071023666	0.76922	0.256768
77922	0.27496677202342867	0.15213748539308919	0.77921	0.25944
78921	0.27295950797555835	0.15396542381862652	0.7892	0.262155
79920	0.27094482546121768	0.15585175528677869	0.79919	0.264915
80919	0.26892229009546559	0.15779836238617451	0.80918	0.267722
81918	0.26689148602533314	0.15980721476261889	0.81917	0.270579
82917	0.26485201570915329	0.16188037310455408	0.82916	0.273487
83916	0.26280349973350553	0.16401999335751569	0.83915	0.276449
84915	0.26074557666623072	0.16622833118039801	0.84914	0.279468
85914	0.25867790294408655	0.16850774665718832	0.85913	0.282545
86913	0.25660015279366255	0.17086070927872904	0.86912	0.285684
87912	0.25451201818429492	0.1732898032100138	0.87911	0.288887
88911	0.25241320881175056	0.17579773285955783	0.8891	0.292158
89910	0.2503034521115145	0.1783873287684398	0.89909	0.295498
90909	0.24818249330056855	0.18106155383777353	0.90908	0.298911
91908	0.24605009544657683	0.18382350991459701	0.91907	0.3024
92907	0.2439060395634341	0.1866764447574458	0.92906	0.305969
93906	0.24175012473214477	0.18962375940428827	0.93905	0.309621
94905	0.23958216824601988	0.19266901596695457	0.94904	0.313359
95904	0.23740200577918655	0.19581594587778137	0.95903	0.317188
96903	0.23520949157739768	0.19906845861585384	0.96902	0.32111
97902	0.23300449867012654	0.20243065094202145	0.97901	0.325131
98901	0.23078691910291349	0.20590681667375613	0.989	0.329254
99900	0.22855666418890624	0.20950145703295991	0.99899	0.333484
100899	0.22631366477850995	0.21321929160197159	1.00898	0.337827
101898	0.22405787154601803	0.21706526992534683	1.01897	0.342285
102897	0.22178925529206089	0.22104458379741448	1.02896	0.346866
103896	0.21950780726064573	0.22516268027825073	1.03895	0.351574
104895	0.21721353946951455	0.22942527548348188	1.04894	0.356415
105894	0.21490648505246632	0.23383836919631637	1.05893	0.361394
106893	0.21258669861223703	0.23840826035335591	1.06892	0.366519
107892	0.21025425658242936	0.24314156345913399	1.07891	0.371796
108891	0.207909257596922	0.24804522598790862	1.0889	0.377232
109890	0.2055518228650686	0.25312654683509023	1.09889	0.382833
110889	0.20318209655092492	0.25839319588476828	1.10888	0.388609
111888	0.20080024615462036	0.26385323476415046	1.11887	0.394566
112887	0.19840646289388172	0.26951513886039452	1.12886	0.400713
113886	0.19600096208360901	0.27538782068023115	1.13885	0.407059
114885	0.19358398351127465	0.28148065463807842	1.14884	0.413614
115884	0.19115579180579334	0.28780350336393745	1.15883	0.420387
116883	0.18871667679738152	0.29436674562837184	1.16882	0.427389
117882	0.18626695386579428	0.30118130598821302	1.17881	0.43463
118881	0.18380696427418858	0.30825868626343839	1.1888	0.442123
119880	0.18133707548572583	0.31561099896289319	1.19879	0.449879
120879	0.17885768145989694	0.32325100278420266	1.20878	0.457911
121878	0.17636920292540001	0.33119214032141836	1.21877	0.466233
122877	0.173872087626288	0.33944857812264745	1.22876	0.474859
123876	0.17136681053794897	0.34803524924918022	1.23875	0.483804
124875	0.16885387404937141	0.35696789849748534	1.24874	0.493083
125874	0.16633380810802201	0.3662631304559244	1.25873	0.502714
126873	0.16382015201186867	0.37588780868065613	1.26867	0.512662
127872	0.16138232292512023	0.38557575556113893	1.27829	0.522652
128871	0.15902672584184688	0.39528402109743327	1.28756	0.532642
129870	0.1567491433186789	0.40501088105574529	1.29651	0.542632
130869	0.15454563332814319	0.41475478470351346	1.30516	0.552622
131868	0.15241250890274505	0.4245143349752396	1.31352	0.562612
132867	0.15034631927090494	0.43428827113057344	1.32161	0.572602
133866	0.14834383240965329	0.44407545357010697	1.32944	0.582591
134865	0.14640201893190505	0.45387485052092857	1.33704	0.592581
135864	0.14451803722293788	0.46368552634414439	1.3444	0.602571
136863	0.1426892197403149	0.47350663125098841	1.35155	0.612561
137862	0.14091306039308496	0.48333739224376043	1.35849	0.622551
138861	0.13918720291905551	0.49317710512317103	1.36524	0.632541
139860	0.13750943018275211	0.50302512742545624	1.3718	0.642531
140859	0.13587765432104287	0.5128808721712369	1.37818	0.652521
141858	0.13428990766802559	0.52274380232415096	1.38439	0.662511
142857	0.13274433439548597	0.53261342587095317	1.39045	0.672501
143856	0.13123918280989394	0.54248929144664304	1.39634	0.682491
144855	0.12977279825142563	0.55237098443821597	1.4021	0.692481
145854	0.12834361654482251	0.56225812350942839	1.40771	0.702471
146853	0.1269501579559808	0.57215035749642074	1.41319	0.71246
147852	0.12559102161200392	0.58204736263051737	1.41853	0.72245
148851	0.12426488034601109	0.59194884005009085	1.42376	0.73244
149850	0.12297047593130503	0.60185451356821085	1.42887	0.74243
150849	0.12170661467255188	0.61176412766695376	1.43386	0.75242
151848	0.1204721633244297	0.62167744569286376	1.43874	0.76241
152847	0.11926604531076927	0.63159424823115951	1.44352	0.7724
153846	0.1180872372195705	0.64151433163904625	1.4482	0.78239
154845	0.11693476555142171	0.65143750672080469	1.45278	0.79238
155844	0.1158077037008092	0.66136359752942808	1.45727	0.802369
156843	0.11470516915159255	0.67129244028134161	1.46167	0.812359
157842	0.1136263208695521	0.68122388237231202	1.46598	0.822349
158841	0.11257035687638503	0.69115778148403462	1.47021	0.832339
159840	0.11153651199088517	0.70109400477208417	1.47436	0.842329
160839	0.11052405572425948	0.71103242812694922	1.47843	0.852319
161838	0.1095322903176517	0.72097293550080677	1.48242	0.862309
162837	0.10856054891095868	0.73091541829350393	1.48634	0.872299
163836	0.10760819383293956	0.74085977479192522	1.49019	0.882288
164835	0.10667461500346993	0.750805909657558	1.49398	0.892278
165834	0.10575922843954204	0.76075373345761244	1.49769	0.902268
166833	0.10486147485732074	0.77070316223554736	1.50135	0.912258
167832	0.10398081836318712	0.78065411711732102	1.50494	0.922248
168831	0.10311674522728548	0.79060652394999509	1.50847	0.932238
169830	0.10226876273361285	0.80056031296975105	1.51194	0.942227
170829	0.10143639810117028	0.81051541849661057	1.51536	0.952217
171828	0.10061919747113184	0.82047177865345788	1.51872	0.962207
172827	0.099816724955387931	0.83042933510720851	1.52203	0.972197
173826	0.099028561742186452	0.8403880328301272	1.52529	0.982187
174825	0.098254305254925234	0.85034781987958707	1.52849	0.992177
175824	0.097493568360455474	0.86030864719461786	1.53165	1.00217
176823	0.096745978623539591	0.8702704684078455	1.53476	1.01216
177822	0.096011177604355305	0.88023323967149691	1.53783	1.02215
178821	0.095288820196181193	0.8901969194962821	1.54085	1.03214
179820	0.094578574000605459	0.90016146860209412	1.54383	1.04213
180819	0.09388011873779932	0.9101268497795526	1.54676	1.05212
181818	0.093193145689586213	0.92009302776149438	1.54965	1.06211
182817	0.092517357173188194	0.93005996910362609	1.55251	1.0721
183816	0.091852466043699108	0.94002764207357359	1.55532	1.08209
184815	0.091198195223466158	0.94999601654769061	1.5581	1.09207
185814	0.090554277256693017	0.95996506391502023	1.56083	1.10206
186813	0.089920453887700202	0.96993475698781251	1.56354	1.11205
187812	0.089296475661382047	0.97990506991814053	1.5662	1.12204
188811	0.088682101544507078	0.98987597812010908	1.56883	1.13203
189810	0.088077098566600162	0.99984745819727106	1.57143	1.14202
190809	0.087481241479228755	1.0098194878748215	1.574	1.15201
191808	0.086894312432599444	1.0197920459362304	1.57653	1.162
192807	0.086316100668443307	1.0297651121640079	1.57903	1.17199
193806	0.085746402228234611	1.0397386672842563	1.5815	1.18198
194805	0.085185019675854706	1.0497126929147764	1.58394	1.19197
195804	0.084631761833868793	1.0596871715164364	1.58635	1.20196
196803	0.084086443532637778	1.0696620863476003	1.58874	1.21195
197802	0.083548885371539719	1.079637421421384	1.59109	1.22194
198801	0.083018913491618357	1.0896131614655493	1.59342	1.23193
199800	0.082496359359024996	1.0995892918848422	1.59572	1.24192
200799	0.081981059558653868	1.1095657987256209	1.59799	1.25191
201798	0.081472855597414323	1.1195426686425856	1.60024	1.2619
202797	0.080971593716615664	1.1295198888675295	1.60246	1.27189
203796	0.080477124712970485	1.1394974471799084	1.60466	1.28188
204795	0.079989303767757022	1.1494753318791346	1.60684	1.29187
205794	0.079507990283706712	1.1594535317585006	1.60899	1.30186
206793	0.079033047729209827	1.169432036080597	1.61112	1.31185
207792	0.078564343489453708	1.1794108345541354	1.61322	1.32184
208791	0.078101748724138775	1.1893899173120979	1.6153	1.33183
209790	0.077645138231427352	1.1993692748910989	1.61736	1.34182
210789	0.077194390317812098	1.2093488982119229	1.6194	1.35181
211788	0.076749386673598624	1.2193287785611373	1.62142	1.3618
212787	0.076310012253723733	  1.2293089075737	1.62342	1.37179
213786	0.075876155163639575	1.2392892772165398	1.6254	1.38178
214785	0.075447706550013136	1.2492698797730213	1.62736	1.39177
215784	0.075024560496004422	1.2592507078282271	1.62929	1.40176
216783	0.074606613920898276	1.2692317542550728	1.63121	1.41175
217782	0.074193766483878654	1.2792130122011127	1.63312	1.42174
218781	0.073785920491746551	1.2891944750760524	1.635	1.43173
219780	0.073382980810390769	1.2991761365399415	1.63686	1.44172
220779	0.072984854779835975	1.3091579904919288	1.63871	1.45171
221778	0.072591452132696146	1.3191400310596508	1.64054	1.4617
222777	0.072202684915874588	1.3291222525891215	1.64235	1.47169
223776	0.071818467415363171	1.3391046496351839	1.64415	1.48168
224775	0.071438716083990411	1.3490872169523727	1.64592	1.49167
225774	0.071063349471989362	1.3590699494863083	1.64769	1.50166
226773	0.070692288160253164	1.3690528423654649	1.64943	1.51165
227772	0.07032545469615871	1.3790358908933877	1.65117	1.52164
228771	0.069962773531840397	1.3890190905412516	1.65288	1.53163
229770	0.0696041709648067	1.3990024369408283	1.65458	1.54162
230769	0.069249575080795184	1.4089859258777511	1.65627	1.55161
231768	0.068898915698765634	1.4189695532851248	1.65794	1.5616
232767	0.068552124317940999	1.4289533152374452	1.6596	1.57159
233766	0.068209134066801708	1.4389372079447988	1.66124	1.58158
234765	0.067869879653955231	1.4489212277473484	1.66287	1.59156
235764	0.067534297320795203	1.4589053711100419	1.66448	1.60155
236763	0.067202324795876331	1.4688896346176266	1.66608	1.61154
237762	0.066873901250932177	1.4788740149698385	1.66767	1.62153
238761	0.066548967258464556	1.4888585089768429	1.66925	1.63152
239760	0.06622746475084286	1.4988431135548814	1.67081	1.64151
240759	0.065909336980844974	1.5088278257221059	1.67236	1.6515
241758	0.065594528483585324	1.5188126425945991	1.6739	1.66149
242757	0.065282985039769939	1.5287975613826008	1.67542	1.67148
243756	0.064974653640224797	1.5387825793868735	1.67693	1.68147
244755	0.064669482451647192	1.5487676939952282	1.67843	1.69146
245754	0.064367420783528848	1.5587529026792262	1.67992	1.70145
246753	0.064068419056204612	1.5687382029910115	1.6814	1.71144
247752	0.063772428769984069	1.5787235925602723	1.68287	1.72143
248751	0.063479402475317498	1.5887090690913661	1.68432	1.73142
249750	0.063189293743961594	1.5986946303605134	1.68576	1.74141
250749	0.062902057141102904	1.6086802742131667	1.6872	1.7514
251748	0.062617648198400086	1.6186659985614738	1.68862	1.76139
252747	0.062336023387914788	1.6286518013818321	1.69003	1.77138
253746	0.062057140096889646	1.6386376807125509	1.69143	1.78137
254745	0.061780956603347432	1.6486236346516361	1.69282	1.79136
255744	0.061507432052477135	1.6586096613546308	1.6942	1.80135
256743	0.061236526433776202	1.6685957590325748	1.69557	1.81134
257742	0.060968200558924553	1.6785819259500303	1.69693	1.82133
258741	0.060702416040357407	1.6885681604231964	1.69828	1.83132
259740	0.060439135270516316	1.6985544608180982	1.69963	1.84131
260739	0.060178321401749467	1.7085408255488359	1.70096	1.8513
261738	0.059919938326839547	1.7185272530759399	1.70228	1.86129
262737	0.059663950660135787	1.7285137419047547	1.70359	1.87128
263736	0.059410323719266918	1.738500290583896	1.7049	1.88127
264735	0.059159023507416413	1.7484868977037793	1.70619	1.89126
265734	0.058910016696137268	1.7584735618952057	1.70748	1.90125
266733	0.058663270608689581	1.7684602818279949	1.70876	1.91124
267732	0.058418753203879396	1.7784470562096741	1.71002	1.92123
268731	0.058176433060383857	1.7884338837842102	1.71128	1.93122
269730	0.057936279361543969	1.7984207633308043	1.71254	1.94121
270729	0.057698261880609031	1.8084076936627311	1.71378	1.9512
271728	0.05746235096641681	1.8183946736262211	1.71502	1.96119
272727	0.057228517529494809	1.8283817020993631	1.71624	1.97118
273726	0.056996733028567621	1.8383687779910889	1.71746	1.98117
274725	0.056766969457456962	1.8483559002401593	1.71867	1.99116
275724	0.056539199332359874	1.858343067814203	1.71988	2.00115
276723	0.056313395679494442	1.8683302797088082	1.72107	2.01114
277722	0.056089532023097917	1.878317534946609	1.72226	2.02113
278721	0.055867582373767571	1.8883048325764369	1.72344	2.03111
279720	0.055647521217131991	1.8982921716724905	1.72461	2.0411
280719	0.055429323502841139	1.9082795513335455	1.72578	2.05109
281718	0.055212964633866546	1.918266970682174	1.72694	2.06108
282717	0.054998420456098901	1.9282544288640113	1.72809	2.07107
283716	0.054785667248235727	1.9382419250470473	1.72923	2.08106
284715	0.054574681711948257	1.9482294584209259	1.73037	2.09105
285714	0.054365440962318407	1.9582170281962779	1.7315	2.10104
286713	0.054157922518537911	1.9682046336040975	1.73263	2.11103
287712	0.053952104294860997	1.9781922738951079	1.73374	2.12102
288711	0.053747964591801665	1.988179948339174	1.73485	2.13101
289710	0.05354548208756936	1.9981676562247135	1.73596	2.141
290709	0.053344635829733505	2.0081553968581702	1.73705	2.15099
291708	0.053145405227111829	2.0181431695634418	1.73814	2.16098
292707	0.052947770041873503	2.0281309736813746	1.73923	2.17097
293706	0.052751710381851689	2.0381188085692741	1.7403	2.18096
294705	0.052557206693059196	2.0481066736004063	1.74138	2.19095
295704	0.052364239752398824	2.0580945681635376	1.74244	2.20094
296703	0.052172790660565647	2.0680824916624938	1.7435	2.21093
297702	0.051982840835132438	2.0780704435156907	1.74455	2.22092
298701	0.051794372003814697	2.0880584231557471	1.7456	2.23091
299700	0.051607366197908483	2.0980464300290587	1.74664	2.2409
300699	0.051421805745896498	2.1080344635954162	1.74768	2.25089
301698	0.051237673267217232	 2.11802252332761	1.74871	2.26088
302697	0.051054951666192561	2.1280106087110577	1.74973	2.27087
303696	0.050873624126108456	2.1379987192434804	1.75075	2.28086
304695	0.05069367410344465	2.1479868544345138	1.75176	2.29085
305694	0.050515085322248951	2.1579750138054008	1.75277	2.30084
306693	0.050337841768652108	2.1679631968886639	1.75377	2.31083
307692	0.050161927685517992	2.1779514032277909	1.75477	2.32082
308691	0.049987327567227173	2.1879396323769291	1.75576	2.33081
309690	0.049814026154587542	2.197927883900598	1.75674	2.3408
310689	0.049642008429870814	2.2079161573734005	1.75772	2.35079
311688	0.049471259611969347	2.2179044523797491	1.7587	2.36078
312687	0.049301765151670923	2.2278927685135925	1.75967	2.37077
313686	0.049133510727047358	2.2378811053781735	1.76063	2.38076
314685	0.048966482238954945	2.247869462585768	1.76159	2.39075
315684	0.04880066580664201	2.2578578397574516	1.76255	2.40074
316683	0.048636047763461698	2.2678462365228436	1.7635	2.41073
317682	0.048472614652686305	2.2778346525199002	1.76444	2.42072
318681	0.048310353223421289	2.2878230873946888	1.76538	2.43071
319680	0.048149250426615081	2.2978115408011819	1.76632	2.44069
320679	0.047989293411162981	2.307800012401036	1.76725	2.45068
321678	0.047830469520101573	2.3177885018633821	1.76817	2.46067
322677	0.047672766286892036	2.3277770088646457	1.7691	2.47066
323676	0.047516171431789683	2.3377655330883687	1.77001	2.48065
324675	0.047360672858297335	2.3477540742249983	1.77092	2.49064
325674	0.047206258649700052	2.3577426319717518	1.77183	2.50063
326673	0.047052917065679142	2.3677312060323761	1.77273	2.51062
327672	0.046900636539003532	2.377719796117042	1.77363	2.52061
328671	0.046749405672296865	2.3877084019421515	1.77453	2.5306
329670	0.046599213234876015	2.3976970232302004	1.77542	2.54059
330669	0.046450048159663138	2.407685659709585	1.7763	2.55058
331668	0.046301899540165017	2.4176743111145109	1.77718	2.56057
332667	0.046154756627520901	2.4276629771847968	1.77806	2.57056
333666	0.046008608827616024	2.4376516576657612	1.77893	2.58055
334665	0.045863445698258794	2.4476403523080621	1.7798	2.59054
335664	0.045719256946420921	2.4576290608675966	1.78066	2.60053
336663	0.045576032425537275	2.4676177831053678	1.78152	2.61052
337662	0.045433762132866068	2.4776065187873195	1.78238	2.62051
338661	0.04529243620690547	2.4875952676842639	1.78323	2.6305
339660	0.045152044924867497	2.4975840295717413	1.78408	2.64049
340659	0.045012578700206134	2.5075728042298997	1.78493	2.65048
341658	0.044874028080198268	2.517561591443402	1.78577	2.66047
342657	0.044736383743577711	2.5275503910012844	1.7866	2.67046
343656	0.044599636498218811	2.537539202696887	1.78744	2.68045
344655	0.044463777278870374	2.5475280263277553	1.78826	2.69044
345654	0.044328797144937343	2.5575168616954875	1.78909	2.70043
346653	0.044194687278308761	2.5675057086056952	1.78991	2.71042
347652	0.044061438981232839	2.577494566867867	1.79073	2.72041
348651	0.043929043674236105	2.5874834362953134	1.79154	2.7304
349650	0.043797492894085445	2.5974723167050349	1.79235	2.74039
350649	0.04366677829179394	2.6074612079176922	1.79316	2.75038
351648	0.043536891630666742	2.6174501097574674	1.79396	2.76037
352647	0.04340782478438842	2.6274390220520067	1.79476	2.77036
353646	0.043279569735149709	2.6374279446323396	1.79556	2.78035
354645	0.04315211857181192	2.647416877332784	1.79635	2.79034
355644	0.04302546348810983	2.6574058199909114	1.79714	2.80033
356643	0.042899596780891024	2.6673947724474267	1.79793	2.81032
357642	0.04277451084839054	2.6773837345461065	1.79871	2.82031
358641	0.042650198188541003	2.6873727061337638	1.79949	2.8303
359640	0.042526651397316664	2.6973616870601438	1.80026	2.84028
360639	0.042403863167110652	2.7073506771778497	1.80103	2.85027
361638	0.04228182628514502	2.7173396763423177	1.8018	2.86026
362637	0.042160533631912162	2.7273286844117317	1.80257	2.87025
363636	0.042039978179647629	2.7373177012469427	1.80333	2.88024
364635	0.041920152990832543	2.747306726711447	1.80409	2.89023
365634	0.041801051216726712	2.7572957606712967	1.80485	2.90022
366633	0.041682666095929813	2.7672848029950741	1.8056	2.91021
367632	0.041564990952970657	2.7772738535537962	1.80635	2.9202
368631	0.041448019196924576	2.7872629122208994	1.8071	2.93019
369630	0.041331744320057394	2.7972519788721675	1.80784	2.94018
370629	0.04121615989649588	2.8072410533856642	1.80858	2.95017
371628	0.0411012595809244	2.8172301356417231	1.80932	2.96016
372627	0.040987037107305314	2.8272192255228701	1.81005	2.97015
373626	0.04087348628762516	2.8372083229137757	1.81078	2.98014
374625	0.040760601010665053	2.8471974277012286	1.81151	2.99013
375624	0.04064837524079349	2.8571865397740699	1.81224	3.00012
376623	0.040536803016782558	2.8671756590231672	1.81296	3.01011
377622	0.040425878450646956	2.8771647853413449	1.81368	3.0201
378621	0.040315595726504665	2.8871539186233677	1.8144	3.03009
379620	0.040205949099459237	2.8971430587659022	1.81511	3.04008
380619	0.040096932894502321	2.9071322056674527	1.81582	3.05007
381618	0.03998854150543777	2.9171213592283283	1.81653	3.06006
382617	0.039880769393825434	2.9271105193506322	1.81724	3.07005
383616	0.039773611087943875	2.9370996859381941	1.81794	3.08004
384615	0.039667061181773676	2.9470888588965374	1.81864	3.09003
385614	0.039561114333998094	2.9570780381328641	1.81934	3.10002
386613	0.039455765267023102	2.9670672235559965	1.82003	3.11001
387612	0.039351008766015036	2.9770564150763543	1.82072	3.12
388611	0.039246839677955836	2.9870456126059213	1.82141	3.12999
389610	0.039143252910714833	2.9970348160582239	1.8221	3.13998
390609	0.039040243432139514	3.007024025348279	1.82278	3.14997
391608	0.038937806269159908	3.0170132403925751	1.82347	3.15996
392607	0.038835936506911362	3.0270024611090403	1.82415	3.16995
393606	0.038734629287871698	3.0369916874170237	1.82482	3.17994
394605	0.038633879811014842	3.0469809192372415	1.8255	3.18993
395604	0.038533683330979077	3.0569701564917744	1.82617	3.19992
396603	0.03843403515724985	3.0669593991040256	1.82684	3.20991
397602	0.038334930653358155	3.076948646998702	1.8275	3.2199
398601	0.038236365236091467	3.0869379001017863	1.82817	3.22988
399600	0.038138334374719952	3.0969271583405136	1.82883	3.23987
400599	0.038040833590236148	3.1069164216433358	1.82949	3.24986
401598	0.037943858454607383	3.1169056899399097	1.83014	3.25985
402597	0.03784740459004135	3.1268949631610581	1.8308	3.26984
403596	0.037751467668265162	3.1368842412387914	1.83145	3.27983
404595	0.0376560434098165	3.1468735241062165	1.8321	3.28982
405594	0.037561127583346482	3.1568628116975659	1.83275	3.29981
406593	0.03746671600493539	3.1668521039481514	1.83339	3.3098
407592	0.03737280453742016	3.1768414007943573	1.83403	3.31979
408591	0.037279389089732919	3.1868307021736082	1.83467	3.32978
409590	0.037186465616251253	3.1968200080243547	1.83531	3.33977
410589	0.037094030116159228	3.206809318286064	1.83595	3.34976
411588	0.037002078632819305	3.2167986328991787	1.83658	3.35975
412587	0.036910607253155682	3.2267879518051146	1.83721	3.36974
413586	0.036819612107046477	3.2367772749462338	1.83784	3.37973
414585	0.036729089366728036	3.2467666022658261	1.83847	3.38972
415584	0.036639035246207631	3.2567559337081042	1.83909	3.39971
416583	0.036549446000687193	3.2667452692181653	1.83971	3.4097
417582	0.036460317925995932	3.2767346087420059	1.84033	3.41969
418581	0.036371647358032624	3.2867239522264575	1.84095	3.42968
419580	0.036283430672217683	3.2967132996192157	1.84157	3.43967
420579	0.036195664282953038	3.3067026508688144	1.84218	3.44966
421578	0.036108344643092205	3.3166920059245806	1.84279	3.45965
422577	0.036021468243418502	3.3266813647366535	1.8434	3.46964
423576	0.03593503161213206	3.3366707272559624	1.84401	3.47963
424575	0.035849031314344769	3.3466600934342039	1.84461	3.48962
425574	0.035763463951584008	3.3566494632238264	1.84522	3.49961
426573	0.035678326161304501	3.3666388365780189	1.84582	3.5096
427572	0.035593614616407233	3.3766282134507137	1.84642	3.51959
428571	0.035509326024767196	3.3866175937965495	1.84701	3.52958
429570	0.035425457128768087	3.3966069775708663	1.84761	3.53957
430569	0.035342004704844929	3.4065963647296948	1.8482	3.54956
431568	0.035258965563033588	3.4165857552297454	1.84879	3.55955
432567	0.035176336546527957	3.4265751490283884	1.84938	3.56954
433566	0.03509411453124392	3.4365645460836522	1.84997	3.57953
434565	0.035012296425390159	3.4465539463542143	1.85056	3.58952
435564	0.034930879169045824	3.4565433497993658	1.85114	3.59951
436563	0.034849859733745749	3.4665327563790056	1.85172	3.60949
437562	0.034769235122070287	3.4765221660537011	1.8523	3.61948
438561	0.034689002367243531	3.4865115787845538	1.85288	3.62947
439560	0.034609158532737001	3.4965009945332737	1.85345	3.63946
440559	0.03452970071187926	3.5064904132621435	1.85403	3.64945
441558	0.034450626027472425	3.5164798349340076	1.8546	3.65944
442557	0.034371931631413707	3.5264692595122766	1.85517	3.66943
443556	0.034293614704323586	3.5364586869609065	1.85574	3.67942
444555	0.034215672455179209	3.5464481172443798	1.85631	3.68941
445554	0.034138102120954007	3.5564375503277206	1.85687	3.6994
446553	0.034060900966262207	3.5664269861764555	1.85743	3.70939
447552	0.033984066283009276	3.5764164247566286	1.85799	3.71938
448551	0.033907595390047854	3.5864058660347826	1.85855	3.72937
449550	0.033831485632838075	3.5963953099779613	1.85911	3.73936
450549	0.033755734383113939	3.6063847565536618	1.85967	3.74935
451548	0.033680339038554524	3.6163742057298838	1.86022	3.75934
452547	0.033605297022459735	3.6263636574750895	1.86077	3.76933
453546	0.033530605783432046	3.6363531117581949	1.86133	3.77932
454545	0.033456262795061614	3.6463425685485662	1.86187	3.78931
455544	0.033382265555616852	3.6563320278160152	1.86242	3.7993
456543	0.033308611587740081	3.6663214895307945	1.86297	3.80929
457542	0.033235298438146828	3.6763109536635681	1.86351	3.81928
458541	0.033162323677330074	3.6863004201854421	1.86405	3.82927
459540	0.033089684899269112	3.6962898890679172	1.8646	3.83926
460539	0.033017379721142118	3.7062793602829145	1.86513	3.84925
461538	0.032945405783043662	3.716268833802749	1.86567	3.85924
462537	0.032873760747705691	3.726258309600138	1.86621	3.86923
463536	0.032802442300223084	3.7362477876481717	1.86674	3.87922
464535	0.032731448147783421	3.7462372679203457	1.86727	3.88921
465534	0.032660776019399845	3.7562267503904843	1.86781	3.8992
466533	0.032590423665648842	3.7662162350328199	1.86833	3.90919
467532	0.03252038885841102	3.7762057218219351	1.86886	3.91918
468531	0.032450669390616457	3.7861952107327705	1.86939	3.92917
469530	0.032381263075992879	3.7961847017406125	1.86991	3.93916
470529	0.032312167748818135	3.8061741948210965	1.87044	3.94915
471528	0.0322433812636755	3.8161636899501898	1.87096	3.95914
472527	0.032174901495213841	3.8261531871042038	1.87148	3.96913
473526	0.032106726337909702	3.8361426862597714	1.872	3.97911
474525	0.032038853705833516	3.8461321873938377	1.87251	3.9891
475524	0.031971281532419273	3.8561216904836795	1.87303	3.99909
476523	0.031904007770237303	3.8661111955068854	1.87354	4.00908
477522	0.031837030390770189	3.8761007024413434	1.87406	4.01907
478521	0.031770347384191919	3.8860902112652558	1.87457	4.02906
479520	0.031703956759150047	3.8960797219571068	1.87508	4.03905
480519	0.031637856542551357	3.9060692344956811	1.87558	4.04904
481518	0.031572044779349981	3.9160587488600527	1.87609	4.05903
482517	0.031506519532338829	3.926048265029578	1.8766	4.06902
483516	0.031441278881943757	3.9360377829839028	1.8771	4.07901
484515	0.031376320926020634	3.9460273027029151	1.8776	4.089
485514	0.031311643779655687	3.9560168241668028	1.8781	4.09899
486513	0.03124724557496757	3.9660063473560143	1.8786	4.10898
487512	0.031183124460913453	3.9759958722512558	1.8791	4.11897
488511	0.031119278603096743	3.9859853988334888	1.8796	4.12896
489510	0.031055706183578148	3.9959749270839402	1.88009	4.13895
490509	0.030992405400688712	4.0059644569840724	1.88059	4.14894
491508	0.03092937446884618	4.0159539885155997	1.88108	4.15893
492507	0.030866611618373126	4.0259435216604738	1.88157	4.16892
493506	0.030804115095318083	4.0359330564008919	1.88206	4.17891
494505	0.030741883161278929	4.0459225927192906	1.88255	4.1889
495504	0.030679914093228542	4.0559121305983092	1.88304	4.19889
496503	0.030618206183342937	4.0659016700208523	1.88352	4.20888
497502	0.030556757738831933	4.0758912109700303	1.88401	4.21887
498501	0.030495567081771681	4.0858807534291772	1.88449	4.22886
499500	0.030434632548939754	4.0958702973818228	1.88497	4.23885
500499	0.030373952491652388	4.1058598428117419	1.88545	4.24884
501498	0.03031352527560377	4.1158493897029169	1.88593	4.25883
502497	0.030253349280707838	4.1258389380395126	1.88641	4.26882
503496	0.030193422900941496	4.1358284878059157	1.88688	4.27881
504495	0.030133744544190762	4.1458180389867163	1.88736	4.2888
505494	0.030074312632098355	4.1558075915666928	1.88783	4.29879
506493	0.030015125599913501	4.1657971455308349	1.88831	4.30878
507492	0.029956181896343734	4.175786700864303	1.88878	4.31877
508491	0.029897479983408578	4.1857762575524591	1.88925	4.32876
509490	0.029839018336295296	4.1957658155808693	1.88972	4.33875
510489	0.029780795443216254	4.2057553749352214	1.89018	4.34874
511488	0.029722809805268612	4.2157449356014478	1.89065	4.35872
512487	0.029665059936295275	4.2257344975656359	1.89111	4.36871
513486	0.029607544362748019	4.2357240608140572	1.89158	4.3787
514485	0.029550261623552555	4.2457136253331456	1.89204	4.38869
515484	0.029493210269974889	4.2557031911095109	1.8925	4.39868
516483	0.029436388865489528	4.2656927581299291	1.89296	4.40867
517482	0.02937979598564967	4.275682326381343	1.89342	4.41866
518481	0.029323430217958905	4.2856718958508582	1.89388	4.42865
519480	0.029267290161744369	4.295661466525746	1.89434	4.43864
520479	0.02921137442803199	4.3056510383934272	1.89479	4.44863
521478	0.029155681639422604	4.3156406114414683	1.89525	4.45862
522477	0.02910021042997054	4.3256301856576158	1.8957	4.46861
523476	0.029044959445063037	4.3356197610297507	1.89615	4.4786
524475	0.028989927341301458	4.3456093375459135	1.8966	4.48859
525474	0.02893511278638396	4.3555989151942835	1.89705	4.49858
526473	0.028880514458989964	4.365588493963191	1.8975	4.50857
527472	0.028826131048665653	4.3755780738411012	1.89795	4.51856
528471	0.028771961255710844	4.3855676548166294	1.89839	4.52855
529470	0.028718003791067755	4.3955572368785303	1.89884	4.53854
530469	0.02866425737621087	4.4055468200156849	1.89928	4.54853
531468	0.028610720743038387	4.4155364042171188	1.89973	4.55852
532467	0.028557392633764379	4.4255259894719794	1.90017	4.56851
533466	0.028504271800813396	4.4355155757695686	1.90061	4.5785
534465	0.028451357006715333	4.4455051630992877	1.90105	4.58849
535464	0.028398647024002171	4.4554947514506882	1.90149	4.59848
536463	0.028346140635105845	4.465484340813437	1.90192	4.60847
537462	0.028293836632257399	4.4754739311773317	1.90236	4.61846
538461	0.028241733817387246	4.4854635225322887	1.90279	4.62845
539460	0.028189831002026992	4.4954531148683383	1.90323	4.63844
540459	0.028138127007212212	4.5054427081756403	1.90366	4.64843
541458	0.028086620663386214	4.5154323024444638	1.90409	4.65842
542457	0.028035310810305303	4.5254218976651952	1.90452	4.66841
543456	0.027984196296945367	4.5354114938283416	1.90495	4.6784
544455	0.027933275981409045	4.5454010909245239	1.90538	4.68839
545454	0.027882548730834549	4.5553906889444535	1.90581	4.69838
546453	0.027832013421305077	4.5653802878789689	1.90624	4.70837
547452	0.02778166893775982	4.5753698877190212	1.90666	4.71835
548451	0.027731514173905812	4.5853594884556443	1.90709	4.72834
549450	0.027681548032130909	4.5953490900799121	1.90751	4.73833
550449	0.027631769423417423	4.6053386925832669	1.90793	4.74832
551448	0.027582177267257542	4.6153282959569601	1.90835	4.75831
552447	0.027532770491569179	4.6253179001924574	1.90878	4.7683
553446	0.027483548032612909	4.6353075052813288	1.90919	4.77829
554445	0.027434508834910002	4.6452971112152177	1.90961	4.78828
555444	0.02738565185116161	4.6552867179858861	1.91003	4.79827
556443	0.02733697604216849	4.665276325585177	1.91045	4.80826
557442	0.027288480376751897	4.6752659340050338	1.91086	4.81825
558441	0.027240163831675601	4.6852555432374965	1.91128	4.82824
559440	0.027192025391568415	4.6952451532746871	1.91169	4.83823
560439	0.027144064048847834	4.7052347641088286	1.9121	4.84822
561438	0.027096278803644812	4.715224375732225	1.91251	4.85821
562437	0.027048668663729094	4.7252139881372619	1.91293	4.8682
563436	0.027001232644435366	4.7352036013164289	1.91333	4.87819
564435	0.026953969768590682	4.7451932152622893	1.91374	4.88818
565434	0.026906879066442228	4.7551828299674961	1.91415	4.89817
566433	0.026859959575586258	4.7651724454247724	1.91456	4.90816
567432	0.026813210340897925	4.775162061626947	1.91496	4.91815
568431	0.026766630414461513	4.7851516785669181	1.91537	4.92814
569430	0.026720218855501868	4.7951412962376558	1.91577	4.93813
570429	0.026673974730316526	4.805130914632219	1.91618	4.94812
571428	0.026627897112208254	4.8151205337437366	1.91658	4.95811
572427	0.026581985081419179	4.8251101535654408	1.91698	4.9681
573426	0.02653623772506488	4.8350997740905894	1.91738	4.97809
574425	0.026490654137069535	4.8450893953125558	1.91778	4.98808
575424	0.026445233418101788	4.8550790172247789	1.91818	4.99807
576423	0.026399974675511431	4.8650686398207723	1.91857	5.00806
577422	0.026354877023266835	4.8750582630941057	1.91897	5.01805
578421	0.026309939581892702	4.8850478870384331	1.91937	5.02804
579420	0.026265161478409078	4.8950375116474829	1.91976	5.03803
580419	0.026220541846270699	4.9050271369150389	1.92016	5.04802
581418	0.026176079825307019	4.9150167628349681	1.92055	5.05801
582417	0.026131774561663212	4.9250063894012017	1.92094	5.068
583416	0.026087625207741234	4.9349960166077214	1.92133	5.07799
584415	0.026043630922142368	4.9449856444485905	1.92172	5.08797
585414	0.025999790869609931	4.954975272917939	1.92211	5.09796
586413	0.025956104220972293	4.9649649020099549	1.9225	5.10795
587412	0.025912570153087258	4.9749545317188906	1.92289	5.11794
588411	0.025869187848786699	4.9849441620390591	1.92328	5.12793
589410	0.025825956496821612	4.9949337929648374	1.92366	5.13792
590409	0.025782875291808213	5.0049234244906611	1.92405	5.14791
591408	0.025739943434174125	5.0149130566110189	1.92443	5.1579
592407	0.025697160130105836	5.0249026893204878	1.92481	5.16789
593406	0.025654524591496013	5.0348923226136764	1.9252	5.17788
594405	0.025612036035891895	5.0448819564852521	1.92558	5.18787
595404	0.025569693686443851	5.0548715909299506	1.92596	5.19786
596403	0.025527496771855045	5.0648612259425558	1.92634	5.20785
597402	0.025485444526331114	5.0748508615179144	1.92672	5.21784
598401	0.025443536189530682	 5.08484049765093	1.9271	5.22783
599400	0.025401771006516298	5.094830134336541	1.92748	5.23782
600399	0.025360148227706047	5.1048197715697654	1.92785	5.24781
601398	0.025318667108825531	5.1148094093456571	1.92823	5.2578
602397	0.025277326910860456	5.1247990476593275	1.9286	5.26779
603396	0.025236126900009592	5.1347886865059369	1.92898	5.27778
604395	0.025195066347638632	5.1447783258807096	1.92935	5.28777
605394	0.02515414453023378	5.1547679657789045	1.92973	5.29776
606393	0.025113360729356982	 5.16475760619584	1.9301	5.30775
607392	0.025072714231600506	5.1747472471268736	1.93047	5.31774
608391	0.02503220432854255	5.1847368885674303	1.93084	5.32773
609390	0.024991830316703319	5.1947265305129608	1.93121	5.33772
610389	0.024951591497501556	5.2047161729589728	1.93158	5.34771
611388	0.024911487177211582	5.2147058159010236	1.93195	5.3577
612387	0.024871516666920439	5.2246954593347157	1.93231	5.36769
613386	0.024831679282485763	5.2346851032556989	1.93268	5.37768
614385	0.024791974344494407	5.2446747476596602	1.93305	5.38767
615384	0.024752401178220869	5.2546643925423435	1.93341	5.39766
616383	0.024712959113586605	5.264654037899521	1.93377	5.40765
617382	0.024673647485119465	5.2746436837270263	1.93414	5.41764
618381	0.024634465631914113	5.2846333300207258	1.9345	5.42763
619380	0.024595412897592081	5.2946229767765276	1.93486	5.43762
620379	0.024556488630262854	5.3046126239903799	1.93522	5.4476
621378	0.024517692182484976	5.3146022716582868	1.93558	5.45759
622377	0.024479022911227825	5.324591919776279	1.93594	5.46758
623376	0.02444048017783388	5.3345815683404751	1.9363	5.47757
624375	0.024402063347980792	5.3445712173468891	1.93666	5.48756
625374	0.024363771791644513	5.3545608667917506	1.93702	5.49755
626373	0.024325604883062523	5.3645505166712359	1.93738	5.50754
627372	0.024287562000697455	5.374540166981582	1.93773	5.51753
628371	0.024249642527200882	5.3845298177190575	1.93809	5.52752
629370	0.024211845849377987	5.3945194688799702	1.93844	5.53751
630369	0.024174171358152006	5.4045091204606708	1.9388	5.5475
631368	0.024136618448529736	5.414498772457538	1.93915	5.55749
632367	0.024099186519566541	5.424488424866996	1.9395	5.56748
633366	0.024061874974332428	5.4344780776854966	1.93985	5.57747
634365	0.024024683219878117	5.444467730909536	1.9402	5.58746
635364	0.023987610667201613	5.4544573845356386	1.94055	5.59745
636363	0.023950656731214857	5.4644470385603627	1.9409	5.60744
637362	0.023913820830711252	5.4744366929803041	1.94125	5.61743
638361	0.023877102388332769	5.4844263477920947	1.9416	5.62742
639360	0.023840500830538035	5.4944160029924012	1.94195	5.63741
640359	0.023804015587570487	5.5044056585779142	1.9423	5.6474
641358	0.023767646093426836	5.514395314545367	1.94264	5.65739
642357	0.023731391785825787	5.5243849708915151	1.94299	5.66738
643356	0.023695252106177289	5.534374627613154	1.94333	5.67737
644355	0.023659226499551784	5.5443642847071102	1.94368	5.68736
645354	0.023623314414650074	5.5543539421702404	1.94402	5.69735
646353	0.023587515303773388	5.5643435999994315	1.94436	5.70734
647352	0.023551828622793602	5.5743332581916079	1.9447	5.71733
648351	0.02351625383112391	5.5843229167437096	1.94505	5.72732
649350	0.023480790391689842	5.5943125756527312	1.94539	5.73731
650349	0.023445437770900183	5.6043022349156484	1.94573	5.7473
651348	0.023410195438618882	5.6142918945295222	1.94607	5.75729
652347	0.023375062868136506	5.6242815544914091	1.9464	5.76728
653346	0.023340039536142301	5.6342712147984058	1.94674	5.77727
654345	0.023305124922696829	5.644260875447638	1.94708	5.78726
655344	0.02327031851120424	5.6542505364362574	1.94742	5.79725
656343	0.023235619788385165	5.6642401977614387	1.94775	5.80723
657342	0.023201028244250084	5.6742298594203859	1.94809	5.81722
658341	0.023166543372072593	5.6842195214103359	1.94842	5.82721
659340	0.023132164668363091	5.6942091837285442	1.94876	5.8372
660339	0.023097891632842531	5.7041988463722992	1.94909	5.84719
661338	0.02306372376841679	5.7141885093389133	1.94942	5.85718
662337	0.023029660581150989	5.7241781726257184	1.94976	5.86717
663336	0.022995701580244273	5.7341678362300801	1.95009	5.87716
664335	0.022961846278004624	5.7441575001493961	1.95042	5.88715
665334	0.022928094189824087	5.7541471643810667	1.95075	5.89714
666333	0.022894444834154027	5.7641368289225339	1.95108	5.90713
667332	0.022860897732480897	5.7741264937712664	1.95141	5.91712
668331	0.022827452409302097	5.7841161589247383	1.95173	5.92711
669330	0.022794108392101966	5.7941058243804706	1.95206	5.9371
670329	0.022760865211328283	5.8040954901359942	1.95239	5.94709
671328	0.022727722400368723	5.8140851561888995	1.95272	5.95708
672327	0.022694679495527614	5.8240748225366898	1.95304	5.96707
673326	0.022661736036003046	5.8340644891770159	1.95337	5.97706
674325	0.022628891563863926	5.8440541561074975	1.95369	5.98705
675324	0.022596145624027515	5.8540438233257825	1.95402	5.99704
676323	0.022563497764237193	5.8640334908295486	1.95434	6.00703
677322	0.022530947535040039	5.8740231586164793	1.95466	6.01702
678321	0.022498494489765066	5.8840128266842884	1.95499	6.02701
679320	0.022466138184501678	5.8940024950307146	1.95531	6.037
680319	0.02243387817807789	5.9039921636535153	1.95563	6.04699
681318	0.022401714032039052	5.9139818325504629	1.95595	6.05698
682317	0.022369645310626799	5.9239715017193619	1.95627	6.06697
683316	0.022337671580758233	5.9339611711580229	1.95659	6.07696
684315	0.022305792412004945	5.943950840864284	1.95691	6.08695
685314	0.022274007376572692	5.9539405108360119	1.95722	6.09694
686313	0.022242316049281136	5.9639301810710803	1.95754	6.10693
687312	0.022210718007543522	5.973919851567393	1.95786	6.11692
688311	0.022179212831346613	5.9839095223228593	1.95818	6.12691
689310	0.022147800103231259	5.9938991933354151	1.95849	6.1369
690309	0.022116479408272695	6.0038888646030264	1.95881	6.14689
691308	0.022085250334061019	6.0138785361236557	1.95912	6.15688
692307	0.022054112470681821	6.0238682078953039	1.95944	6.16686
693306	0.022023065410697637	6.0338578799159723	1.95975	6.17685
694305	0.021992108749128679	6.0438475521837001	1.96006	6.18684
695304	0.02196124208343422	6.0538372246965348	1.96037	6.19683
696303	0.021930465013494167	6.0638268974525342	1.96069	6.20682
697302	0.02189977714159046	6.0738165704497851	1.961	6.21681
698301	0.021869178072389153	6.0838062436863902	1.96131	6.2268
699300	0.021838667412922334	6.0937959171604668	1.96162	6.23679
700299	0.021808244772570089	6.1037855908701468	1.96193	6.24678
701298	0.021777909763043102	6.1137752648135848	1.96224	6.25677
702297	0.02174766199836474	6.123764938988951	1.96255	6.26676
703296	0.021717501094854055	6.1337546133944247	1.96285	6.27675
704295	0.021687426671108349	6.1437442880282074	1.96316	6.28674
705294	0.021657438347986186	6.1537339628885235	1.96347	6.29673
706293	0.021627535748590519	6.1637236379735949	1.96377	6.30672
707292	0.021597718498251723	6.1737133132816977	1.96408	6.31671
708291	0.021567986224511348	6.1837029888110582	1.96439	6.3267
709290	0.021538338557105352	6.1936926645599746	1.96469	6.33669
710289	0.021508775127947924	6.2036823405267487	1.96499	6.34668
711288	0.021479295571115407	6.2136720167096815	1.9653	6.35667
712287	0.02144989952283001	6.2236616931071023	1.9656	6.36666
713286	0.021420586621444269	6.2336513697173537	1.9659	6.37665
714285	0.021391356507425081	6.2436410465387935	1.96621	6.38664
715284	0.021362208823338266	6.2536307235697874	1.96651	6.39663
716283	0.02133314321383304	6.2636204008087191	1.96681	6.40662
717282	0.021304159325626713	6.2736100782539914	1.96711	6.41661
718281	0.021275256807489439	6.2835997559040244	1.96741	6.4266
719280	0.021246435310229347	6.2935894337572309	1.96771	6.43659
720279	0.021217694486677461	6.3035791118120583	1.96801	6.44658
721278	0.021189033991672997	6.3135687900669657	1.96831	6.45657
722277	0.021160453482048806	6.3235584685204147	1.9686	6.46656
723276	0.021131952616616535	6.3335481471708892	1.9689	6.47655
724275	0.021103531056152737	6.343537826016882	1.9692	6.48654
725274	0.02107518846338418	6.3535275050569089	1.96949	6.49653
726273	0.0210469245029738	6.3635171842894867	1.96979	6.50652
727272	0.02101873884150688	6.3735068637131524	1.97008	6.5165
728271	0.020990631147476905	6.383496543326447	1.97038	6.52649
729270	0.020962601091271946	6.3934862231279341	1.97067	6.53648
730269	0.020934648345160983	6.4034759031161848	1.97097	6.54647
731268	0.020906772583280397	6.4134655832897822	1.97126	6.55646
732267	0.020878973481620492	6.4234552636473277	1.97155	6.56645
733266	0.020851250718012127	6.4334449441874257	1.97185	6.57644
734265	0.02082360397211366	6.443434624908698	1.97214	6.58643
735264	0.020796032925397952	6.4534243058097802	1.97243	6.59642
736263	0.020768537261139242	6.4634139868893117	1.97272	6.60641
737262	0.020741116664400306	6.4734036681459601	1.97301	6.6164
738261	0.02071377082201975	6.4833933495783818	1.9733	6.62639
739260	0.020686499422599532	6.4933830311852621	1.97359	6.63638
740259	0.02065930215649231	6.5033727129652901	1.97388	6.64637
741258	0.020632178715788905	6.5133623949171646	1.97417	6.65636
742257	0.020605128794306267	6.5233520770396014	1.97446	6.66635
743256	0.020578152087575113	6.5333417593313285	1.97474	6.67634
744255	0.02055124829282794	6.5433314417910742	1.97503	6.68633
745254	0.020524417108986847	6.5533211244175869	1.97532	6.69632
746253	0.020497658236651808	6.5633108072096222	1.9756	6.70631
747252	0.020470971378088926	6.5733004901659449	1.97589	6.7163
748251	0.020444356237218558	6.5832901732853379	1.97617	6.72629
749250	0.020417812519603864	6.5932798565665856	1.97646	6.73628
750249	0.020391339932439287	6.6032695400084851	1.97674	6.74627
751248	0.020364938184539105	6.6132592236098411	1.97703	6.75626
752247	0.020338606986326259	6.6232489073694794	1.97731	6.76625
753246	0.020312346049821003	6.6332385912862257	1.97759	6.77624
754245	0.020286155088629913	6.6432282753589167	1.97787	6.78623
755244	0.020260033817934814	6.6532179595864021	1.97816	6.79622
756243	0.020233981954481908	6.663207643967537	1.97844	6.80621
757242	0.020207999216570818	6.6731973285011899	1.97872	6.8162
758241	0.020182085324043898	6.6831870131862345	1.979	6.82619
759240	0.020156239998275788	6.6931766980215608	1.97928	6.83618
760239	0.020130462962162511	6.7031663830060646	1.97956	6.84617
761238	0.020104753940111349	 6.71315606813865	1.97984	6.85616
762237	0.020079112658030081	 6.72314575341822	1.98012	6.86615
763236	0.020053538843316961	6.7331354388437132	1.98039	6.87613
764235	0.020028032224850459	6.743125124414048	1.98067	6.88612
765234	0.020002592532979049	6.7531148101281717	1.98095	6.89611
766233	0.019977219499511138	6.7631044959850328	1.98123	6.9061
767232	0.019951912857705333	6.7730941819835886	1.9815	6.91609
768231	0.019926672342260216	6.7830838681228061	1.98178	6.92608
769230	0.019901497689304808	6.7930735544016549	1.98205	6.93607
770229	0.019876388636388714	6.8030632408191298	1.98233	6.94606
771228	0.019851344922472661	6.813052927374212	1.9826	6.95605
772227	0.019826366287918576	6.8230426140659119	1.98288	6.96604
773226	0.019801452474480438	6.8330323008932288	1.98315	6.97603
774225	0.019776603225294852	6.8430219878551819	1.98342	6.98602
775224	0.019751818284871506	6.853011674950797	1.9837	6.99601
776223	0.019727097399084098	6.8630013621791077	1.98397	7.006
777222	0.019702440315161187	6.8729910495391486	1.98424	7.01599
778221	0.019677846781676729	6.8829807370299765	1.98451	7.02598
779220	0.019653316548541595	6.8929704246506374	1.98478	7.03597
780219	0.019628849366994296	6.9029601124002031	1.98505	7.04596
781218	0.01960444498959214	6.9129498002777447	1.98533	7.05595
782217	0.019580103170202302	6.9229394882823474	1.9856	7.06594
783216	0.019555823663993322	6.9329291764130812	1.98586	7.07593
784215	0.019531606227426345	6.9429188646690454	1.98613	7.08592
785214	0.01950745061824645	6.9529085530493431	1.9864	7.09591
786213	0.019483356595474025	6.9628982415530842	1.98667	7.1059
787212	0.01945932391939665	6.9728879301793834	1.98694	7.11589
788211	0.019435352351560433	6.9828776189273665	1.98721	7.12588
789210	0.019411441654761767	6.9928673077961561	1.98747	7.13587
790209	0.019387591593038964	7.0028569967848959	1.98774	7.14586
791208	0.019363801931664221	7.0128466858927228	1.98801	7.15585
792207	0.019340072437135258	7.0228363751187919	1.98827	7.16584
793206	0.019316402877167696	7.0328260644622613	1.98854	7.17583
794205	0.019292793020686452	7.0428157539222918	1.9888	7.18582
795204	0.019269242637818311	7.0528054434980545	1.98907	7.19581
796203	0.019245751499883678	7.0627951331887315	1.98933	7.2058
797202	0.019222319379389056	7.0727848229934986	1.98959	7.21579
798201	0.019198946050019157	7.0827745129115547	1.98986	7.22577
799200	0.019175631286629202	7.0927642029420959	1.99012	7.23576
800199	0.019152374865237385	7.1027538930843237	1.99038	7.24575
801198	0.019129176563017155	7.1127435833374433	1.99064	7.25574
802197	0.019106036158289805	7.1227332737006739	1.99091	7.26573
803196	0.01908295343051699	7.132722964173241	1.99117	7.27572
804195	0.019059928160293425	7.1427126547543667	1.99143	7.28571
805194	0.01903696012933942	7.1527023454432896	1.99169	7.2957
806193	0.019014049120493641	7.1626920362392488	1.99195	7.30569
807192	0.018991194917705834	7.1726817271414909	1.99221	7.31568
808191	0.018968397306029956	7.1826714181492708	1.99247	7.32567
809190	0.018945656071616652	7.1926611092618415	1.99273	7.33566
810189	0.018922971001706389	7.2026508004784722	1.99299	7.34565
811188	0.018900341884622553	7.2126404917984317	1.99324	7.35564
812187	0.018877768509764338	7.2226301832209936	1.9935	7.36563
813186	0.018855250667599986	7.2326198747454358	1.99376	7.37562
814185	0.018832788149659697	7.2426095663710504	1.99402	7.38561
815184	0.0188103807485294	7.2525992580971286	1.99427	7.3956
816183	0.018788028257843335	7.2625889499229705	1.99453	7.40559
817182	0.018765730472277819	7.2725786418478746	1.99478	7.41558
818181	0.018743487187544507	7.2825683338711569	1.99504	7.42557
819180	0.018721298200383797	7.2925580259921201	1.99529	7.43556
820179	0.018699163308558194	7.3025477182100964	1.99555	7.44555
821178	0.018677082310846096	7.312537410524401	1.9958	7.45554
822177	0.018655055007035164	7.3225271029343704	1.99606	7.46553
823176	0.018633081197915957	7.3325167954393349	1.99631	7.47552
824175	0.018611160685275744	7.3425064880386355	1.99656	7.48551
825174	0.018589293271891912	7.3524961807316211	1.99682	7.4955
826173	0.018567478761526039	7.3624858735176399	1.99707	7.50549
827172	0.01854571695891773	7.3724755663960506	1.99732	7.51548
828171	0.018524007669778093	7.3824652593662128	1.99757	7.52547
829170	0.018502350700784213	7.3924549524274816	1.99782	7.53546
830169	0.018480745859572534	7.402444645579239	1.99808	7.54545
831168	0.018459192954733184	7.4124343388208578	1.99833	7.55544
832167	0.01843769179580404	7.4224240321517172	1.99858	7.56543
833166	0.018416242193264619	7.4324137255711991	1.99883	7.57542
834165	0.018394843958530433	7.4424034190786923	1.99908	7.5854
835164	0.018373496903946861	7.4523931126735965	1.99933	7.59539
836163	0.0183522008427838	7.4623828063553033	1.99957	7.60538
837162	0.018330955589229488	7.4723725001232264	1.99982	7.61537
838161	0.018309760958385168	7.4823621939767602	2.00007	7.62536
839160	0.018288616766259154	7.4923518879153255	2.00032	7.63535
840159	0.018267522829761518	7.502341581938337	2.00057	7.64534
841158	0.018246478966698152	7.5123312760452166	2.00081	7.65533
842157	0.018225484995765602	7.5223209702353868	2.00106	7.66532
843156	0.018204540736545347	7.5323106645082758	2.00131	7.67531
844155	0.018183646009498518	7.542300358863324	2.00155	7.6853
845154	0.018162800635960336	7.5522900532999664	2.0018	7.69529
846153	0.018142004438134966	 7.56227974781764	2.00204	7.70528
847152	0.018121257239089909	7.5722694424157986	2.00229	7.71527
848151	0.018100558862750984	7.5822591370938985	2.00253	7.72526
849150	0.018079909133896815	7.592248831851383	2.00278	7.73525
850149	0.018059307878154005	7.6022385266877182	2.00302	7.74524
851148	0.018038754921991602	7.6122282216023676	2.00326	7.75523
852147	0.018018250092716064	7.6222179165947939	2.00351	7.76522
853146	0.017997793218466413	7.6322076116644748	2.00375	7.77521
854145	0.017977384128208838	7.6421973068108802	2.00399	7.7852
855144	0.017957022651731824	7.6521870020334912	2.00423	7.79519
856143	0.017936708619641153	7.6621766973317857	2.00448	7.80518
857142	0.017916441863355104	7.6721663927052575	2.00472	7.81517
858141	0.017896222215099233	7.6821560881533966	2.00496	7.82516
859140	0.017876049507901809	7.6921457836756977	2.0052	7.83515
860139	0.017855923575588899	7.7021354792716554	2.00544	7.84514
861138	0.017835844252779526	7.7121251749407724	2.00568	7.85513
862137	0.017815811374880797	7.7221148706825558	2.00592	7.86512
863136	0.017795824778083155	7.7321045664965142	2.00616	7.87511
864135	0.017775884299356122	7.7420942623821558	2.0064	7.8851
865134	0.017755989776443135	7.7520839583390035	2.00664	7.89509
866133	0.017736141047857069	7.7620736543665787	2.00688	7.90508
867132	0.017716337952875656	7.7720633504644034	2.00711	7.91507
868131	0.017696580331537027	7.7820530466320008	2.00735	7.92506
869130	0.017676868024635098	7.7920427428689045	2.00759	7.93504
870129	0.017657200873714959	7.8020324391746483	2.00783	7.94503
871128	0.01763757872106847	7.8120221355487756	2.00806	7.95502
872127	0.017618001409730077	7.8220118319908147	2.0083	7.96501
873126	0.017598468783471991	7.8320015285003182	2.00854	7.975
874125	0.017578980686800076	7.8419912250768293	2.00877	7.98499
875124	0.0175595369649496	7.8519809217199015	2.00901	7.99498
876123	0.017540137463880598	7.8619706184290887	2.00924	8.00497
877122	0.017520782030273779	7.8719603152039497	2.00948	8.01496
878121	0.017501470511526451	7.8819500120440429	2.00971	8.02495
879120	0.017482202755748088	7.8919397089489349	2.00995	8.03494
880119	0.017462978611756046	7.9019294059181897	2.01018	8.04493
881118	0.017443797929071681	7.9119191029513738	2.01041	8.05492
882117	0.017424660557916111	7.9219088000480706	2.01065	8.06491
883116	0.017405566349206005	7.9318984972078495	2.01088	8.0749
884115	0.01738651515454968	7.9418881944302928	2.01111	8.08489
885114	0.017367506826242954	7.9518778917149833	2.01134	8.09488
886113	0.017348541217265159	7.9618675890614998	2.01158	8.10487
887112	0.01732961818127516	7.9718572864694366	2.01181	8.11486
888111	0.017310737572607399	7.9818469839383877	2.01204	8.12485
889110	0.017291899246268123	7.9918366814679427	2.01227	8.13484
890109	0.017273103057931095	8.0018263790577038	2.0125	8.14483
891108	0.017254348863934021	8.0118160767072624	2.01273	8.15482
892107	0.017235636521274772	8.0218057744162241	2.01296	8.16481
893106	0.017216965887607346	8.0317954721841982	2.01319	8.1748
894105	0.017198336821238083	8.0417851700107956	2.01342	8.18479
895104	0.017179749181122046	8.0517748678956131	2.01365	8.19478
896103	0.017161202826859363	8.0617645658382973	2.01388	8.20477
897102	0.017142697618691055	8.0717542638384288	2.01411	8.21476
898101	0.01712423341749587	8.0817439618956506	2.01434	8.22475
899100	0.017105810084786389	8.0917336600095808	2.01456	8.23474
900099	0.017087427482705364	8.1017233581798465	2.01479	8.24473
901098	0.017069085474022198	8.1117130564060584	2.01502	8.25472
902097	0.017050783922129123	8.1217027546878651	2.01525	8.26471
903096	0.01703252269103811	8.1316924530249004	2.01547	8.2747
904095	0.017014301645376855	8.1416821514167825	2.0157	8.28468
905094	0.016996120650385426	8.1516718498631686	2.01592	8.29467
906093	0.016977979571912986	8.1616615483636856	2.01615	8.30466
907092	0.016959878276413955	8.1716512469179872	2.01638	8.31465
908091	0.016941816630944843	8.1816409455257233	2.0166	8.32464
909090	0.016923794503160786	8.1916306441865281	2.01683	8.33463
910089	0.016905811761312096	8.2016203429000676	2.01705	8.34462
911088	0.016887868274240825	8.2116100416659794	2.01728	8.35461
912087	0.016869963911377499	8.2215997404839278	2.0175	8.3646
913086	0.016852098542738021	8.2315894393535682	2.01772	8.37459
914085	0.016834272038919906	8.2415791382745596	2.01795	8.38458
915084	0.016816484271099282	8.2515688372465803	2.01817	8.39457
916083	0.016798735111027609	8.2615585362692734	2.01839	8.40456
917082	0.016781024431028427	8.2715482353423209	2.01862	8.41455
918081	0.016763352103994083	8.2815379344653852	2.01884	8.42454
919080	0.016745718003382645	8.2915276336381503	2.01906	8.43453
920079	0.016728122003214767	8.301517332860282	2.01928	8.44452
921078	0.016710563978070286	8.3115070321314644	2.0195	8.45451
922077	0.016693043803085388	8.3214967314513597	2.01972	8.4645
923076	0.016675561353949243	8.3314864308196697	2.01995	8.47449
924075	0.016658116506901195	8.3414761302360603	2.02017	8.48448
925074	0.016640709138727436	8.3514658297002313	2.02039	8.49447
926073	0.016623339126758143	8.3614555292118684	2.02061	8.50446
927072	0.016606006348864423	8.3714452287706642	2.02083	8.51445
928071	0.016588710683455226	8.381434928376299	2.02105	8.52444
929070	0.01657145200947438	8.3914246280284761	2.02126	8.53443
930069	0.016554230206397669	8.4014143277268882	2.02148	8.54442
931068	0.016537045154230021	8.4114040274712423	2.0217	8.55441
932067	0.016519896733502244	8.4213937272612203	2.02192	8.5644
933066	0.016502784825268488	8.4313834270965451	2.02214	8.57439
934065	0.016485709311103075	8.4413731269769059	2.02236	8.58438
935064	0.01646867007309781	8.4513628269020256	2.02257	8.59437
936063	0.016451666993859047	8.4613525268716057	2.02279	8.60436
937062	0.016434699956505018	8.4713422268853584	2.02301	8.61435
938061	0.016417768844662679	8.4813319269429961	2.02323	8.62434
939060	0.016400873542465305	8.4913216270442273	2.02344	8.63432
940059	0.016384013934549531	8.5013113271887821	2.02366	8.64431
941058	0.016367189906052498	8.5113010273763692	2.02387	8.6543
942057	0.016350401342609362	8.5212907276067114	2.02409	8.66429
943056	0.016333648130350407	8.531280427879528	2.0243	8.67428
944055	0.016316930155898402	8.5412701281945385	2.02452	8.68427
945054	0.016300247306365961	8.5512598285514994	2.02473	8.69426
946053	0.016283599469352691	8.5612495289500998	2.02495	8.70425
947052	0.016266986532942718	8.5712392293901054	2.02516	8.71424
948051	0.016250408385702204	8.5812289298712194	2.02538	8.72423
949050	0.016233864916676284	8.5912186303931897	2.02559	8.73422
950049	0.016217356015386881	8.6012083309557479	2.0258	8.74421
951048	0.016200881571829966	8.6111980315586383	2.02602	8.7542
952047	0.016184441476473018	8.6211877322015908	2.02623	8.76419
953046	0.016168035620252538	8.6311774328843534	2.02644	8.77418
954045	0.016151663894571327	8.641167133606654	2.02666	8.78417
955044	0.016135326191296134	8.6511568343682548	2.02687	8.79416
956043	0.016119022402755194	8.6611465351688945	2.02708	8.80415
957042	0.016102752421735627	8.6711362360083264	2.02729	8.81414
958041	0.016086516141481096	8.6811259368862981	2.0275	8.82413
959040	0.01607031345568934	8.6911156378025556	2.02771	8.83412
960039	0.016054144258509474	8.7011053387568538	2.02792	8.84411
961038	0.01603800844454013	8.7110950397489528	2.02814	8.8541
962037	0.016021905908826507	8.7210847407786058	2.02835	8.86409
963036	0.016005836546858297	8.7310744418455695	2.02856	8.87408
964035	0.015989800254567157	8.7410641429495985	2.02877	8.88407
965034	0.015973796928324489	8.7510538440904586	2.02898	8.89406
966033	0.015957826464938939	8.7610435452679223	2.02918	8.90405
967032	0.015941888761654355	8.7710332464817302	2.02939	8.91404
968031	0.015925983716147177	8.7810229477316764	2.0296	8.92403
969030	0.015910111226524241	8.7910126490175138	2.02981	8.93402
970029	0.015894271191320572	8.8010023503390116	2.03002	8.94401
971028	0.015878463509497034	8.810992051695937	2.03023	8.954
972027	0.015862688080438142	8.8209817530880592	2.03043	8.96399
973026	0.015846944803949832	8.8309714545151738	2.03064	8.97398
974025	0.015831233580257082	8.8409611559770305	2.03085	8.98396
975024	0.015815554310001909	8.8509508574734319	2.03106	8.99395
976023	0.015799906894241097	8.8609405590041188	2.03126	9.00394
977022	0.015784291234443953	8.8709302605688922	2.03147	9.01393
978021	0.015768707232490346	8.8809199621675461	2.03168	9.02392
979020	0.015753154790668227	8.8909096637998566	2.03188	9.03391
980019	0.015737633811671807	8.9008993654656017	2.03209	9.0439
981018	0.015722144198599262	8.9108890671645629	2.03229	9.05389
982017	0.01570668585495065	8.9208787688965163	2.0325	9.06388
983016	0.015691258684625741	8.930868470661272	2.0327	9.07387
984015	0.015675862591922187	8.9408581724586202	2.03291	9.08386
985014	0.015660497481533142	8.9508478742883302	2.03311	9.09385
986013	0.015645163258545289	8.9608375761502117	2.03332	9.10384
987012	0.015629859828437061	8.9708272780440588	2.03352	9.11383
988011	0.015614587097076174	8.9808169799696689	2.03373	9.12382
989010	0.015599344970717828	8.9908066819268306	2.03393	9.13381
990009	0.0155841333560028	9.0007963839153291	2.03413	9.1438
991008	0.015568952159955352	9.0107860859349991	2.03433	9.15379
992007	0.015553801289981127	9.0207757879855972	2.03454	9.16378
993006	0.015538680653865334	9.0307654900669618	2.03474	9.17377
994005	0.015523590159770777	9.0407551921788816	2.03494	9.18376
995004	0.015508529716235842	9.050744894321161	2.03514	9.19375
996003	0.015493499232172529	9.0607345964936066	2.03535	9.20374
997002	0.015478498616864768	9.0707242986960157	2.03555	9.21373
998001	0.015463527779966187	9.080714000928209	2.03575	9.22372
999000	0.015448586631498449	9.0907037031900053	2.03595	9.23371
999999	0.015433675081849233	9.1006934054811808	2.03615	9.2437
