# Filename: 2Dvpt_constT_0.1_lmax100_dl0.001_Op1.dat
# Source: 2Dvpt_constT.c
# Source version: 3 (2011 Sep 02 - ...)
# Constant values: PI= 3.141592653589793116, PISQ=9.8696044010893579923, PICU=31.0062766802998162063, B=124.025106721199264825
# Parameter values: Tfrac=0.1, tempv=0.9, lmax=100, lsteps=100000, (dl=0.001), lpts=100001, ldatamax=250, a0=1, a02=1, a04=1, K0c=0.747853
# Option values: Op=1
T/Tc	1-T/Tc	l	K	K/K0	y	G	d(lnG)/dl
0.1	0.9	0	7.47853	1	9.38282e-17	8.80373e-33	
0.1	0.9	0.4	7.47853	1	1.73124e-20	6.05123e-41	-46.989
0.1	0.9	0.8	7.47853	1	3.19434e-24	4.1593e-49	-46.989
0.1	0.9	1.2	7.47853	1	5.89393e-28	2.85889e-57	-46.989
0.1	0.9	1.6	7.47853	1	1.0875e-31	1.96505e-65	-46.989
0.1	0.9	2	7.47853	1	2.00656e-35	1.35067e-73	-46.989
0.1	0.9	2.4	7.47853	1	3.70235e-39	9.28383e-82	-46.989
0.1	0.9	2.8	7.47853	1	6.83126e-43	6.38122e-90	-46.989
0.1	0.9	3.2	7.47853	1	1.26045e-46	4.38612e-98	-46.989
0.1	0.9	3.6	7.47853	1	2.32567e-50	3.01479e-106	-46.989
0.1	0.9	4	7.47853	1	4.29114e-54	2.07221e-114	-46.989
0.1	0.9	4.4	7.47853	1	7.91766e-58	1.42433e-122	-46.989
0.1	0.9	4.8	7.47853	1	1.4609e-61	9.79011e-131	-46.989
0.1	0.9	5.2	7.47853	1	2.69553e-65	6.72922e-139	-46.989
0.1	0.9	5.6	7.47853	1	4.97358e-69	4.62531e-147	-46.989
0.1	0.9	6	7.47853	1	9.17683e-73	3.1792e-155	-46.989
0.1	0.9	6.4	7.47853	1	1.69323e-76	2.18522e-163	-46.989
0.1	0.9	6.8	7.47853	1	3.12421e-80	1.50201e-171	-46.989
0.1	0.9	7.2	7.47853	1	5.76454e-84	1.0324e-179	-46.989
0.1	0.9	7.6	7.47853	1	1.06363e-87	7.09619e-188	-46.989
0.1	0.9	8	7.47853	1	1.96251e-91	4.87755e-196	-46.989
0.1	0.9	8.4	7.47853	1	3.62107e-95	3.35257e-204	-46.989
0.1	0.9	8.8	7.47853	1	6.68129e-99	2.30439e-212	-46.989
0.1	0.9	9.2	7.47853	1	1.23278e-102	1.58392e-220	-46.989
0.1	0.9	9.6	7.47853	1	2.27462e-106	1.0887e-228	-46.989
0.1	0.9	10	7.47853	1	4.19694e-110	7.48317e-237	-46.989
0.1	0.9	10.4	7.47853	1	7.74384e-114	5.14354e-245	-46.989
0.1	0.9	10.8	7.47853	1	1.42883e-117	3.5354e-253	-46.989
0.1	0.9	11.2	7.47853	1	2.63636e-121	2.43005e-261	-46.989
0.1	0.9	11.6	7.47853	1	4.86439e-125	1.67029e-269	-46.989
0.1	0.9	12	7.47853	1	8.97537e-129	1.14807e-277	-46.989
0.1	0.9	12.4	7.47853	1	1.65606e-132	7.89125e-286	-46.989
0.1	0.9	12.8	7.47853	1	3.05563e-136	5.42404e-294	-46.989
0.1	0.9	13.2	7.47853	1	5.63799e-140	3.7282e-302	-46.989
0.1	0.9	13.6	7.47853	1	1.04027e-143	2.56257e-310	-46.989
0.1	0.9	14	7.47853	1	1.91943e-147	1.76138e-318	-46.9897
0.1	0.9	14.4	7.47853	1	2.47836e-149	5.92879e-323	0
0.1	0.9	14.8	7.47853	1	5.51569e-149	5.92879e-323	0
0.1	0.9	15.2	7.47853	1	1.22754e-148	5.92879e-323	0
0.1	0.9	15.6	7.47853	1	2.73194e-148	5.92879e-323	0
0.1	0.9	16	7.47853	1	6.08004e-148	5.92879e-323	0
0.1	0.9	16.4	7.47853	1	1.35314e-147	5.92879e-323	0
0.1	0.9	16.8	7.47853	1	3.01146e-147	5.92879e-323	0
0.1	0.9	17.2	7.47853	1	6.70213e-147	5.92879e-323	0
0.1	0.9	17.6	7.47853	1	1.49159e-146	5.92879e-323	0
0.1	0.9	18	7.47853	1	3.31959e-146	5.92879e-323	0
0.1	0.9	18.4	7.47853	1	7.38788e-146	5.92879e-323	0
0.1	0.9	18.8	7.47853	1	1.6442e-145	5.92879e-323	0
0.1	0.9	19.2	7.47853	1	3.65924e-145	5.92879e-323	0
0.1	0.9	19.6	7.47853	1	8.14379e-145	5.92879e-323	0
0.1	0.9	20	7.47853	1	1.81243e-144	5.92879e-323	0
0.1	0.9	20.4	7.47853	1	4.03365e-144	5.92879e-323	0
0.1	0.9	20.8	7.47853	1	8.97704e-144	5.92879e-323	0
0.1	0.9	21.2	7.47853	1	1.99788e-143	5.92879e-323	0
0.1	0.9	21.6	7.47853	1	4.44636e-143	5.92879e-323	0
0.1	0.9	22	7.47853	1	9.89555e-143	5.92879e-323	0
0.1	0.9	22.4	7.47853	1	2.2023e-142	5.92879e-323	0
0.1	0.9	22.8	7.47853	1	4.9013e-142	5.92879e-323	0
0.1	0.9	23.2	7.47853	1	1.0908e-141	5.92879e-323	0
0.1	0.9	23.6	7.47853	1	2.42763e-141	5.92879e-323	0
0.1	0.9	24	7.47853	1	5.40279e-141	5.92879e-323	0
0.1	0.9	24.4	7.47853	1	1.20241e-140	5.92879e-323	0
0.1	0.9	24.8	7.47853	1	2.67602e-140	5.92879e-323	0
0.1	0.9	25.2	7.47853	1	5.95559e-140	5.92879e-323	0
0.1	0.9	25.6	7.47853	1	1.32544e-139	5.92879e-323	0
0.1	0.9	26	7.47853	1	2.94982e-139	5.92879e-323	0
0.1	0.9	26.4	7.47853	1	6.56495e-139	5.92879e-323	0
0.1	0.9	26.8	7.47853	1	1.46106e-138	5.92879e-323	0
0.1	0.9	27.2	7.47853	1	3.25164e-138	5.92879e-323	0
0.1	0.9	27.6	7.47853	1	7.23666e-138	5.92879e-323	0
0.1	0.9	28	7.47853	1	1.61055e-137	5.92879e-323	0
0.1	0.9	28.4	7.47853	1	3.58434e-137	5.92879e-323	0
0.1	0.9	28.8	7.47853	1	7.9771e-137	5.92879e-323	0
0.1	0.9	29.2	7.47853	1	1.77534e-136	5.92879e-323	0
0.1	0.9	29.6	7.47853	1	3.95108e-136	5.92879e-323	0
0.1	0.9	30	7.47853	1	8.7933e-136	5.92879e-323	0
0.1	0.9	30.4	7.47853	1	1.95698e-135	5.92879e-323	0
0.1	0.9	30.8	7.47853	1	4.35535e-135	5.92879e-323	0
0.1	0.9	31.2	7.47853	1	9.69301e-135	5.92879e-323	0
0.1	0.9	31.6	7.47853	1	2.15722e-134	5.92879e-323	0
0.1	0.9	32	7.47853	1	4.80098e-134	5.92879e-323	0
0.1	0.9	32.4	7.47853	1	1.06848e-133	5.92879e-323	0
0.1	0.9	32.8	7.47853	1	2.37794e-133	5.92879e-323	0
0.1	0.9	33.2	7.47853	1	5.2922e-133	5.92879e-323	0
0.1	0.9	33.6	7.47853	1	1.1778e-132	5.92879e-323	0
0.1	0.9	34	7.47853	1	2.62125e-132	5.92879e-323	0
0.1	0.9	34.4	7.47853	1	5.83369e-132	5.92879e-323	0
0.1	0.9	34.8	7.47853	1	1.29831e-131	5.92879e-323	0
0.1	0.9	35.2	7.47853	1	2.88945e-131	5.92879e-323	0
0.1	0.9	35.6	7.47853	1	6.43058e-131	5.92879e-323	0
0.1	0.9	36	7.47853	1	1.43115e-130	5.92879e-323	0
0.1	0.9	36.4	7.47853	1	3.18509e-130	5.92879e-323	0
0.1	0.9	36.8	7.47853	1	7.08854e-130	5.92879e-323	0
0.1	0.9	37.2	7.47853	1	1.57758e-129	5.92879e-323	0
0.1	0.9	37.6	7.47853	1	3.51098e-129	5.92879e-323	0
0.1	0.9	38	7.47853	1	7.81382e-129	5.92879e-323	0
0.1	0.9	38.4	7.47853	1	1.739e-128	5.92879e-323	0
0.1	0.9	38.8	7.47853	1	3.87021e-128	5.92879e-323	0
0.1	0.9	39.2	7.47853	1	8.61332e-128	5.92879e-323	0
0.1	0.9	39.6	7.47853	1	1.91693e-127	5.92879e-323	0
0.1	0.9	40	7.47853	1	4.2662e-127	5.92879e-323	0
0.1	0.9	40.4	7.47853	1	9.49461e-127	5.92879e-323	0
0.1	0.9	40.8	7.47853	1	2.11306e-126	5.92879e-323	0
0.1	0.9	41.2	7.47853	1	4.70271e-126	5.92879e-323	0
0.1	0.9	41.6	7.47853	1	1.04661e-125	5.92879e-323	0
0.1	0.9	42	7.47853	1	2.32927e-125	5.92879e-323	0
0.1	0.9	42.4	7.47853	1	5.18388e-125	5.92879e-323	0
0.1	0.9	42.8	7.47853	1	1.15369e-124	5.92879e-323	0
0.1	0.9	43.2	7.47853	1	2.56759e-124	5.92879e-323	0
0.1	0.9	43.6	7.47853	1	5.71428e-124	5.92879e-323	0
0.1	0.9	44	7.47853	1	1.27174e-123	5.92879e-323	0
0.1	0.9	44.4	7.47853	1	2.8303e-123	5.92879e-323	0
0.1	0.9	44.8	7.47853	1	6.29896e-123	5.92879e-323	0
0.1	0.9	45.2	7.47853	1	1.40186e-122	5.92879e-323	0
0.1	0.9	45.6	7.47853	1	3.11989e-122	5.92879e-323	0
0.1	0.9	46	7.47853	1	6.94345e-122	5.92879e-323	0
0.1	0.9	46.4	7.47853	1	1.54529e-121	5.92879e-323	0
0.1	0.9	46.8	7.47853	1	3.43911e-121	5.92879e-323	0
0.1	0.9	47.2	7.47853	1	7.65389e-121	5.92879e-323	0
0.1	0.9	47.6	7.47853	1	1.7034e-120	5.92879e-323	0
0.1	0.9	48	7.47853	1	3.791e-120	5.92879e-323	0
0.1	0.9	48.4	7.47853	1	8.43701e-120	5.92879e-323	0
0.1	0.9	48.8	7.47853	1	1.87769e-119	5.92879e-323	0
0.1	0.9	49.2	7.47853	1	4.17888e-119	5.92879e-323	0
0.1	0.9	49.6	7.47853	1	9.30027e-119	5.92879e-323	0
0.1	0.9	50	7.47853	1	2.06981e-118	5.92879e-323	0
0.1	0.9	50.4	7.47853	1	4.60645e-118	5.92879e-323	0
0.1	0.9	50.8	7.47853	1	1.02519e-117	5.92879e-323	0
0.1	0.9	51.2	7.47853	1	2.28159e-117	5.92879e-323	0
0.1	0.9	51.6	7.47853	1	5.07778e-117	5.92879e-323	0
0.1	0.9	52	7.47853	1	1.13008e-116	5.92879e-323	0
0.1	0.9	52.4	7.47853	1	2.51504e-116	5.92879e-323	0
0.1	0.9	52.8	7.47853	1	5.59732e-116	5.92879e-323	0
0.1	0.9	53.2	7.47853	1	1.24571e-115	5.92879e-323	0
0.1	0.9	53.6	7.47853	1	2.77237e-115	5.92879e-323	0
0.1	0.9	54	7.47853	1	6.17003e-115	5.92879e-323	0
0.1	0.9	54.4	7.47853	1	1.37316e-114	5.92879e-323	0
0.1	0.9	54.8	7.47853	1	3.05603e-114	5.92879e-323	0
0.1	0.9	55.2	7.47853	1	6.80133e-114	5.92879e-323	0
0.1	0.9	55.6	7.47853	1	1.51366e-113	5.92879e-323	0
0.1	0.9	56	7.47853	1	3.36872e-113	5.92879e-323	0
0.1	0.9	56.4	7.47853	1	7.49722e-113	5.92879e-323	0
0.1	0.9	56.8	7.47853	1	1.66854e-112	5.92879e-323	0
0.1	0.9	57.2	7.47853	1	3.7134e-112	5.92879e-323	0
0.1	0.9	57.6	7.47853	1	8.26432e-112	5.92879e-323	0
0.1	0.9	58	7.47853	1	1.83926e-111	5.92879e-323	0
0.1	0.9	58.4	7.47853	1	4.09335e-111	5.92879e-323	0
0.1	0.9	58.8	7.47853	1	9.10991e-111	5.92879e-323	0
0.1	0.9	59.2	7.47853	1	2.02745e-110	5.92879e-323	0
0.1	0.9	59.6	7.47853	1	4.51217e-110	5.92879e-323	0
0.1	0.9	60	7.47853	1	1.0042e-109	5.92879e-323	0
0.1	0.9	60.4	7.47853	1	2.23489e-109	5.92879e-323	0
0.1	0.9	60.8	7.47853	1	4.97384e-109	5.92879e-323	0
0.1	0.9	61.2	7.47853	1	1.10695e-108	5.92879e-323	0
0.1	0.9	61.6	7.47853	1	2.46356e-108	5.92879e-323	0
0.1	0.9	62	7.47853	1	5.48275e-108	5.92879e-323	0
0.1	0.9	62.4	7.47853	1	1.22021e-107	5.92879e-323	0
0.1	0.9	62.8	7.47853	1	2.71563e-107	5.92879e-323	0
0.1	0.9	63.2	7.47853	1	6.04374e-107	5.92879e-323	0
0.1	0.9	63.6	7.47853	1	1.34506e-106	5.92879e-323	0
0.1	0.9	64	7.47853	1	2.99348e-106	5.92879e-323	0
0.1	0.9	64.4	7.47853	1	6.66212e-106	5.92879e-323	0
0.1	0.9	64.8	7.47853	1	1.48268e-105	5.92879e-323	0
0.1	0.9	65.2	7.47853	1	3.29977e-105	5.92879e-323	0
0.1	0.9	65.6	7.47853	1	7.34377e-105	5.92879e-323	0
0.1	0.9	66	7.47853	1	1.63439e-104	5.92879e-323	0
0.1	0.9	66.4	7.47853	1	3.63739e-104	5.92879e-323	0
0.1	0.9	66.8	7.47853	1	8.09517e-104	5.92879e-323	0
0.1	0.9	67.2	7.47853	1	1.80161e-103	5.92879e-323	0
0.1	0.9	67.6	7.47853	1	4.00956e-103	5.92879e-323	0
0.1	0.9	68	7.47853	1	8.92344e-103	5.92879e-323	0
0.1	0.9	68.4	7.47853	1	1.98595e-102	5.92879e-323	0
0.1	0.9	68.8	7.47853	1	4.41981e-102	5.92879e-323	0
0.1	0.9	69.2	7.47853	1	9.83647e-102	5.92879e-323	0
0.1	0.9	69.6	7.47853	1	2.18915e-101	5.92879e-323	0
0.1	0.9	70	7.47853	1	4.87204e-101	5.92879e-323	0
0.1	0.9	70.4	7.47853	1	1.08429e-100	5.92879e-323	0
0.1	0.9	70.8	7.47853	1	2.41313e-100	5.92879e-323	0
0.1	0.9	71.2	7.47853	1	5.37053e-100	5.92879e-323	0
0.1	0.9	71.6	7.47853	1	1.19523e-99	5.92879e-323	0
0.1	0.9	72	7.47853	1	2.66004e-99	5.92879e-323	0
0.1	0.9	72.4	7.47853	1	5.92003e-99	5.92879e-323	0
0.1	0.9	72.8	7.47853	1	1.31753e-98	5.92879e-323	0
0.1	0.9	73.2	7.47853	1	2.93221e-98	5.92879e-323	0
0.1	0.9	73.6	7.47853	1	6.52575e-98	5.92879e-323	0
0.1	0.9	74	7.47853	1	1.45233e-97	5.92879e-323	0
0.1	0.9	74.4	7.47853	1	3.23223e-97	5.92879e-323	0
0.1	0.9	74.8	7.47853	1	7.19345e-97	5.92879e-323	0
0.1	0.9	75.2	7.47853	1	1.60093e-96	5.92879e-323	0
0.1	0.9	75.6	7.47853	1	3.56294e-96	5.92879e-323	0
0.1	0.9	76	7.47853	1	7.92947e-96	5.92879e-323	0
0.1	0.9	76.4	7.47853	1	1.76474e-95	5.92879e-323	0
0.1	0.9	76.8	7.47853	1	3.92749e-95	5.92879e-323	0
0.1	0.9	77.2	7.47853	1	8.7408e-95	5.92879e-323	0
0.1	0.9	77.6	7.47853	1	1.9453e-94	5.92879e-323	0
0.1	0.9	78	7.47853	1	4.32934e-94	5.92879e-323	0
0.1	0.9	78.4	7.47853	1	9.63513e-94	5.92879e-323	0
0.1	0.9	78.8	7.47853	1	2.14434e-93	5.92879e-323	0
0.1	0.9	79.2	7.47853	1	4.77231e-93	5.92879e-323	0
0.1	0.9	79.6	7.47853	1	1.0621e-92	5.92879e-323	0
0.1	0.9	80	7.47853	1	2.36374e-92	5.92879e-323	0
0.1	0.9	80.4	7.47853	1	5.2606e-92	5.92879e-323	0
0.1	0.9	80.8	7.47853	1	1.17077e-91	5.92879e-323	0
0.1	0.9	81.2	7.47853	1	2.60559e-91	5.92879e-323	0
0.1	0.9	81.6	7.47853	1	5.79886e-91	5.92879e-323	0
0.1	0.9	82	7.47853	1	1.29056e-90	5.92879e-323	0
0.1	0.9	82.4	7.47853	1	2.87219e-90	5.92879e-323	0
0.1	0.9	82.8	7.47853	1	6.39218e-90	5.92879e-323	0
0.1	0.9	83.2	7.47853	1	1.42261e-89	5.92879e-323	0
0.1	0.9	83.6	7.47853	1	3.16607e-89	5.92879e-323	0
0.1	0.9	84	7.47853	1	7.04622e-89	5.92879e-323	0
0.1	0.9	84.4	7.47853	1	1.56816e-88	5.92879e-323	0
0.1	0.9	84.8	7.47853	1	3.49001e-88	5.92879e-323	0
0.1	0.9	85.2	7.47853	1	7.76717e-88	5.92879e-323	0
0.1	0.9	85.6	7.47853	1	1.72861e-87	5.92879e-323	0
0.1	0.9	86	7.47853	1	3.8471e-87	5.92879e-323	0
0.1	0.9	86.4	7.47853	1	8.56189e-87	5.92879e-323	0
0.1	0.9	86.8	7.47853	1	1.90548e-86	5.92879e-323	0
0.1	0.9	87.2	7.47853	1	4.24073e-86	5.92879e-323	0
0.1	0.9	87.6	7.47853	1	9.43792e-86	5.92879e-323	0
0.1	0.9	88	7.47853	1	2.10045e-85	5.92879e-323	0
0.1	0.9	88.4	7.47853	1	4.67463e-85	5.92879e-323	0
0.1	0.9	88.8	7.47853	1	1.04036e-84	5.92879e-323	0
0.1	0.9	89.2	7.47853	1	2.31536e-84	5.92879e-323	0
0.1	0.9	89.6	7.47853	1	5.15293e-84	5.92879e-323	0
0.1	0.9	90	7.47853	1	1.14681e-83	5.92879e-323	0
0.1	0.9	90.4	7.47853	1	2.55226e-83	5.92879e-323	0
0.1	0.9	90.8	7.47853	1	5.68016e-83	5.92879e-323	0
0.1	0.9	91.2	7.47853	1	1.26414e-82	5.92879e-323	0
0.1	0.9	91.6	7.47853	1	2.8134e-82	5.92879e-323	0
0.1	0.9	92	7.47853	1	6.26134e-82	5.92879e-323	0
0.1	0.9	92.4	7.47853	1	1.39349e-81	5.92879e-323	0
0.1	0.9	92.8	7.47853	1	3.10126e-81	5.92879e-323	0
0.1	0.9	93.2	7.47853	1	6.90199e-81	5.92879e-323	0
0.1	0.9	93.6	7.47853	1	1.53607e-80	5.92879e-323	0
0.1	0.9	94	7.47853	1	3.41858e-80	5.92879e-323	0
0.1	0.9	94.4	7.47853	1	7.60819e-80	5.92879e-323	0
0.1	0.9	94.8	7.47853	1	1.69323e-79	5.92879e-323	0
0.1	0.9	95.2	7.47853	1	3.76836e-79	5.92879e-323	0
0.1	0.9	95.6	7.47853	1	8.38664e-79	5.92879e-323	0
0.1	0.9	96	7.47853	1	1.86648e-78	5.92879e-323	0
0.1	0.9	96.4	7.47853	1	4.15393e-78	5.92879e-323	0
0.1	0.9	96.8	7.47853	1	9.24474e-78	5.92879e-323	0
0.1	0.9	97.2	7.47853	1	2.05745e-77	5.92879e-323	0
0.1	0.9	97.6	7.47853	1	4.57895e-77	5.92879e-323	0
0.1	0.9	98	7.47853	1	1.01906e-76	5.92879e-323	0
0.1	0.9	98.4	7.47853	1	2.26797e-76	5.92879e-323	0
0.1	0.9	98.8	7.47853	1	5.04746e-76	5.92879e-323	0
0.1	0.9	99.2	7.47853	1	1.12333e-75	5.92879e-323	0
0.1	0.9	99.6	7.47853	1	2.50002e-75	5.92879e-323	0
0.1	0.9	100	7.47853	1	5.5639e-75	5.92879e-323	0
