# Filename: 2DKT_FPquench_vst_T_1_0.5_lmax10_dl0.008_tmax10_dt01e-05_BC2.dat
# Source: 2DKT_FPquench.c
# Source version: 4 (2011 May 26 - ...)
# Constant values: PI= 3.141592653589793116, PISQ=9.8696044010893579923, PICU=31.0062766802998162063, B=124.025106721199264825
# Parameter values: iTfrac=1, qTfrac=0.5, lmax=10, lsteps=1250, (dl=0.008), lpts=1251, ldatamax=250, tmax=10, dt0=1e-05, a0=1, a04=1, K0c=0.747853
# time-step	t	T/Tc	1-T/Tc	l	K	K/K0	G	vpdens
0	0	1	0	10	0.661641	0.884721	1.37963e-22	0.00151145
1	1e-05	0.5	0.5	10	1.18303	0.790949	1.34629e-22	0.00147997
2	2e-05	0.5	0.5	10	1.18317	0.791044	1.34623e-22	0.0014751
3	3e-05	0.5	0.5	10	1.18329	0.791125	1.34622e-22	0.00147094
4	4e-05	0.5	0.5	10	1.1834	0.791197	1.34621e-22	0.0014673
6	6e-05	0.5	0.5	10	1.18358	0.791321	1.3462e-22	0.00146106
8	8e-05	0.5	0.5	10	1.18374	0.791427	1.34619e-22	0.00145576
10	0.0001	0.5	0.5	10	1.18388	0.791522	1.34618e-22	0.00145109
12	0.00012	0.5	0.5	10	1.18401	0.791609	1.34617e-22	0.00144686
14	0.00014	0.5	0.5	10	1.18413	0.791689	1.34616e-22	0.00144297
17	0.00017	0.5	0.5	10	1.1843	0.7918	1.34615e-22	0.00143762
20	0.0002	0.5	0.5	10	1.18445	0.791903	1.34614e-22	0.00143273
24	0.00024	0.5	0.5	10	1.18464	0.79203	1.34613e-22	0.00142674
28	0.00028	0.5	0.5	10	1.18482	0.792148	1.34612e-22	0.00142123
32	0.00032	0.5	0.5	10	1.18499	0.792259	1.34611e-22	0.0014161
37	0.00037	0.5	0.5	10	1.18518	0.792389	1.3461e-22	0.00141012
43	0.00043	0.5	0.5	10	1.1854	0.792536	1.34608e-22	0.00140344
49	0.00049	0.5	0.5	10	1.18561	0.792675	1.34607e-22	0.00139722
56	0.00056	0.5	0.5	10	1.18584	0.792828	1.34605e-22	0.00139043
64	0.00064	0.5	0.5	10	1.18608	0.792993	1.34604e-22	0.00138317
73	0.00073	0.5	0.5	10	1.18635	0.793169	1.34602e-22	0.00137552
83	0.00083	0.5	0.5	10	1.18663	0.793354	1.346e-22	0.00136756
94	0.00094	0.5	0.5	10	1.18691	0.793548	1.34598e-22	0.00135934
107	0.00107	0.5	0.5	10	1.18724	0.793766	1.34596e-22	0.00135023
121	0.00121	0.5	0.5	10	1.18757	0.793988	1.34594e-22	0.00134103
137	0.00137	0.5	0.5	10	1.18794	0.794231	1.34592e-22	0.00133116
155	0.00155	0.5	0.5	10	1.18832	0.79449	1.34589e-22	0.00132073
175	0.00175	0.5	0.5	10	1.18873	0.794765	1.34587e-22	0.00130984
197	0.00197	0.5	0.5	10	1.18917	0.795053	1.34584e-22	0.00129858
222	0.00222	0.5	0.5	10	1.18963	0.795366	1.34581e-22	0.00128656
250	0.0025	0.5	0.5	10	1.19013	0.7957	1.34578e-22	0.0012739
282	0.00282	0.5	0.5	10	1.19068	0.796064	1.34574e-22	0.00126031
318	0.00318	0.5	0.5	10	1.19126	0.796456	1.34571e-22	0.00124596
357	0.00357	0.5	0.5	10	1.19187	0.796861	1.34567e-22	0.00123137
402	0.00402	0.5	0.5	10	1.19254	0.797308	1.34563e-22	0.00121556
452	0.00452	0.5	0.5	10	1.19325	0.797782	1.34558e-22	0.00119909
508	0.00508	0.5	0.5	10	1.19401	0.798289	1.34553e-22	0.00118179
572	0.00572	0.5	0.5	10	1.19483	0.798842	1.34548e-22	0.00116328
642	0.00642	0.5	0.5	10	1.1957	0.799421	1.34542e-22	0.00114432
722	0.00722	0.5	0.5	10	1.19664	0.800052	1.34536e-22	0.00112406
811	0.00811	0.5	0.5	10	1.19764	0.800722	1.3453e-22	0.001103
911	0.00911	0.5	0.5	10	1.19872	0.80144	1.34523e-22	0.00108092
1023	0.01023	0.5	0.5	10	1.19987	0.802207	1.34516e-22	0.00105786
1149	0.01149	0.5	0.5	10	1.2011	0.80303	1.34508e-22	0.00103371
1290	0.0129	0.5	0.5	10	1.20241	0.803906	1.345e-22	0.0010086
1449	0.01449	0.5	0.5	10	1.20381	0.804846	1.34491e-22	0.000982317
1627	0.01627	0.5	0.5	10	1.20531	0.805846	1.34481e-22	0.000955072
1826	0.01826	0.5	0.5	10	1.2069	0.806908	1.34471e-22	0.000926913
2050	0.0205	0.5	0.5	10	1.20859	0.808041	1.3446e-22	0.000897676
2301	0.02301	0.5	0.5	10	1.21039	0.809243	1.34449e-22	0.000867531
2583	0.02583	0.5	0.5	10	1.2123	0.810519	1.34436e-22	0.000836447
2899	0.02899	0.5	0.5	10	1.21432	0.811869	1.34424e-22	0.000804569
3254	0.03254	0.5	0.5	10	1.21645	0.813297	1.3441e-22	0.000771891
3652	0.03652	0.5	0.5	10	1.2187	0.814802	1.34396e-22	0.000738572
4099	0.04099	0.5	0.5	10	1.22108	0.816388	1.34381e-22	0.000704656
4600	0.046	0.5	0.5	10	1.22356	0.81805	1.34365e-22	0.000670334
5162	0.05162	0.5	0.5	10	1.22617	0.819791	1.34348e-22	0.000635706
5793	0.05793	0.5	0.5	10	1.22889	0.821611	1.34331e-22	0.000600886
6501	0.06501	0.5	0.5	10	1.23172	0.823507	1.34313e-22	0.000566057
7296	0.07296	0.5	0.5	10	1.23467	0.825477	1.34294e-22	0.000531357
8187	0.08187	0.5	0.5	10	1.23772	0.827514	1.34275e-22	0.000497023
9187	0.09187	0.5	0.5	10	1.24086	0.829616	1.34255e-22	0.000463181
10309	0.10309	0.5	0.5	10	1.2441	0.831779	1.34234e-22	0.000430015
11568	0.11568	0.5	0.5	10	1.24741	0.833997	1.34213e-22	0.000397692
12980	0.1298	0.5	0.5	10	1.2508	0.836261	1.34192e-22	0.000366392
14565	0.14565	0.5	0.5	10	1.25425	0.838567	1.3417e-22	0.000336237
16343	0.16343	0.5	0.5	10	1.25775	0.840907	1.34148e-22	0.000307383
18339	0.18339	0.5	0.5	10	1.26129	0.843273	1.34125e-22	0.000279926
20577	0.20577	0.5	0.5	10	1.26485	0.845657	1.34103e-22	0.000253992
23089	0.23089	0.5	0.5	10	1.26844	0.848052	1.3408e-22	0.000229623
25908	0.25908	0.5	0.5	10	1.27203	0.850452	1.34057e-22	0.000206871
29070	0.2907	0.5	0.5	10	1.27561	0.852847	1.34034e-22	0.000185766
32618	0.32618	0.5	0.5	10	1.27918	0.855234	1.34012e-22	0.000166298
36599	0.36599	0.5	0.5	10	1.28272	0.857605	1.33989e-22	0.000148441
41066	0.41066	0.5	0.5	10	1.28624	0.859956	1.33967e-22	0.000132149
46078	0.46078	0.5	0.5	10	1.28972	0.862283	1.33945e-22	0.00011736
51701	0.51701	0.5	0.5	10	1.29316	0.864581	1.33923e-22	0.000104001
58011	0.58011	0.5	0.5	10	1.29655	0.866849	1.33902e-22	9.1981e-05
65090	0.6509	0.5	0.5	10	1.29989	0.869083	1.33881e-22	8.12123e-05
73034	0.73034	0.5	0.5	10	1.30318	0.871282	1.3386e-22	7.15957e-05
81946	0.81946	0.5	0.5	10	1.30642	0.873445	1.3384e-22	6.30377e-05
91946	0.91946	0.5	0.5	10	1.3096	0.875572	1.33819e-22	5.54413e-05
