# Filename: 2DKT_FPquench_vsl_T_1_0.5_lmax10_dl0.008_tmax10_dt01e-05_BC1.dat
# Source: 2DKT_FPquench.c
# Source version: 4 (2011 May 26 - ...)
# Constant values: PI= 3.141592653589793116, PISQ=9.8696044010893579923, PICU=31.0062766802998162063, B=124.025106721199264825
# Parameter values: iTfrac=1, qTfrac=0.5, lmax=10, lsteps=1250, (dl=0.008), lpts=1251, ldatamax=250, tmax=10, dt0=1e-05, a0=1, a04=1, K0c=0.747853

# time step n_t = 0	t = 0.000000e+00	(dt = 1.000000e-05)
# T/Tc	1-T/Tc	l	K	K/K0	G
1	0	0	0.747853	1	0.000622969
1	0	0.04	0.746166	0.997744	0.000516334
1	0	0.08	0.744531	0.995559	0.000428131
1	0	0.12	0.742948	0.993441	0.000355139
1	0	0.16	0.741412	0.991388	0.000294706
1	0	0.2	0.739923	0.989396	0.00024465
1	0	0.24	0.738477	0.987463	0.000203171
1	0	0.28	0.737074	0.985587	0.000168785
1	0	0.32	0.73571	0.983763	0.000140268
1	0	0.36	0.734385	0.981992	0.000116608
1	0	0.4	0.733097	0.980269	9.69706e-05
1	0	0.44	0.731844	0.978594	8.06661e-05
1	0	0.48	0.730625	0.976963	6.71239e-05
1	0	0.52	0.729438	0.975376	5.5872e-05
1	0	0.56	0.728282	0.973831	4.652e-05
1	0	0.6	0.727156	0.972325	3.87444e-05
1	0	0.64	0.726059	0.970858	3.22775e-05
1	0	0.68	0.724989	0.969427	2.68974e-05
1	0	0.72	0.723946	0.968032	2.24199e-05
1	0	0.76	0.722928	0.966672	1.86927e-05
1	0	0.8	0.721935	0.965344	1.5589e-05
1	0	0.84	0.720966	0.964048	1.30038e-05
1	0	0.88	0.72002	0.962782	1.085e-05
1	0	0.92	0.719095	0.961546	9.05504e-06
1	0	0.96	0.718192	0.960339	7.55876e-06
1	0	1	0.717309	0.959158	6.31115e-06
1	0	1.04	0.716447	0.958005	5.27061e-06
1	0	1.08	0.715603	0.956877	4.40258e-06
1	0	1.12	0.714778	0.955773	3.67828e-06
1	0	1.16	0.713971	0.954694	3.07376e-06
1	0	1.2	0.713181	0.953638	2.56912e-06
1	0	1.24	0.712408	0.952604	2.14774e-06
1	0	1.28	0.711651	0.951592	1.79583e-06
1	0	1.32	0.710909	0.9506	1.50186e-06
1	0	1.36	0.710183	0.94963	1.25624e-06
1	0	1.4	0.709472	0.948678	1.05098e-06
1	0	1.44	0.708775	0.947746	8.79415e-07
1	0	1.48	0.708092	0.946833	7.35984e-07
1	0	1.52	0.707422	0.945937	6.16051e-07
1	0	1.56	0.706765	0.945059	5.15748e-07
1	0	1.6	0.706121	0.944198	4.31847e-07
1	0	1.64	0.70549	0.943353	3.61652e-07
1	0	1.68	0.70487	0.942525	3.02915e-07
1	0	1.72	0.704262	0.941711	2.53756e-07
1	0	1.76	0.703665	0.940913	2.12608e-07
1	0	1.8	0.703079	0.94013	1.78159e-07
1	0	1.84	0.702504	0.939361	1.49313e-07
1	0	1.88	0.701939	0.938605	1.25155e-07
1	0	1.92	0.701384	0.937863	1.04921e-07
1	0	1.96	0.700839	0.937135	8.79705e-08
1	0	2	0.700303	0.936419	7.37683e-08
1	0	2.04	0.699777	0.935715	6.18672e-08
1	0	2.08	0.69926	0.935024	5.18929e-08
1	0	2.12	0.698752	0.934344	4.35323e-08
1	0	2.16	0.698252	0.933676	3.65233e-08
1	0	2.2	0.697761	0.933019	3.06466e-08
1	0	2.24	0.697278	0.932373	2.57187e-08
1	0	2.28	0.696803	0.931737	2.15857e-08
1	0	2.32	0.696335	0.931112	1.81191e-08
1	0	2.36	0.695875	0.930497	1.52109e-08
1	0	2.4	0.695423	0.929892	1.2771e-08
1	0	2.44	0.694978	0.929297	1.07237e-08
1	0	2.48	0.694539	0.928711	9.00558e-09
1	0	2.52	0.694108	0.928134	7.56356e-09
1	0	2.56	0.693684	0.927567	6.35313e-09
1	0	2.6	0.693265	0.927008	5.33697e-09
1	0	2.64	0.692854	0.926457	4.48381e-09
1	0	2.68	0.692448	0.925915	3.76743e-09
1	0	2.72	0.692049	0.925381	3.16582e-09
1	0	2.76	0.691656	0.924855	2.66054e-09
1	0	2.8	0.691268	0.924337	2.23613e-09
1	0	2.84	0.690887	0.923827	1.8796e-09
1	0	2.88	0.69051	0.923324	1.58007e-09
1	0	2.92	0.69014	0.922828	1.32839e-09
1	0	2.96	0.689774	0.922339	1.11691e-09
1	0	3	0.689414	0.921858	9.3918e-10
1	0	3.04	0.689059	0.921383	7.89803e-10
1	0	3.08	0.688709	0.920915	6.64243e-10
1	0	3.12	0.688364	0.920454	5.58693e-10
1	0	3.16	0.688024	0.919999	4.69956e-10
1	0	3.2	0.687688	0.91955	3.95346e-10
1	0	3.24	0.687357	0.919107	3.32609e-10
1	0	3.28	0.687031	0.918671	2.79851e-10
1	0	3.32	0.686708	0.91824	2.35481e-10
1	0	3.36	0.686391	0.917815	1.98161e-10
1	0	3.4	0.686077	0.917396	1.66769e-10
1	0	3.44	0.685768	0.916982	1.40361e-10
1	0	3.48	0.685462	0.916574	1.18144e-10
1	0	3.52	0.685161	0.916171	9.94513e-11
1	0	3.56	0.684864	0.915773	8.37224e-11
1	0	3.6	0.68457	0.915381	7.04863e-11
1	0	3.64	0.68428	0.914993	5.93471e-11
1	0	3.68	0.683994	0.914611	4.99719e-11
1	0	3.72	0.683712	0.914233	4.20807e-11
1	0	3.76	0.683433	0.91386	3.54382e-11
1	0	3.8	0.683157	0.913492	2.98462e-11
1	0	3.84	0.682885	0.913128	2.51384e-11
1	0	3.88	0.682617	0.912769	2.11746e-11
1	0	3.92	0.682351	0.912414	1.7837e-11
1	0	3.96	0.682089	0.912063	1.50265e-11
1	0	4	0.68183	0.911717	1.26597e-11
1	0	4.04	0.681574	0.911375	1.06663e-11
1	0	4.08	0.681322	0.911037	8.9874e-12
1	0	4.12	0.681072	0.910703	7.57324e-12
1	0	4.16	0.680825	0.910373	6.38199e-12
1	0	4.2	0.680581	0.910047	5.37845e-12
1	0	4.24	0.68034	0.909724	4.53299e-12
1	0	4.28	0.680102	0.909406	3.82066e-12
1	0	4.32	0.679866	0.909091	3.22046e-12
1	0	4.36	0.679633	0.90878	2.71471e-12
1	0	4.4	0.679403	0.908472	2.28852e-12
1	0	4.44	0.679176	0.908168	1.92934e-12
1	0	4.48	0.678951	0.907867	1.62663e-12
1	0	4.52	0.678728	0.907569	1.3715e-12
1	0	4.56	0.678509	0.907275	1.15644e-12
1	0	4.6	0.678291	0.906984	9.7516e-13
1	0	4.64	0.678076	0.906697	8.22341e-13
1	0	4.68	0.677863	0.906412	6.93508e-13
1	0	4.72	0.677653	0.906131	5.8489e-13
1	0	4.76	0.677445	0.905853	4.9331e-13
1	0	4.8	0.677239	0.905577	4.16091e-13
1	0	4.84	0.677035	0.905305	3.50977e-13
1	0	4.88	0.676834	0.905036	2.96068e-13
1	0	4.92	0.676634	0.904769	2.49761e-13
1	0	4.96	0.676437	0.904505	2.10708e-13
1	0	5	0.676242	0.904244	1.7777e-13
1	0	5.04	0.676049	0.903986	1.49988e-13
1	0	5.08	0.675858	0.903731	1.26554e-13
1	0	5.12	0.675669	0.903478	1.06787e-13
1	0	5.16	0.675482	0.903228	9.01112e-14
1	0	5.2	0.675296	0.90298	7.60431e-14
1	0	5.24	0.675113	0.902735	6.41743e-14
1	0	5.28	0.674931	0.902492	5.41605e-14
1	0	5.32	0.674752	0.902252	4.57113e-14
1	0	5.36	0.674574	0.902014	3.85819e-14
1	0	5.4	0.674398	0.901779	3.2566e-14
1	0	5.44	0.674224	0.901546	2.74892e-14
1	0	5.48	0.674051	0.901315	2.32049e-14
1	0	5.52	0.67388	0.901086	1.95892e-14
1	0	5.56	0.673711	0.90086	1.65376e-14
1	0	5.6	0.673543	0.900636	1.39619e-14
1	0	5.64	0.673378	0.900414	1.17879e-14
1	0	5.68	0.673213	0.900195	9.95285e-15
1	0	5.72	0.673051	0.899977	8.40379e-15
1	0	5.76	0.672889	0.899762	7.09611e-15
1	0	5.8	0.67273	0.899548	5.99215e-15
1	0	5.84	0.672572	0.899337	5.06015e-15
1	0	5.88	0.672415	0.899127	4.27327e-15
1	0	5.92	0.67226	0.89892	3.6089e-15
1	0	5.96	0.672106	0.898714	3.04794e-15
1	0	6	0.671954	0.898511	2.57427e-15
1	0	6.04	0.671803	0.898309	2.17429e-15
1	0	6.08	0.671654	0.898109	1.83653e-15
1	0	6.12	0.671506	0.897911	1.5513e-15
1	0	6.16	0.671359	0.897715	1.31042e-15
1	0	6.2	0.671214	0.897521	1.10698e-15
1	0	6.24	0.67107	0.897328	9.35154e-16
1	0	6.28	0.670927	0.897137	7.9003e-16
1	0	6.32	0.670785	0.896948	6.67451e-16
1	0	6.36	0.670645	0.896761	5.63911e-16
1	0	6.4	0.670506	0.896575	4.7645e-16
1	0	6.44	0.670369	0.896391	4.02568e-16
1	0	6.48	0.670232	0.896208	3.40154e-16
1	0	6.52	0.670097	0.896027	2.87427e-16
1	0	6.56	0.669963	0.895848	2.42881e-16
1	0	6.6	0.66983	0.89567	2.05246e-16
1	0	6.64	0.669698	0.895494	1.73448e-16
1	0	6.68	0.669567	0.895319	1.46581e-16
1	0	6.72	0.669438	0.895146	1.2388e-16
1	0	6.76	0.669309	0.894975	1.04699e-16
1	0	6.8	0.669182	0.894804	8.84896e-17
1	0	6.84	0.669056	0.894636	7.47925e-17
1	0	6.88	0.668931	0.894468	6.32175e-17
1	0	6.92	0.668807	0.894303	5.34355e-17
1	0	6.96	0.668684	0.894138	4.51686e-17
1	0	7	0.668562	0.893975	3.81818e-17
1	0	7.04	0.668441	0.893813	3.22767e-17
1	0	7.08	0.668321	0.893653	2.72857e-17
1	0	7.12	0.668202	0.893494	2.30672e-17
1	0	7.16	0.668084	0.893336	1.95014e-17
1	0	7.2	0.667967	0.893179	1.64874e-17
1	0	7.24	0.667851	0.893024	1.39396e-17
1	0	7.28	0.667736	0.89287	1.17858e-17
1	0	7.32	0.667622	0.892718	9.96512e-18
1	0	7.36	0.667508	0.892566	8.42593e-18
1	0	7.4	0.667396	0.892416	7.12468e-18
1	0	7.44	0.667285	0.892267	6.02456e-18
1	0	7.48	0.667174	0.892119	5.09445e-18
1	0	7.52	0.667064	0.891973	4.30805e-18
1	0	7.56	0.666956	0.891827	3.64315e-18
1	0	7.6	0.666848	0.891683	3.08095e-18
1	0	7.64	0.666741	0.89154	2.60558e-18
1	0	7.68	0.666634	0.891398	2.20361e-18
1	0	7.72	0.666529	0.891257	1.86371e-18
1	0	7.76	0.666424	0.891117	1.57627e-18
1	0	7.8	0.666321	0.890978	1.3332e-18
1	0	7.84	0.666218	0.89084	1.12765e-18
1	0	7.88	0.666115	0.890704	9.53808e-19
1	0	7.92	0.666014	0.890568	8.06789e-19
1	0	7.96	0.665913	0.890434	6.82449e-19
1	0	8	0.665814	0.8903	5.77286e-19
1	0	8.04	0.665715	0.890168	4.88341e-19
1	0	8.08	0.665616	0.890036	4.1311e-19
1	0	8.12	0.665519	0.889906	3.49477e-19
1	0	8.16	0.665422	0.889776	2.95653e-19
1	0	8.2	0.665326	0.889648	2.50125e-19
1	0	8.24	0.66523	0.88952	2.11613e-19
1	0	8.28	0.665136	0.889393	1.79035e-19
1	0	8.32	0.665042	0.889268	1.51476e-19
1	0	8.36	0.664948	0.889143	1.28162e-19
1	0	8.4	0.664856	0.889019	1.08439e-19
1	0	8.44	0.664764	0.888896	9.1753e-20
1	0	8.48	0.664673	0.888774	7.76365e-20
1	0	8.52	0.664582	0.888653	6.56934e-20
1	0	8.56	0.664492	0.888533	5.55888e-20
1	0	8.6	0.664403	0.888414	4.70396e-20
1	0	8.64	0.664314	0.888295	3.9806e-20
1	0	8.68	0.664226	0.888177	3.36855e-20
1	0	8.72	0.664139	0.888061	2.85067e-20
1	0	8.76	0.664052	0.887945	2.41247e-20
1	0	8.8	0.663966	0.887829	2.04167e-20
1	0	8.84	0.66388	0.887715	1.7279e-20
1	0	8.88	0.663795	0.887602	1.46238e-20
1	0	8.92	0.663711	0.887489	1.23769e-20
1	0	8.96	0.663627	0.887377	1.04754e-20
1	0	9	0.663544	0.887266	8.86627e-21
1	0	9.04	0.663462	0.887155	7.50446e-21
1	0	9.08	0.66338	0.887046	6.35195e-21
1	0	9.12	0.663298	0.886937	5.37655e-21
1	0	9.16	0.663218	0.886829	4.55102e-21
1	0	9.2	0.663137	0.886721	3.85233e-21
1	0	9.24	0.663058	0.886615	3.26096e-21
1	0	9.28	0.662978	0.886509	2.76043e-21
1	0	9.32	0.6629	0.886404	2.33678e-21
1	0	9.36	0.662822	0.886299	1.97818e-21
1	0	9.4	0.662744	0.886196	1.67465e-21
1	0	9.44	0.662667	0.886093	1.41772e-21
1	0	9.48	0.662591	0.88599	1.20023e-21
1	0	9.52	0.662515	0.885889	1.01612e-21
1	0	9.56	0.662439	0.885788	8.60272e-22
1	0	9.6	0.662364	0.885687	7.28341e-22
1	0	9.64	0.66229	0.885588	6.16654e-22
1	0	9.68	0.662216	0.885489	5.22104e-22
1	0	9.72	0.662142	0.885391	4.42059e-22
1	0	9.76	0.662069	0.885293	3.74292e-22
1	0	9.8	0.661997	0.885196	3.1692e-22
1	0	9.84	0.661924	0.8851	2.68347e-22
1	0	9.88	0.661853	0.885004	2.27223e-22
1	0	9.92	0.661782	0.884909	1.92404e-22
1	0	9.96	0.661711	0.884814	1.62924e-22
1	0	10	0.661641	0.884721	1.37963e-22

# time step n_t = 1001	t = 1.001000e-02	(dt = 1.000000e-05)
# T/Tc	1-T/Tc	l	K	K/K0	G
0.5	0.5	0	1.49571	1	0.00044104
0.5	0.5	0.04	1.49072	0.996664	0.00038854
0.5	0.5	0.08	1.48562	0.993257	0.000337759
0.5	0.5	0.12	1.48048	0.989822	0.000290382
0.5	0.5	0.16	1.47535	0.986392	0.000247515
0.5	0.5	0.2	1.47027	0.982994	0.000209677
0.5	0.5	0.24	1.46526	0.979646	0.000176899
0.5	0.5	0.28	1.46034	0.976356	0.00014887
0.5	0.5	0.32	1.45552	0.973131	0.000125094
0.5	0.5	0.36	1.45079	0.969973	0.000105019
0.5	0.5	0.4	1.44617	0.966883	8.81112e-05
0.5	0.5	0.44	1.44165	0.96386	7.38902e-05
0.5	0.5	0.48	1.43723	0.960904	6.19403e-05
0.5	0.5	0.52	1.43291	0.958014	5.19057e-05
0.5	0.5	0.56	1.42868	0.955189	4.34845e-05
0.5	0.5	0.6	1.42455	0.952429	3.64207e-05
0.5	0.5	0.64	1.42052	0.949731	3.04983e-05
0.5	0.5	0.68	1.41658	0.947095	2.55348e-05
0.5	0.5	0.72	1.41272	0.94452	2.13761e-05
0.5	0.5	0.76	1.40896	0.942004	1.78929e-05
0.5	0.5	0.8	1.40528	0.939545	1.4976e-05
0.5	0.5	0.84	1.40169	0.937143	1.25339e-05
0.5	0.5	0.88	1.39818	0.934795	1.04897e-05
0.5	0.5	0.92	1.39475	0.932501	8.77867e-06
0.5	0.5	0.96	1.39139	0.930259	7.34673e-06
0.5	0.5	1	1.38812	0.928067	6.14843e-06
0.5	0.5	1.04	1.38491	0.925925	5.14572e-06
0.5	0.5	1.08	1.38178	0.923831	4.30669e-06
0.5	0.5	1.12	1.37872	0.921783	3.60463e-06
0.5	0.5	1.16	1.37572	0.91978	3.01719e-06
0.5	0.5	1.2	1.37279	0.917821	2.52565e-06
0.5	0.5	1.24	1.36992	0.915905	2.11434e-06
0.5	0.5	1.28	1.36712	0.914031	1.77015e-06
0.5	0.5	1.32	1.36438	0.912196	1.48211e-06
0.5	0.5	1.36	1.36169	0.910401	1.24105e-06
0.5	0.5	1.4	1.35906	0.908644	1.0393e-06
0.5	0.5	1.44	1.35649	0.906923	8.70426e-07
0.5	0.5	1.48	1.35397	0.905238	7.29066e-07
0.5	0.5	1.52	1.3515	0.903588	6.10726e-07
0.5	0.5	1.56	1.34909	0.901972	5.11647e-07
0.5	0.5	1.6	1.34672	0.900389	4.28688e-07
0.5	0.5	1.64	1.3444	0.898838	3.59219e-07
0.5	0.5	1.68	1.34212	0.897317	3.0104e-07
0.5	0.5	1.72	1.33989	0.895827	2.52312e-07
0.5	0.5	1.76	1.33771	0.894366	2.11495e-07
0.5	0.5	1.8	1.33557	0.892933	1.773e-07
0.5	0.5	1.84	1.33346	0.891528	1.48651e-07
0.5	0.5	1.88	1.3314	0.89015	1.24645e-07
0.5	0.5	1.92	1.32938	0.888798	1.04527e-07
0.5	0.5	1.96	1.3274	0.887472	8.76667e-08
0.5	0.5	2	1.32545	0.88617	7.35339e-08
0.5	0.5	2.04	1.32354	0.884892	6.16863e-08
0.5	0.5	2.08	1.32166	0.883638	5.17532e-08
0.5	0.5	2.12	1.31982	0.882406	4.34244e-08
0.5	0.5	2.16	1.31801	0.881197	3.644e-08
0.5	0.5	2.2	1.31624	0.88001	3.05823e-08
0.5	0.5	2.24	1.31449	0.878843	2.5669e-08
0.5	0.5	2.28	1.31278	0.877697	2.15473e-08
0.5	0.5	2.32	1.31109	0.876571	1.80894e-08
0.5	0.5	2.36	1.30944	0.875464	1.5188e-08
0.5	0.5	2.4	1.30781	0.874376	1.27533e-08
0.5	0.5	2.44	1.30621	0.873307	1.071e-08
0.5	0.5	2.48	1.30464	0.872256	8.99499e-09
0.5	0.5	2.52	1.30309	0.871222	7.55537e-09
0.5	0.5	2.56	1.30157	0.870205	6.3468e-09
0.5	0.5	2.6	1.30008	0.869206	5.33207e-09
0.5	0.5	2.64	1.29861	0.868222	4.48002e-09
0.5	0.5	2.68	1.29716	0.867255	3.76449e-09
0.5	0.5	2.72	1.29573	0.866303	3.16355e-09
0.5	0.5	2.76	1.29433	0.865366	2.65878e-09
0.5	0.5	2.8	1.29295	0.864444	2.23477e-09
0.5	0.5	2.84	1.2916	0.863536	1.87855e-09
0.5	0.5	2.88	1.29026	0.862643	1.57925e-09
0.5	0.5	2.92	1.28894	0.861763	1.32776e-09
0.5	0.5	2.96	1.28765	0.860897	1.11642e-09
0.5	0.5	3	1.28637	0.860044	9.38802e-10
0.5	0.5	3.04	1.28512	0.859204	7.8951e-10
0.5	0.5	3.08	1.28388	0.858376	6.64016e-10
0.5	0.5	3.12	1.28266	0.857561	5.58517e-10
0.5	0.5	3.16	1.28146	0.856758	4.69819e-10
0.5	0.5	3.2	1.28027	0.855966	3.9524e-10
0.5	0.5	3.24	1.27911	0.855187	3.32527e-10
0.5	0.5	3.28	1.27796	0.854418	2.79788e-10
0.5	0.5	3.32	1.27682	0.85366	2.35431e-10
0.5	0.5	3.36	1.27571	0.852914	1.98123e-10
0.5	0.5	3.4	1.27461	0.852177	1.6674e-10
0.5	0.5	3.44	1.27352	0.851451	1.40338e-10
0.5	0.5	3.48	1.27245	0.850736	1.18126e-10
0.5	0.5	3.52	1.27139	0.85003	9.94375e-11
0.5	0.5	3.56	1.27035	0.849334	8.37117e-11
0.5	0.5	3.6	1.26933	0.848647	7.0478e-11
0.5	0.5	3.64	1.26831	0.847969	5.93407e-11
0.5	0.5	3.68	1.26731	0.847301	4.99669e-11
0.5	0.5	3.72	1.26633	0.846642	4.20769e-11
0.5	0.5	3.76	1.26535	0.845991	3.54352e-11
0.5	0.5	3.8	1.26439	0.845349	2.98439e-11
0.5	0.5	3.84	1.26345	0.844716	2.51366e-11
0.5	0.5	3.88	1.26251	0.844091	2.11732e-11
0.5	0.5	3.92	1.26159	0.843474	1.78359e-11
0.5	0.5	3.96	1.26068	0.842864	1.50257e-11
0.5	0.5	4	1.25978	0.842263	1.2659e-11
0.5	0.5	4.04	1.25889	0.841669	1.06658e-11
0.5	0.5	4.08	1.25801	0.841083	8.987e-12
0.5	0.5	4.12	1.25715	0.840504	7.57293e-12
0.5	0.5	4.16	1.25629	0.839932	6.38175e-12
0.5	0.5	4.2	1.25545	0.839367	5.37826e-12
0.5	0.5	4.24	1.25461	0.83881	4.53285e-12
0.5	0.5	4.28	1.25379	0.838259	3.82055e-12
0.5	0.5	4.32	1.25297	0.837715	3.22038e-12
0.5	0.5	4.36	1.25217	0.837177	2.71464e-12
0.5	0.5	4.4	1.25138	0.836646	2.28846e-12
0.5	0.5	4.44	1.25059	0.836121	1.9293e-12
0.5	0.5	4.48	1.24982	0.835603	1.6266e-12
0.5	0.5	4.52	1.24905	0.83509	1.37147e-12
0.5	0.5	4.56	1.24829	0.834584	1.15642e-12
0.5	0.5	4.6	1.24754	0.834083	9.75145e-13
0.5	0.5	4.64	1.2468	0.833589	8.2233e-13
0.5	0.5	4.68	1.24607	0.8331	6.93499e-13
0.5	0.5	4.72	1.24535	0.832616	5.84883e-13
0.5	0.5	4.76	1.24463	0.832138	4.93304e-13
0.5	0.5	4.8	1.24393	0.831666	4.16086e-13
0.5	0.5	4.84	1.24323	0.831199	3.50973e-13
0.5	0.5	4.88	1.24254	0.830737	2.96065e-13
0.5	0.5	4.92	1.24186	0.83028	2.49759e-13
0.5	0.5	4.96	1.24118	0.829829	2.10707e-13
0.5	0.5	5	1.24051	0.829382	1.77769e-13
0.5	0.5	5.04	1.23985	0.82894	1.49987e-13
0.5	0.5	5.08	1.2392	0.828503	1.26554e-13
0.5	0.5	5.12	1.23855	0.828071	1.06786e-13
0.5	0.5	5.16	1.23791	0.827643	9.01107e-14
0.5	0.5	5.2	1.23728	0.82722	7.60428e-14
0.5	0.5	5.24	1.23665	0.826802	6.4174e-14
0.5	0.5	5.28	1.23603	0.826388	5.41603e-14
0.5	0.5	5.32	1.23542	0.825978	4.57111e-14
0.5	0.5	5.36	1.23481	0.825573	3.85818e-14
0.5	0.5	5.4	1.23421	0.825172	3.25659e-14
0.5	0.5	5.44	1.23362	0.824775	2.74892e-14
0.5	0.5	5.48	1.23303	0.824382	2.32049e-14
0.5	0.5	5.52	1.23245	0.823994	1.95892e-14
0.5	0.5	5.56	1.23188	0.823609	1.65376e-14
0.5	0.5	5.6	1.23131	0.823228	1.39619e-14
0.5	0.5	5.64	1.23074	0.822851	1.17879e-14
0.5	0.5	5.68	1.23019	0.822478	9.95283e-15
0.5	0.5	5.72	1.22963	0.822109	8.40377e-15
0.5	0.5	5.76	1.22909	0.821743	7.0961e-15
0.5	0.5	5.8	1.22854	0.821381	5.99215e-15
0.5	0.5	5.84	1.22801	0.821022	5.06014e-15
0.5	0.5	5.88	1.22748	0.820668	4.27327e-15
0.5	0.5	5.92	1.22695	0.820316	3.6089e-15
0.5	0.5	5.96	1.22643	0.819968	3.04793e-15
0.5	0.5	6	1.22592	0.819623	2.57427e-15
0.5	0.5	6.04	1.22541	0.819282	2.17429e-15
0.5	0.5	6.08	1.2249	0.818944	1.83653e-15
0.5	0.5	6.12	1.2244	0.818609	1.5513e-15
0.5	0.5	6.16	1.2239	0.818278	1.31041e-15
0.5	0.5	6.2	1.22341	0.817949	1.10698e-15
0.5	0.5	6.24	1.22293	0.817624	9.35153e-16
0.5	0.5	6.28	1.22244	0.817302	7.90029e-16
0.5	0.5	6.32	1.22197	0.816983	6.67451e-16
0.5	0.5	6.36	1.22149	0.816666	5.63911e-16
0.5	0.5	6.4	1.22102	0.816353	4.7645e-16
0.5	0.5	6.44	1.22056	0.816043	4.02568e-16
0.5	0.5	6.48	1.2201	0.815735	3.40154e-16
0.5	0.5	6.52	1.21964	0.81543	2.87427e-16
0.5	0.5	6.56	1.21919	0.815128	2.42881e-16
0.5	0.5	6.6	1.21874	0.814829	2.05246e-16
0.5	0.5	6.64	1.2183	0.814532	1.73448e-16
0.5	0.5	6.68	1.21786	0.814239	1.46581e-16
0.5	0.5	6.72	1.21743	0.813947	1.2388e-16
0.5	0.5	6.76	1.21699	0.813659	1.04699e-16
0.5	0.5	6.8	1.21657	0.813373	8.84896e-17
0.5	0.5	6.84	1.21614	0.813089	7.47925e-17
0.5	0.5	6.88	1.21572	0.812808	6.32175e-17
0.5	0.5	6.92	1.21531	0.812529	5.34355e-17
0.5	0.5	6.96	1.21489	0.812253	4.51686e-17
0.5	0.5	7	1.21448	0.81198	3.81818e-17
0.5	0.5	7.04	1.21408	0.811708	3.22767e-17
0.5	0.5	7.08	1.21367	0.811439	2.72857e-17
0.5	0.5	7.12	1.21328	0.811172	2.30672e-17
0.5	0.5	7.16	1.21288	0.810908	1.95014e-17
0.5	0.5	7.2	1.21249	0.810646	1.64874e-17
0.5	0.5	7.24	1.2121	0.810386	1.39396e-17
0.5	0.5	7.28	1.21171	0.810128	1.17858e-17
0.5	0.5	7.32	1.21133	0.809873	9.96512e-18
0.5	0.5	7.36	1.21095	0.809619	8.42593e-18
0.5	0.5	7.4	1.21058	0.809368	7.12468e-18
0.5	0.5	7.44	1.2102	0.809119	6.02456e-18
0.5	0.5	7.48	1.20983	0.808871	5.09445e-18
0.5	0.5	7.52	1.20947	0.808626	4.30805e-18
0.5	0.5	7.56	1.2091	0.808383	3.64315e-18
0.5	0.5	7.6	1.20874	0.808142	3.08095e-18
0.5	0.5	7.64	1.20839	0.807903	2.60558e-18
0.5	0.5	7.68	1.20803	0.807666	2.20361e-18
0.5	0.5	7.72	1.20768	0.80743	1.86371e-18
0.5	0.5	7.76	1.20733	0.807197	1.57627e-18
0.5	0.5	7.8	1.20698	0.806965	1.3332e-18
0.5	0.5	7.84	1.20664	0.806736	1.12765e-18
0.5	0.5	7.88	1.2063	0.806508	9.53808e-19
0.5	0.5	7.92	1.20596	0.806282	8.06789e-19
0.5	0.5	7.96	1.20563	0.806058	6.82449e-19
0.5	0.5	8	1.20529	0.805835	5.77286e-19
0.5	0.5	8.04	1.20496	0.805615	4.88341e-19
0.5	0.5	8.08	1.20464	0.805396	4.1311e-19
0.5	0.5	8.12	1.20431	0.805178	3.49477e-19
0.5	0.5	8.16	1.20399	0.804963	2.95653e-19
0.5	0.5	8.2	1.20367	0.804749	2.50125e-19
0.5	0.5	8.24	1.20335	0.804537	2.11613e-19
0.5	0.5	8.28	1.20304	0.804326	1.79035e-19
0.5	0.5	8.32	1.20272	0.804117	1.51476e-19
0.5	0.5	8.36	1.20241	0.80391	1.28162e-19
0.5	0.5	8.4	1.2021	0.803704	1.08439e-19
0.5	0.5	8.44	1.2018	0.803499	9.1753e-20
0.5	0.5	8.48	1.2015	0.803297	7.76365e-20
0.5	0.5	8.52	1.20119	0.803095	6.56934e-20
0.5	0.5	8.56	1.2009	0.802896	5.55888e-20
0.5	0.5	8.6	1.2006	0.802698	4.70396e-20
0.5	0.5	8.64	1.20031	0.802501	3.9806e-20
0.5	0.5	8.68	1.20001	0.802305	3.36855e-20
0.5	0.5	8.72	1.19972	0.802112	2.85067e-20
0.5	0.5	8.76	1.19944	0.801919	2.41247e-20
0.5	0.5	8.8	1.19915	0.801728	2.04167e-20
0.5	0.5	8.84	1.19887	0.801539	1.7279e-20
0.5	0.5	8.88	1.19858	0.80135	1.46238e-20
0.5	0.5	8.92	1.19831	0.801164	1.23769e-20
0.5	0.5	8.96	1.19803	0.800978	1.04754e-20
0.5	0.5	9	1.19775	0.800794	8.86627e-21
0.5	0.5	9.04	1.19748	0.800611	7.50446e-21
0.5	0.5	9.08	1.19721	0.80043	6.35195e-21
0.5	0.5	9.12	1.19694	0.800249	5.37655e-21
0.5	0.5	9.16	1.19667	0.800071	4.55102e-21
0.5	0.5	9.2	1.1964	0.799893	3.85233e-21
0.5	0.5	9.24	1.19614	0.799717	3.26096e-21
0.5	0.5	9.28	1.19588	0.799541	2.76043e-21
0.5	0.5	9.32	1.19562	0.799367	2.33678e-21
0.5	0.5	9.36	1.19536	0.799195	1.97818e-21
0.5	0.5	9.4	1.1951	0.799023	1.67465e-21
0.5	0.5	9.44	1.19485	0.798853	1.41772e-21
0.5	0.5	9.48	1.1946	0.798684	1.20023e-21
0.5	0.5	9.52	1.19435	0.798516	1.01612e-21
0.5	0.5	9.56	1.1941	0.798349	8.60272e-22
0.5	0.5	9.6	1.19385	0.798184	7.28341e-22
0.5	0.5	9.64	1.1936	0.798019	6.16654e-22
0.5	0.5	9.68	1.19336	0.797856	5.22104e-22
0.5	0.5	9.72	1.19311	0.797693	4.42059e-22
0.5	0.5	9.76	1.19287	0.797532	3.74292e-22
0.5	0.5	9.8	1.19263	0.797372	3.1692e-22
0.5	0.5	9.84	1.1924	0.797213	2.68347e-22
0.5	0.5	9.88	1.19216	0.797055	2.27223e-22
0.5	0.5	9.92	1.19193	0.796899	1.92404e-22
0.5	0.5	9.96	1.19169	0.796743	1.62924e-22
0.5	0.5	10	1.19146	0.796588	1.34569e-22

# time step n_t = 10001	t = 1.000100e-01	(dt = 1.000000e-05)
# T/Tc	1-T/Tc	l	K	K/K0	G
0.5	0.5	0	1.49571	1	7.8706e-05
0.5	0.5	0.04	1.49479	0.999387	7.41312e-05
0.5	0.5	0.08	1.49378	0.998712	6.95628e-05
0.5	0.5	0.12	1.49267	0.99797	6.50137e-05
0.5	0.5	0.16	1.49146	0.997159	6.05022e-05
0.5	0.5	0.2	1.49014	0.996277	5.60511e-05
0.5	0.5	0.24	1.48871	0.995322	5.1685e-05
0.5	0.5	0.28	1.48717	0.994292	4.74301e-05
0.5	0.5	0.32	1.48552	0.993187	4.33121e-05
0.5	0.5	0.36	1.48375	0.992009	3.93553e-05
0.5	0.5	0.4	1.48188	0.990758	3.5582e-05
0.5	0.5	0.44	1.47991	0.989436	3.20113e-05
0.5	0.5	0.48	1.47783	0.988048	2.86585e-05
0.5	0.5	0.52	1.47566	0.986596	2.55347e-05
0.5	0.5	0.56	1.4734	0.985086	2.26467e-05
0.5	0.5	0.6	1.47106	0.983521	1.99967e-05
0.5	0.5	0.64	1.46865	0.981908	1.75829e-05
0.5	0.5	0.68	1.46617	0.980252	1.53995e-05
0.5	0.5	0.72	1.46364	0.978558	1.34376e-05
0.5	0.5	0.76	1.46105	0.976832	1.16854e-05
0.5	0.5	0.8	1.45843	0.975079	1.01296e-05
0.5	0.5	0.84	1.45578	0.973305	8.7553e-06
0.5	0.5	0.88	1.4531	0.971513	7.54724e-06
0.5	0.5	0.92	1.4504	0.96971	6.48995e-06
0.5	0.5	0.96	1.44769	0.967898	5.56827e-06
0.5	0.5	1	1.44498	0.966082	4.76771e-06
0.5	0.5	1.04	1.44226	0.964266	4.07463e-06
0.5	0.5	1.08	1.43955	0.962453	3.47637e-06
0.5	0.5	1.12	1.43684	0.960645	2.96137e-06
0.5	0.5	1.16	1.43415	0.958846	2.51911e-06
0.5	0.5	1.2	1.43148	0.957057	2.14016e-06
0.5	0.5	1.24	1.42882	0.955282	1.8161e-06
0.5	0.5	1.28	1.42619	0.953521	1.5395e-06
0.5	0.5	1.32	1.42358	0.951776	1.30379e-06
0.5	0.5	1.36	1.42099	0.950049	1.10322e-06
0.5	0.5	1.4	1.41844	0.948341	9.3278e-07
0.5	0.5	1.44	1.41591	0.946653	7.88124e-07
0.5	0.5	1.48	1.41342	0.944985	6.65483e-07
0.5	0.5	1.52	1.41096	0.943339	5.6161e-07
0.5	0.5	1.56	1.40853	0.941715	4.7371e-07
0.5	0.5	1.6	1.40613	0.940113	3.99387e-07
0.5	0.5	1.64	1.40377	0.938533	3.36589e-07
0.5	0.5	1.68	1.40144	0.936977	2.83563e-07
0.5	0.5	1.72	1.39915	0.935443	2.38814e-07
0.5	0.5	1.76	1.39689	0.933932	2.0107e-07
0.5	0.5	1.8	1.39466	0.932445	1.69248e-07
0.5	0.5	1.84	1.39247	0.93098	1.42432e-07
0.5	0.5	1.88	1.39032	0.929538	1.19841e-07
0.5	0.5	1.92	1.38819	0.928119	1.00817e-07
0.5	0.5	1.96	1.3861	0.926722	8.48002e-08
0.5	0.5	2	1.38405	0.925348	7.13193e-08
0.5	0.5	2.04	1.38203	0.923995	5.99752e-08
0.5	0.5	2.08	1.38003	0.922664	5.04311e-08
0.5	0.5	2.12	1.37808	0.921355	4.24027e-08
0.5	0.5	2.16	1.37615	0.920067	3.56504e-08
0.5	0.5	2.2	1.37425	0.918799	2.9972e-08
0.5	0.5	2.24	1.37239	0.917552	2.51972e-08
0.5	0.5	2.28	1.37055	0.916325	2.11826e-08
0.5	0.5	2.32	1.36875	0.915117	1.78074e-08
0.5	0.5	2.36	1.36697	0.91393	1.497e-08
0.5	0.5	2.4	1.36522	0.912761	1.25847e-08
0.5	0.5	2.44	1.3635	0.91161	1.05796e-08
0.5	0.5	2.48	1.36181	0.910478	8.89412e-09
0.5	0.5	2.52	1.36014	0.909365	7.47734e-09
0.5	0.5	2.56	1.3585	0.908268	6.28642e-09
0.5	0.5	2.6	1.35689	0.907189	5.28536e-09
0.5	0.5	2.64	1.3553	0.906127	4.44387e-09
0.5	0.5	2.68	1.35374	0.905081	3.73651e-09
0.5	0.5	2.72	1.3522	0.904052	3.14189e-09
0.5	0.5	2.76	1.35068	0.903038	2.64202e-09
0.5	0.5	2.8	1.34919	0.902041	2.22179e-09
0.5	0.5	2.84	1.34772	0.901058	1.8685e-09
0.5	0.5	2.88	1.34627	0.90009	1.57147e-09
0.5	0.5	2.92	1.34484	0.899137	1.32174e-09
0.5	0.5	2.96	1.34344	0.898198	1.11175e-09
0.5	0.5	3	1.34206	0.897274	9.35186e-10
0.5	0.5	3.04	1.34069	0.896363	7.86708e-10
0.5	0.5	3.08	1.33935	0.895465	6.61845e-10
0.5	0.5	3.12	1.33803	0.894581	5.56835e-10
0.5	0.5	3.16	1.33673	0.893709	4.68516e-10
0.5	0.5	3.2	1.33544	0.892851	3.9423e-10
0.5	0.5	3.24	1.33418	0.892004	3.31744e-10
0.5	0.5	3.28	1.33293	0.89117	2.79181e-10
0.5	0.5	3.32	1.3317	0.890347	2.34961e-10
0.5	0.5	3.36	1.33049	0.889537	1.97758e-10
0.5	0.5	3.4	1.32929	0.888737	1.66457e-10
0.5	0.5	3.44	1.32811	0.887949	1.40119e-10
0.5	0.5	3.48	1.32695	0.887172	1.17956e-10
0.5	0.5	3.52	1.3258	0.886405	9.93055e-11
0.5	0.5	3.56	1.32467	0.885649	8.36092e-11
0.5	0.5	3.6	1.32356	0.884903	7.03985e-11
0.5	0.5	3.64	1.32246	0.884168	5.9279e-11
0.5	0.5	3.68	1.32137	0.883442	4.99191e-11
0.5	0.5	3.72	1.3203	0.882726	4.20397e-11
0.5	0.5	3.76	1.31924	0.882019	3.54064e-11
0.5	0.5	3.8	1.3182	0.881322	2.98215e-11
0.5	0.5	3.84	1.31717	0.880634	2.51192e-11
0.5	0.5	3.88	1.31615	0.879955	2.11597e-11
0.5	0.5	3.92	1.31515	0.879285	1.78255e-11
0.5	0.5	3.96	1.31416	0.878623	1.50175e-11
0.5	0.5	4	1.31318	0.87797	1.26527e-11
0.5	0.5	4.04	1.31222	0.877325	1.06609e-11
0.5	0.5	4.08	1.31127	0.876688	8.9832e-12
0.5	0.5	4.12	1.31033	0.87606	7.56997e-12
0.5	0.5	4.16	1.3094	0.875439	6.37945e-12
0.5	0.5	4.2	1.30848	0.874826	5.37648e-12
0.5	0.5	4.24	1.30758	0.87422	4.53146e-12
0.5	0.5	4.28	1.30668	0.873622	3.81947e-12
0.5	0.5	4.32	1.3058	0.873031	3.21954e-12
0.5	0.5	4.36	1.30492	0.872447	2.71399e-12
0.5	0.5	4.4	1.30406	0.871871	2.28796e-12
0.5	0.5	4.44	1.30321	0.871301	1.92891e-12
0.5	0.5	4.48	1.30237	0.870738	1.6263e-12
0.5	0.5	4.52	1.30154	0.870182	1.37123e-12
0.5	0.5	4.56	1.30071	0.869632	1.15624e-12
0.5	0.5	4.6	1.2999	0.869088	9.75002e-13
0.5	0.5	4.64	1.2991	0.868551	8.22218e-13
0.5	0.5	4.68	1.2983	0.868021	6.93413e-13
0.5	0.5	4.72	1.29752	0.867496	5.84816e-13
0.5	0.5	4.76	1.29674	0.866977	4.93252e-13
0.5	0.5	4.8	1.29598	0.866465	4.16046e-13
0.5	0.5	4.84	1.29522	0.865958	3.50942e-13
0.5	0.5	4.88	1.29447	0.865456	2.9604e-13
0.5	0.5	4.92	1.29373	0.864961	2.4974e-13
0.5	0.5	4.96	1.29299	0.864471	2.10692e-13
0.5	0.5	5	1.29227	0.863986	1.77757e-13
0.5	0.5	5.04	1.29155	0.863506	1.49978e-13
0.5	0.5	5.08	1.29084	0.863032	1.26547e-13
0.5	0.5	5.12	1.29014	0.862563	1.06781e-13
0.5	0.5	5.16	1.28945	0.8621	9.01065e-14
0.5	0.5	5.2	1.28876	0.861641	7.60395e-14
0.5	0.5	5.24	1.28808	0.861187	6.41715e-14
0.5	0.5	5.28	1.28741	0.860738	5.41583e-14
0.5	0.5	5.32	1.28675	0.860293	4.57096e-14
0.5	0.5	5.36	1.28609	0.859854	3.85806e-14
0.5	0.5	5.4	1.28544	0.859419	3.25649e-14
0.5	0.5	5.44	1.28479	0.858988	2.74884e-14
0.5	0.5	5.48	1.28416	0.858562	2.32043e-14
0.5	0.5	5.52	1.28353	0.85814	1.95887e-14
0.5	0.5	5.56	1.2829	0.857723	1.65372e-14
0.5	0.5	5.6	1.28228	0.85731	1.39616e-14
0.5	0.5	5.64	1.28167	0.856901	1.17877e-14
0.5	0.5	5.68	1.28107	0.856497	9.95267e-15
0.5	0.5	5.72	1.28047	0.856096	8.40364e-15
0.5	0.5	5.76	1.27988	0.8557	7.096e-15
0.5	0.5	5.8	1.27929	0.855307	5.99207e-15
0.5	0.5	5.84	1.27871	0.854918	5.06008e-15
0.5	0.5	5.88	1.27813	0.854534	4.27322e-15
0.5	0.5	5.92	1.27756	0.854153	3.60886e-15
0.5	0.5	5.96	1.277	0.853775	3.04791e-15
0.5	0.5	6	1.27644	0.853402	2.57424e-15
0.5	0.5	6.04	1.27588	0.853032	2.17427e-15
0.5	0.5	6.08	1.27534	0.852665	1.83652e-15
0.5	0.5	6.12	1.27479	0.852302	1.55129e-15
0.5	0.5	6.16	1.27426	0.851943	1.31041e-15
0.5	0.5	6.2	1.27372	0.851587	1.10697e-15
0.5	0.5	6.24	1.2732	0.851234	9.35148e-16
0.5	0.5	6.28	1.27267	0.850885	7.90026e-16
0.5	0.5	6.32	1.27216	0.850539	6.67448e-16
0.5	0.5	6.36	1.27164	0.850196	5.63909e-16
0.5	0.5	6.4	1.27114	0.849857	4.76448e-16
0.5	0.5	6.44	1.27063	0.84952	4.02566e-16
0.5	0.5	6.48	1.27013	0.849187	3.40153e-16
0.5	0.5	6.52	1.26964	0.848857	2.87426e-16
0.5	0.5	6.56	1.26915	0.848529	2.4288e-16
0.5	0.5	6.6	1.26867	0.848205	2.05245e-16
0.5	0.5	6.64	1.26818	0.847884	1.73448e-16
0.5	0.5	6.68	1.26771	0.847565	1.46581e-16
0.5	0.5	6.72	1.26724	0.84725	1.2388e-16
0.5	0.5	6.76	1.26677	0.846937	1.04698e-16
0.5	0.5	6.8	1.26631	0.846627	8.84895e-17
0.5	0.5	6.84	1.26585	0.84632	7.47924e-17
0.5	0.5	6.88	1.26539	0.846015	6.32174e-17
0.5	0.5	6.92	1.26494	0.845714	5.34355e-17
0.5	0.5	6.96	1.26449	0.845414	4.51685e-17
0.5	0.5	7	1.26405	0.845118	3.81817e-17
0.5	0.5	7.04	1.26361	0.844824	3.22767e-17
0.5	0.5	7.08	1.26317	0.844532	2.72857e-17
0.5	0.5	7.12	1.26274	0.844244	2.30672e-17
0.5	0.5	7.16	1.26231	0.843957	1.95014e-17
0.5	0.5	7.2	1.26189	0.843673	1.64874e-17
0.5	0.5	7.24	1.26147	0.843392	1.39396e-17
0.5	0.5	7.28	1.26105	0.843112	1.17858e-17
0.5	0.5	7.32	1.26063	0.842836	9.96512e-18
0.5	0.5	7.36	1.26022	0.842561	8.42593e-18
0.5	0.5	7.4	1.25982	0.842289	7.12468e-18
0.5	0.5	7.44	1.25941	0.842019	6.02455e-18
0.5	0.5	7.48	1.25901	0.841751	5.09444e-18
0.5	0.5	7.52	1.25862	0.841486	4.30805e-18
0.5	0.5	7.56	1.25822	0.841223	3.64315e-18
0.5	0.5	7.6	1.25783	0.840962	3.08095e-18
0.5	0.5	7.64	1.25744	0.840703	2.60557e-18
0.5	0.5	7.68	1.25706	0.840446	2.20361e-18
0.5	0.5	7.72	1.25668	0.840191	1.8637e-18
0.5	0.5	7.76	1.2563	0.839938	1.57627e-18
0.5	0.5	7.8	1.25593	0.839688	1.3332e-18
0.5	0.5	7.84	1.25555	0.839439	1.12765e-18
0.5	0.5	7.88	1.25518	0.839192	9.53808e-19
0.5	0.5	7.92	1.25482	0.838948	8.06789e-19
0.5	0.5	7.96	1.25446	0.838705	6.82449e-19
0.5	0.5	8	1.2541	0.838464	5.77286e-19
0.5	0.5	8.04	1.25374	0.838225	4.88341e-19
0.5	0.5	8.08	1.25338	0.837988	4.1311e-19
0.5	0.5	8.12	1.25303	0.837753	3.49477e-19
0.5	0.5	8.16	1.25268	0.837519	2.95653e-19
0.5	0.5	8.2	1.25234	0.837288	2.50125e-19
0.5	0.5	8.24	1.25199	0.837058	2.11613e-19
0.5	0.5	8.28	1.25165	0.83683	1.79035e-19
0.5	0.5	8.32	1.25131	0.836604	1.51476e-19
0.5	0.5	8.36	1.25098	0.836379	1.28162e-19
0.5	0.5	8.4	1.25064	0.836156	1.08439e-19
0.5	0.5	8.44	1.25031	0.835935	9.1753e-20
0.5	0.5	8.48	1.24999	0.835716	7.76365e-20
0.5	0.5	8.52	1.24966	0.835498	6.56934e-20
0.5	0.5	8.56	1.24934	0.835282	5.55888e-20
0.5	0.5	8.6	1.24902	0.835067	4.70395e-20
0.5	0.5	8.64	1.2487	0.834855	3.9806e-20
0.5	0.5	8.68	1.24838	0.834643	3.36855e-20
0.5	0.5	8.72	1.24807	0.834433	2.85067e-20
0.5	0.5	8.76	1.24776	0.834225	2.41247e-20
0.5	0.5	8.8	1.24745	0.834019	2.04167e-20
0.5	0.5	8.84	1.24714	0.833813	1.7279e-20
0.5	0.5	8.88	1.24683	0.83361	1.46238e-20
0.5	0.5	8.92	1.24653	0.833407	1.23769e-20
0.5	0.5	8.96	1.24623	0.833207	1.04754e-20
0.5	0.5	9	1.24593	0.833008	8.86627e-21
0.5	0.5	9.04	1.24564	0.83281	7.50446e-21
0.5	0.5	9.08	1.24534	0.832613	6.35195e-21
0.5	0.5	9.12	1.24505	0.832418	5.37655e-21
0.5	0.5	9.16	1.24476	0.832225	4.55102e-21
0.5	0.5	9.2	1.24448	0.832033	3.85233e-21
0.5	0.5	9.24	1.24419	0.831842	3.26096e-21
0.5	0.5	9.28	1.24391	0.831652	2.76043e-21
0.5	0.5	9.32	1.24363	0.831464	2.33678e-21
0.5	0.5	9.36	1.24335	0.831277	1.97818e-21
0.5	0.5	9.4	1.24307	0.831092	1.67465e-21
0.5	0.5	9.44	1.24279	0.830907	1.41772e-21
0.5	0.5	9.48	1.24252	0.830724	1.20023e-21
0.5	0.5	9.52	1.24225	0.830543	1.01612e-21
0.5	0.5	9.56	1.24198	0.830362	8.60272e-22
0.5	0.5	9.6	1.24171	0.830183	7.28341e-22
0.5	0.5	9.64	1.24144	0.830005	6.16654e-22
0.5	0.5	9.68	1.24118	0.829829	5.22104e-22
0.5	0.5	9.72	1.24092	0.829653	4.42059e-22
0.5	0.5	9.76	1.24066	0.829479	3.74292e-22
0.5	0.5	9.8	1.2404	0.829306	3.1692e-22
0.5	0.5	9.84	1.24014	0.829134	2.68347e-22
0.5	0.5	9.88	1.23988	0.828963	2.27223e-22
0.5	0.5	9.92	1.23963	0.828793	1.92404e-22
0.5	0.5	9.96	1.23938	0.828625	1.62924e-22
0.5	0.5	10	1.23913	0.828457	1.34266e-22

# time step n_t = 100001	t = 1.000010e+00	(dt = 1.000000e-05)
# T/Tc	1-T/Tc	l	K	K/K0	G
0.5	0.5	0	1.49571	1	1.02658e-06
0.5	0.5	0.04	1.49569	0.999992	1.01708e-06
0.5	0.5	0.08	1.49568	0.999982	1.00742e-06
0.5	0.5	0.12	1.49566	0.999971	9.97431e-07
0.5	0.5	0.16	1.49564	0.999959	9.86991e-07
0.5	0.5	0.2	1.49562	0.999944	9.76003e-07
0.5	0.5	0.24	1.4956	0.999926	9.64389e-07
0.5	0.5	0.28	1.49557	0.999906	9.52082e-07
0.5	0.5	0.32	1.49553	0.999883	9.39028e-07
0.5	0.5	0.36	1.49549	0.999856	9.25177e-07
0.5	0.5	0.4	1.49544	0.999825	9.10489e-07
0.5	0.5	0.44	1.49539	0.99979	8.94925e-07
0.5	0.5	0.48	1.49533	0.999749	8.78453e-07
0.5	0.5	0.52	1.49526	0.999701	8.61046e-07
0.5	0.5	0.56	1.49518	0.999647	8.42684e-07
0.5	0.5	0.6	1.49508	0.999584	8.23351e-07
0.5	0.5	0.64	1.49498	0.999512	8.03038e-07
0.5	0.5	0.68	1.49485	0.99943	7.81746e-07
0.5	0.5	0.72	1.49471	0.999337	7.59482e-07
0.5	0.5	0.76	1.49456	0.99923	7.36264e-07
0.5	0.5	0.8	1.49437	0.999109	7.12122e-07
0.5	0.5	0.84	1.49417	0.998972	6.87095e-07
0.5	0.5	0.88	1.49394	0.998817	6.61236e-07
0.5	0.5	0.92	1.49368	0.998642	6.34612e-07
0.5	0.5	0.96	1.49338	0.998446	6.07301e-07
0.5	0.5	1	1.49305	0.998225	5.79395e-07
0.5	0.5	1.04	1.49268	0.997978	5.51003e-07
0.5	0.5	1.08	1.49227	0.997704	5.22242e-07
0.5	0.5	1.12	1.49182	0.997399	4.93244e-07
0.5	0.5	1.16	1.49131	0.997062	4.6415e-07
0.5	0.5	1.2	1.49076	0.996691	4.35111e-07
0.5	0.5	1.24	1.49015	0.996283	4.06283e-07
0.5	0.5	1.28	1.48948	0.995838	3.77824e-07
0.5	0.5	1.32	1.48875	0.995353	3.49894e-07
0.5	0.5	1.36	1.48797	0.994827	3.22649e-07
0.5	0.5	1.4	1.48712	0.99426	2.96237e-07
0.5	0.5	1.44	1.48621	0.993651	2.70796e-07
0.5	0.5	1.48	1.48523	0.992999	2.4645e-07
0.5	0.5	1.52	1.4842	0.992306	2.23305e-07
0.5	0.5	1.56	1.4831	0.99157	2.0145e-07
0.5	0.5	1.6	1.48194	0.990795	1.80949e-07
0.5	0.5	1.64	1.48072	0.98998	1.61846e-07
0.5	0.5	1.68	1.47944	0.989127	1.44164e-07
0.5	0.5	1.72	1.47811	0.988239	1.27901e-07
0.5	0.5	1.76	1.47674	0.987317	1.13038e-07
0.5	0.5	1.8	1.47531	0.986365	9.95357e-08
0.5	0.5	1.84	1.47384	0.985384	8.73418e-08
0.5	0.5	1.88	1.47234	0.984377	7.63902e-08
0.5	0.5	1.92	1.4708	0.983347	6.66057e-08
0.5	0.5	1.96	1.46923	0.982297	5.7907e-08
0.5	0.5	2	1.46763	0.981229	5.02092e-08
0.5	0.5	2.04	1.46601	0.980145	4.34262e-08
0.5	0.5	2.08	1.46437	0.979049	3.7473e-08
0.5	0.5	2.12	1.46271	0.977943	3.22671e-08
0.5	0.5	2.16	1.46105	0.976828	2.773e-08
0.5	0.5	2.2	1.45937	0.975707	2.3788e-08
0.5	0.5	2.24	1.45769	0.974582	2.03726e-08
0.5	0.5	2.28	1.456	0.973455	1.74212e-08
0.5	0.5	2.32	1.45432	0.972327	1.48767e-08
0.5	0.5	2.36	1.45263	0.9712	1.26878e-08
0.5	0.5	2.4	1.45095	0.970075	1.08084e-08
0.5	0.5	2.44	1.44927	0.968954	9.1976e-09
0.5	0.5	2.48	1.4476	0.967837	7.81935e-09
0.5	0.5	2.52	1.44594	0.966725	6.64179e-09
0.5	0.5	2.56	1.44428	0.96562	5.63704e-09
0.5	0.5	2.6	1.44264	0.964523	4.7808e-09
0.5	0.5	2.64	1.44101	0.963433	4.05193e-09
0.5	0.5	2.68	1.4394	0.962352	3.43212e-09
0.5	0.5	2.72	1.43779	0.96128	2.90553e-09
0.5	0.5	2.76	1.4362	0.960218	2.45851e-09
0.5	0.5	2.8	1.43463	0.959165	2.07934e-09
0.5	0.5	2.84	1.43307	0.958123	1.75793e-09
0.5	0.5	2.88	1.43153	0.957092	1.48566e-09
0.5	0.5	2.92	1.43	0.956071	1.25514e-09
0.5	0.5	2.96	1.42849	0.955062	1.06007e-09
0.5	0.5	3	1.427	0.954063	8.95084e-10
0.5	0.5	3.04	1.42552	0.953076	7.55592e-10
0.5	0.5	3.08	1.42406	0.9521	6.37701e-10
0.5	0.5	3.12	1.42262	0.951136	5.38101e-10
0.5	0.5	3.16	1.42119	0.950183	4.5398e-10
0.5	0.5	3.2	1.41979	0.949241	3.82952e-10
0.5	0.5	3.24	1.41839	0.948311	3.22993e-10
0.5	0.5	3.28	1.41702	0.947392	2.7239e-10
0.5	0.5	3.32	1.41566	0.946485	2.29692e-10
0.5	0.5	3.36	1.41432	0.945589	1.9367e-10
0.5	0.5	3.4	1.413	0.944703	1.63284e-10
0.5	0.5	3.44	1.41169	0.943829	1.37657e-10
0.5	0.5	3.48	1.4104	0.942966	1.16046e-10
0.5	0.5	3.52	1.40913	0.942114	9.78227e-11
0.5	0.5	3.56	1.40787	0.941272	8.24584e-11
0.5	0.5	3.6	1.40662	0.940441	6.95053e-11
0.5	0.5	3.64	1.4054	0.93962	5.85857e-11
0.5	0.5	3.68	1.40418	0.93881	4.93808e-11
0.5	0.5	3.72	1.40299	0.93801	4.16219e-11
0.5	0.5	3.76	1.40181	0.93722	3.5082e-11
0.5	0.5	3.8	1.40064	0.93644	2.95697e-11
0.5	0.5	3.84	1.39949	0.935669	2.49237e-11
0.5	0.5	3.88	1.39835	0.934908	2.10079e-11
0.5	0.5	3.92	1.39722	0.934157	1.77076e-11
0.5	0.5	3.96	1.39611	0.933415	1.4926e-11
0.5	0.5	4	1.39502	0.932682	1.25816e-11
0.5	0.5	4.04	1.39394	0.931958	1.06057e-11
0.5	0.5	4.08	1.39287	0.931244	8.9403e-12
0.5	0.5	4.12	1.39181	0.930537	7.53665e-12
0.5	0.5	4.16	1.39077	0.92984	6.35357e-12
0.5	0.5	4.2	1.38974	0.929151	5.35637e-12
0.5	0.5	4.24	1.38872	0.92847	4.51584e-12
0.5	0.5	4.28	1.38771	0.927798	3.80733e-12
0.5	0.5	4.32	1.38672	0.927134	3.21011e-12
0.5	0.5	4.36	1.38574	0.926477	2.70666e-12
0.5	0.5	4.4	1.38477	0.925829	2.28226e-12
0.5	0.5	4.44	1.38381	0.925188	1.92448e-12
0.5	0.5	4.48	1.38286	0.924554	1.62286e-12
0.5	0.5	4.52	1.38193	0.923928	1.36856e-12
0.5	0.5	4.56	1.381	0.92331	1.15416e-12
0.5	0.5	4.6	1.38009	0.922698	9.73385e-13
0.5	0.5	4.64	1.37918	0.922094	8.20961e-13
0.5	0.5	4.68	1.37829	0.921497	6.92435e-13
0.5	0.5	4.72	1.37741	0.920906	5.84056e-13
0.5	0.5	4.76	1.37653	0.920323	4.92661e-13
0.5	0.5	4.8	1.37567	0.919745	4.15586e-13
0.5	0.5	4.84	1.37482	0.919175	3.50584e-13
0.5	0.5	4.88	1.37397	0.918611	2.95763e-13
0.5	0.5	4.92	1.37314	0.918053	2.49524e-13
0.5	0.5	4.96	1.37231	0.917501	2.10524e-13
0.5	0.5	5	1.3715	0.916956	1.77627e-13
0.5	0.5	5.04	1.37069	0.916416	1.49877e-13
0.5	0.5	5.08	1.36989	0.915882	1.26468e-13
0.5	0.5	5.12	1.3691	0.915355	1.06719e-13
0.5	0.5	5.16	1.36832	0.914833	9.00586e-14
0.5	0.5	5.2	1.36755	0.914316	7.60022e-14
0.5	0.5	5.24	1.36678	0.913805	6.41425e-14
0.5	0.5	5.28	1.36603	0.9133	5.41357e-14
0.5	0.5	5.32	1.36528	0.9128	4.5692e-14
0.5	0.5	5.36	1.36454	0.912305	3.85669e-14
0.5	0.5	5.4	1.36381	0.911815	3.25543e-14
0.5	0.5	5.44	1.36308	0.911331	2.74801e-14
0.5	0.5	5.48	1.36237	0.910852	2.31979e-14
0.5	0.5	5.52	1.36166	0.910377	1.95837e-14
0.5	0.5	5.56	1.36095	0.909908	1.65333e-14
0.5	0.5	5.6	1.36026	0.909443	1.39586e-14
0.5	0.5	5.64	1.35957	0.908983	1.17853e-14
0.5	0.5	5.68	1.35889	0.908528	9.95082e-15
0.5	0.5	5.72	1.35822	0.908077	8.40221e-15
0.5	0.5	5.76	1.35755	0.907631	7.09488e-15
0.5	0.5	5.8	1.35689	0.90719	5.9912e-15
0.5	0.5	5.84	1.35624	0.906753	5.0594e-15
0.5	0.5	5.88	1.35559	0.90632	4.27269e-15
0.5	0.5	5.92	1.35495	0.905891	3.60845e-15
0.5	0.5	5.96	1.35431	0.905467	3.04758e-15
0.5	0.5	6	1.35368	0.905047	2.57399e-15
0.5	0.5	6.04	1.35306	0.904631	2.17408e-15
0.5	0.5	6.08	1.35245	0.904218	1.83637e-15
0.5	0.5	6.12	1.35183	0.90381	1.55117e-15
0.5	0.5	6.16	1.35123	0.903406	1.31031e-15
0.5	0.5	6.2	1.35063	0.903006	1.1069e-15
0.5	0.5	6.24	1.35004	0.90261	9.35092e-16
0.5	0.5	6.28	1.34945	0.902217	7.89982e-16
0.5	0.5	6.32	1.34887	0.901828	6.67414e-16
0.5	0.5	6.36	1.34829	0.901443	5.63882e-16
0.5	0.5	6.4	1.34772	0.901061	4.76428e-16
0.5	0.5	6.44	1.34716	0.900683	4.0255e-16
0.5	0.5	6.48	1.3466	0.900308	3.4014e-16
0.5	0.5	6.52	1.34604	0.899937	2.87416e-16
0.5	0.5	6.56	1.34549	0.899569	2.42873e-16
0.5	0.5	6.6	1.34495	0.899205	2.05239e-16
0.5	0.5	6.64	1.34441	0.898843	1.73443e-16
0.5	0.5	6.68	1.34387	0.898486	1.46578e-16
0.5	0.5	6.72	1.34334	0.898131	1.23877e-16
0.5	0.5	6.76	1.34281	0.89778	1.04696e-16
0.5	0.5	6.8	1.34229	0.897431	8.84878e-17
0.5	0.5	6.84	1.34178	0.897086	7.4791e-17
0.5	0.5	6.88	1.34127	0.896744	6.32164e-17
0.5	0.5	6.92	1.34076	0.896405	5.34346e-17
0.5	0.5	6.96	1.34026	0.896069	4.51679e-17
0.5	0.5	7	1.33976	0.895736	3.81813e-17
0.5	0.5	7.04	1.33926	0.895406	3.22763e-17
0.5	0.5	7.08	1.33877	0.895078	2.72854e-17
0.5	0.5	7.12	1.33829	0.894754	2.30669e-17
0.5	0.5	7.16	1.33781	0.894432	1.95012e-17
0.5	0.5	7.2	1.33733	0.894113	1.64872e-17
0.5	0.5	7.24	1.33686	0.893797	1.39395e-17
0.5	0.5	7.28	1.33639	0.893483	1.17857e-17
0.5	0.5	7.32	1.33592	0.893172	9.96505e-18
0.5	0.5	7.36	1.33546	0.892864	8.42587e-18
0.5	0.5	7.4	1.33501	0.892559	7.12464e-18
0.5	0.5	7.44	1.33455	0.892255	6.02452e-18
0.5	0.5	7.48	1.3341	0.891955	5.09442e-18
0.5	0.5	7.52	1.33366	0.891657	4.30803e-18
0.5	0.5	7.56	1.33321	0.891361	3.64313e-18
0.5	0.5	7.6	1.33278	0.891068	3.08093e-18
0.5	0.5	7.64	1.33234	0.890777	2.60557e-18
0.5	0.5	7.68	1.33191	0.890489	2.2036e-18
0.5	0.5	7.72	1.33148	0.890203	1.8637e-18
0.5	0.5	7.76	1.33106	0.889919	1.57627e-18
0.5	0.5	7.8	1.33064	0.889638	1.3332e-18
0.5	0.5	7.84	1.33022	0.889359	1.12764e-18
0.5	0.5	7.88	1.32981	0.889082	9.53806e-19
0.5	0.5	7.92	1.32939	0.888807	8.06788e-19
0.5	0.5	7.96	1.32899	0.888535	6.82448e-19
0.5	0.5	8	1.32858	0.888264	5.77285e-19
0.5	0.5	8.04	1.32818	0.887996	4.8834e-19
0.5	0.5	8.08	1.32778	0.88773	4.13109e-19
0.5	0.5	8.12	1.32739	0.887466	3.49477e-19
0.5	0.5	8.16	1.327	0.887204	2.95653e-19
0.5	0.5	8.2	1.32661	0.886945	2.50125e-19
0.5	0.5	8.24	1.32622	0.886687	2.11612e-19
0.5	0.5	8.28	1.32584	0.886431	1.79034e-19
0.5	0.5	8.32	1.32546	0.886177	1.51475e-19
0.5	0.5	8.36	1.32508	0.885925	1.28162e-19
0.5	0.5	8.4	1.32471	0.885675	1.08439e-19
0.5	0.5	8.44	1.32434	0.885427	9.17529e-20
0.5	0.5	8.48	1.32397	0.885181	7.76365e-20
0.5	0.5	8.52	1.3236	0.884937	6.56934e-20
0.5	0.5	8.56	1.32324	0.884694	5.55888e-20
0.5	0.5	8.6	1.32288	0.884453	4.70395e-20
0.5	0.5	8.64	1.32253	0.884215	3.9806e-20
0.5	0.5	8.68	1.32217	0.883978	3.36855e-20
0.5	0.5	8.72	1.32182	0.883742	2.85067e-20
0.5	0.5	8.76	1.32147	0.883509	2.41247e-20
0.5	0.5	8.8	1.32112	0.883277	2.04167e-20
0.5	0.5	8.84	1.32078	0.883047	1.7279e-20
0.5	0.5	8.88	1.32044	0.882818	1.46238e-20
0.5	0.5	8.92	1.3201	0.882592	1.23769e-20
0.5	0.5	8.96	1.31976	0.882366	1.04754e-20
0.5	0.5	9	1.31943	0.882143	8.86627e-21
0.5	0.5	9.04	1.31909	0.881921	7.50446e-21
0.5	0.5	9.08	1.31877	0.881701	6.35195e-21
0.5	0.5	9.12	1.31844	0.881482	5.37655e-21
0.5	0.5	9.16	1.31811	0.881265	4.55102e-21
0.5	0.5	9.2	1.31779	0.88105	3.85233e-21
0.5	0.5	9.24	1.31747	0.880836	3.26096e-21
0.5	0.5	9.28	1.31715	0.880623	2.76043e-21
0.5	0.5	9.32	1.31684	0.880412	2.33678e-21
0.5	0.5	9.36	1.31652	0.880203	1.97818e-21
0.5	0.5	9.4	1.31621	0.879995	1.67465e-21
0.5	0.5	9.44	1.3159	0.879788	1.41772e-21
0.5	0.5	9.48	1.3156	0.879583	1.20023e-21
0.5	0.5	9.52	1.31529	0.879379	1.01612e-21
0.5	0.5	9.56	1.31499	0.879177	8.60272e-22
0.5	0.5	9.6	1.31469	0.878976	7.28341e-22
0.5	0.5	9.64	1.31439	0.878777	6.16654e-22
0.5	0.5	9.68	1.3141	0.878579	5.22104e-22
0.5	0.5	9.72	1.3138	0.878382	4.42059e-22
0.5	0.5	9.76	1.31351	0.878187	3.74292e-22
0.5	0.5	9.8	1.31322	0.877993	3.1692e-22
0.5	0.5	9.84	1.31293	0.8778	2.68347e-22
0.5	0.5	9.88	1.31264	0.877608	2.27223e-22
0.5	0.5	9.92	1.31236	0.877418	1.92404e-22
0.5	0.5	9.96	1.31208	0.877229	1.62924e-22
0.5	0.5	10	1.3118	0.877042	1.33806e-22
