# Filename: 3Dvlt_macro_Tv_Op42_Kth4.147_Cc1.05_lmax100_dl1e-05.dat
# Source: 3Dvlt_macro.c
# Source version: 10 (2012 Jul 29 - ...)
# Constant values: PI= 3.141592653589793116, PISQ=9.8696044010893579923, PICU=31.0062766802998162063
# Parameter values: OpA=4, OpB=2, A3=41.3417022403997549418, THETA=0.6, N=3, Cc=1.05, K0c=0.30537942360817, lmax=100, lsteps=10000000, (dl=1e-05), lpts=10000001, a0=1, a03=1, a06=1
# Data-pt	l-Step	T/Tc	1-T/Tc	l	K	y	e	K/K0	Ks/K0	G	a/a0	ac'/a
1	1410224	0.99999998999999995	            1e-08	14.102239999635289	4.1467887045141003	4.6343432173664148e-06	-0.052576262494675848	13.579135797855585	1.0194058398089564e-05	8.2954148236364155e-43	1332063.7637705125	                1
2	1394758	0.99999998741074592	1.2589254117941661e-08	13.947579999641144	4.1467954628149659	4.6343432182348463e-06	-0.052576261711845915	13.579157893527951	1.1899146415383424e-05	2.098195812232349e-42	1141187.5624937748	                1
3	1379292	0.99999998415106806	1.5848931924611143e-08	13.792919999646999	4.1468037604425811	4.6343432196122244e-06	-0.052576260726312538	13.579185020798571	1.3889437587017357e-05	5.3070590929447637e-42	977662.69769563724	                1
4	1363825	0.99999998004737689	1.9952623149688786e-08	13.638249999652855	4.1467699469864314	4.6343432161529283e-06	-0.052576259485599311	13.579074239029854	1.6212629012531917e-05	1.3424183751427297e-41	837561.5224732277	                1
5	1348359	0.99999997488113568	2.5118864315095821e-08	13.48358999965871	4.1467786387977634	4.6343432164947612e-06	-0.052576257923635725	13.579102631210956	1.8924409525617773e-05	3.3954379287248845e-41	717544.32352719211	                1
6	1332893	0.99999996837722338	3.1622776601683792e-08	13.328929999664565	4.1467863852630069	4.6343432171169297e-06	-0.052576255957236105	13.579127909583098	2.2089766779461094e-05	8.5882307200206047e-41	614724.82010126393	                1
7	1317427	0.99999996018928294	3.981071705534969e-08	13.17426999967042	4.1467941475593353	4.6343432180415145e-06	-0.052576253481695548	13.579153216927933	2.5784571864705369e-05	2.1722590267705918e-40	526638.6926329172	                1
8	1301961	0.99999994988127661	5.011872336272725e-08	13.019609999676275	4.1468018823089388	4.6343432192618391e-06	-0.052576250365170191	13.579178405278689	3.0097381609116733e-05	5.4943904437585042e-40	451174.74276119261	                1
9	1286494	0.99999993690426559	6.3095734448019296e-08	12.864939999682131	4.1467689023664782	4.6343432161257157e-06	-0.052576246441697151	13.57907023245852	3.5131571956719352e-05	1.3898037619799007e-39	386520.42809776281	                1
10	1271028	0.99999992056717657	7.943282347242822e-08	12.710279999687986	4.1467769750298347	4.634343216382741e-06	-0.052576241502342268	13.579096445477354	4.1007793848889398e-05	3.5152918748769311e-39	331134.5276343149	                1
11	1255562	0.99999990000000005	9.9999999999999995e-08	12.555619999693841	4.1467850820193535	4.6343432169650872e-06	-0.052576235284065	13.579122713459393	4.786689207147066e-05	8.8913825854372215e-39	283685.07178582292	                1
12	1240096	0.99999987410745883	1.2589254117941662e-07	12.400959999699696	4.1467932397568381	4.6343432178791908e-06	-0.052576227455725204	13.579149075306431	5.5873265966326665e-05	2.248936563455159e-38	243034.81889693404	                1
13	1224630	0.99999984151068078	1.5848931924611141e-07	12.246299999705551	4.1468013738412504	4.6343432191150279e-06	-0.052576217600438999	13.579175268659375	6.5218811497819176e-05	5.6883343149359265e-38	208209.48675388607	                1
14	1209163	0.99999980047376846	1.9952623149688787e-07	12.091629999711406	4.1467680596639562	4.6343432160328868e-06	-0.052576205193381312	13.579065620333447	7.6127523312602682e-05	1.438861782997268e-37	178372.61780570066	                1
15	1193697	0.99999974881135689	2.5118864315095823e-07	11.936969999717261	4.1467763407993763	4.6343432162265465e-06	-0.052576189573842504	13.579092036328364	8.8860863747906464e-05	3.6393764883514696e-37	152812.96471359453	                1
16	1178231	0.99999968377223403	3.1622776601683792e-07	11.782309999723116	4.1467845638706082	4.6343432167378842e-06	-0.052576169910048036	13.579118080538683	0.00010372402182817747	9.2052352640035007e-37	130915.84611935867	                1
17	1162765	0.99999960189282944	3.9810717055349692e-07	11.627649999728972	4.1467928374109375	4.6343432175614009e-06	-0.052576145154850248	13.57914406133559	0.0001210732396710928	2.328320703905649e-36	112156.44429953846	                1
18	1147299	0.9999994988127664	5.011872336272725e-07	11.472989999734827	4.1468011171665751	4.6343432186811954e-06	-0.052576113989989813	13.579169774593307	0.00014132434143244145	5.8891241180777371e-36	96085.144547336749	                1
19	1131832	0.99999936904265552	6.3095734448019296e-07	11.318319999740682	4.1467680168933896	4.6343432154609083e-06	-0.05257607475589024	13.57905962184384	0.00016496270708194193	1.4896514795776876e-35	82315.935898764772	                1
20	1116366	0.99999920567176526	7.943282347242822e-07	11.163659999746537	4.1467764378684207	4.6343432153922334e-06	-0.052576025363296031	13.57908497884749	0.00019255489810333622	3.7678411049412246e-35	70520.589777779416	                1
21	1100900	0.99999899999999997	9.9999999999999995e-07	11.008999999752392	4.1467849368389063	4.6343432155364992e-06	-0.052575963182035668	13.579110016838152	0.00022476224213502531	9.5301664767665854e-35	60415.441169520549	                1
22	1085434	0.99999874107458819	1.2589254117941661e-06	10.854339999758247	4.1467935099837137	4.6343432158370731e-06	-0.052575884900979732	13.579134574570066	0.00026235667957710552	2.4105069865828578e-34	51758.295601462734	                1
23	1069968	0.99999841510680754	1.5848931924611141e-06	10.699679999764102	4.1468022382857246	4.6343432162137495e-06	-0.052575786351772368	13.579158729986345	0.00030623927144249671	6.0970015021517254e-34	44341.66351697364	                1
24	1054501	0.99999800473768508	1.9952623149688829e-06	10.545009999769958	4.1467696790162094	4.6343432115636013e-06	-0.052575662286915854	13.579046538654849	0.00035746178708815528	1.5422339763540523e-33	37987.407407287588	                1
25	1039035	0.99999748811356848	2.5118864315095823e-06	10.390349999775813	4.1467787432384942	4.6343432097630066e-06	-0.052575506100451815	13.579069205140403	0.00041725190843619264	3.9008403287858401e-33	32544.055355032495	                1
26	1023569	0.99999683772233983	3.1622776601683792e-06	10.235689999781668	4.1467880537684483	4.6343432073890884e-06	-0.052575309476356219	13.579090861714091	0.00048704266703065524	9.8665672667726681e-33	27880.700770019808	                1
27	1008103	0.99999601892829448	3.9810717055349691e-06	10.081029999787523	4.1467976798579862	4.6343432040119384e-06	-0.052575061945967068	13.579111264810594	0.00056850677687741546	2.4955943182369757e-32	23885.575013538662	                1
28	992637	0.99999498812766374	5.011872336272725e-06	9.9263699997933781	4.1468076972600079	4.6343431989950164e-06	-0.052574750330943297	13.579130070367576	0.00066359672203232046	6.3122166307899553e-32	20462.925176574641	                1
29	977170	0.99999369042655517	6.3095734448019432e-06	9.7716999997992335	4.1467767690045276	4.6343431849550184e-06	-0.052574358042154802	13.579011171140991	0.0007745915534036566	1.5966725497691426e-31	17530.543822060852	                1
30	961704	0.99999205671765279	7.9432823472428217e-06	9.6170399998050886	4.1467878958699975	4.6343431710809787e-06	-0.052573864197342716	13.579025422759228	0.0009041514794207601	4.0385341999161904e-31	15018.529230808272	                1
31	946238	0.99999000000000005	1.0000000000000001e-05	9.4623799998109437	4.1467998028069246	4.6343431510264039e-06	-0.052573242510706546	13.57903648455884	0.001055381642248953	1.0214842401154556e-30	12866.470233102364	                1
32	930771	0.99998741074588204	1.2589254117941661e-05	9.3077099998167991	4.1467712556269731	4.634343116422738e-06	-0.052572459895679248	13.578907844788141	0.0012319065060202843	2.5838400903757135e-30	11022.677271715416	                1
33	915305	0.99998415106807537	1.5848931924611141e-05	9.1530499998226542	4.1467853773214225	4.6343430704261588e-06	-0.052571474706893093	13.578909823744016	0.0014379566603309542	6.535420491369279e-30	9443.1982537072781	                1
34	899839	0.99998004737685031	1.995262314968883e-05	8.9983899998285093	4.1468010545864162	4.6343430037015754e-06	-0.052570234528556553	13.578905435188434	0.0016784702225995697	1.6530326689745836e-29	8090.0484574327375	                1
35	884372	0.99997488113568489	2.5118864315095822e-05	8.8437199998343647	4.146777253533469	4.6343428998492747e-06	-0.052568673392531289	13.578757344564416	0.0019592110972228723	4.1813391232472845e-29	6930.7270481531714	                1
36	868906	0.99996837722339826	3.1622776601683795e-05	8.6890599998402198	4.1467973483441298	4.6343427533193562e-06	-0.052566708279856579	13.578734827984087	0.0022869069610864643	1.0576044893961344e-28	5937.5982753286562	                1
37	853439	0.99996018928294461	3.9810717055349695e-05	8.5343899998460753	4.1467791076483005	4.6343425329147011e-06	-0.052564234722024886	13.578563913720121	0.0026694104574550856	2.6752060018028418e-28	5086.7276239958273	                1
38	837973	0.99994988127663731	5.0118723362727251e-05	8.3797299998519303	4.1468062012092259	4.6343422155105679e-06	-0.052561121272057504	13.578512656755979	0.0031158870243470521	6.7665159171508592e-28	4357.8321520182253	                1
39	822506	0.99993690426555193	6.3095734448019429e-05	8.2250599998577858	4.1467967664905228	4.6343417421941449e-06	-0.052557202557254726	13.578305546294157	0.0036370343763118492	1.711587194123373e-27	3733.3453966589386	                1
40	807039	0.99992056717652755	7.9432823472428221e-05	8.0703899998636413	4.1467935060784109	4.6343410486107129e-06	-0.052552270553519624	13.578073026564343	0.0042453382275690361	4.3294519952627289e-27	3198.3489415257768	                1
41	791572	0.99990000000000001	           0.0001	7.9157199998694967	4.1467980135151929	4.6343400307191441e-06	-0.052546063631393768	13.577808500398598	0.0049553708631376626	1.0951328294542519e-26	2740.0186333987813	                1
42	776104	0.99987410745882055	0.00012589254117941688	7.7610399998753525	4.1467708587731646	4.6343385314675147e-06	-0.052538252813246582	13.577367991145593	0.0057841392949225939	2.7702992249279859e-26	2347.3445743369311	                1
43	760637	0.99984151068075389	0.00015848931924611142	7.606369999881208	4.1467974322629519	4.6343363341991778e-06	-0.052528424544163704	13.577012361123373	0.0067514910322960609	7.007456971174575e-26	2010.9650292323759	                1
44	745169	0.99980047376850312	0.00019952623149688788	7.4516899998870638	4.146798032748956	4.6343331018060412e-06	-0.052516059111441638	13.576457080108838	0.0078805876401020093	1.7726384264891874e-25	1722.7721713317692	                1
45	729700	0.99974881135684901	0.00025118864315095823	 7.29699999989292	4.1467766432889777	4.6343283491701825e-06	-0.05250050364253251	13.575685522970446	0.0091984559878599374	4.4844149791058617e-25	1475.8656823370734	                1
46	714231	0.99968377223398319	0.00031622776601683794	7.1423099998987762	4.1467797032061453	4.634321368170635e-06	-0.052480938363190503	13.574812367330448	0.010736630679622003	1.1344653108403403e-24	1264.3456566961254	                1
47	698761	0.99960189282944645	0.00039810717055349773	6.9876099999046328	4.146772065030544	4.6343111080875653e-06	-0.052456334499148459	13.573675516053665	0.012531902240371222	2.870135479885075e-24	1083.1297001604748	                1
48	683291	0.99949881276637276	0.00050118723362727253	6.8329099999104894	4.1468030592674943	4.6342960330827155e-06	-0.052425401850432769	13.572377226803209	0.01462718699556158	7.2612789790930876e-24	927.88703876702743	                1
49	667819	0.99936904265551985	0.00063095734448019429	6.6781899999163468	4.1467997285113576	4.6342738719565556e-06	-0.052386523652524837	13.570604154666059	0.017072539120218475	1.8372797963751291e-23	794.87907798054562	                1
50	652345	0.99920567176527575	0.00079432823472428218	6.5234499999222049	4.146774512017454	4.6342412988846811e-06	-0.052337675862431481	13.568303204527576	0.019926324662321641	4.6493111899060426e-23	680.92352375366329	                1
51	636870	            0.999	            0.001	6.3686999999280633	4.146784447697307	4.6341934270323266e-06	-0.052276327475203326	13.565542872217186	0.023256583295125904	1.1765938003495304e-22	583.29904698684788	                1
52	621393	0.99874107458820582	0.0012589254117941688	6.2139299999339226	4.1468076624888992	4.6341230630389421e-06	-0.052199317903937274	13.562102816261785	0.027142604752861305	2.9779301257543272e-22	499.66106568427631	                1
53	605912	0.99841510680753887	0.0015848931924611141	6.0591199999397833	4.1467857976645828	4.6340196202343897e-06	-0.052102706876360691	13.557604949819867	0.031676748306404372	7.5388235970890844e-22	427.99863226740365	                1
54	590428	0.99800473768503106	0.0019952623149688828	5.9042799999456452	4.1467909824197511	4.6338675531048162e-06	-0.051981591773636676	13.552049439829215	0.036966535783041231	1.9088257058464808e-21	366.60317643414004	                1
55	574939	0.99748811356849043	0.002511886431509582	5.749389999951509	4.1467787573722763	4.6336439724219518e-06	-0.051829886961007807	13.544994195104938	0.043137052993414297	4.8345110124666503e-21	313.99906241098205	                1
56	559445	0.99683772233983159	0.0031622776601683794	5.5944499999573747	4.1467971538756032	4.6333152121004309e-06	-0.051640059594148045	13.536222516349182	0.050333684281825039	1.2247833149259505e-20	268.92969806378687	                1
57	543943	0.99601892829446503	0.0039810717055349778	5.4394299999632434	4.1467818817685487	4.6328317072557733e-06	-0.051402816870623605	13.525054166876449	0.05872521012682929	3.1042731044252335e-20	230.31086883582509	                1
58	528432	0.99498812766372724	0.0050118723362727246	5.2843199999691155	4.1467664311615327	4.6321204953171931e-06	-0.051106741097653556	13.511006466808389	0.0685072737747556	7.8717945116307867e-20	 197.220028215268	                1
59	512911	0.99369042655519801	0.0063095734448019424	5.1291099999749914	4.1468028261426912	4.631074098185725e-06	-0.050737871791461997	13.49350332927861	0.079906213343907684	1.9971777059219012e-19	168.86675972497952	                1
60	497375	0.99205671765275716	0.0079432823472428207	4.973749999980873	4.1468003698598874	4.6295341092942172e-06	-0.050279239064751277	13.471310918979585	0.093183212871859517	5.0711237892717474e-19	144.56800215189617	                1
