l	K	y

# DK0 = 2.5	(data set 1)
0	5	7.15717e-18

# DK0 = 0.0390625	(data set 2)
0	0.390625	0.0457643
0.0333	0.393999	0.0456946
0.0666	0.397338	0.0455767
0.0999	0.400653	0.0454118
0.1332	0.403954	0.0452009
0.1665	0.407252	0.0449449
0.1998	0.410556	0.0446449
0.2331	0.413879	0.0443018
0.2664	0.41723	0.0439166
0.2997	0.42062	0.0434902
0.333	0.424061	0.0430234
0.3663	0.427564	0.0425173
0.3996	0.43114	0.0419728
0.4329	0.4348	0.0413906
0.4662	0.438557	0.0407718
0.4995	0.442421	0.0401174
0.5328	0.446406	0.0394281
0.5661	0.450522	0.0387052
0.5994	0.454784	0.0379496
0.6327	0.459204	0.0371625
0.666	0.463795	0.036345
0.6993	0.468572	0.0354984
0.7326	0.473547	0.0346241
0.7659	0.478737	0.0337236
0.7992	0.484155	0.0327983
0.8325	0.489819	0.0318499
0.8658	0.495743	0.0308802
0.8991	0.501945	0.0298911
0.9324	0.508443	0.0288846
0.9657	0.515254	0.0278629
0.999	0.522398	0.0268282
1.0323	0.529894	0.0257829
1.0656	0.537763	0.0247296
1.0989	0.546026	0.0236708
1.1322	0.554705	0.0226092
1.1655	0.563822	0.0215478
1.1988	0.573403	0.0204893
1.2321	0.583471	0.0194367
1.2654	0.594052	0.018393
1.2987	0.605172	0.0173613
1.332	0.616859	0.0163443
1.3653	0.62914	0.0153453
1.3986	0.642046	0.0143669
1.4319	0.655604	0.013412
1.4652	0.669847	0.0124833
1.4985	0.684805	0.0115833
1.5318	0.700509	0.0107142
1.5651	0.716993	0.0098783
1.5984	0.73429	0.00907732
1.6317	0.752432	0.00831292
1.665	0.771455	0.00758642
1.6983	0.791391	0.00689883
1.7316	0.812277	0.00625087
1.7649	0.834145	0.00564293
1.7982	0.857032	0.00507511
1.8315	0.880971	0.00454715
1.8648	0.905999	0.00405856
1.8981	0.93215	0.0036085
1.9314	0.959459	0.00319592
1.9647	0.987961	0.00281951
1.998	1.01769	0.00247521
2.0313	1.0487	0.00215242
2.0646	1.08104	0.00185234
2.0979	1.11475	0.0015769
2.1312	1.1499	0.00132731
2.1645	1.18652	0.00110412
2.1978	1.22465	0.000907254
2.2311	1.26435	0.000736016
2.2644	1.30563	0.000589205
2.2977	1.34855	0.000465197
2.331	1.39313	0.000362045
2.3643	1.43941	0.000277591
2.3976	1.48742	0.000209565
2.4309	1.53721	0.000155687
2.4642	1.5888	0.000113751
2.4975	1.64224	8.16879e-05
2.5308	1.69758	5.76234e-05
2.5641	1.75486	3.99028e-05
2.5974	1.81413	2.71076e-05
2.6307	1.87546	1.80539e-05
2.664	1.93888	1.17801e-05
2.6973	2.00449	7.52527e-06
2.7306	2.07232	4.70295e-06
2.7639	2.14247	2.87325e-06
2.7972	2.215	1.71472e-06
2.8305	2.28999	9.98819e-07
2.8638	2.36753	5.67408e-07
2.8971	2.44769	3.14088e-07
2.9304	2.53057	1.69267e-07
2.9637	2.61625	8.87287e-08
2.997	2.70484	4.5198e-08
3.0303	2.79643	2.23521e-08
3.0636	2.89112	1.07207e-08
3.0969	2.98901	4.9818e-09
3.1302	3.09022	2.24048e-09
3.1635	3.19486	9.74105e-10
3.1968	3.30304	4.08963e-10
3.2301	3.41488	1.65601e-10
3.2634	3.53051	6.45961e-11
3.2967	3.65006	2.4242e-11
3.33	3.77365	8.74141e-12
3.3633	3.90143	3.02451e-12
3.3966	4.03353	1.00273e-12
3.4299	4.17011	3.18082e-13
3.4632	4.31132	9.63988e-14
3.4965	4.4573	2.78683e-14
3.5298	4.60823	7.67294e-15
3.5631	4.76426	2.00867e-15
3.5964	4.92559	4.99122e-16

# DK0 = 0.000610352	(data set 3)
0	0.362549	0.0571217
0.0333	0.364224	0.0575707
0.0666	0.36578	0.0579921
0.0999	0.367223	0.0583878
0.1332	0.36856	0.0587594
0.1665	0.369795	0.0591083
0.1998	0.370935	0.0594362
0.2331	0.371984	0.0597445
0.2664	0.372949	0.0600347
0.2997	0.373833	0.0603081
0.333	0.374642	0.0605662
0.3663	0.37538	0.06081
0.3996	0.376051	0.0610408
0.4329	0.376659	0.0612598
0.4662	0.377208	0.0614681
0.4995	0.377701	0.0616667
0.5328	0.378142	0.0618566
0.5661	0.378533	0.0620388
0.5994	0.378877	0.0622141
0.6327	0.379177	0.0623834
0.666	0.379436	0.0625475
0.6993	0.379654	0.0627073
0.7326	0.379835	0.0628634
0.7659	0.37998	0.0630166
0.7992	0.380091	0.0631675
0.8325	0.380168	0.0633169
0.8658	0.380214	0.0634655
0.8991	0.380229	0.0636137
0.9324	0.380215	0.0637622
0.9657	0.380172	0.0639117
0.999	0.380102	0.0640628
1.0323	0.380003	0.0642159
1.0656	0.379878	0.0643717
1.0989	0.379727	0.0645308
1.1322	0.379549	0.0646937
1.1655	0.379344	0.064861
1.1988	0.379114	0.0650333
1.2321	0.378857	0.0652112
1.2654	0.378575	0.0653952
1.2987	0.378265	0.0655861
1.332	0.377928	0.0657844
1.3653	0.377564	0.0659907
1.3986	0.377172	0.0662058
1.4319	0.376752	0.0664304
1.4652	0.376302	0.0666651
1.4985	0.375821	0.0669107
1.5318	0.37531	0.067168
1.5651	0.374767	0.0674379
1.5984	0.37419	0.0677211
1.6317	0.37358	0.0680187
1.665	0.372933	0.0683316
1.6983	0.37225	0.0686608
1.7316	0.371528	0.0690073
1.7649	0.370767	0.0693725
1.7982	0.369963	0.0697574
1.8315	0.369117	0.0701634
1.8648	0.368225	0.0705919
1.8981	0.367286	0.0710444
1.9314	0.366298	0.0715224
1.9647	0.365258	0.0720277
1.998	0.364165	0.0725621
2.0313	0.363016	0.0731276
2.0646	0.361808	0.0737262
2.0979	0.360538	0.0743603
2.1312	0.359205	0.0750324
2.1645	0.357804	0.075745
2.1978	0.356334	0.0765011
2.2311	0.35479	0.0773037
2.2644	0.353169	0.0781563
2.2977	0.351469	0.0790624
2.331	0.349685	0.0800261
2.3643	0.347814	0.0810517
2.3976	0.345851	0.0821439
2.4309	0.343793	0.0833079
2.4642	0.341635	0.0845493
2.4975	0.339374	0.0858743
2.5308	0.337004	0.0872896
2.5641	0.334521	0.0888028
2.5974	0.33192	0.0904221
2.6307	0.329197	0.0921564
2.664	0.326345	0.0940158
2.6973	0.323361	0.0960114
2.7306	0.320238	0.0981554
2.7639	0.316971	0.100461
2.7972	0.313555	0.102945
2.8305	0.309985	0.105622
2.8638	0.306254	0.108513
2.8971	0.302357	0.111638
2.9304	0.298289	0.115021
2.9637	0.294043	0.118689
2.997	0.289615	0.122672
3.0303	0.285	0.127004
3.0636	0.280191	0.131725
3.0969	0.275185	0.136877
3.1302	0.269978	0.142512
3.1635	0.264564	0.148686
3.1968	0.258942	0.155465
3.2301	0.253108	0.162923
3.2634	0.247061	0.171149
3.2967	0.240799	0.18024
3.33	0.234323	0.190314
3.3633	0.227634	0.201504
3.3966	0.220735	0.213967
3.4299	0.213632	0.227885
3.4632	0.20633	0.243471
3.4965	0.198838	0.260976
3.5298	0.191167	0.280697
3.5631	0.183331	0.302981
3.5964	0.175345	0.328243
3.6297	0.167228	0.356974
3.663	0.159004	0.389758
3.6963	0.150696	0.427296
3.7296	0.142333	0.470424
3.7629	0.133946	0.52015
3.7962	0.12557	0.577682
3.8295	0.117242	0.644484
3.8628	0.109	0.72232
3.8961	0.100886	0.813331
3.9294	0.0929407	0.920114
3.9627	0.0852062	1.04583
3.996	0.0777231	1.19431
4.0293	0.0705304	1.37026
4.0626	0.0636638	1.57937
4.0959	0.0571551	1.82862
4.1292	0.0510309	2.12655
4.1625	0.0453119	2.48355
4.1958	0.0400125	2.91235
4.2291	0.0351401	3.42852
4.2624	0.0306952	4.05108
4.2957	0.026672	4.8033
4.329	0.0230583	5.7136
4.3623	0.0198369	6.81676
4.3956	0.016986	8.15524
4.4289	0.0144808	9.78096
4.4622	0.012294	11.7573
4.4955	0.0103972	14.1619
4.5288	0.00876171	17.0892
4.5621	0.00735933	20.655
4.5954	0.00616295	25.0005
4.6287	0.00514709	30.2981
4.662	0.00428819	36.7584
4.6953	0.00356481	44.6386
4.7286	0.00295768	54.253
4.7619	0.00244971	65.985
4.7952	0.00202588	80.3031
4.8285	0.00167313	97.7793
4.8618	0.00138018	119.112
4.8951	0.00113735	145.155
4.9284	0.000936411	176.949
4.9617	0.000770372	215.766
4.995	0.00063335	263.16
5.0283	0.000520398	321.028
5.0616	0.000427377	391.686
5.0949	0.000350833	477.962
5.1282	0.000287893	583.311
5.1615	0.00023617	711.952
5.1948	0.000193688	869.035
5.2281	0.000158811	1060.85
5.2614	0.000130189	1295.08
5.2947	0.000106708	1581.1
5.328	8.74493e-05	1930.38
5.3613	7.16581e-05	2356.89
5.3946	5.87124e-05	2877.71
5.4279	4.81013e-05	3513.72
5.4612	3.94052e-05	4290.38
5.4945	3.22792e-05	5238.79
5.5278	2.64405e-05	6396.95
5.5611	2.1657e-05	7811.23
5.5944	1.77382e-05	9538.29
5.6277	1.45281e-05	11647.3
5.661	1.18986e-05	14222.7
5.6943	9.74479e-06	17367.7
5.7276	7.98072e-06	21208.2
5.7609	6.53589e-06	25898.1
5.7942	5.35256e-06	31625.2
5.8275	4.38343e-06	38618.9
5.8608	3.58974e-06	47159.3
5.8941	2.93973e-06	57588.4
5.9274	2.40741e-06	70324
5.9607	1.97147e-06	85876.2
5.994	1.61446e-06	104868

# DK0 = 9.53674e-06	(data set 4)
0	0.363636	0.0566335
0.0333	0.365376	0.0570575
0.0666	0.366999	0.0574527
0.0999	0.368514	0.0578208
0.1332	0.369925	0.0581634
0.1665	0.371238	0.0584819
0.1998	0.372459	0.0587778
0.2331	0.373594	0.0590525
0.2664	0.374649	0.0593074
0.2997	0.375627	0.0595437
0.333	0.376535	0.0597626
0.3663	0.377377	0.0599653
0.3996	0.378157	0.060153
0.4329	0.378879	0.0603266
0.4662	0.379548	0.0604871
0.4995	0.380167	0.0606355
0.5328	0.380739	0.0607726
0.5661	0.381268	0.0608991
0.5994	0.381758	0.061016
0.6327	0.38221	0.0611238
0.666	0.382629	0.0612233
0.6993	0.383015	0.061315
0.7326	0.383372	0.0613996
0.7659	0.383702	0.0614775
0.7992	0.384006	0.0615492
0.8325	0.384287	0.0616153
0.8658	0.384547	0.061676
0.8991	0.384787	0.061732
0.9324	0.385008	0.0617834
0.9657	0.385213	0.0618306
0.999	0.385402	0.061874
1.0323	0.385577	0.0619138
1.0656	0.385738	0.0619504
1.0989	0.385887	0.0619839
1.1322	0.386025	0.0620145
1.1655	0.386153	0.0620426
1.1988	0.386271	0.0620682
1.2321	0.38638	0.0620916
1.2654	0.386481	0.0621129
1.2987	0.386575	0.0621323
1.332	0.386662	0.0621499
1.3653	0.386743	0.0621659
1.3986	0.386818	0.0621803
1.4319	0.386888	0.0621932
1.4652	0.386953	0.0622049
1.4985	0.387014	0.0622152
1.5318	0.387071	0.0622245
1.5651	0.387125	0.0622326
1.5984	0.387175	0.0622397
1.6317	0.387222	0.0622458
1.665	0.387266	0.0622511
1.6983	0.387308	0.0622554
1.7316	0.387348	0.062259
1.7649	0.387386	0.0622618
1.7982	0.387422	0.0622639
1.8315	0.387457	0.0622652
1.8648	0.38749	0.0622659
1.8981	0.387522	0.062266
1.9314	0.387553	0.0622654
1.9647	0.387583	0.0622642
1.998	0.387613	0.0622624
2.0313	0.387642	0.06226
2.0646	0.387671	0.0622571
2.0979	0.387699	0.0622536
2.1312	0.387727	0.0622495
2.1645	0.387755	0.0622449
2.1978	0.387784	0.0622397
2.2311	0.387812	0.062234
2.2644	0.387841	0.0622277
2.2977	0.38787	0.0622208
2.331	0.3879	0.0622134
2.3643	0.38793	0.0622053
2.3976	0.387961	0.0621966
2.4309	0.387993	0.0621874
2.4642	0.388026	0.0621775
2.4975	0.388059	0.0621669
2.5308	0.388094	0.0621556
2.5641	0.38813	0.0621437
2.5974	0.388168	0.062131
2.6307	0.388207	0.0621176
2.664	0.388247	0.0621034
2.6973	0.388289	0.0620884
2.7306	0.388333	0.0620725
2.7639	0.388379	0.0620558
2.7972	0.388427	0.0620381
2.8305	0.388477	0.0620195
2.8638	0.388529	0.0619999
2.8971	0.388584	0.0619792
2.9304	0.388641	0.0619574
2.9637	0.388701	0.0619345
2.997	0.388764	0.0619104
3.0303	0.388829	0.0618851
3.0636	0.388898	0.0618584
3.0969	0.388971	0.0618304
3.1302	0.389047	0.0618009
3.1635	0.389126	0.0617698
3.1968	0.38921	0.0617373
3.2301	0.389298	0.061703
3.2634	0.38939	0.061667
3.2967	0.389487	0.0616292
3.33	0.389588	0.0615894
3.3633	0.389695	0.0615477
3.3966	0.389807	0.0615038
3.4299	0.389925	0.0614578
3.4632	0.390049	0.0614094
3.4965	0.390178	0.0613586
3.5298	0.390315	0.0613052
3.5631	0.390458	0.0612492
3.5964	0.390609	0.0611904
3.6297	0.390767	0.0611286
3.663	0.390934	0.0610638
3.6963	0.391108	0.0609958
3.7296	0.391292	0.0609243
3.7629	0.391485	0.0608493
3.7962	0.391688	0.0607707
3.8295	0.391901	0.0606881
3.8628	0.392125	0.0606014
3.8961	0.39236	0.0605105
3.9294	0.392608	0.0604151
3.9627	0.392868	0.060315
3.996	0.393141	0.06021
4.0293	0.393428	0.0600999
4.0626	0.39373	0.0599845
4.0959	0.394048	0.0598634
4.1292	0.394381	0.0597364
4.1625	0.394732	0.0596032
4.1958	0.3951	0.0594637
4.2291	0.395488	0.0593174
4.2624	0.395895	0.0591641
4.2957	0.396323	0.0590034
4.329	0.396773	0.0588351
4.3623	0.397246	0.0586587
4.3956	0.397743	0.058474
4.4289	0.398266	0.0582806
4.4622	0.398815	0.058078
4.4955	0.399393	0.057866
4.5288	0.400001	0.0576441
4.5621	0.400639	0.0574118
4.5954	0.401311	0.0571688
4.6287	0.402017	0.0569146
4.662	0.402759	0.0566488
4.6953	0.40354	0.0563709
4.7286	0.404361	0.0560804
4.7619	0.405224	0.0557769
4.7952	0.406132	0.0554598
4.8285	0.407086	0.0551286
4.8618	0.40809	0.0547829
4.8951	0.409146	0.054422
4.9284	0.410256	0.0540456
4.9617	0.411424	0.0536529
4.995	0.412653	0.0532435
5.0283	0.413945	0.0528169
5.0616	0.415304	0.0523725
5.0949	0.416734	0.0519098
5.1282	0.418238	0.0514283
5.1615	0.419821	0.0509273
5.1948	0.421486	0.0504065
5.2281	0.423238	0.0498653
5.2614	0.425081	0.0493032
5.2947	0.427021	0.0487198
5.328	0.429062	0.0481146
5.3613	0.43121	0.0474873
5.3946	0.433471	0.0468375
5.4279	0.43585	0.0461648
5.4612	0.438354	0.045469
5.4945	0.44099	0.0447498
5.5278	0.443765	0.0440071
5.5611	0.446686	0.0432409
5.5944	0.449762	0.042451
5.6277	0.453	0.0416376
5.661	0.456409	0.0408007
5.6943	0.459998	0.0399406
5.7276	0.463778	0.0390577
5.7609	0.467759	0.0381525
5.7942	0.471951	0.0372254
5.8275	0.476365	0.0362772
5.8608	0.481015	0.0353087
5.8941	0.485911	0.0343208
5.9274	0.491069	0.0333147
5.9607	0.496501	0.0322917
5.994	0.502223	0.031253
6.0273	0.50825	0.0302004
6.0606	0.514599	0.0291353
6.0939	0.521285	0.0280599
6.1272	0.528328	0.0269759
6.1605	0.535746	0.0258857
6.1938	0.543559	0.0247914
6.2271	0.551786	0.0236956
6.2604	0.560451	0.0226006
6.2937	0.569574	0.0215093
6.327	0.57918	0.0204242
6.3603	0.589292	0.0193482
6.3936	0.599935	0.0182841
6.4269	0.611137	0.0172348
6.4602	0.622923	0.0162031
6.4935	0.635321	0.0151918
6.5268	0.648361	0.0142037
6.5601	0.662072	0.0132414
6.5934	0.676485	0.0123075
6.6267	0.691629	0.0114042
6.66	0.707538	0.0105338
6.6933	0.724243	0.00969816
6.7266	0.741777	0.00889909
6.7599	0.760174	0.00813798
6.7932	0.779468	0.00741601
6.8265	0.799692	0.00673402
6.8598	0.820882	0.00609257
6.8931	0.843071	0.0054919
6.9264	0.866294	0.00493194
6.9597	0.890587	0.00441229
6.993	0.915983	0.0039323
7.0263	0.942519	0.00349102
7.0596	0.970228	0.00308725
7.0929	0.999146	0.00271959
7.1262	1.02931	0.00237971
7.1595	1.06077	0.00206134
7.1928	1.09359	0.0017668
7.2261	1.12781	0.00149776
7.2594	1.16347	0.00125519
7.2927	1.20063	0.00103939
7.326	1.23932	0.000850037
7.3593	1.27959	0.000686218
7.3926	1.32146	0.000546543
7.4259	1.36498	0.000429232
7.4592	1.41018	0.000332223
7.4925	1.45709	0.000253276
7.5258	1.50575	0.000190081
7.5591	1.5562	0.000140349
7.5924	1.60847	0.000101894
7.6257	1.66261	7.26937e-05
7.659	1.71866	5.09307e-05
7.6923	1.77668	3.50206e-05
7.7256	1.8367	2.3618e-05
7.7589	1.8988	1.56116e-05
7.7922	1.96303	1.01074e-05
7.8255	2.02945	6.40478e-06
7.8588	2.09814	3.96944e-06
7.8921	2.16917	2.40427e-06
7.9254	2.2426	1.4221e-06
7.9587	2.31853	8.20762e-07
7.992	2.39703	4.61832e-07
8.0253	2.47819	2.53138e-07
8.0586	2.56211	1.35036e-07
8.0919	2.64886	7.00431e-08
8.1252	2.73855	3.5293e-08
8.1585	2.83128	1.72582e-08
8.1918	2.92715	8.18167e-09
8.2251	3.02626	3.75643e-09
8.2584	3.12874	1.66849e-09
8.2917	3.23468	7.16141e-10
8.325	3.3442	2.96687e-10
8.3583	3.45744	1.18495e-10
8.3916	3.57451	4.55689e-11
8.4249	3.69555	1.68518e-11
8.4582	3.82068	5.98487e-12
8.4915	3.95005	2.03846e-12
8.5248	4.0838	6.64928e-13
8.5581	4.22208	2.07412e-13
8.5914	4.36505	6.17765e-14
8.6247	4.51285	1.75414e-14
8.658	4.66566	4.74081e-15
8.6913	4.82364	1.21748e-15
8.7246	4.98697	2.96582e-16

# DK0 = 1.49012e-07	(data set 5)
0	0.363623	0.0566395
0.0333	0.365361	0.0570638
0.0666	0.366984	0.0574593
0.0999	0.368498	0.0578278
0.1332	0.369908	0.0581707
0.1665	0.37122	0.0584896
0.1998	0.37244	0.0587859
0.2331	0.373575	0.059061
0.2664	0.374628	0.0593163
0.2997	0.375605	0.059553
0.333	0.376512	0.0597724
0.3663	0.377352	0.0599757
0.3996	0.378131	0.0601639
0.4329	0.378852	0.060338
0.4662	0.379519	0.0604991
0.4995	0.380136	0.0606481
0.5328	0.380707	0.0607858
0.5661	0.381235	0.0609131
0.5994	0.381722	0.0610306
0.6327	0.382173	0.0611392
0.666	0.382589	0.0612395
0.6993	0.382973	0.061332
0.7326	0.383328	0.0614174
0.7659	0.383656	0.0614962
0.7992	0.383958	0.0615689
0.8325	0.384236	0.0616359
0.8658	0.384493	0.0616978
0.8991	0.384731	0.0617548
0.9324	0.384949	0.0618074
0.9657	0.385151	0.0618559
0.999	0.385336	0.0619005
1.0323	0.385508	0.0619417
1.0656	0.385665	0.0619797
1.0989	0.385811	0.0620146
1.1322	0.385945	0.0620468
1.1655	0.386068	0.0620765
1.1988	0.386182	0.0621039
1.2321	0.386287	0.0621291
1.2654	0.386383	0.0621523
1.2987	0.386472	0.0621737
1.332	0.386554	0.0621934
1.3653	0.386629	0.0622116
1.3986	0.386699	0.0622283
1.4319	0.386763	0.0622437
1.4652	0.386821	0.0622579
1.4985	0.386876	0.062271
1.5318	0.386925	0.062283
1.5651	0.386971	0.0622941
1.5984	0.387014	0.0623044
1.6317	0.387052	0.0623138
1.665	0.387088	0.0623225
1.6983	0.387121	0.0623305
1.7316	0.387151	0.0623379
1.7649	0.387179	0.0623447
1.7982	0.387205	0.0623509
1.8315	0.387228	0.0623567
1.8648	0.38725	0.0623621
1.8981	0.38727	0.062367
1.9314	0.387288	0.0623715
1.9647	0.387305	0.0623757
1.998	0.38732	0.0623796
2.0313	0.387335	0.0623832
2.0646	0.387348	0.0623865
2.0979	0.38736	0.0623896
2.1312	0.387371	0.0623924
2.1645	0.387381	0.0623951
2.1978	0.38739	0.0623975
2.2311	0.387398	0.0623998
2.2644	0.387406	0.0624019
2.2977	0.387413	0.0624038
2.331	0.387419	0.0624057
2.3643	0.387425	0.0624074
2.3976	0.387431	0.062409
2.4309	0.387435	0.0624105
2.4642	0.38744	0.0624119
2.4975	0.387444	0.0624132
2.5308	0.387447	0.0624144
2.5641	0.387451	0.0624156
2.5974	0.387453	0.0624167
2.6307	0.387456	0.0624178
2.664	0.387458	0.0624188
2.6973	0.38746	0.0624198
2.7306	0.387462	0.0624207
2.7639	0.387463	0.0624216
2.7972	0.387465	0.0624225
2.8305	0.387466	0.0624234
2.8638	0.387467	0.0624242
2.8971	0.387467	0.062425
2.9304	0.387468	0.0624258
2.9637	0.387468	0.0624266
2.997	0.387468	0.0624274
3.0303	0.387468	0.0624282
3.0636	0.387468	0.062429
3.0969	0.387467	0.0624298
3.1302	0.387467	0.0624307
3.1635	0.387466	0.0624315
3.1968	0.387465	0.0624323
3.2301	0.387464	0.0624332
3.2634	0.387463	0.0624341
3.2967	0.387462	0.062435
3.33	0.38746	0.0624359
3.3633	0.387459	0.0624369
3.3966	0.387457	0.0624379
3.4299	0.387455	0.0624389
3.4632	0.387453	0.06244
3.4965	0.387451	0.0624411
3.5298	0.387449	0.0624423
3.5631	0.387446	0.0624435
3.5964	0.387444	0.0624447
3.6297	0.387441	0.0624461
3.663	0.387438	0.0624474
3.6963	0.387434	0.0624489
3.7296	0.387431	0.0624504
3.7629	0.387427	0.0624519
3.7962	0.387424	0.0624536
3.8295	0.38742	0.0624553
3.8628	0.387415	0.0624571
3.8961	0.387411	0.062459
3.9294	0.387406	0.062461
3.9627	0.387401	0.062463
3.996	0.387396	0.0624652
4.0293	0.38739	0.0624675
4.0626	0.387385	0.0624699
4.0959	0.387378	0.0624724
4.1292	0.387372	0.0624751
4.1625	0.387365	0.0624779
4.1958	0.387358	0.0624808
4.2291	0.38735	0.0624838
4.2624	0.387343	0.0624871
4.2957	0.387334	0.0624904
4.329	0.387325	0.062494
4.3623	0.387316	0.0624977
4.3956	0.387307	0.0625016
4.4289	0.387296	0.0625057
4.4622	0.387286	0.0625101
4.4955	0.387274	0.0625146
4.5288	0.387263	0.0625194
4.5621	0.38725	0.0625244
4.5954	0.387237	0.0625297
4.6287	0.387223	0.0625352
4.662	0.387209	0.062541
4.6953	0.387194	0.0625471
4.7286	0.387178	0.0625536
4.7619	0.387161	0.0625603
4.7952	0.387143	0.0625674
4.8285	0.387125	0.0625749
4.8618	0.387105	0.0625827
4.8951	0.387085	0.0625909
4.9284	0.387063	0.0625996
4.9617	0.387041	0.0626087
4.995	0.387017	0.0626182
5.0283	0.386992	0.0626283
5.0616	0.386966	0.0626388
5.0949	0.386938	0.0626499
5.1282	0.386909	0.0626616
5.1615	0.386879	0.0626739
5.1948	0.386847	0.0626867
5.2281	0.386813	0.0627003
5.2614	0.386778	0.0627145
5.2947	0.386741	0.0627295
5.328	0.386702	0.0627452
5.3613	0.386661	0.0627617
5.3946	0.386618	0.0627791
5.4279	0.386573	0.0627973
5.4612	0.386525	0.0628165
5.4945	0.386475	0.0628367
5.5278	0.386423	0.0628579
5.5611	0.386368	0.0628802
5.5944	0.38631	0.0629036
5.6277	0.386249	0.0629283
5.661	0.386185	0.0629542
5.6943	0.386118	0.0629814
5.7276	0.386047	0.06301
5.7609	0.385973	0.0630401
5.7942	0.385895	0.0630718
5.8275	0.385813	0.063105
5.8608	0.385727	0.06314
5.8941	0.385637	0.0631768
5.9274	0.385542	0.0632154
5.9607	0.385442	0.0632561
5.994	0.385337	0.0632989

# DK0 = 2.32831e-09	(data set 6)
0	0.363623	0.0566394
0.0333	0.365362	0.0570636
0.0666	0.366985	0.0574592
0.0999	0.368498	0.0578277
0.1332	0.369908	0.0581706
0.1665	0.37122	0.0584895
0.1998	0.372441	0.0587857
0.2331	0.373575	0.0590609
0.2664	0.374628	0.0593161
0.2997	0.375606	0.0595529
0.333	0.376512	0.0597723
0.3663	0.377353	0.0599755
0.3996	0.378131	0.0601637
0.4329	0.378852	0.0603378
0.4662	0.379519	0.0604989
0.4995	0.380137	0.0606479
0.5328	0.380708	0.0607856
0.5661	0.381235	0.0609128
0.5994	0.381723	0.0610304
0.6327	0.382174	0.0611389
0.666	0.38259	0.0612391
0.6993	0.382974	0.0613317
0.7326	0.383329	0.0614171
0.7659	0.383656	0.0614958
0.7992	0.383959	0.0615685
0.8325	0.384237	0.0616356
0.8658	0.384494	0.0616974
0.8991	0.384732	0.0617544
0.9324	0.38495	0.0618069
0.9657	0.385152	0.0618554
0.999	0.385338	0.0619
1.0323	0.385509	0.0619412
1.0656	0.385667	0.0619791
1.0989	0.385812	0.062014
1.1322	0.385946	0.0620462
1.1655	0.38607	0.0620759
1.1988	0.386184	0.0621032
1.2321	0.386289	0.0621284
1.2654	0.386385	0.0621516
1.2987	0.386474	0.0621729
1.332	0.386556	0.0621926
1.3653	0.386632	0.0622107
1.3986	0.386701	0.0622274
1.4319	0.386765	0.0622427
1.4652	0.386824	0.0622569
1.4985	0.386878	0.0622699
1.5318	0.386928	0.0622819
1.5651	0.386974	0.062293
1.5984	0.387017	0.0623031
1.6317	0.387056	0.0623125
1.665	0.387092	0.0623211
1.6983	0.387125	0.062329
1.7316	0.387155	0.0623364
1.7649	0.387183	0.0623431
1.7982	0.387209	0.0623493
1.8315	0.387233	0.062355
1.8648	0.387255	0.0623602
1.8981	0.387275	0.0623651
1.9314	0.387293	0.0623695
1.9647	0.38731	0.0623736
1.998	0.387326	0.0623774
2.0313	0.387341	0.0623809
2.0646	0.387354	0.062384
2.0979	0.387366	0.062387
2.1312	0.387377	0.0623897
2.1645	0.387388	0.0623922
2.1978	0.387397	0.0623945
2.2311	0.387406	0.0623966
2.2644	0.387414	0.0623986
2.2977	0.387422	0.0624003
2.331	0.387429	0.062402
2.3643	0.387435	0.0624035
2.3976	0.387441	0.0624049
2.4309	0.387446	0.0624062
2.4642	0.387451	0.0624074
2.4975	0.387455	0.0624085
2.5308	0.38746	0.0624095
2.5641	0.387463	0.0624104
2.5974	0.387467	0.0624113
2.6307	0.38747	0.062412
2.664	0.387473	0.0624128
2.6973	0.387476	0.0624134
2.7306	0.387479	0.062414
2.7639	0.387481	0.0624146
2.7972	0.387483	0.0624151
2.8305	0.387485	0.0624156
2.8638	0.387487	0.0624161
2.8971	0.387488	0.0624165
2.9304	0.38749	0.0624168
2.9637	0.387491	0.0624172
2.997	0.387493	0.0624175
3.0303	0.387494	0.0624178
3.0636	0.387495	0.0624181
3.0969	0.387496	0.0624183
3.1302	0.387497	0.0624186
3.1635	0.387498	0.0624188
3.1968	0.387498	0.062419
3.2301	0.387499	0.0624192
3.2634	0.3875	0.0624193
3.2967	0.3875	0.0624195
3.33	0.387501	0.0624197
3.3633	0.387501	0.0624198
3.3966	0.387502	0.0624199
3.4299	0.387502	0.06242
3.4632	0.387503	0.0624202
3.4965	0.387503	0.0624203
3.5298	0.387503	0.0624204
3.5631	0.387504	0.0624204
3.5964	0.387504	0.0624205
3.6297	0.387504	0.0624206
3.663	0.387504	0.0624207
3.6963	0.387505	0.0624208
3.7296	0.387505	0.0624208
3.7629	0.387505	0.0624209
3.7962	0.387505	0.062421
3.8295	0.387505	0.062421
3.8628	0.387505	0.0624211
3.8961	0.387505	0.0624212
3.9294	0.387505	0.0624212
3.9627	0.387505	0.0624213
3.996	0.387505	0.0624213
4.0293	0.387505	0.0624214
4.0626	0.387505	0.0624214
4.0959	0.387505	0.0624215
4.1292	0.387505	0.0624216
4.1625	0.387505	0.0624216
4.1958	0.387505	0.0624217
4.2291	0.387505	0.0624217
4.2624	0.387505	0.0624218
4.2957	0.387505	0.0624218
4.329	0.387505	0.0624219
4.3623	0.387505	0.062422
4.3956	0.387505	0.062422
4.4289	0.387505	0.0624221
4.4622	0.387505	0.0624222
4.4955	0.387505	0.0624222
4.5288	0.387504	0.0624223
4.5621	0.387504	0.0624224
4.5954	0.387504	0.0624225
4.6287	0.387504	0.0624226
4.662	0.387504	0.0624226
4.6953	0.387504	0.0624227
4.7286	0.387503	0.0624228
4.7619	0.387503	0.0624229
4.7952	0.387503	0.062423
4.8285	0.387503	0.0624231
4.8618	0.387502	0.0624233
4.8951	0.387502	0.0624234
4.9284	0.387502	0.0624235
4.9617	0.387501	0.0624236
4.995	0.387501	0.0624238
5.0283	0.387501	0.0624239
5.0616	0.3875	0.0624241
5.0949	0.3875	0.0624242
5.1282	0.3875	0.0624244
5.1615	0.387499	0.0624246
5.1948	0.387499	0.0624247
5.2281	0.387498	0.0624249
5.2614	0.387498	0.0624251
5.2947	0.387497	0.0624253
5.328	0.387497	0.0624256
5.3613	0.387496	0.0624258
5.3946	0.387496	0.062426
5.4279	0.387495	0.0624263
5.4612	0.387494	0.0624266
5.4945	0.387494	0.0624269
5.5278	0.387493	0.0624271
5.5611	0.387492	0.0624275
5.5944	0.387491	0.0624278
5.6277	0.38749	0.0624281
5.661	0.387489	0.0624285
5.6943	0.387489	0.0624289
5.7276	0.387488	0.0624293
5.7609	0.387486	0.0624297
5.7942	0.387485	0.0624301
5.8275	0.387484	0.0624306
5.8608	0.387483	0.0624311
5.8941	0.387482	0.0624316
5.9274	0.38748	0.0624322
5.9607	0.387479	0.0624327
5.994	0.387477	0.0624333

# DK0 = 3.63798e-11	(data set 7)
0	0.363623	0.0566394
0.0333	0.365362	0.0570636
0.0666	0.366985	0.0574592
0.0999	0.368498	0.0578277
0.1332	0.369908	0.0581706
0.1665	0.37122	0.0584895
0.1998	0.372441	0.0587857
0.2331	0.373575	0.0590609
0.2664	0.374628	0.0593161
0.2997	0.375606	0.0595529
0.333	0.376512	0.0597723
0.3663	0.377353	0.0599755
0.3996	0.378131	0.0601637
0.4329	0.378852	0.0603378
0.4662	0.379519	0.0604989
0.4995	0.380137	0.0606479
0.5328	0.380708	0.0607856
0.5661	0.381235	0.0609128
0.5994	0.381723	0.0610303
0.6327	0.382174	0.0611389
0.666	0.38259	0.0612391
0.6993	0.382974	0.0613317
0.7326	0.383329	0.0614171
0.7659	0.383657	0.0614958
0.7992	0.383959	0.0615685
0.8325	0.384237	0.0616355
0.8658	0.384495	0.0616974
0.8991	0.384732	0.0617544
0.9324	0.38495	0.0618069
0.9657	0.385152	0.0618554
0.999	0.385338	0.0619
1.0323	0.385509	0.0619412
1.0656	0.385667	0.0619791
1.0989	0.385812	0.062014
1.1322	0.385946	0.0620462
1.1655	0.38607	0.0620759
1.1988	0.386184	0.0621032
1.2321	0.386289	0.0621284
1.2654	0.386385	0.0621516
1.2987	0.386474	0.0621729
1.332	0.386556	0.0621926
1.3653	0.386632	0.0622107
1.3986	0.386701	0.0622274
1.4319	0.386765	0.0622427
1.4652	0.386824	0.0622569
1.4985	0.386878	0.0622699
1.5318	0.386928	0.0622819
1.5651	0.386974	0.0622929
1.5984	0.387017	0.0623031
1.6317	0.387056	0.0623125
1.665	0.387092	0.0623211
1.6983	0.387125	0.062329
1.7316	0.387155	0.0623363
1.7649	0.387183	0.0623431
1.7982	0.387209	0.0623493
1.8315	0.387233	0.062355
1.8648	0.387255	0.0623602
1.8981	0.387275	0.062365
1.9314	0.387293	0.0623695
1.9647	0.38731	0.0623736
1.998	0.387326	0.0623773
2.0313	0.387341	0.0623808
2.0646	0.387354	0.062384
2.0979	0.387366	0.062387
2.1312	0.387377	0.0623897
2.1645	0.387388	0.0623922
2.1978	0.387397	0.0623944
2.2311	0.387406	0.0623966
2.2644	0.387414	0.0623985
2.2977	0.387422	0.0624003
2.331	0.387429	0.0624019
2.3643	0.387435	0.0624035
2.3976	0.387441	0.0624048
2.4309	0.387446	0.0624061
2.4642	0.387451	0.0624073
2.4975	0.387456	0.0624084
2.5308	0.38746	0.0624094
2.5641	0.387464	0.0624103
2.5974	0.387467	0.0624112
2.6307	0.38747	0.062412
2.664	0.387473	0.0624127
2.6973	0.387476	0.0624133
2.7306	0.387479	0.062414
2.7639	0.387481	0.0624145
2.7972	0.387483	0.062415
2.8305	0.387485	0.0624155
2.8638	0.387487	0.0624159
2.8971	0.387489	0.0624163
2.9304	0.38749	0.0624167
2.9637	0.387492	0.0624171
2.997	0.387493	0.0624174
3.0303	0.387494	0.0624177
3.0636	0.387495	0.0624179
3.0969	0.387496	0.0624182
3.1302	0.387497	0.0624184
3.1635	0.387498	0.0624186
3.1968	0.387499	0.0624188
3.2301	0.3875	0.062419
3.2634	0.3875	0.0624191
3.2967	0.387501	0.0624193
3.33	0.387502	0.0624194
3.3633	0.387502	0.0624195
3.3966	0.387503	0.0624197
3.4299	0.387503	0.0624198
3.4632	0.387503	0.0624199
3.4965	0.387504	0.06242
3.5298	0.387504	0.06242
3.5631	0.387504	0.0624201
3.5964	0.387505	0.0624202
3.6297	0.387505	0.0624202
3.663	0.387505	0.0624203
3.6963	0.387506	0.0624204
3.7296	0.387506	0.0624204
3.7629	0.387506	0.0624205
3.7962	0.387506	0.0624205
3.8295	0.387506	0.0624205
3.8628	0.387506	0.0624206
3.8961	0.387507	0.0624206
3.9294	0.387507	0.0624206
3.9627	0.387507	0.0624207
3.996	0.387507	0.0624207
4.0293	0.387507	0.0624207
4.0626	0.387507	0.0624207
4.0959	0.387507	0.0624208
4.1292	0.387507	0.0624208
4.1625	0.387507	0.0624208
4.1958	0.387507	0.0624208
4.2291	0.387508	0.0624208
4.2624	0.387508	0.0624208
4.2957	0.387508	0.0624209
4.329	0.387508	0.0624209
4.3623	0.387508	0.0624209
4.3956	0.387508	0.0624209
4.4289	0.387508	0.0624209
4.4622	0.387508	0.0624209
4.4955	0.387508	0.0624209
4.5288	0.387508	0.0624209
4.5621	0.387508	0.0624209
4.5954	0.387508	0.0624209
4.6287	0.387508	0.0624209
4.662	0.387508	0.0624209
4.6953	0.387508	0.0624209
4.7286	0.387508	0.0624209
4.7619	0.387508	0.0624209
4.7952	0.387508	0.0624209
4.8285	0.387508	0.0624209
4.8618	0.387508	0.0624209
4.8951	0.387508	0.0624209
4.9284	0.387508	0.0624209
4.9617	0.387508	0.0624209
4.995	0.387508	0.0624209
5.0283	0.387508	0.0624209
5.0616	0.387508	0.0624209
5.0949	0.387508	0.0624209
5.1282	0.387508	0.0624209
5.1615	0.387508	0.0624209
5.1948	0.387508	0.0624209
5.2281	0.387508	0.0624209
5.2614	0.387508	0.0624209
5.2947	0.387508	0.0624209
5.328	0.387508	0.0624209
5.3613	0.387508	0.0624209
5.3946	0.387508	0.0624209
5.4279	0.387508	0.0624209
5.4612	0.387508	0.0624209
5.4945	0.387508	0.0624209
5.5278	0.387508	0.0624209
5.5611	0.387508	0.0624209
5.5944	0.387508	0.0624209
5.6277	0.387508	0.0624209
5.661	0.387508	0.0624209
5.6943	0.387508	0.0624209
5.7276	0.387508	0.0624209
5.7609	0.387508	0.0624209
5.7942	0.387508	0.0624209
5.8275	0.387508	0.0624209
5.8608	0.387508	0.0624209
5.8941	0.387508	0.0624209
5.9274	0.387508	0.0624209
5.9607	0.387509	0.0624209
5.994	0.387509	0.0624209
6.0273	0.387509	0.0624209
6.0606	0.387509	0.0624209
6.0939	0.387509	0.0624208
6.1272	0.387509	0.0624208
6.1605	0.387509	0.0624208
6.1938	0.387509	0.0624208
6.2271	0.387509	0.0624208
6.2604	0.387509	0.0624208
6.2937	0.387509	0.0624208
6.327	0.387509	0.0624208
6.3603	0.387509	0.0624208
6.3936	0.387509	0.0624208
6.4269	0.387509	0.0624207
6.4602	0.387509	0.0624207
6.4935	0.387509	0.0624207
6.5268	0.387509	0.0624207
6.5601	0.387509	0.0624207
6.5934	0.387509	0.0624207
6.6267	0.387509	0.0624207
6.66	0.387509	0.0624206
6.6933	0.387509	0.0624206
6.7266	0.387509	0.0624206
6.7599	0.387509	0.0624206
6.7932	0.387509	0.0624206
6.8265	0.387509	0.0624205
6.8598	0.387509	0.0624205
6.8931	0.387509	0.0624205
6.9264	0.38751	0.0624205
6.9597	0.38751	0.0624204
6.993	0.38751	0.0624204
7.0263	0.38751	0.0624204
7.0596	0.38751	0.0624203
7.0929	0.38751	0.0624203
7.1262	0.38751	0.0624203
7.1595	0.38751	0.0624202
7.1928	0.38751	0.0624202
7.2261	0.38751	0.0624201
7.2594	0.38751	0.0624201
7.2927	0.387511	0.0624201
7.326	0.387511	0.06242
7.3593	0.387511	0.06242
7.3926	0.387511	0.0624199
7.4259	0.387511	0.0624198
7.4592	0.387511	0.0624198
7.4925	0.387511	0.0624197
7.5258	0.387512	0.0624197
7.5591	0.387512	0.0624196
7.5924	0.387512	0.0624195
7.6257	0.387512	0.0624194
7.659	0.387512	0.0624194
7.6923	0.387512	0.0624193
7.7256	0.387513	0.0624192
7.7589	0.387513	0.0624191
7.7922	0.387513	0.062419
7.8255	0.387513	0.0624189
7.8588	0.387514	0.0624188
7.8921	0.387514	0.0624187
7.9254	0.387514	0.0624186
7.9587	0.387515	0.0624184
7.992	0.387515	0.0624183
8.0253	0.387515	0.0624182
8.0586	0.387516	0.062418
8.0919	0.387516	0.0624179
8.1252	0.387516	0.0624177
8.1585	0.387517	0.0624176
8.1918	0.387517	0.0624174
8.2251	0.387518	0.0624172
8.2584	0.387518	0.062417
8.2917	0.387519	0.0624168
8.325	0.387519	0.0624166
8.3583	0.38752	0.0624164
8.3916	0.38752	0.0624161
8.4249	0.387521	0.0624159
8.4582	0.387522	0.0624156
8.4915	0.387522	0.0624153
8.5248	0.387523	0.062415
8.5581	0.387524	0.0624147
8.5914	0.387525	0.0624144
8.6247	0.387525	0.0624141
8.658	0.387526	0.0624137
8.6913	0.387527	0.0624134
8.7246	0.387528	0.062413
8.7579	0.387529	0.0624126
8.7912	0.38753	0.0624121
8.8245	0.387531	0.0624117
8.8578	0.387533	0.0624112
8.8911	0.387534	0.0624107
8.9244	0.387535	0.0624102
8.9577	0.387537	0.0624097
8.991	0.387538	0.0624091
9.0243	0.387539	0.0624085
9.0576	0.387541	0.0624078
9.0909	0.387543	0.0624072
9.1242	0.387544	0.0624065
9.1575	0.387546	0.0624057
9.1908	0.387548	0.0624049
9.2241	0.38755	0.0624041
9.2574	0.387552	0.0624033
9.2907	0.387555	0.0624024
9.324	0.387557	0.0624014
9.3573	0.38756	0.0624004
9.3906	0.387562	0.0623994
9.4239	0.387565	0.0623983
9.4572	0.387568	0.0623971
9.4905	0.387571	0.0623959
9.5238	0.387574	0.0623946
9.5571	0.387577	0.0623933
9.5904	0.387581	0.0623919
9.6237	0.387585	0.0623904
9.657	0.387588	0.0623889
9.6903	0.387592	0.0623872
9.7236	0.387597	0.0623855
9.7569	0.387601	0.0623837
9.7902	0.387606	0.0623818
9.8235	0.387611	0.0623798
9.8568	0.387616	0.0623777
9.8901	0.387622	0.0623755
9.9234	0.387627	0.0623732
9.9567	0.387633	0.0623708
9.99	0.38764	0.0623682
10.0233	0.387647	0.0623656
10.0566	0.387654	0.0623628
10.0899	0.387661	0.0623598
10.1232	0.387669	0.0623567
10.1565	0.387677	0.0623534
10.1898	0.387685	0.06235
10.2231	0.387694	0.0623464
10.2564	0.387704	0.0623426
10.2897	0.387714	0.0623386
10.323	0.387724	0.0623344
10.3563	0.387735	0.06233
10.3896	0.387747	0.0623254
10.4229	0.387759	0.0623205
10.4562	0.387772	0.0623154
10.4895	0.387785	0.0623101
10.5228	0.387799	0.0623044
10.5561	0.387814	0.0622985
10.5894	0.38783	0.0622923
10.6227	0.387846	0.0622858
10.656	0.387863	0.0622789
10.6893	0.387881	0.0622717
10.7226	0.3879	0.0622641
10.7559	0.38792	0.0622562
10.7892	0.387941	0.0622478
10.8225	0.387963	0.062239
10.8558	0.387986	0.0622298
10.8891	0.38801	0.0622201
10.9224	0.388036	0.0622099
10.9557	0.388063	0.0621992
10.989	0.388091	0.0621879
11.0223	0.388121	0.0621761
11.0556	0.388152	0.0621637
11.0889	0.388184	0.0621506
11.1222	0.388219	0.0621369
11.1555	0.388255	0.0621225
11.1888	0.388293	0.0621074
11.2221	0.388333	0.0620915
11.2554	0.388375	0.0620748
11.2887	0.388419	0.0620572
11.322	0.388465	0.0620388
11.3553	0.388514	0.0620194
11.3886	0.388565	0.0619991
11.4219	0.388619	0.0619777
11.4552	0.388675	0.0619553
11.4885	0.388734	0.0619317
11.5218	0.388797	0.061907
11.5551	0.388862	0.0618809
11.5884	0.388931	0.0618536
11.6217	0.389004	0.0618249
11.655	0.38908	0.0617948
11.6883	0.38916	0.0617632
11.7216	0.389244	0.0617299
11.7549	0.389332	0.061695
11.7882	0.389425	0.0616583
11.8215	0.389522	0.0616198
11.8548	0.389625	0.0615794
11.8881	0.389732	0.061537
11.9214	0.389845	0.0614924
11.9547	0.389964	0.0614456
11.988	0.390089	0.0613964
12.0213	0.390221	0.0613448
12.0546	0.390359	0.0612906
12.0879	0.390504	0.0612338
12.1212	0.390656	0.0611741
12.1545	0.390817	0.0611114
12.1878	0.390985	0.0610456
12.2211	0.391162	0.0609766
12.2544	0.391348	0.0609041
12.2877	0.391543	0.060828
12.321	0.391749	0.0607482
12.3543	0.391965	0.0606645
12.3876	0.392192	0.0605766
12.4209	0.392431	0.0604844
12.4542	0.392681	0.0603877
12.4875	0.392945	0.0602862
12.5208	0.393222	0.0601798
12.5541	0.393513	0.0600681
12.5874	0.393819	0.0599511
12.6207	0.394141	0.0598283
12.654	0.394479	0.0596996
12.6873	0.394835	0.0595647
12.7206	0.395208	0.0594232
12.7539	0.395601	0.059275
12.7872	0.396014	0.0591196
12.8205	0.396448	0.0589568
12.8538	0.396904	0.0587862
12.8871	0.397384	0.0586075
12.9204	0.397888	0.0584204
12.9537	0.398419	0.0582244
12.987	0.398976	0.0580192
13.0203	0.399562	0.0578044
13.0536	0.400178	0.0575796
13.0869	0.400826	0.0573443
13.1202	0.401507	0.0570982
13.1535	0.402223	0.0568408
13.1868	0.402976	0.0565716
13.2201	0.403768	0.0562902
13.2534	0.4046	0.0559961
13.2867	0.405476	0.0556888
13.32	0.406397	0.0553677
13.3533	0.407365	0.0550325
13.3866	0.408383	0.0546825
13.4199	0.409454	0.0543173
13.4532	0.41058	0.0539363
13.4865	0.411765	0.053539
13.5198	0.413011	0.0531248
13.5531	0.414322	0.0526933
13.5864	0.415701	0.0522437
13.6197	0.417151	0.0517758
13.653	0.418677	0.0512888
13.6863	0.420283	0.0507823
13.7196	0.421972	0.0502557
13.7529	0.423749	0.0497087
13.7862	0.425619	0.0491406
13.8195	0.427587	0.0485511
13.8528	0.429658	0.0479397
13.8861	0.431837	0.047306
13.9194	0.43413	0.0466498
13.9527	0.436544	0.0459706
13.986	0.439085	0.0452682
14.0193	0.44176	0.0445424
14.0526	0.444575	0.0437931
14.0859	0.447539	0.0430202
14.1192	0.45066	0.0422236
14.1525	0.453945	0.0414035
14.1858	0.457404	0.0405601
14.2191	0.461047	0.0396935
14.2524	0.464882	0.0388043
14.2857	0.468921	0.0378928
14.319	0.473175	0.0369597
14.3523	0.477654	0.0360056
14.3856	0.482372	0.0350315
14.4189	0.487341	0.0340384
14.4522	0.492575	0.0330274
14.4855	0.498088	0.0319998
14.5188	0.503894	0.030957
14.5521	0.51001	0.0299007
14.5854	0.516452	0.0288325
14.6187	0.523238	0.0277545
14.652	0.530385	0.0266685
14.6853	0.537912	0.0255769
14.7186	0.54584	0.0244819
14.7519	0.554189	0.0233861
14.7852	0.56298	0.0222919
14.8185	0.572237	0.021202
14.8518	0.581984	0.0201192
14.8851	0.592243	0.0190463
14.9184	0.603042	0.0179861
14.9517	0.614405	0.0169415
14.985	0.626362	0.0159153
15.0183	0.638939	0.0149103
15.0516	0.652165	0.0139292
15.0849	0.666071	0.0129746
15.1182	0.680687	0.0120491
15.1515	0.696044	0.0111549
15.1848	0.712174	0.0102941
15.2181	0.72911	0.00946867
15.2514	0.746885	0.00868019
15.2847	0.765532	0.00793003
15.318	0.785085	0.00721928
15.3513	0.805578	0.0065487
15.3846	0.827047	0.00591877
15.4179	0.849524	0.00532961
15.4512	0.873046	0.00478109
15.4845	0.897647	0.00427272
15.5178	0.923362	0.00380377
15.5511	0.950225	0.00337322
15.5844	0.978272	0.0029798
15.6177	1.00754	0.00262156
15.651	1.03806	0.00228749
15.6843	1.0699	0.00197564
15.7176	1.10311	0.00168816
15.7509	1.13773	0.00142653
15.7842	1.17381	0.00119152
15.8175	1.2114	0.000983254
15.8508	1.25053	0.000801226
15.8841	1.29125	0.000644387
15.9174	1.33358	0.000511224
15.9507	1.37757	0.000399867
15.984	1.42325	0.000308192
16.0173	1.47066	0.000233929
16.0506	1.51982	0.000174765
16.0839	1.57078	0.000128435
16.1172	1.62357	9.27908e-05
16.1505	1.67825	6.58655e-05
16.1838	1.73485	4.59061e-05
16.2171	1.79343	3.13952e-05
16.2504	1.85403	2.10548e-05
16.2837	1.91672	1.3837e-05
16.317	1.98157	8.90489e-06
16.3503	2.04862	5.60795e-06
16.3836	2.11796	3.4534e-06
16.4169	2.18966	2.0779e-06
16.4502	2.26379	1.22066e-06
16.4835	2.34044	6.9953e-07
16.5168	2.41969	3.90745e-07
16.5501	2.50161	2.12559e-07
16.5834	2.58632	1.12505e-07
16.6167	2.67389	5.7886e-08
16.65	2.76443	2.89243e-08
16.6833	2.85804	1.40221e-08
16.7166	2.95481	6.58835e-09
16.7499	3.05486	2.99706e-09
16.7832	3.1583	1.31854e-09
16.8165	3.26525	5.60371e-10
16.8498	3.37581	2.29794e-10
16.8831	3.49012	9.08142e-11
16.9164	3.60829	3.45445e-11
16.9497	3.73047	1.26314e-11
16.983	3.85679	4.43398e-12
17.0163	3.98738	1.49211e-12
17.0496	4.1224	4.80678e-13
17.0829	4.26199	1.48017e-13
17.1162	4.4063	4.35021e-14
17.1495	4.5555	1.21833e-14
17.1828	4.70975	3.2461e-15
17.2161	4.86923	8.21435e-16

# DK0 = 5.68434e-13	(data set 8)
0	0.363623	0.0566394
0.0333	0.365362	0.0570636
0.0666	0.366985	0.0574592
0.0999	0.368498	0.0578277
0.1332	0.369908	0.0581706
0.1665	0.37122	0.0584895
0.1998	0.372441	0.0587857
0.2331	0.373575	0.0590609
0.2664	0.374628	0.0593161
0.2997	0.375606	0.0595529
0.333	0.376512	0.0597723
0.3663	0.377353	0.0599755
0.3996	0.378131	0.0601637
0.4329	0.378852	0.0603378
0.4662	0.379519	0.0604989
0.4995	0.380137	0.0606479
0.5328	0.380708	0.0607856
0.5661	0.381235	0.0609128
0.5994	0.381723	0.0610303
0.6327	0.382174	0.0611389
0.666	0.38259	0.0612391
0.6993	0.382974	0.0613317
0.7326	0.383329	0.0614171
0.7659	0.383657	0.0614958
0.7992	0.383959	0.0615685
0.8325	0.384237	0.0616355
0.8658	0.384495	0.0616974
0.8991	0.384732	0.0617544
0.9324	0.38495	0.0618069
0.9657	0.385152	0.0618554
0.999	0.385338	0.0619
1.0323	0.385509	0.0619412
1.0656	0.385667	0.0619791
1.0989	0.385812	0.062014
1.1322	0.385946	0.0620462
1.1655	0.38607	0.0620759
1.1988	0.386184	0.0621032
1.2321	0.386289	0.0621284
1.2654	0.386385	0.0621516
1.2987	0.386474	0.0621729
1.332	0.386556	0.0621926
1.3653	0.386632	0.0622107
1.3986	0.386701	0.0622274
1.4319	0.386765	0.0622427
1.4652	0.386824	0.0622569
1.4985	0.386878	0.0622699
1.5318	0.386928	0.0622819
1.5651	0.386974	0.0622929
1.5984	0.387017	0.0623031
1.6317	0.387056	0.0623125
1.665	0.387092	0.0623211
1.6983	0.387125	0.062329
1.7316	0.387155	0.0623363
1.7649	0.387183	0.0623431
1.7982	0.387209	0.0623493
1.8315	0.387233	0.062355
1.8648	0.387255	0.0623602
1.8981	0.387275	0.062365
1.9314	0.387293	0.0623695
1.9647	0.38731	0.0623736
1.998	0.387326	0.0623773
2.0313	0.387341	0.0623808
2.0646	0.387354	0.062384
2.0979	0.387366	0.062387
2.1312	0.387377	0.0623897
2.1645	0.387388	0.0623922
2.1978	0.387397	0.0623944
2.2311	0.387406	0.0623966
2.2644	0.387414	0.0623985
2.2977	0.387422	0.0624003
2.331	0.387429	0.0624019
2.3643	0.387435	0.0624035
2.3976	0.387441	0.0624049
2.4309	0.387446	0.0624061
2.4642	0.387451	0.0624073
2.4975	0.387456	0.0624084
2.5308	0.38746	0.0624094
2.5641	0.387464	0.0624103
2.5974	0.387467	0.0624112
2.6307	0.38747	0.062412
2.664	0.387473	0.0624127
2.6973	0.387476	0.0624133
2.7306	0.387479	0.062414
2.7639	0.387481	0.0624145
2.7972	0.387483	0.062415
2.8305	0.387485	0.0624155
2.8638	0.387487	0.0624159
2.8971	0.387489	0.0624163
2.9304	0.38749	0.0624167
2.9637	0.387492	0.0624171
2.997	0.387493	0.0624174
3.0303	0.387494	0.0624177
3.0636	0.387495	0.0624179
3.0969	0.387496	0.0624182
3.1302	0.387497	0.0624184
3.1635	0.387498	0.0624186
3.1968	0.387499	0.0624188
3.2301	0.3875	0.062419
3.2634	0.3875	0.0624191
3.2967	0.387501	0.0624193
3.33	0.387502	0.0624194
3.3633	0.387502	0.0624195
3.3966	0.387503	0.0624197
3.4299	0.387503	0.0624198
3.4632	0.387503	0.0624199
3.4965	0.387504	0.06242
3.5298	0.387504	0.06242
3.5631	0.387504	0.0624201
3.5964	0.387505	0.0624202
3.6297	0.387505	0.0624203
3.663	0.387505	0.0624203
3.6963	0.387506	0.0624204
3.7296	0.387506	0.0624204
3.7629	0.387506	0.0624205
3.7962	0.387506	0.0624205
3.8295	0.387506	0.0624205
3.8628	0.387506	0.0624206
3.8961	0.387507	0.0624206
3.9294	0.387507	0.0624206
3.9627	0.387507	0.0624207
3.996	0.387507	0.0624207
4.0293	0.387507	0.0624207
4.0626	0.387507	0.0624207
4.0959	0.387507	0.0624208
4.1292	0.387507	0.0624208
4.1625	0.387507	0.0624208
4.1958	0.387507	0.0624208
4.2291	0.387507	0.0624208
4.2624	0.387508	0.0624208
4.2957	0.387508	0.0624209
4.329	0.387508	0.0624209
4.3623	0.387508	0.0624209
4.3956	0.387508	0.0624209
4.4289	0.387508	0.0624209
4.4622	0.387508	0.0624209
4.4955	0.387508	0.0624209
4.5288	0.387508	0.0624209
4.5621	0.387508	0.0624209
4.5954	0.387508	0.0624209
4.6287	0.387508	0.0624209
4.662	0.387508	0.0624209
4.6953	0.387508	0.062421
4.7286	0.387508	0.062421
4.7619	0.387508	0.062421
4.7952	0.387508	0.062421
4.8285	0.387508	0.062421
4.8618	0.387508	0.062421
4.8951	0.387508	0.062421
4.9284	0.387508	0.062421
4.9617	0.387508	0.062421
4.995	0.387508	0.062421
5.0283	0.387508	0.062421
5.0616	0.387508	0.062421
5.0949	0.387508	0.062421
5.1282	0.387508	0.062421
5.1615	0.387508	0.062421
5.1948	0.387508	0.062421
5.2281	0.387508	0.062421
5.2614	0.387508	0.062421
5.2947	0.387508	0.062421
5.328	0.387508	0.062421
5.3613	0.387508	0.062421
5.3946	0.387508	0.062421
5.4279	0.387508	0.062421
5.4612	0.387508	0.062421
5.4945	0.387508	0.062421
5.5278	0.387508	0.062421
5.5611	0.387508	0.062421
5.5944	0.387508	0.062421
5.6277	0.387508	0.062421
5.661	0.387508	0.062421
5.6943	0.387508	0.062421
5.7276	0.387508	0.062421
5.7609	0.387508	0.062421
5.7942	0.387508	0.062421
5.8275	0.387508	0.062421
5.8608	0.387508	0.062421
5.8941	0.387508	0.062421
5.9274	0.387508	0.062421
5.9607	0.387508	0.062421
5.994	0.387508	0.062421
6.0273	0.387508	0.062421
6.0606	0.387508	0.062421
6.0939	0.387508	0.062421

# DK0 = 8.88178e-15	(data set 9)
0	0.363623	0.0566394
0.0333	0.365362	0.0570636
0.0666	0.366985	0.0574592
0.0999	0.368498	0.0578277
0.1332	0.369908	0.0581706
0.1665	0.37122	0.0584895
0.1998	0.372441	0.0587857
0.2331	0.373575	0.0590609
0.2664	0.374628	0.0593161
0.2997	0.375606	0.0595529
0.333	0.376512	0.0597723
0.3663	0.377353	0.0599755
0.3996	0.378131	0.0601637
0.4329	0.378852	0.0603378
0.4662	0.379519	0.0604989
0.4995	0.380137	0.0606479
0.5328	0.380708	0.0607856
0.5661	0.381235	0.0609128
0.5994	0.381723	0.0610303
0.6327	0.382174	0.0611389
0.666	0.38259	0.0612391
0.6993	0.382974	0.0613317
0.7326	0.383329	0.0614171
0.7659	0.383657	0.0614958
0.7992	0.383959	0.0615685
0.8325	0.384237	0.0616355
0.8658	0.384495	0.0616974
0.8991	0.384732	0.0617544
0.9324	0.38495	0.0618069
0.9657	0.385152	0.0618554
0.999	0.385338	0.0619
1.0323	0.385509	0.0619412
1.0656	0.385667	0.0619791
1.0989	0.385812	0.062014
1.1322	0.385946	0.0620462
1.1655	0.38607	0.0620759
1.1988	0.386184	0.0621032
1.2321	0.386289	0.0621284
1.2654	0.386385	0.0621516
1.2987	0.386474	0.0621729
1.332	0.386556	0.0621926
1.3653	0.386632	0.0622107
1.3986	0.386701	0.0622274
1.4319	0.386765	0.0622427
1.4652	0.386824	0.0622569
1.4985	0.386878	0.0622699
1.5318	0.386928	0.0622819
1.5651	0.386974	0.0622929
1.5984	0.387017	0.0623031
1.6317	0.387056	0.0623125
1.665	0.387092	0.0623211
1.6983	0.387125	0.062329
1.7316	0.387155	0.0623363
1.7649	0.387183	0.0623431
1.7982	0.387209	0.0623493
1.8315	0.387233	0.062355
1.8648	0.387255	0.0623602
1.8981	0.387275	0.062365
1.9314	0.387293	0.0623695
1.9647	0.38731	0.0623736
1.998	0.387326	0.0623773
2.0313	0.387341	0.0623808
2.0646	0.387354	0.062384
2.0979	0.387366	0.062387
2.1312	0.387377	0.0623897
2.1645	0.387388	0.0623922
2.1978	0.387397	0.0623944
2.2311	0.387406	0.0623966
2.2644	0.387414	0.0623985
2.2977	0.387422	0.0624003
2.331	0.387429	0.0624019
2.3643	0.387435	0.0624035
2.3976	0.387441	0.0624049
2.4309	0.387446	0.0624061
2.4642	0.387451	0.0624073
2.4975	0.387456	0.0624084
2.5308	0.38746	0.0624094
2.5641	0.387464	0.0624103
2.5974	0.387467	0.0624112
2.6307	0.38747	0.062412
2.664	0.387473	0.0624127
2.6973	0.387476	0.0624133
2.7306	0.387479	0.062414
2.7639	0.387481	0.0624145
2.7972	0.387483	0.062415
2.8305	0.387485	0.0624155
2.8638	0.387487	0.0624159
2.8971	0.387489	0.0624163
2.9304	0.38749	0.0624167
2.9637	0.387492	0.0624171
2.997	0.387493	0.0624174
3.0303	0.387494	0.0624177
3.0636	0.387495	0.0624179
3.0969	0.387496	0.0624182
3.1302	0.387497	0.0624184
3.1635	0.387498	0.0624186
3.1968	0.387499	0.0624188
3.2301	0.3875	0.062419
3.2634	0.3875	0.0624191
3.2967	0.387501	0.0624193
3.33	0.387502	0.0624194
3.3633	0.387502	0.0624195
3.3966	0.387503	0.0624197
3.4299	0.387503	0.0624198
3.4632	0.387503	0.0624199
3.4965	0.387504	0.06242
3.5298	0.387504	0.06242
3.5631	0.387504	0.0624201
3.5964	0.387505	0.0624202
3.6297	0.387505	0.0624203
3.663	0.387505	0.0624203
3.6963	0.387506	0.0624204
3.7296	0.387506	0.0624204
3.7629	0.387506	0.0624205
3.7962	0.387506	0.0624205
3.8295	0.387506	0.0624205
3.8628	0.387506	0.0624206
3.8961	0.387507	0.0624206
3.9294	0.387507	0.0624206
3.9627	0.387507	0.0624207
3.996	0.387507	0.0624207
4.0293	0.387507	0.0624207
4.0626	0.387507	0.0624207
4.0959	0.387507	0.0624208
4.1292	0.387507	0.0624208
4.1625	0.387507	0.0624208
4.1958	0.387507	0.0624208
4.2291	0.387507	0.0624208
4.2624	0.387508	0.0624208
4.2957	0.387508	0.0624209
4.329	0.387508	0.0624209
4.3623	0.387508	0.0624209
4.3956	0.387508	0.0624209
4.4289	0.387508	0.0624209
4.4622	0.387508	0.0624209
4.4955	0.387508	0.0624209
4.5288	0.387508	0.0624209
4.5621	0.387508	0.0624209
4.5954	0.387508	0.0624209
4.6287	0.387508	0.0624209
4.662	0.387508	0.0624209
4.6953	0.387508	0.062421
4.7286	0.387508	0.062421
4.7619	0.387508	0.062421
4.7952	0.387508	0.062421
4.8285	0.387508	0.062421
4.8618	0.387508	0.062421
4.8951	0.387508	0.062421
4.9284	0.387508	0.062421
4.9617	0.387508	0.062421
4.995	0.387508	0.062421
5.0283	0.387508	0.062421
5.0616	0.387508	0.062421
5.0949	0.387508	0.062421
5.1282	0.387508	0.062421
5.1615	0.387508	0.062421
5.1948	0.387508	0.062421
5.2281	0.387508	0.062421
5.2614	0.387508	0.062421
5.2947	0.387508	0.062421
5.328	0.387508	0.062421
5.3613	0.387508	0.062421
5.3946	0.387508	0.062421
5.4279	0.387508	0.062421
5.4612	0.387508	0.062421
5.4945	0.387508	0.062421
5.5278	0.387508	0.062421
5.5611	0.387508	0.062421
5.5944	0.387508	0.062421
5.6277	0.387508	0.062421
5.661	0.387508	0.062421
5.6943	0.387508	0.062421
5.7276	0.387508	0.062421
5.7609	0.387508	0.062421
5.7942	0.387508	0.062421
5.8275	0.387508	0.062421
5.8608	0.387508	0.062421
5.8941	0.387508	0.062421
5.9274	0.387508	0.062421
5.9607	0.387508	0.062421
5.994	0.387508	0.062421
6.0273	0.387508	0.062421
6.0606	0.387508	0.062421
6.0939	0.387508	0.062421
6.1272	0.387508	0.062421
6.1605	0.387508	0.062421
6.1938	0.387508	0.062421
6.2271	0.387508	0.062421
6.2604	0.387508	0.062421
6.2937	0.387508	0.062421
6.327	0.387508	0.062421
6.3603	0.387508	0.062421
6.3936	0.387508	0.062421
6.4269	0.387508	0.062421
6.4602	0.387508	0.062421
6.4935	0.387508	0.062421
6.5268	0.387508	0.062421
6.5601	0.387508	0.062421
6.5934	0.387508	0.062421
6.6267	0.387508	0.062421
6.66	0.387508	0.062421
6.6933	0.387508	0.062421
6.7266	0.387508	0.062421
6.7599	0.387508	0.062421
6.7932	0.387508	0.062421
6.8265	0.387508	0.062421
6.8598	0.387508	0.062421
6.8931	0.387508	0.062421
6.9264	0.387508	0.062421
6.9597	0.387508	0.062421
6.993	0.387508	0.062421
7.0263	0.387508	0.062421
7.0596	0.387508	0.062421
7.0929	0.387508	0.062421
7.1262	0.387508	0.062421
7.1595	0.387508	0.062421

# DK0 = 1.38778e-16	(data set 10)
0	0.363623	0.0566394
0.0333	0.365362	0.0570636
0.0666	0.366985	0.0574592
0.0999	0.368498	0.0578277
0.1332	0.369908	0.0581706
0.1665	0.37122	0.0584895
0.1998	0.372441	0.0587857
0.2331	0.373575	0.0590609
0.2664	0.374628	0.0593161
0.2997	0.375606	0.0595529
0.333	0.376512	0.0597723
0.3663	0.377353	0.0599755
0.3996	0.378131	0.0601637
0.4329	0.378852	0.0603378
0.4662	0.379519	0.0604989
0.4995	0.380137	0.0606479
0.5328	0.380708	0.0607856
0.5661	0.381235	0.0609128
0.5994	0.381723	0.0610303
0.6327	0.382174	0.0611389
0.666	0.38259	0.0612391
0.6993	0.382974	0.0613317
0.7326	0.383329	0.0614171
0.7659	0.383657	0.0614958
0.7992	0.383959	0.0615685
0.8325	0.384237	0.0616355
0.8658	0.384495	0.0616974
0.8991	0.384732	0.0617544
0.9324	0.38495	0.0618069
0.9657	0.385152	0.0618554
0.999	0.385338	0.0619
1.0323	0.385509	0.0619412
1.0656	0.385667	0.0619791
1.0989	0.385812	0.062014
1.1322	0.385946	0.0620462
1.1655	0.38607	0.0620759
1.1988	0.386184	0.0621032
1.2321	0.386289	0.0621284
1.2654	0.386385	0.0621516
1.2987	0.386474	0.0621729
1.332	0.386556	0.0621926
1.3653	0.386632	0.0622107
1.3986	0.386701	0.0622274
1.4319	0.386765	0.0622427
1.4652	0.386824	0.0622569
1.4985	0.386878	0.0622699
1.5318	0.386928	0.0622819
1.5651	0.386974	0.0622929
1.5984	0.387017	0.0623031
1.6317	0.387056	0.0623125
1.665	0.387092	0.0623211
1.6983	0.387125	0.062329
1.7316	0.387155	0.0623363
1.7649	0.387183	0.0623431
1.7982	0.387209	0.0623493
1.8315	0.387233	0.062355
1.8648	0.387255	0.0623602
1.8981	0.387275	0.062365
1.9314	0.387293	0.0623695
1.9647	0.38731	0.0623736
1.998	0.387326	0.0623773
2.0313	0.387341	0.0623808
2.0646	0.387354	0.062384
2.0979	0.387366	0.062387
2.1312	0.387377	0.0623897
2.1645	0.387388	0.0623922
2.1978	0.387397	0.0623944
2.2311	0.387406	0.0623966
2.2644	0.387414	0.0623985
2.2977	0.387422	0.0624003
2.331	0.387429	0.0624019
2.3643	0.387435	0.0624035
2.3976	0.387441	0.0624049
2.4309	0.387446	0.0624061
2.4642	0.387451	0.0624073
2.4975	0.387456	0.0624084
2.5308	0.38746	0.0624094
2.5641	0.387464	0.0624103
2.5974	0.387467	0.0624112
2.6307	0.38747	0.062412
2.664	0.387473	0.0624127
2.6973	0.387476	0.0624133
2.7306	0.387479	0.062414
2.7639	0.387481	0.0624145
2.7972	0.387483	0.062415
2.8305	0.387485	0.0624155
2.8638	0.387487	0.0624159
2.8971	0.387489	0.0624163
2.9304	0.38749	0.0624167
2.9637	0.387492	0.0624171
2.997	0.387493	0.0624174
3.0303	0.387494	0.0624177
3.0636	0.387495	0.0624179
3.0969	0.387496	0.0624182
3.1302	0.387497	0.0624184
3.1635	0.387498	0.0624186
3.1968	0.387499	0.0624188
3.2301	0.3875	0.062419
3.2634	0.3875	0.0624191
3.2967	0.387501	0.0624193
3.33	0.387502	0.0624194
3.3633	0.387502	0.0624195
3.3966	0.387503	0.0624197
3.4299	0.387503	0.0624198
3.4632	0.387503	0.0624199
3.4965	0.387504	0.06242
3.5298	0.387504	0.06242
3.5631	0.387504	0.0624201
3.5964	0.387505	0.0624202
3.6297	0.387505	0.0624203
3.663	0.387505	0.0624203
3.6963	0.387506	0.0624204
3.7296	0.387506	0.0624204
3.7629	0.387506	0.0624205
3.7962	0.387506	0.0624205
3.8295	0.387506	0.0624205
3.8628	0.387506	0.0624206
3.8961	0.387507	0.0624206
3.9294	0.387507	0.0624206
3.9627	0.387507	0.0624207
3.996	0.387507	0.0624207
4.0293	0.387507	0.0624207
4.0626	0.387507	0.0624207
4.0959	0.387507	0.0624208
4.1292	0.387507	0.0624208
4.1625	0.387507	0.0624208
4.1958	0.387507	0.0624208
4.2291	0.387507	0.0624208
4.2624	0.387508	0.0624208
4.2957	0.387508	0.0624209
4.329	0.387508	0.0624209
4.3623	0.387508	0.0624209
4.3956	0.387508	0.0624209
4.4289	0.387508	0.0624209
4.4622	0.387508	0.0624209
4.4955	0.387508	0.0624209
4.5288	0.387508	0.0624209
4.5621	0.387508	0.0624209
4.5954	0.387508	0.0624209
4.6287	0.387508	0.0624209
4.662	0.387508	0.0624209
4.6953	0.387508	0.062421
4.7286	0.387508	0.062421
4.7619	0.387508	0.062421
4.7952	0.387508	0.062421
4.8285	0.387508	0.062421
4.8618	0.387508	0.062421
4.8951	0.387508	0.062421
4.9284	0.387508	0.062421
4.9617	0.387508	0.062421
4.995	0.387508	0.062421
5.0283	0.387508	0.062421
5.0616	0.387508	0.062421
5.0949	0.387508	0.062421
5.1282	0.387508	0.062421
5.1615	0.387508	0.062421
5.1948	0.387508	0.062421
5.2281	0.387508	0.062421
5.2614	0.387508	0.062421
5.2947	0.387508	0.062421
5.328	0.387508	0.062421
5.3613	0.387508	0.062421
5.3946	0.387508	0.062421
5.4279	0.387508	0.062421
5.4612	0.387508	0.062421
5.4945	0.387508	0.062421
5.5278	0.387508	0.062421
5.5611	0.387508	0.062421
5.5944	0.387508	0.062421
5.6277	0.387508	0.062421
5.661	0.387508	0.062421
5.6943	0.387508	0.062421
5.7276	0.387508	0.062421
5.7609	0.387508	0.062421
5.7942	0.387508	0.062421
5.8275	0.387508	0.062421
5.8608	0.387508	0.062421
5.8941	0.387508	0.062421
5.9274	0.387508	0.062421
5.9607	0.387508	0.062421
5.994	0.387508	0.062421
6.0273	0.387508	0.062421
6.0606	0.387508	0.062421
6.0939	0.387508	0.062421
6.1272	0.387508	0.062421
6.1605	0.387508	0.062421
6.1938	0.387508	0.062421
6.2271	0.387508	0.062421
6.2604	0.387508	0.062421
6.2937	0.387508	0.062421
6.327	0.387508	0.062421
6.3603	0.387508	0.062421
6.3936	0.387508	0.062421
6.4269	0.387508	0.062421
6.4602	0.387508	0.062421
6.4935	0.387508	0.062421
6.5268	0.387508	0.062421
6.5601	0.387508	0.062421
6.5934	0.387508	0.062421
6.6267	0.387508	0.062421
6.66	0.387508	0.062421
6.6933	0.387508	0.062421
6.7266	0.387508	0.062421
6.7599	0.387508	0.062421
6.7932	0.387508	0.062421
6.8265	0.387508	0.062421
6.8598	0.387508	0.062421
6.8931	0.387508	0.062421
6.9264	0.387508	0.062421
6.9597	0.387508	0.062421
6.993	0.387508	0.062421
7.0263	0.387508	0.062421
7.0596	0.387508	0.062421
7.0929	0.387508	0.062421
7.1262	0.387508	0.062421
7.1595	0.387508	0.062421
7.1928	0.387508	0.062421
7.2261	0.387508	0.062421
7.2594	0.387508	0.062421
7.2927	0.387508	0.062421
7.326	0.387508	0.062421
7.3593	0.387508	0.062421
7.3926	0.387508	0.062421
7.4259	0.387508	0.062421
7.4592	0.387508	0.062421
7.4925	0.387508	0.062421
7.5258	0.387508	0.062421
7.5591	0.387508	0.062421
7.5924	0.387508	0.062421
7.6257	0.387508	0.062421
7.659	0.387508	0.062421
7.6923	0.387508	0.062421
7.7256	0.387508	0.062421
7.7589	0.387508	0.062421
7.7922	0.387508	0.062421
7.8255	0.387508	0.062421
7.8588	0.387508	0.062421
7.8921	0.387508	0.062421
7.9254	0.387508	0.062421
7.9587	0.387508	0.062421
7.992	0.387508	0.062421
8.0253	0.387508	0.062421
8.0586	0.387508	0.062421
8.0919	0.387508	0.062421
8.1252	0.387508	0.062421
8.1585	0.387508	0.062421
8.1918	0.387508	0.062421
8.2251	0.387508	0.062421
8.2584	0.387508	0.062421
8.2917	0.387508	0.062421
8.325	0.387508	0.062421
8.3583	0.387508	0.062421
8.3916	0.387508	0.062421
8.4249	0.387508	0.062421
8.4582	0.387508	0.062421
8.4915	0.387508	0.062421
8.5248	0.387508	0.062421
8.5581	0.387508	0.062421
8.5914	0.387508	0.062421
8.6247	0.387508	0.062421
8.658	0.387508	0.062421
8.6913	0.387508	0.062421
8.7246	0.387508	0.062421
8.7579	0.387508	0.062421
8.7912	0.387508	0.062421
8.8245	0.387508	0.062421
8.8578	0.387508	0.062421
8.8911	0.387508	0.062421
8.9244	0.387508	0.062421
8.9577	0.387508	0.062421
8.991	0.387508	0.062421
9.0243	0.387508	0.062421
9.0576	0.387508	0.062421
9.0909	0.387508	0.062421
9.1242	0.387508	0.062421
9.1575	0.387508	0.062421
9.1908	0.387508	0.062421
9.2241	0.387508	0.062421
9.2574	0.387508	0.062421
9.2907	0.387508	0.062421
9.324	0.387508	0.062421
9.3573	0.387508	0.062421
9.3906	0.387508	0.062421
9.4239	0.387508	0.062421
9.4572	0.387508	0.062421
9.4905	0.387508	0.062421
9.5238	0.387508	0.062421
9.5571	0.387508	0.062421
9.5904	0.387508	0.062421
9.6237	0.387508	0.062421
9.657	0.387508	0.062421
9.6903	0.387508	0.062421
9.7236	0.387508	0.062421
9.7569	0.387508	0.062421
9.7902	0.387508	0.062421
9.8235	0.387508	0.062421
9.8568	0.387508	0.062421
9.8901	0.387508	0.062421
9.9234	0.387508	0.062421
9.9567	0.387508	0.062421
9.99	0.387508	0.062421
10.0233	0.387508	0.062421
10.0566	0.387508	0.062421
10.0899	0.387508	0.062421
10.1232	0.387508	0.062421
10.1565	0.387508	0.062421
10.1898	0.387508	0.062421
10.2231	0.387508	0.062421
10.2564	0.387508	0.062421
10.2897	0.387508	0.062421
10.323	0.387508	0.062421
10.3563	0.387508	0.062421
10.3896	0.387508	0.062421
10.4229	0.387508	0.062421
10.4562	0.387508	0.062421
10.4895	0.387508	0.062421
10.5228	0.387508	0.062421
10.5561	0.387508	0.062421
10.5894	0.387508	0.062421
10.6227	0.387508	0.062421
10.656	0.387508	0.062421
10.6893	0.387508	0.062421
10.7226	0.387508	0.062421
10.7559	0.387508	0.062421
10.7892	0.387508	0.062421
10.8225	0.387508	0.062421
10.8558	0.387508	0.062421
10.8891	0.387508	0.062421
10.9224	0.387508	0.062421
10.9557	0.387508	0.062421
10.989	0.387508	0.062421
11.0223	0.387508	0.062421
11.0556	0.387508	0.062421
11.0889	0.387508	0.062421
11.1222	0.387508	0.062421
11.1555	0.387508	0.062421
11.1888	0.387508	0.062421
11.2221	0.387508	0.062421
11.2554	0.387508	0.062421
11.2887	0.387508	0.062421
11.322	0.387508	0.062421
11.3553	0.387508	0.062421
11.3886	0.387508	0.062421
11.4219	0.387508	0.062421
11.4552	0.387508	0.062421
11.4885	0.387508	0.062421
11.5218	0.387508	0.062421
11.5551	0.387508	0.062421
11.5884	0.387508	0.062421
11.6217	0.387508	0.062421
11.655	0.387508	0.062421
11.6883	0.387508	0.062421
11.7216	0.387508	0.062421
11.7549	0.387508	0.062421
11.7882	0.387508	0.062421
11.8215	0.387508	0.062421
11.8548	0.387508	0.062421
11.8881	0.387508	0.062421
11.9214	0.387508	0.062421
11.9547	0.387508	0.062421
11.988	0.387508	0.062421
12.0213	0.387508	0.062421
12.0546	0.387508	0.062421
12.0879	0.387508	0.062421
12.1212	0.387508	0.062421
12.1545	0.387508	0.062421
12.1878	0.387508	0.062421
12.2211	0.387508	0.062421
12.2544	0.387508	0.062421
12.2877	0.387508	0.062421
12.321	0.387508	0.062421
12.3543	0.387508	0.062421
12.3876	0.387508	0.062421
12.4209	0.387508	0.062421
12.4542	0.387508	0.062421
12.4875	0.387508	0.062421
12.5208	0.387508	0.062421
12.5541	0.387508	0.062421
12.5874	0.387508	0.062421
12.6207	0.387508	0.062421
12.654	0.387508	0.062421
12.6873	0.387508	0.062421
12.7206	0.387508	0.062421
12.7539	0.387508	0.062421
12.7872	0.387508	0.062421
12.8205	0.387508	0.062421
12.8538	0.387508	0.062421
12.8871	0.387508	0.062421
12.9204	0.387508	0.062421
12.9537	0.387508	0.062421
12.987	0.387508	0.062421
13.0203	0.387508	0.062421
13.0536	0.387508	0.062421
13.0869	0.387508	0.062421
13.1202	0.387508	0.062421
13.1535	0.387508	0.062421
13.1868	0.387508	0.062421
13.2201	0.387508	0.062421
13.2534	0.387508	0.062421
13.2867	0.387508	0.062421
13.32	0.387508	0.062421
13.3533	0.387508	0.062421
13.3866	0.387508	0.062421
13.4199	0.387508	0.062421
13.4532	0.387508	0.062421
13.4865	0.387508	0.062421
13.5198	0.387508	0.062421
13.5531	0.387508	0.062421
13.5864	0.387508	0.062421
13.6197	0.387508	0.062421
13.653	0.387508	0.062421
13.6863	0.387508	0.062421
13.7196	0.387508	0.062421
13.7529	0.387508	0.0624209
13.7862	0.387508	0.0624209
13.8195	0.387508	0.0624209
13.8528	0.387508	0.0624209
13.8861	0.387508	0.0624209
13.9194	0.387508	0.0624209
13.9527	0.387508	0.0624209
13.986	0.387508	0.0624209
14.0193	0.387508	0.0624209
14.0526	0.387508	0.0624209
14.0859	0.387508	0.0624209
14.1192	0.387508	0.0624209
14.1525	0.387508	0.0624209
14.1858	0.387508	0.0624209
14.2191	0.387508	0.0624209
14.2524	0.387508	0.0624209
14.2857	0.387509	0.0624209
14.319	0.387509	0.0624209
14.3523	0.387509	0.0624209
14.3856	0.387509	0.0624209
14.4189	0.387509	0.0624209
14.4522	0.387509	0.0624208
14.4855	0.387509	0.0624208
14.5188	0.387509	0.0624208
14.5521	0.387509	0.0624208
14.5854	0.387509	0.0624208
14.6187	0.387509	0.0624208
14.652	0.387509	0.0624208
14.6853	0.387509	0.0624208
14.7186	0.387509	0.0624208
14.7519	0.387509	0.0624208
14.7852	0.387509	0.0624207
14.8185	0.387509	0.0624207
14.8518	0.387509	0.0624207
14.8851	0.387509	0.0624207
14.9184	0.387509	0.0624207
14.9517	0.387509	0.0624207
14.985	0.387509	0.0624206
15.0183	0.387509	0.0624206
15.0516	0.387509	0.0624206
15.0849	0.387509	0.0624206
15.1182	0.387509	0.0624206
15.1515	0.387509	0.0624205
15.1848	0.387509	0.0624205
15.2181	0.387509	0.0624205
15.2514	0.38751	0.0624205
15.2847	0.38751	0.0624204
15.318	0.38751	0.0624204
15.3513	0.38751	0.0624204
15.3846	0.38751	0.0624204
15.4179	0.38751	0.0624203
15.4512	0.38751	0.0624203
15.4845	0.38751	0.0624203
15.5178	0.38751	0.0624202
15.5511	0.38751	0.0624202
15.5844	0.38751	0.0624201
15.6177	0.38751	0.0624201
15.651	0.387511	0.06242
15.6843	0.387511	0.06242
15.7176	0.387511	0.0624199
15.7509	0.387511	0.0624199
15.7842	0.387511	0.0624198
15.8175	0.387511	0.0624198
15.8508	0.387511	0.0624197
15.8841	0.387512	0.0624196
15.9174	0.387512	0.0624196
15.9507	0.387512	0.0624195
15.984	0.387512	0.0624194
16.0173	0.387512	0.0624193
16.0506	0.387513	0.0624193
16.0839	0.387513	0.0624192
16.1172	0.387513	0.0624191
16.1505	0.387513	0.062419
16.1838	0.387513	0.0624189
16.2171	0.387514	0.0624188
16.2504	0.387514	0.0624187
16.2837	0.387514	0.0624185
16.317	0.387515	0.0624184
16.3503	0.387515	0.0624183
16.3836	0.387515	0.0624181
16.4169	0.387516	0.062418
16.4502	0.387516	0.0624178
16.4835	0.387516	0.0624177
16.5168	0.387517	0.0624175
16.5501	0.387517	0.0624173
16.5834	0.387518	0.0624171
16.6167	0.387518	0.062417
16.65	0.387519	0.0624167
16.6833	0.387519	0.0624165
16.7166	0.38752	0.0624163
16.7499	0.387521	0.0624161
16.7832	0.387521	0.0624158
16.8165	0.387522	0.0624155
16.8498	0.387522	0.0624153
16.8831	0.387523	0.062415
16.9164	0.387524	0.0624147
16.9497	0.387525	0.0624143
16.983	0.387526	0.062414
17.0163	0.387527	0.0624137
17.0496	0.387527	0.0624133
17.0829	0.387528	0.0624129
17.1162	0.387529	0.0624125
17.1495	0.387531	0.062412
17.1828	0.387532	0.0624116
17.2161	0.387533	0.0624111
17.2494	0.387534	0.0624106
17.2827	0.387535	0.0624101
17.316	0.387537	0.0624095
17.3493	0.387538	0.0624089
17.3826	0.38754	0.0624083
17.4159	0.387541	0.0624077
17.4492	0.387543	0.062407
17.4825	0.387545	0.0624063
17.5158	0.387547	0.0624055
17.5491	0.387549	0.0624048
17.5824	0.387551	0.0624039
17.6157	0.387553	0.0624031
17.649	0.387555	0.0624022
17.6823	0.387558	0.0624012
17.7156	0.38756	0.0624002
17.7489	0.387563	0.0623991
17.7822	0.387566	0.062398
17.8155	0.387568	0.0623969
17.8488	0.387572	0.0623956
17.8821	0.387575	0.0623943
17.9154	0.387578	0.062393
17.9487	0.387582	0.0623916
17.982	0.387585	0.0623901
18.0153	0.387589	0.0623885
18.0486	0.387593	0.0623868
18.0819	0.387598	0.0623851
18.1152	0.387602	0.0623833
18.1485	0.387607	0.0623814
18.1818	0.387612	0.0623793
18.2151	0.387617	0.0623772
18.2484	0.387623	0.062375
18.2817	0.387629	0.0623727
18.315	0.387635	0.0623702
18.3483	0.387641	0.0623676
18.3816	0.387648	0.0623649
18.4149	0.387655	0.0623621
18.4482	0.387663	0.0623591
18.4815	0.387671	0.0623559
18.5148	0.387679	0.0623526
18.5481	0.387688	0.0623492
18.5814	0.387697	0.0623455
18.6147	0.387706	0.0623417
18.648	0.387716	0.0623376
18.6813	0.387727	0.0623334
18.7146	0.387738	0.062329
18.7479	0.38775	0.0623243
18.7812	0.387762	0.0623194
18.8145	0.387775	0.0623142
18.8478	0.387788	0.0623088
18.8811	0.387803	0.0623031
18.9144	0.387818	0.0622971
18.9477	0.387833	0.0622908
18.981	0.38785	0.0622842
19.0143	0.387867	0.0622773
19.0476	0.387885	0.06227
19.0809	0.387905	0.0622623
19.1142	0.387925	0.0622542
19.1475	0.387946	0.0622458
19.1808	0.387968	0.0622369
19.2141	0.387992	0.0622275
19.2474	0.388016	0.0622177
19.2807	0.388042	0.0622074
19.314	0.388069	0.0621966
19.3473	0.388098	0.0621852
19.3806	0.388128	0.0621732
19.4139	0.388159	0.0621607
19.4472	0.388192	0.0621475
19.4805	0.388227	0.0621336
19.5138	0.388264	0.062119
19.5471	0.388302	0.0621037
19.5804	0.388342	0.0620876
19.6137	0.388385	0.0620707
19.647	0.388429	0.062053
19.6803	0.388476	0.0620344
19.7136	0.388525	0.0620148
19.7469	0.388577	0.0619942
19.7802	0.388632	0.0619726
19.8135	0.388689	0.0619499
19.8468	0.388749	0.061926
19.8801	0.388812	0.061901
19.9134	0.388878	0.0618747
19.9467	0.388948	0.061847
19.98	0.389021	0.061818
20.0133	0.389098	0.0617875
20.0466	0.389179	0.0617555
20.0799	0.389264	0.0617219
20.1132	0.389353	0.0616866
20.1465	0.389447	0.0616495
20.1798	0.389546	0.0616106
20.2131	0.389649	0.0615697
20.2464	0.389758	0.0615267
20.2797	0.389873	0.0614816
20.313	0.389993	0.0614343
20.3463	0.390119	0.0613846
20.3796	0.390252	0.0613324
20.4129	0.390392	0.0612776
20.4462	0.390539	0.0612201
20.4795	0.390693	0.0611597
20.5128	0.390855	0.0610963
20.5461	0.391026	0.0610298
20.5794	0.391205	0.0609599
20.6127	0.391393	0.0608866
20.646	0.391591	0.0608097
20.6793	0.391799	0.060729
20.7126	0.392017	0.0606443
20.7459	0.392247	0.0605554
20.7792	0.392488	0.0604622
20.8125	0.392742	0.0603644
20.8458	0.393008	0.0602618
20.8791	0.393289	0.0601542
20.9124	0.393583	0.0600413
20.9457	0.393893	0.0599229
20.979	0.394219	0.0597988
21.0123	0.394561	0.0596686
21.0456	0.39492	0.0595322
21.0789	0.395298	0.0593892
21.1122	0.395696	0.0592393
21.1455	0.396114	0.0590822
21.1788	0.396553	0.0589176
21.2121	0.397014	0.0587452
21.2454	0.3975	0.0585646
21.2787	0.39801	0.0583754
21.312	0.398546	0.0581773
21.3453	0.39911	0.0579699
21.3786	0.399703	0.0577528
21.4119	0.400327	0.0575256
21.4452	0.400982	0.0572878
21.4785	0.401671	0.0570391
21.5118	0.402396	0.056779
21.5451	0.403157	0.056507
21.5784	0.403959	0.0562226
21.6117	0.404801	0.0559255
21.645	0.405687	0.055615
21.6783	0.406618	0.0552907
21.7116	0.407598	0.0549521
21.7449	0.408628	0.0545986
21.7782	0.409712	0.0542297
21.8115	0.410852	0.053845
21.8448	0.412051	0.0534437
21.8781	0.413312	0.0530255
21.9114	0.414638	0.0525898
21.9447	0.416033	0.052136
21.978	0.417501	0.0516637
22.0113	0.419045	0.0511722
22.0446	0.42067	0.050661
22.0779	0.422379	0.0501297
22.1112	0.424177	0.0495778
22.1445	0.42607	0.0490048
22.1778	0.428061	0.0484102
22.2111	0.430157	0.0477936
22.2444	0.432362	0.0471547
22.2777	0.434684	0.0464931
22.311	0.437127	0.0458085
22.3443	0.439698	0.0451007
22.3776	0.442405	0.0443694
22.4109	0.445254	0.0436146
22.4442	0.448254	0.0428361
22.4775	0.451412	0.0420341
22.5108	0.454737	0.0412085
22.5441	0.458239	0.0403596
22.5774	0.461925	0.0394877
22.6107	0.465807	0.0385932
22.644	0.469895	0.0376766
22.6773	0.474201	0.0367385
22.7106	0.478735	0.0357797
22.7439	0.483511	0.0348011
22.7772	0.48854	0.0338037
22.8105	0.493838	0.0327887
22.8438	0.499418	0.0317574
22.8771	0.505295	0.0307113
22.9104	0.511486	0.029652
22.9437	0.518007	0.0285814
22.977	0.524875	0.0275013
23.0103	0.532109	0.0264138
23.0436	0.539728	0.0253212
23.0769	0.547752	0.0242258
23.1102	0.556203	0.0231301
23.1435	0.565101	0.0220367
23.1768	0.57447	0.0209482
23.2101	0.584334	0.0198675
23.2434	0.594718	0.0187973
23.2767	0.605646	0.0177405
23.31	0.617146	0.0166999
23.3433	0.629244	0.0156784
23.3766	0.641971	0.0146787
23.4099	0.655353	0.0137036
23.4432	0.669422	0.0127556
23.4765	0.684208	0.0118372
23.5098	0.699743	0.0109507
23.5431	0.716059	0.010098
23.5764	0.733188	0.00928104
23.6097	0.751163	0.0085014
23.643	0.770019	0.00776036
23.6763	0.789789	0.00705894
23.7096	0.810507	0.00639783
23.7429	0.832208	0.00577743
23.7762	0.854927	0.00519779
23.8095	0.878698	0.0046587
23.8428	0.903556	0.00415963
23.8761	0.929536	0.00369975
23.9094	0.956673	0.003278
23.9427	0.985002	0.00289306
23.976	1.01456	0.00254163
24.0093	1.04539	0.00221252
24.0426	1.07754	0.0019062
24.0759	1.11107	0.00162466
24.1092	1.14603	0.00136921
24.1425	1.18246	0.00114046
24.1758	1.22041	0.000938394
24.2091	1.25991	0.000762365
24.2424	1.301	0.000611209
24.2757	1.34372	0.000483322
24.309	1.3881	0.000376762
24.3423	1.43418	0.000289362
24.3756	1.48199	0.000218835
24.4089	1.53156	0.00016287
24.4422	1.58295	0.000119223
24.4755	1.63618	8.57857e-05
24.5088	1.6913	6.06369e-05
24.5421	1.74836	4.20779e-05
24.5754	1.80741	2.86474e-05
24.6087	1.86849	1.91224e-05
24.642	1.93168	1.25064e-05
24.6753	1.99704	8.00846e-06
24.7086	2.06462	5.0174e-06
24.7419	2.13451	3.07326e-06
24.7752	2.20677	1.83897e-06
24.8085	2.28148	1.07415e-06
24.8418	2.35872	6.1194e-07
24.8751	2.43859	3.39736e-07
24.9084	2.52116	1.83647e-07
24.9417	2.60653	9.65698e-08
24.975	2.69478	4.93525e-08
25.0083	2.78603	2.44888e-08
25.0416	2.88037	1.17864e-08
25.0749	2.9779	5.49673e-09
25.1082	3.07873	2.48126e-09
25.1415	3.18298	1.08294e-09
25.1748	3.29076	4.56465e-10
25.2081	3.40218	1.85596e-10
25.2414	3.51738	7.27035e-11
25.2747	3.63649	2.74046e-11
25.308	3.75962	9.92671e-12
25.3413	3.88692	3.45077e-12
25.3746	4.01854	1.14961e-12
25.4079	4.15461	3.66507e-13
25.4412	4.29528	1.11652e-13
25.4745	4.44073	3.24512e-14
25.5078	4.59109	8.98437e-15
25.5411	4.74655	2.36549e-15
25.5744	4.90727	5.91277e-16

