l	K	y

# DK0 = 2.5	(data set 1)
0	5	0.00719188

# DK0 = 0.0390625	(data set 2)
0	1.48438	0.231074
0.0333	1.07469	0.187198
0.0666	0.87928	0.164959
0.0999	0.762151	0.149107
0.1332	0.683759	0.137159
0.1665	0.627447	0.127898
0.1998	0.584946	0.120566
0.2331	0.551675	0.114671
0.2664	0.524883	0.109874
0.2997	0.502817	0.105941
0.333	0.484302	0.102701
0.3663	0.46852	0.100028
0.3996	0.454883	0.0978262
0.4329	0.442957	0.0960233
0.4662	0.432413	0.0945625
0.4995	0.422998	0.0933996
0.5328	0.414512	0.0924994
0.5661	0.406797	0.0918342
0.5994	0.399723	0.0913819
0.6327	0.393185	0.0911251
0.666	0.387095	0.09105
0.6993	0.381379	0.091146
0.7326	0.375974	0.0914053
0.7659	0.370827	0.0918221
0.7992	0.365891	0.092393
0.8325	0.361126	0.0931161
0.8658	0.356495	0.0939914
0.8991	0.351969	0.0950205
0.9324	0.347517	0.0962063
0.9657	0.343115	0.0975535
0.999	0.338739	0.0990683
1.0323	0.334369	0.100758
1.0656	0.329985	0.102633
1.0989	0.32557	0.104704
1.1322	0.321106	0.106984
1.1655	0.316578	0.109489
1.1988	0.311972	0.112235
1.2321	0.307275	0.115244
1.2654	0.302473	0.118538
1.2987	0.297555	0.122144
1.332	0.29251	0.126093
1.3653	0.287328	0.130418
1.3986	0.281998	0.135159
1.4319	0.276512	0.140362
1.4652	0.270862	0.146078
1.4985	0.265041	0.152366
1.5318	0.259042	0.159294
1.5651	0.252861	0.166942
1.5984	0.246492	0.175399
1.6317	0.239934	0.184771
1.665	0.233184	0.19518
1.6983	0.226243	0.206766
1.7316	0.219113	0.219696
1.7649	0.211796	0.234162
1.7982	0.204299	0.25039
1.8315	0.196631	0.268648
1.8648	0.1888	0.289249
1.8981	0.180821	0.312566
1.9314	0.17271	0.339038
1.9647	0.164486	0.369191
1.998	0.15617	0.403649
2.0313	0.14779	0.443162
2.0646	0.139372	0.488626
2.0979	0.13095	0.541119
2.1312	0.122557	0.601942
2.1645	0.114231	0.672662
2.1978	0.106011	0.755178
2.2311	0.0979375	0.851793
2.2644	0.0900519	0.965301
2.2977	0.0823953	1.0991
2.331	0.0750074	1.25734
2.3643	0.0679257	1.44506
2.3976	0.0611843	1.66842
2.4309	0.0548128	1.93494
2.4642	0.0488355	2.25382
2.4975	0.0432706	2.63628
2.5308	0.0381295	3.09606
2.5641	0.0334169	3.64994
2.5974	0.0291309	4.31845
2.6307	0.025263	5.12669
2.664	0.021799	6.10533
2.6973	0.0187196	7.29185
2.7306	0.0160019	8.7321
2.7639	0.0136199	10.482
2.7972	0.0115458	12.6101
2.8305	0.0097509	15.1999
2.8638	0.00820659	18.3534
2.8971	0.00688502	22.1954
2.9304	0.00575964	26.8781
2.9637	0.00480567	32.5876
2.997	0.00400031	39.5509
3.0303	0.00332294	48.0454
3.0636	0.00275513	58.4099
3.0969	0.00228058	71.0581
3.1302	0.00188502	86.4949
3.1635	0.00155607	105.337
3.1968	0.0012831	128.339
3.2301	0.00105698	156.419
3.2634	0.000869969	190.701
3.2967	0.000715522	232.556
3.33	0.000588121	283.661
3.3633	0.00048314	346.059
3.3966	0.000396711	422.25
3.4299	0.000325612	515.283
3.4632	0.000267164	628.883
3.4965	0.000219142	767.599
3.5298	0.000179706	936.986
3.5631	0.000147336	1143.83
3.5964	0.000120774	1396.4
3.6297	9.89852e-05	1704.83
3.663	8.11167e-05	2081.47
3.6963	6.64663e-05	2541.39
3.7296	5.44567e-05	3103.02
3.7629	4.46135e-05	3788.85
3.7962	3.6547e-05	4626.35
3.8295	2.99373e-05	5649.07
3.8628	2.45217e-05	6897.96
3.8961	2.0085e-05	8423.05
3.9294	1.64505e-05	10285.4
3.9627	1.34733e-05	12559.6
3.996	1.10346e-05	15336.8
4.0293	9.03714e-06	18728.2
4.0626	7.40113e-06	22869.6
4.0959	6.0612e-06	27926.9
4.1292	4.96379e-06	34102.7
4.1625	4.06504e-06	41644.3
4.1958	3.32898e-06	50853.8
4.2291	2.72619e-06	62100
4.2624	2.23253e-06	75833.4
4.2957	1.82825e-06	92604
4.329	1.49718e-06	113084
4.3623	1.22605e-06	138093
4.3956	1.00402e-06	168632
4.4289	8.22199e-07	205926
4.4622	6.73301e-07	251468
4.4955	5.51367e-07	307082
4.5288	4.51515e-07	374995
4.5621	3.69745e-07	457927
4.5954	3.02784e-07	559201
4.6287	2.47949e-07	682873
4.662	2.03045e-07	833895
4.6953	1.66273e-07	1.01832e+06
4.7286	1.3616e-07	1.24353e+06
4.7619	1.11501e-07	1.51854e+06
4.7952	9.13078e-08	1.85438e+06
4.8285	7.47716e-08	2.26449e+06
4.8618	6.12301e-08	2.7653e+06
4.8951	5.01411e-08	3.37687e+06
4.9284	4.10603e-08	4.1237e+06
4.9617	3.3624e-08	5.03568e+06
4.995	2.75346e-08	6.14937e+06
5.0283	2.25479e-08	7.50935e+06
5.0616	1.84644e-08	9.17011e+06
5.0949	1.51204e-08	1.11982e+07
5.1282	1.2382e-08	1.36747e+07
5.1615	1.01396e-08	1.6699e+07
5.1948	8.30322e-09	2.03921e+07
5.2281	6.79947e-09	2.4902e+07
5.2614	5.56805e-09	3.04093e+07
5.2947	4.55964e-09	3.71346e+07
5.328	3.73387e-09	4.53472e+07
5.3613	3.05764e-09	5.53761e+07
5.3946	2.50389e-09	6.76231e+07
5.4279	2.05042e-09	8.25785e+07
5.4612	1.67908e-09	1.00841e+08
5.4945	1.37499e-09	1.23143e+08
5.5278	1.12597e-09	1.50378e+08
5.5611	9.22051e-10	1.83635e+08
5.5944	7.55062e-10	2.24247e+08
5.6277	6.18316e-10	2.73841e+08
5.661	5.06336e-10	3.34404e+08
5.6943	4.14636e-10	4.0836e+08
5.7276	3.39543e-10	4.98672e+08
5.7609	2.7805e-10	6.08958e+08
5.7942	2.27693e-10	7.43634e+08
5.8275	1.86457e-10	9.08095e+08
5.8608	1.52689e-10	1.10893e+09
5.8941	1.25036e-10	1.35418e+09
5.9274	1.02391e-10	1.65366e+09
5.9607	8.38475e-11	2.01939e+09
5.994	6.86623e-11	2.46599e+09

# DK0 = 0.000610352	(data set 3)
0	1.52466	0.222067
0.0333	1.11014	0.177703
0.0666	0.912814	0.15542
0.0999	0.794362	0.139713
0.1332	0.715145	0.127737
0.1665	0.6584	0.118334
0.1998	0.615766	0.110777
0.2331	0.582597	0.104589
0.2664	0.556098	0.0994452
0.2997	0.534482	0.0951142
0.333	0.516555	0.0914292
0.3663	0.501482	0.0882656
0.3996	0.488667	0.0855288
0.4329	0.477667	0.0831454
0.4662	0.468149	0.081058
0.4995	0.459857	0.0792205
0.5328	0.45259	0.077596
0.5661	0.446189	0.0761541
0.5994	0.440524	0.0748698
0.6327	0.435491	0.0737226
0.666	0.431005	0.0726948
0.6993	0.426993	0.071772
0.7326	0.423395	0.0709414
0.7659	0.42016	0.0701926
0.7992	0.417246	0.0695161
0.8325	0.414615	0.0689041
0.8658	0.412236	0.0683497
0.8991	0.410081	0.0678468
0.9324	0.408126	0.06739
0.9657	0.406349	0.0669748
0.999	0.404734	0.0665971
1.0323	0.403262	0.0662531
1.0656	0.401921	0.0659396
1.0989	0.400698	0.0656538
1.1322	0.39958	0.0653931
1.1655	0.398559	0.0651552
1.1988	0.397625	0.0649379
1.2321	0.396769	0.0647396
1.2654	0.395986	0.0645584
1.2987	0.395268	0.0643929
1.332	0.394609	0.0642417
1.3653	0.394004	0.0641037
1.3986	0.393448	0.0639776
1.4319	0.392937	0.0638625
1.4652	0.392467	0.0637575
1.4985	0.392035	0.0636617
1.5318	0.391636	0.0635744
1.5651	0.391269	0.0634949
1.5984	0.39093	0.0634226
1.6317	0.390617	0.0633569
1.665	0.390327	0.0632973
1.6983	0.390059	0.0632434
1.7316	0.389811	0.0631946
1.7649	0.389581	0.0631507
1.7982	0.389367	0.0631113
1.8315	0.389168	0.063076
1.8648	0.388982	0.0630446
1.8981	0.388809	0.0630168
1.9314	0.388647	0.0629924
1.9647	0.388495	0.0629711
1.998	0.388352	0.0629528
2.0313	0.388218	0.0629372
2.0646	0.38809	0.0629243
2.0979	0.38797	0.0629139
2.1312	0.387855	0.0629058
2.1645	0.387746	0.0629
2.1978	0.387641	0.0628963
2.2311	0.38754	0.0628946
2.2644	0.387443	0.062895
2.2977	0.387348	0.0628972
2.331	0.387256	0.0629013
2.3643	0.387167	0.0629073
2.3976	0.387078	0.062915
2.4309	0.386991	0.0629245
2.4642	0.386905	0.0629357
2.4975	0.386819	0.0629487
2.5308	0.386733	0.0629634
2.5641	0.386647	0.0629798
2.5974	0.38656	0.0629979
2.6307	0.386473	0.0630178
2.664	0.386384	0.0630395
2.6973	0.386293	0.063063
2.7306	0.3862	0.0630884
2.7639	0.386106	0.0631156
2.7972	0.386008	0.0631449
2.8305	0.385908	0.0631761
2.8638	0.385805	0.0632093
2.8971	0.385698	0.0632447
2.9304	0.385587	0.0632824
2.9637	0.385472	0.0633223
2.997	0.385353	0.0633646
3.0303	0.385229	0.0634095
3.0636	0.3851	0.0634569
3.0969	0.384966	0.063507
3.1302	0.384825	0.0635599
3.1635	0.384678	0.0636159
3.1968	0.384525	0.0636749
3.2301	0.384365	0.0637372
3.2634	0.384197	0.0638028
3.2967	0.384022	0.0638721
3.33	0.383838	0.0639451
3.3633	0.383646	0.0640221
3.3966	0.383444	0.0641031
3.4299	0.383232	0.0641886
3.4632	0.38301	0.0642786
3.4965	0.382778	0.0643734
3.5298	0.382534	0.0644733
3.5631	0.382278	0.0645786
3.5964	0.382009	0.0646894
3.6297	0.381727	0.0648062
3.663	0.381431	0.0649292
3.6963	0.38112	0.0650588
3.7296	0.380794	0.0651954
3.7629	0.380452	0.0653392
3.7962	0.380092	0.0654908
3.8295	0.379715	0.0656505
3.8628	0.379319	0.0658188
3.8961	0.378902	0.0659962
3.9294	0.378465	0.0661831
3.9627	0.378007	0.0663803
3.996	0.377525	0.0665881
4.0293	0.377019	0.0668072
4.0626	0.376487	0.0670383
4.0959	0.375929	0.0672821
4.1292	0.375344	0.0675393
4.1625	0.374728	0.0678107
4.1958	0.374082	0.0680972
4.2291	0.373404	0.0683996
4.2624	0.372692	0.0687189
4.2957	0.371944	0.0690561
4.329	0.371159	0.0694123
4.3623	0.370334	0.0697888
4.3956	0.369469	0.0701867
4.4289	0.36856	0.0706073
4.4622	0.367607	0.0710522
4.4955	0.366606	0.0715229
4.5288	0.365555	0.0720211
4.5621	0.364452	0.0725484
4.5954	0.363294	0.073107
4.6287	0.36208	0.0736987
4.662	0.360805	0.0743259
4.6953	0.359467	0.0749911
4.7286	0.358064	0.0756967
4.7619	0.356592	0.0764457
4.7952	0.355048	0.077241
4.8285	0.353428	0.0780861
4.8618	0.351729	0.0789846
4.8951	0.349947	0.0799403
4.9284	0.348079	0.0809575
4.9617	0.346121	0.082041
4.995	0.344068	0.0831958
5.0283	0.341917	0.0844274
5.0616	0.339662	0.0857421
5.0949	0.3373	0.0871465
5.1282	0.334826	0.088648
5.1615	0.332235	0.0902547
5.1948	0.329521	0.0919755
5.2281	0.326681	0.0938204
5.2614	0.323709	0.0958002
5.2947	0.320598	0.0979272
5.328	0.317345	0.100215
5.3613	0.313944	0.102678
5.3946	0.310388	0.105333
5.4279	0.306673	0.1082
5.4612	0.302792	0.111298
5.4945	0.298741	0.114652
5.5278	0.294514	0.118288
5.5611	0.290104	0.122236
5.5944	0.285508	0.126529
5.6277	0.280719	0.131206
5.661	0.275734	0.13631
5.6943	0.270547	0.141891
5.7276	0.265155	0.148004
5.7609	0.259555	0.154715
5.7942	0.253743	0.162098
5.8275	0.247717	0.170237
5.8608	0.241478	0.179231
5.8941	0.235024	0.189194
5.9274	0.228357	0.200259
5.9607	0.221481	0.212578
5.994	0.214399	0.226331

# DK0 = 9.53674e-06	(data set 4)
0	1.52472	0.222054
0.0333	1.11019	0.17769
0.0666	0.912863	0.155406
0.0999	0.794409	0.1397
0.1332	0.71519	0.127724
0.1665	0.658445	0.118321
0.1998	0.615811	0.110764
0.2331	0.582642	0.104576
0.2664	0.556143	0.099431
0.2997	0.534529	0.0950996
0.333	0.516602	0.091414
0.3663	0.50153	0.0882498
0.3996	0.488716	0.0855124
0.4329	0.477718	0.0831283
0.4662	0.468201	0.0810401
0.4995	0.459911	0.0792019
0.5328	0.452646	0.0775765
0.5661	0.446247	0.0761337
0.5994	0.440584	0.0748485
0.6327	0.435554	0.0737002
0.666	0.43107	0.0726714
0.6993	0.427061	0.0717474
0.7326	0.423465	0.0709157
0.7659	0.420234	0.0701656
0.7992	0.417323	0.0694878
0.8325	0.414695	0.0688744
0.8658	0.41232	0.0683185
0.8991	0.410168	0.0678141
0.9324	0.408217	0.0673557
0.9657	0.406444	0.0669388
0.999	0.404833	0.0665592
1.0323	0.403367	0.0662133
1.0656	0.40203	0.0658979
1.0989	0.400812	0.06561
1.1322	0.3997	0.0653471
1.1655	0.398684	0.0651068
1.1988	0.397756	0.0648871
1.2321	0.396907	0.0646862
1.2654	0.39613	0.0645023
1.2987	0.395418	0.064334
1.332	0.394767	0.0641799
1.3653	0.39417	0.0640387
1.3986	0.393622	0.0639093
1.4319	0.39312	0.0637907
1.4652	0.392659	0.0636821
1.4985	0.392236	0.0635824
1.5318	0.391847	0.0634911
1.5651	0.39149	0.0634074
1.5984	0.391162	0.0633306
1.6317	0.39086	0.0632603
1.665	0.390583	0.0631958
1.6983	0.390328	0.0631367
1.7316	0.390093	0.0630825
1.7649	0.389877	0.0630329
1.7982	0.389678	0.0629875
1.8315	0.389494	0.0629459
1.8648	0.389325	0.0629079
1.8981	0.389169	0.0628732
1.9314	0.389025	0.0628414
1.9647	0.388892	0.0628125
1.998	0.388769	0.0627861
2.0313	0.388656	0.062762
2.0646	0.388551	0.0627402
2.0979	0.388453	0.0627204
2.1312	0.388363	0.0627024
2.1645	0.388279	0.0626862
2.1978	0.388201	0.0626716
2.2311	0.388129	0.0626585
2.2644	0.388061	0.0626468
2.2977	0.387998	0.0626364
2.331	0.387939	0.0626273
2.3643	0.387884	0.0626192
2.3976	0.387832	0.0626123
2.4309	0.387783	0.0626063
2.4642	0.387737	0.0626013
2.4975	0.387693	0.0625972
2.5308	0.387651	0.0625939
2.5641	0.387612	0.0625915
2.5974	0.387574	0.0625898
2.6307	0.387538	0.0625888
2.664	0.387502	0.0625886
2.6973	0.387469	0.0625891
2.7306	0.387436	0.0625902
2.7639	0.387403	0.0625919
2.7972	0.387372	0.0625944
2.8305	0.387341	0.0625974
2.8638	0.38731	0.062601
2.8971	0.38728	0.0626053
2.9304	0.387249	0.0626101
2.9637	0.387219	0.0626156
2.997	0.387188	0.0626217
3.0303	0.387157	0.0626284
3.0636	0.387126	0.0626357
3.0969	0.387094	0.0626436
3.1302	0.387061	0.0626522
3.1635	0.387028	0.0626615
3.1968	0.386994	0.0626714
3.2301	0.386959	0.062682
3.2634	0.386923	0.0626933
3.2967	0.386886	0.0627054
3.33	0.386847	0.0627182
3.3633	0.386807	0.0627318
3.3966	0.386766	0.0627462
3.4299	0.386723	0.0627615
3.4632	0.386678	0.0627777
3.4965	0.386631	0.0627947
3.5298	0.386582	0.0628128
3.5631	0.386531	0.0628318
3.5964	0.386478	0.0628519
3.6297	0.386422	0.0628731
3.663	0.386364	0.0628954
3.6963	0.386303	0.062919
3.7296	0.38624	0.0629438
3.7629	0.386173	0.0629699
3.7962	0.386103	0.0629974
3.8295	0.386029	0.0630264
3.8628	0.385952	0.0630569
3.8961	0.385872	0.063089
3.9294	0.385787	0.0631227
3.9627	0.385698	0.0631583
3.996	0.385605	0.0631957
4.0293	0.385507	0.063235
4.0626	0.385404	0.0632764
4.0959	0.385297	0.06332
4.1292	0.385183	0.0633658
4.1625	0.385064	0.063414
4.1958	0.38494	0.0634647
4.2291	0.384808	0.0635181
4.2624	0.384671	0.0635742
4.2957	0.384526	0.0636332
4.329	0.384374	0.0636954
4.3623	0.384215	0.0637607
4.3956	0.384047	0.0638295
4.4289	0.383871	0.0639019
4.4622	0.383686	0.063978
4.4955	0.383492	0.0640582
4.5288	0.383288	0.0641425
4.5621	0.383073	0.0642312
4.5954	0.382848	0.0643246
4.6287	0.382611	0.0644229
4.662	0.382363	0.0645264
4.6953	0.382102	0.0646353
4.7286	0.381828	0.06475
4.7619	0.381539	0.0648707
4.7952	0.381237	0.0649978
4.8285	0.380919	0.0651317
4.8618	0.380585	0.0652727
4.8951	0.380234	0.0654212
4.9284	0.379866	0.0655777
4.9617	0.379479	0.0657425
4.995	0.379072	0.0659162
5.0283	0.378645	0.0660992
5.0616	0.378197	0.0662921
5.0949	0.377726	0.0664954
5.1282	0.377231	0.0667098
5.1615	0.376711	0.0669359
5.1948	0.376165	0.0671743
5.2281	0.375592	0.0674258
5.2614	0.37499	0.0676911
5.2947	0.374358	0.0679711
5.328	0.373694	0.0682667
5.3613	0.372997	0.0685787
5.3946	0.372265	0.0689082
5.4279	0.371496	0.0692562
5.4612	0.370689	0.0696239
5.4945	0.369842	0.0700125
5.5278	0.368953	0.0704233
5.5611	0.368019	0.0708577
5.5944	0.367038	0.0713172
5.6277	0.366009	0.0718034
5.661	0.364929	0.0723181
5.6943	0.363796	0.072863
5.7276	0.362606	0.0734403
5.7609	0.361357	0.0740521
5.7942	0.360047	0.0747007
5.8275	0.358673	0.0753887
5.8608	0.357231	0.0761187
5.8941	0.355718	0.0768938
5.9274	0.354131	0.0777172
5.9607	0.352466	0.0785923
5.994	0.350721	0.079523

# DK0 = 1.49012e-07	(data set 5)
0	1.52473	0.222051
0.0333	1.1102	0.177687
0.0666	0.912874	0.155403
0.0999	0.794419	0.139697
0.1332	0.715201	0.127721
0.1665	0.658455	0.118318
0.1998	0.615822	0.11076
0.2331	0.582653	0.104572
0.2664	0.556154	0.0994277
0.2997	0.534539	0.0950961
0.333	0.516613	0.0914105
0.3663	0.501542	0.0882461
0.3996	0.488728	0.0855085
0.4329	0.47773	0.0831243
0.4662	0.468214	0.0810359
0.4995	0.459924	0.0791975
0.5328	0.452659	0.0775719
0.5661	0.44626	0.0761289
0.5994	0.440598	0.0748435
0.6327	0.435569	0.073695
0.666	0.431085	0.0726659
0.6993	0.427076	0.0717417
0.7326	0.423482	0.0709097
0.7659	0.420251	0.0701592
0.7992	0.417341	0.0694812
0.8325	0.414714	0.0688675
0.8658	0.412339	0.0683112
0.8991	0.410188	0.0678064
0.9324	0.408238	0.0673476
0.9657	0.406467	0.0669303
0.999	0.404856	0.0665503
1.0323	0.403391	0.066204
1.0656	0.402056	0.0658881
1.0989	0.400839	0.0655997
1.1322	0.399728	0.0653363
1.1655	0.398713	0.0650955
1.1988	0.397787	0.0648752
1.2321	0.396939	0.0646737
1.2654	0.396164	0.0644892
1.2987	0.395454	0.0643202
1.332	0.394804	0.0641654
1.3653	0.394209	0.0640234
1.3986	0.393663	0.0638933
1.4319	0.393163	0.0637739
1.4652	0.392704	0.0636644
1.4985	0.392283	0.0635639
1.5318	0.391897	0.0634716
1.5651	0.391542	0.0633869
1.5984	0.391217	0.0633091
1.6317	0.390918	0.0632377
1.665	0.390643	0.063172
1.6983	0.390391	0.0631117
1.7316	0.390159	0.0630563
1.7649	0.389946	0.0630054
1.7982	0.389751	0.0629585
1.8315	0.389571	0.0629155
1.8648	0.389406	0.0628759
1.8981	0.389254	0.0628395
1.9314	0.389114	0.0628061
1.9647	0.388985	0.0627753
1.998	0.388867	0.062747
2.0313	0.388759	0.062721
2.0646	0.388659	0.0626971
2.0979	0.388567	0.0626751
2.1312	0.388482	0.0626548
2.1645	0.388404	0.0626362
2.1978	0.388333	0.0626191
2.2311	0.388267	0.0626033
2.2644	0.388206	0.0625888
2.2977	0.38815	0.0625755
2.331	0.388099	0.0625632
2.3643	0.388052	0.0625519
2.3976	0.388009	0.0625415
2.4309	0.387969	0.062532
2.4642	0.387932	0.0625232
2.4975	0.387898	0.0625151
2.5308	0.387867	0.0625077
2.5641	0.387838	0.0625008
2.5974	0.387812	0.0624945
2.6307	0.387787	0.0624887
2.664	0.387765	0.0624834
2.6973	0.387744	0.0624785
2.7306	0.387725	0.062474
2.7639	0.387708	0.0624699
2.7972	0.387692	0.0624661
2.8305	0.387677	0.0624626
2.8638	0.387663	0.0624593
2.8971	0.387651	0.0624564
2.9304	0.387639	0.0624537
2.9637	0.387628	0.0624512
2.997	0.387619	0.0624489
3.0303	0.38761	0.0624468
3.0636	0.387601	0.0624448
3.0969	0.387593	0.0624431
3.1302	0.387586	0.0624414
3.1635	0.38758	0.06244
3.1968	0.387574	0.0624386
3.2301	0.387568	0.0624374
3.2634	0.387563	0.0624362
3.2967	0.387558	0.0624352
3.33	0.387554	0.0624342
3.3633	0.38755	0.0624334
3.3966	0.387546	0.0624326
3.4299	0.387542	0.0624319
3.4632	0.387539	0.0624312
3.4965	0.387536	0.0624306
3.5298	0.387533	0.0624301
3.5631	0.387531	0.0624296
3.5964	0.387528	0.0624292
3.6297	0.387526	0.0624288
3.663	0.387524	0.0624285
3.6963	0.387522	0.0624282
3.7296	0.38752	0.062428
3.7629	0.387518	0.0624277
3.7962	0.387516	0.0624276
3.8295	0.387515	0.0624274
3.8628	0.387513	0.0624273
3.8961	0.387512	0.0624272
3.9294	0.387511	0.0624272
3.9627	0.387509	0.0624271
3.996	0.387508	0.0624271
4.0293	0.387507	0.0624271
4.0626	0.387505	0.0624272
4.0959	0.387504	0.0624272
4.1292	0.387503	0.0624273
4.1625	0.387502	0.0624274
4.1958	0.387501	0.0624276
4.2291	0.3875	0.0624277
4.2624	0.387499	0.0624279
4.2957	0.387498	0.0624281
4.329	0.387496	0.0624283
4.3623	0.387495	0.0624286
4.3956	0.387494	0.0624288
4.4289	0.387493	0.0624291
4.4622	0.387492	0.0624294
4.4955	0.387491	0.0624298
4.5288	0.387489	0.0624301
4.5621	0.387488	0.0624305
4.5954	0.387487	0.0624309
4.6287	0.387485	0.0624314
4.662	0.387484	0.0624318
4.6953	0.387483	0.0624323
4.7286	0.387481	0.0624329
4.7619	0.387479	0.0624334
4.7952	0.387478	0.062434
4.8285	0.387476	0.0624346
4.8618	0.387474	0.0624353
4.8951	0.387472	0.062436
4.9284	0.387471	0.0624367
4.9617	0.387469	0.0624375
4.995	0.387466	0.0624383
5.0283	0.387464	0.0624391
5.0616	0.387462	0.06244
5.0949	0.387459	0.062441
5.1282	0.387457	0.062442
5.1615	0.387454	0.062443
5.1948	0.387451	0.0624441
5.2281	0.387448	0.0624453
5.2614	0.387445	0.0624465
5.2947	0.387442	0.0624478
5.328	0.387439	0.0624491
5.3613	0.387435	0.0624505
5.3946	0.387431	0.062452
5.4279	0.387427	0.0624536
5.4612	0.387423	0.0624553
5.4945	0.387419	0.062457
5.5278	0.387414	0.0624588
5.5611	0.387409	0.0624607
5.5944	0.387404	0.0624627
5.6277	0.387399	0.0624649
5.661	0.387394	0.0624671
5.6943	0.387388	0.0624694
5.7276	0.387382	0.0624719
5.7609	0.387375	0.0624745
5.7942	0.387368	0.0624772
5.8275	0.387361	0.06248
5.8608	0.387354	0.062483
5.8941	0.387346	0.0624862
5.9274	0.387338	0.0624895
5.9607	0.387329	0.062493
5.994	0.38732	0.0624966

# DK0 = 2.32831e-09	(data set 6)
0	1.52473	0.222051
0.0333	1.1102	0.177687
0.0666	0.912874	0.155403
0.0999	0.79442	0.139697
0.1332	0.715201	0.127721
0.1665	0.658455	0.118318
0.1998	0.615822	0.11076
0.2331	0.582653	0.104572
0.2664	0.556154	0.0994277
0.2997	0.53454	0.0950961
0.333	0.516613	0.0914104
0.3663	0.501542	0.0882461
0.3996	0.488728	0.0855085
0.4329	0.47773	0.0831243
0.4662	0.468214	0.0810359
0.4995	0.459924	0.0791975
0.5328	0.452659	0.0775719
0.5661	0.44626	0.0761288
0.5994	0.440598	0.0748435
0.6327	0.435569	0.0736949
0.666	0.431085	0.0726659
0.6993	0.427076	0.0717416
0.7326	0.423482	0.0709096
0.7659	0.420251	0.0701592
0.7992	0.417341	0.0694811
0.8325	0.414714	0.0688674
0.8658	0.412339	0.0683112
0.8991	0.410189	0.0678063
0.9324	0.408238	0.0673476
0.9657	0.406467	0.0669303
0.999	0.404857	0.0665503
1.0323	0.403391	0.066204
1.0656	0.402056	0.0658881
1.0989	0.400839	0.0655997
1.1322	0.399728	0.0653362
1.1655	0.398714	0.0650954
1.1988	0.397787	0.0648752
1.2321	0.396939	0.0646736
1.2654	0.396164	0.0644891
1.2987	0.395454	0.0643201
1.332	0.394804	0.0641653
1.3653	0.394209	0.0640234
1.3986	0.393663	0.0638932
1.4319	0.393163	0.0637738
1.4652	0.392704	0.0636643
1.4985	0.392283	0.0635638
1.5318	0.391897	0.0634715
1.5651	0.391542	0.0633868
1.5984	0.391217	0.063309
1.6317	0.390918	0.0632375
1.665	0.390643	0.0631719
1.6983	0.390391	0.0631116
1.7316	0.39016	0.0630562
1.7649	0.389947	0.0630052
1.7982	0.389751	0.0629584
1.8315	0.389571	0.0629153
1.8648	0.389406	0.0628758
1.8981	0.389254	0.0628394
1.9314	0.389114	0.0628059
1.9647	0.388986	0.0627751
1.998	0.388868	0.0627468
2.0313	0.388759	0.0627208
2.0646	0.388659	0.0626969
2.0979	0.388567	0.0626749
2.1312	0.388483	0.0626546
2.1645	0.388405	0.062636
2.1978	0.388333	0.0626188
2.2311	0.388268	0.062603
2.2644	0.388207	0.0625885
2.2977	0.388151	0.0625752
2.331	0.3881	0.0625629
2.3643	0.388053	0.0625516
2.3976	0.388009	0.0625412
2.4309	0.387969	0.0625316
2.4642	0.387933	0.0625228
2.4975	0.387899	0.0625147
2.5308	0.387868	0.0625072
2.5641	0.387839	0.0625003
2.5974	0.387813	0.062494
2.6307	0.387789	0.0624882
2.664	0.387766	0.0624829
2.6973	0.387746	0.0624779
2.7306	0.387727	0.0624734
2.7639	0.387709	0.0624692
2.7972	0.387693	0.0624654
2.8305	0.387679	0.0624619
2.8638	0.387665	0.0624586
2.8971	0.387653	0.0624556
2.9304	0.387641	0.0624529
2.9637	0.387631	0.0624503
2.997	0.387621	0.062448
3.0303	0.387612	0.0624458
3.0636	0.387604	0.0624439
3.0969	0.387596	0.062442
3.1302	0.387589	0.0624404
3.1635	0.387583	0.0624388
3.1968	0.387577	0.0624374
3.2301	0.387571	0.0624361
3.2634	0.387566	0.0624349
3.2967	0.387562	0.0624338
3.33	0.387557	0.0624327
3.3633	0.387554	0.0624318
3.3966	0.38755	0.0624309
3.4299	0.387547	0.0624301
3.4632	0.387544	0.0624294
3.4965	0.387541	0.0624287
3.5298	0.387538	0.0624281
3.5631	0.387536	0.0624275
3.5964	0.387534	0.062427
3.6297	0.387532	0.0624265
3.663	0.38753	0.0624261
3.6963	0.387528	0.0624257
3.7296	0.387527	0.0624253
3.7629	0.387525	0.0624249
3.7962	0.387524	0.0624246
3.8295	0.387523	0.0624243
3.8628	0.387521	0.062424
3.8961	0.38752	0.0624238
3.9294	0.38752	0.0624235
3.9627	0.387519	0.0624233
3.996	0.387518	0.0624231
4.0293	0.387517	0.0624229
4.0626	0.387516	0.0624228
4.0959	0.387516	0.0624226
4.1292	0.387515	0.0624225
4.1625	0.387515	0.0624223
4.1958	0.387514	0.0624222
4.2291	0.387514	0.0624221
4.2624	0.387513	0.062422
4.2957	0.387513	0.0624219
4.329	0.387513	0.0624218
4.3623	0.387512	0.0624217
4.3956	0.387512	0.0624216
4.4289	0.387512	0.0624215
4.4622	0.387512	0.0624215
4.4955	0.387512	0.0624214
4.5288	0.387511	0.0624213
4.5621	0.387511	0.0624213
4.5954	0.387511	0.0624212
4.6287	0.387511	0.0624212
4.662	0.387511	0.0624211
4.6953	0.387511	0.0624211
4.7286	0.387511	0.062421
4.7619	0.387511	0.062421
4.7952	0.38751	0.0624209
4.8285	0.38751	0.0624209
4.8618	0.38751	0.0624208
4.8951	0.38751	0.0624208
4.9284	0.38751	0.0624208
4.9617	0.38751	0.0624207
4.995	0.38751	0.0624207
5.0283	0.38751	0.0624206
5.0616	0.38751	0.0624206
5.0949	0.38751	0.0624205
5.1282	0.38751	0.0624205
5.1615	0.38751	0.0624205
5.1948	0.38751	0.0624204
5.2281	0.38751	0.0624204
5.2614	0.387511	0.0624203
5.2947	0.387511	0.0624203
5.328	0.387511	0.0624202
5.3613	0.387511	0.0624202
5.3946	0.387511	0.0624201
5.4279	0.387511	0.0624201
5.4612	0.387511	0.06242
5.4945	0.387511	0.06242
5.5278	0.387511	0.0624199
5.5611	0.387511	0.0624198
5.5944	0.387512	0.0624198
5.6277	0.387512	0.0624197
5.661	0.387512	0.0624196
5.6943	0.387512	0.0624196
5.7276	0.387512	0.0624195
5.7609	0.387512	0.0624194
5.7942	0.387513	0.0624193
5.8275	0.387513	0.0624192
5.8608	0.387513	0.0624191
5.8941	0.387513	0.062419
5.9274	0.387513	0.0624189
5.9607	0.387514	0.0624188
5.994	0.387514	0.0624187
6.0273	0.387514	0.0624186
6.0606	0.387515	0.0624185
6.0939	0.387515	0.0624183
6.1272	0.387515	0.0624182
6.1605	0.387516	0.0624181
6.1938	0.387516	0.0624179
6.2271	0.387516	0.0624177
6.2604	0.387517	0.0624176
6.2937	0.387517	0.0624174
6.327	0.387518	0.0624172
6.3603	0.387518	0.062417
6.3936	0.387519	0.0624168
6.4269	0.387519	0.0624166
6.4602	0.38752	0.0624164
6.4935	0.38752	0.0624161
6.5268	0.387521	0.0624159
6.5601	0.387522	0.0624156
6.5934	0.387522	0.0624154
6.6267	0.387523	0.0624151
6.66	0.387524	0.0624148
6.6933	0.387525	0.0624145
6.7266	0.387525	0.0624141
6.7599	0.387526	0.0624138
6.7932	0.387527	0.0624134
6.8265	0.387528	0.062413
6.8598	0.387529	0.0624126
6.8931	0.38753	0.0624122
6.9264	0.387531	0.0624117
6.9597	0.387532	0.0624113
6.993	0.387534	0.0624108
7.0263	0.387535	0.0624102
7.0596	0.387536	0.0624097
7.0929	0.387538	0.0624091
7.1262	0.387539	0.0624085
7.1595	0.387541	0.0624079
7.1928	0.387543	0.0624072
7.2261	0.387544	0.0624065
7.2594	0.387546	0.0624058
7.2927	0.387548	0.062405
7.326	0.38755	0.0624042
7.3593	0.387552	0.0624033
7.3926	0.387554	0.0624024
7.4259	0.387557	0.0624015
7.4592	0.387559	0.0624005
7.4925	0.387562	0.0623995
7.5258	0.387565	0.0623984
7.5591	0.387568	0.0623972
7.5924	0.387571	0.062396
7.6257	0.387574	0.0623947
7.659	0.387577	0.0623934
7.6923	0.387581	0.062392
7.7256	0.387584	0.0623905
7.7589	0.387588	0.062389
7.7922	0.387592	0.0623874
7.8255	0.387596	0.0623857
7.8588	0.387601	0.0623839
7.8921	0.387606	0.062382
7.9254	0.387611	0.06238
7.9587	0.387616	0.0623779
7.992	0.387621	0.0623757
8.0253	0.387627	0.0623734
8.0586	0.387633	0.062371
8.0919	0.387639	0.0623685
8.1252	0.387646	0.0623658
8.1585	0.387653	0.062363
8.1918	0.38766	0.06236
8.2251	0.387668	0.0623569
8.2584	0.387676	0.0623537
8.2917	0.387685	0.0623503
8.325	0.387694	0.0623467
8.3583	0.387703	0.0623429
8.3916	0.387713	0.0623389
8.4249	0.387724	0.0623348
8.4582	0.387734	0.0623304
8.4915	0.387746	0.0623258
8.5248	0.387758	0.0623209
8.5581	0.387771	0.0623159
8.5914	0.387784	0.0623105
8.6247	0.387798	0.0623049
8.658	0.387813	0.062299
8.6913	0.387828	0.0622928
8.7246	0.387845	0.0622863
8.7579	0.387862	0.0622795
8.7912	0.38788	0.0622723
8.8245	0.387899	0.0622647
8.8578	0.387918	0.0622568
8.8911	0.387939	0.0622485
8.9244	0.387961	0.0622397
8.9577	0.387984	0.0622305
8.991	0.388008	0.0622209
9.0243	0.388034	0.0622107
9.0576	0.388061	0.0622
9.0909	0.388089	0.0621888
9.1242	0.388118	0.062177
9.1575	0.388149	0.0621647
9.1908	0.388182	0.0621517
9.2241	0.388216	0.062138
9.2574	0.388252	0.0621237
9.2907	0.38829	0.0621086
9.324	0.38833	0.0620928
9.3573	0.388371	0.0620761
9.3906	0.388415	0.0620587
9.4239	0.388461	0.0620403
9.4572	0.38851	0.062021
9.4905	0.388561	0.0620008
9.5238	0.388614	0.0619795
9.5571	0.38867	0.0619571
9.5904	0.38873	0.0619336
9.6237	0.388792	0.061909
9.657	0.388857	0.0618831
9.6903	0.388926	0.0618559
9.7236	0.388998	0.0618273
9.7569	0.389073	0.0617973
9.7902	0.389153	0.0617657
9.8235	0.389237	0.0617326
9.8568	0.389325	0.0616978
9.8901	0.389417	0.0616613
9.9234	0.389514	0.061623
9.9567	0.389616	0.0615827
9.99	0.389723	0.0615404
10.0233	0.389836	0.061496
10.0566	0.389955	0.0614494
10.0899	0.390079	0.0614004
10.1232	0.39021	0.061349
10.1565	0.390347	0.0612951
10.1898	0.390492	0.0612384
10.2231	0.390644	0.0611789
10.2564	0.390803	0.0611165
10.2897	0.390971	0.061051
10.323	0.391148	0.0609822
10.3563	0.391333	0.06091
10.3896	0.391528	0.0608342
10.4229	0.391732	0.0607547
10.4562	0.391947	0.0606713
10.4895	0.392173	0.0605837
10.5228	0.392411	0.0604919
10.5561	0.392661	0.0603955
10.5894	0.392923	0.0602945
10.6227	0.393199	0.0601884
10.656	0.393489	0.0600772
10.6893	0.393794	0.0599606
10.7226	0.394115	0.0598383
10.7559	0.394452	0.0597101
10.7892	0.394806	0.0595757
10.8225	0.395178	0.0594347
10.8558	0.395569	0.059287
10.8891	0.39598	0.0591322
10.9224	0.396413	0.05897
10.9557	0.396867	0.0588001
10.989	0.397345	0.0586221
11.0223	0.397847	0.0584356
11.0556	0.398375	0.0582403
11.0889	0.398931	0.0580359
11.1222	0.399514	0.0578219
11.1555	0.400128	0.0575979
11.1888	0.400773	0.0573635
11.2221	0.401451	0.0571182
11.2554	0.402165	0.0568617
11.2887	0.402915	0.0565935
11.322	0.403703	0.0563131
11.3553	0.404532	0.05602
11.3886	0.405404	0.0557137
11.4219	0.406321	0.0553938
11.4552	0.407286	0.0550597
11.4885	0.4083	0.054711
11.5218	0.409367	0.054347
11.5551	0.410489	0.0539673
11.5884	0.411668	0.0535713
11.6217	0.41291	0.0531585
11.655	0.414215	0.0527283
11.6883	0.415588	0.0522802
11.7216	0.417033	0.0518137
11.7549	0.418553	0.0513283
11.7882	0.420152	0.0508233
11.8215	0.421834	0.0502984
11.8548	0.423604	0.049753
11.8881	0.425467	0.0491866
11.9214	0.427426	0.0485988
11.9547	0.429489	0.0479892
11.988	0.431659	0.0473573
12.0213	0.433943	0.0467029
12.0546	0.436348	0.0460255
12.0879	0.438878	0.045325
12.1212	0.441542	0.0446011
12.1545	0.444346	0.0438536
12.1878	0.447297	0.0430826
12.2211	0.450405	0.0422879
12.2544	0.453677	0.0414697
12.2877	0.457122	0.0406281
12.321	0.460749	0.0397634
12.3543	0.464569	0.0388759
12.3876	0.468592	0.0379662
12.4209	0.472828	0.0370347
12.4542	0.477289	0.0360823
12.4875	0.481987	0.0351098
12.5208	0.486936	0.0341182
12.5541	0.492148	0.0331086
12.5874	0.497638	0.0320822
12.6207	0.503421	0.0310406
12.654	0.509512	0.0299853
12.6873	0.515927	0.028918
12.7206	0.522684	0.0278406
12.7539	0.529802	0.0267553
12.7872	0.537298	0.025664
12.8205	0.545193	0.0245692
12.8538	0.553508	0.0234733
12.8871	0.562263	0.0223789
12.9204	0.571482	0.0212886
12.9537	0.581189	0.0202051
12.987	0.591407	0.0191313
13.0203	0.602161	0.01807
13.0536	0.613479	0.017024
13.0869	0.625387	0.0159963
13.1202	0.637913	0.0149895
13.1535	0.651087	0.0140064
13.1868	0.664938	0.0130496
13.2201	0.679496	0.0121217
13.2534	0.694793	0.0112249
13.2867	0.71086	0.0103614
13.32	0.727731	0.00953308
13.3533	0.745438	0.0087416
13.3866	0.764014	0.00798835
13.4199	0.783494	0.00727443
13.4532	0.803911	0.00660063
13.4865	0.8253	0.00596744
13.5198	0.847696	0.00537504
13.5531	0.871134	0.0048233
13.5864	0.895647	0.00431176
13.6197	0.921272	0.0038397
13.653	0.948043	0.00340613
13.6863	0.975994	0.00300981
13.7196	1.00516	0.00264904
13.7529	1.03559	0.00231331
13.7862	1.06732	0.0019996
13.8195	1.10041	0.00171012
13.8528	1.13492	0.0014464
13.8861	1.17089	0.00120926
13.9194	1.20835	0.00099887
13.9527	1.24736	0.000814784
13.986	1.28795	0.000655988
14.0193	1.33015	0.000521004
14.0526	1.37401	0.000407986
14.0859	1.41955	0.000314825
14.1192	1.46682	0.00023926
14.1525	1.51584	0.000178978
14.1858	1.56665	0.000131706
14.2191	1.6193	9.52855e-05
14.2524	1.67382	6.77331e-05
14.2857	1.73027	4.72776e-05
14.319	1.78869	3.23828e-05
14.3523	1.84913	2.17515e-05
14.3856	1.91165	1.43183e-05
14.4189	1.97632	9.23028e-06
14.4522	2.0432	5.82307e-06
14.4855	2.11236	3.59237e-06
14.5188	2.18386	2.16557e-06
14.5521	2.2578	1.27463e-06
14.5854	2.33424	7.31926e-07
14.6187	2.41328	4.09689e-07
14.652	2.49499	2.23341e-07
14.6853	2.57947	1.18475e-07
14.7186	2.66681	6.1097e-08
14.7519	2.75711	3.06012e-08
14.7852	2.85047	1.48713e-08
14.8185	2.94699	7.00507e-09
14.8518	3.04677	3.19497e-09
14.8851	3.14994	1.40941e-09
14.9184	3.2566	6.0067e-10
14.9517	3.36687	2.47032e-10
14.985	3.48087	9.79191e-11
15.0183	3.59874	3.73624e-11
15.0516	3.72059	1.37055e-11
15.0849	3.84657	4.82692e-12
15.1182	3.97682	1.6299e-12
15.1515	4.11148	5.26922e-13
15.1848	4.2507	1.6285e-13
15.2181	4.39463	4.80425e-14
15.2514	4.54343	1.35074e-14
15.2847	4.69728	3.61345e-15
15.318	4.85633	9.18214e-16

# DK0 = 3.63798e-11	(data set 7)
0	1.52473	0.222051
0.0333	1.1102	0.177687
0.0666	0.912874	0.155403
0.0999	0.79442	0.139697
0.1332	0.715201	0.127721
0.1665	0.658455	0.118318
0.1998	0.615822	0.11076
0.2331	0.582653	0.104572
0.2664	0.556154	0.0994277
0.2997	0.53454	0.0950961
0.333	0.516613	0.0914104
0.3663	0.501542	0.0882461
0.3996	0.488728	0.0855085
0.4329	0.47773	0.0831243
0.4662	0.468214	0.0810359
0.4995	0.459924	0.0791975
0.5328	0.452659	0.0775719
0.5661	0.44626	0.0761289
0.5994	0.440598	0.0748435
0.6327	0.435569	0.0736949
0.666	0.431085	0.0726659
0.6993	0.427076	0.0717416
0.7326	0.423482	0.0709096
0.7659	0.420251	0.0701592
0.7992	0.417341	0.0694811
0.8325	0.414714	0.0688674
0.8658	0.412339	0.0683112
0.8991	0.410189	0.0678063
0.9324	0.408238	0.0673476
0.9657	0.406467	0.0669303
0.999	0.404857	0.0665503
1.0323	0.403391	0.066204
1.0656	0.402056	0.0658881
1.0989	0.400839	0.0655997
1.1322	0.399728	0.0653362
1.1655	0.398714	0.0650954
1.1988	0.397787	0.0648752
1.2321	0.396939	0.0646736
1.2654	0.396164	0.0644891
1.2987	0.395454	0.0643201
1.332	0.394804	0.0641653
1.3653	0.394209	0.0640234
1.3986	0.393663	0.0638932
1.4319	0.393163	0.0637738
1.4652	0.392704	0.0636643
1.4985	0.392283	0.0635638
1.5318	0.391897	0.0634715
1.5651	0.391542	0.0633868
1.5984	0.391217	0.063309
1.6317	0.390918	0.0632375
1.665	0.390643	0.0631719
1.6983	0.390391	0.0631116
1.7316	0.39016	0.0630562
1.7649	0.389947	0.0630052
1.7982	0.389751	0.0629584
1.8315	0.389571	0.0629153
1.8648	0.389406	0.0628758
1.8981	0.389254	0.0628394
1.9314	0.389114	0.0628059
1.9647	0.388986	0.0627751
1.998	0.388868	0.0627468
2.0313	0.388759	0.0627208
2.0646	0.388659	0.0626969
2.0979	0.388567	0.0626749
2.1312	0.388483	0.0626546
2.1645	0.388405	0.062636
2.1978	0.388333	0.0626188
2.2311	0.388267	0.062603
2.2644	0.388207	0.0625885
2.2977	0.388151	0.0625752
2.331	0.3881	0.0625629
2.3643	0.388053	0.0625516
2.3976	0.388009	0.0625412
2.4309	0.387969	0.0625316
2.4642	0.387933	0.0625228
2.4975	0.387899	0.0625147
2.5308	0.387868	0.0625072
2.5641	0.387839	0.0625004
2.5974	0.387813	0.062494
2.6307	0.387789	0.0624882
2.664	0.387766	0.0624829
2.6973	0.387746	0.062478
2.7306	0.387727	0.0624734
2.7639	0.387709	0.0624692
2.7972	0.387693	0.0624654
2.8305	0.387679	0.0624619
2.8638	0.387665	0.0624586
2.8971	0.387653	0.0624556
2.9304	0.387641	0.0624529
2.9637	0.387631	0.0624503
2.997	0.387621	0.062448
3.0303	0.387612	0.0624459
3.0636	0.387604	0.0624439
3.0969	0.387596	0.0624421
3.1302	0.387589	0.0624404
3.1635	0.387583	0.0624388
3.1968	0.387577	0.0624374
3.2301	0.387571	0.0624361
3.2634	0.387566	0.0624349
3.2967	0.387562	0.0624338
3.33	0.387557	0.0624328
3.3633	0.387553	0.0624319
3.3966	0.38755	0.062431
3.4299	0.387547	0.0624302
3.4632	0.387543	0.0624295
3.4965	0.387541	0.0624288
3.5298	0.387538	0.0624282
3.5631	0.387536	0.0624276
3.5964	0.387534	0.0624271
3.6297	0.387532	0.0624266
3.663	0.38753	0.0624261
3.6963	0.387528	0.0624257
3.7296	0.387526	0.0624254
3.7629	0.387525	0.062425
3.7962	0.387524	0.0624247
3.8295	0.387522	0.0624244
3.8628	0.387521	0.0624241
3.8961	0.38752	0.0624239
3.9294	0.387519	0.0624237
3.9627	0.387518	0.0624234
3.996	0.387518	0.0624232
4.0293	0.387517	0.0624231
4.0626	0.387516	0.0624229
4.0959	0.387516	0.0624227
4.1292	0.387515	0.0624226
4.1625	0.387514	0.0624225
4.1958	0.387514	0.0624224
4.2291	0.387513	0.0624223
4.2624	0.387513	0.0624222
4.2957	0.387513	0.0624221
4.329	0.387512	0.062422
4.3623	0.387512	0.0624219
4.3956	0.387512	0.0624218
4.4289	0.387511	0.0624218
4.4622	0.387511	0.0624217
4.4955	0.387511	0.0624216
4.5288	0.387511	0.0624216
4.5621	0.387511	0.0624215
4.5954	0.38751	0.0624215
4.6287	0.38751	0.0624215
4.662	0.38751	0.0624214
4.6953	0.38751	0.0624214
4.7286	0.38751	0.0624213
4.7619	0.38751	0.0624213
4.7952	0.38751	0.0624213
4.8285	0.387509	0.0624213
4.8618	0.387509	0.0624212
4.8951	0.387509	0.0624212
4.9284	0.387509	0.0624212
4.9617	0.387509	0.0624212
4.995	0.387509	0.0624212
5.0283	0.387509	0.0624211
5.0616	0.387509	0.0624211
5.0949	0.387509	0.0624211
5.1282	0.387509	0.0624211
5.1615	0.387509	0.0624211
5.1948	0.387509	0.0624211
5.2281	0.387509	0.0624211
5.2614	0.387509	0.0624211
5.2947	0.387509	0.0624211
5.328	0.387509	0.062421
5.3613	0.387509	0.062421
5.3946	0.387509	0.062421
5.4279	0.387509	0.062421
5.4612	0.387509	0.062421
5.4945	0.387509	0.062421
5.5278	0.387509	0.062421
5.5611	0.387509	0.062421
5.5944	0.387509	0.062421
5.6277	0.387509	0.062421
5.661	0.387509	0.062421
5.6943	0.387509	0.062421
5.7276	0.387509	0.062421
5.7609	0.387509	0.0624209
5.7942	0.387509	0.0624209
5.8275	0.387509	0.0624209
5.8608	0.387509	0.0624209
5.8941	0.387509	0.0624209
5.9274	0.387509	0.0624209
5.9607	0.387509	0.0624209
5.994	0.387509	0.0624209
6.0273	0.387509	0.0624209
6.0606	0.387509	0.0624209
6.0939	0.387509	0.0624209
6.1272	0.387509	0.0624209
6.1605	0.387509	0.0624209
6.1938	0.387509	0.0624208
6.2271	0.387509	0.0624208
6.2604	0.387509	0.0624208
6.2937	0.387509	0.0624208
6.327	0.387509	0.0624208
6.3603	0.387509	0.0624208
6.3936	0.387509	0.0624208
6.4269	0.387509	0.0624208
6.4602	0.387509	0.0624208
6.4935	0.387509	0.0624208
6.5268	0.387509	0.0624207
6.5601	0.387509	0.0624207
6.5934	0.387509	0.0624207
6.6267	0.387509	0.0624207
6.66	0.387509	0.0624207
6.6933	0.387509	0.0624207
6.7266	0.387509	0.0624206
6.7599	0.387509	0.0624206
6.7932	0.387509	0.0624206
6.8265	0.387509	0.0624206
6.8598	0.387509	0.0624206
6.8931	0.387509	0.0624205
6.9264	0.387509	0.0624205
6.9597	0.387509	0.0624205
6.993	0.38751	0.0624205
7.0263	0.38751	0.0624204
7.0596	0.38751	0.0624204
7.0929	0.38751	0.0624204
7.1262	0.38751	0.0624203
7.1595	0.38751	0.0624203
7.1928	0.38751	0.0624203
7.2261	0.38751	0.0624202
7.2594	0.38751	0.0624202
7.2927	0.38751	0.0624202
7.326	0.38751	0.0624201
7.3593	0.387511	0.0624201
7.3926	0.387511	0.06242
7.4259	0.387511	0.06242
7.4592	0.387511	0.0624199
7.4925	0.387511	0.0624199
7.5258	0.387511	0.0624198
7.5591	0.387511	0.0624197
7.5924	0.387512	0.0624197
7.6257	0.387512	0.0624196
7.659	0.387512	0.0624195
7.6923	0.387512	0.0624195
7.7256	0.387512	0.0624194
7.7589	0.387512	0.0624193
7.7922	0.387513	0.0624192
7.8255	0.387513	0.0624191
7.8588	0.387513	0.062419
7.8921	0.387513	0.0624189
7.9254	0.387514	0.0624188
7.9587	0.387514	0.0624187
7.992	0.387514	0.0624186
8.0253	0.387515	0.0624185
8.0586	0.387515	0.0624183
8.0919	0.387515	0.0624182
8.1252	0.387516	0.0624181
8.1585	0.387516	0.0624179
8.1918	0.387516	0.0624177
8.2251	0.387517	0.0624176
8.2584	0.387517	0.0624174
8.2917	0.387518	0.0624172
8.325	0.387518	0.062417
8.3583	0.387519	0.0624168
8.3916	0.387519	0.0624166
8.4249	0.38752	0.0624164
8.4582	0.38752	0.0624162
8.4915	0.387521	0.0624159
8.5248	0.387522	0.0624157
8.5581	0.387522	0.0624154
8.5914	0.387523	0.0624151
8.6247	0.387524	0.0624148
8.658	0.387524	0.0624145
8.6913	0.387525	0.0624142
8.7246	0.387526	0.0624138
8.7579	0.387527	0.0624134
8.7912	0.387528	0.0624131
8.8245	0.387529	0.0624127
8.8578	0.38753	0.0624122
8.8911	0.387531	0.0624118
8.9244	0.387532	0.0624113
8.9577	0.387534	0.0624108
8.991	0.387535	0.0624103
9.0243	0.387536	0.0624098
9.0576	0.387538	0.0624092
9.0909	0.387539	0.0624086
9.1242	0.387541	0.062408
9.1575	0.387542	0.0624073
9.1908	0.387544	0.0624066
9.2241	0.387546	0.0624059
9.2574	0.387548	0.0624051
9.2907	0.38755	0.0624043
9.324	0.387552	0.0624034
9.3573	0.387554	0.0624025
9.3906	0.387557	0.0624016
9.4239	0.387559	0.0624006
9.4572	0.387562	0.0623996
9.4905	0.387564	0.0623985
9.5238	0.387567	0.0623974
9.5571	0.38757	0.0623961
9.5904	0.387573	0.0623949
9.6237	0.387577	0.0623936
9.657	0.38758	0.0623922
9.6903	0.387584	0.0623907
9.7236	0.387588	0.0623892
9.7569	0.387592	0.0623875
9.7902	0.387596	0.0623858
9.8235	0.3876	0.0623841
9.8568	0.387605	0.0623822
9.8901	0.38761	0.0623802
9.9234	0.387615	0.0623781
9.9567	0.387621	0.0623759
9.99	0.387626	0.0623737
10.0233	0.387632	0.0623713
10.0566	0.387639	0.0623687
10.0899	0.387645	0.0623661
10.1232	0.387652	0.0623633
10.1565	0.38766	0.0623603
10.1898	0.387667	0.0623573
10.2231	0.387675	0.062354
10.2564	0.387684	0.0623506
10.2897	0.387693	0.0623471
10.323	0.387702	0.0623433
10.3563	0.387712	0.0623393
10.3896	0.387722	0.0623352
10.4229	0.387733	0.0623308
10.4562	0.387745	0.0623263
10.4895	0.387757	0.0623215
10.5228	0.387769	0.0623164
10.5561	0.387783	0.0623111
10.5894	0.387797	0.0623055
10.6227	0.387811	0.0622996
10.656	0.387827	0.0622935
10.6893	0.387843	0.062287
10.7226	0.38786	0.0622802
10.7559	0.387878	0.0622731
10.7892	0.387897	0.0622655
10.8225	0.387916	0.0622577
10.8558	0.387937	0.0622494
10.8891	0.387959	0.0622407
10.9224	0.387982	0.0622315
10.9557	0.388006	0.0622219
10.989	0.388031	0.0622118
11.0223	0.388058	0.0622012
11.0556	0.388086	0.06219
11.0889	0.388115	0.0621783
11.1222	0.388146	0.062166
11.1555	0.388178	0.0621531
11.1888	0.388212	0.0621395
11.2221	0.388248	0.0621252
11.2554	0.388286	0.0621102
11.2887	0.388325	0.0620945
11.322	0.388367	0.0620779
11.3553	0.388411	0.0620605
11.3886	0.388456	0.0620423
11.4219	0.388505	0.0620231
11.4552	0.388555	0.0620029
11.4885	0.388609	0.0619817
11.5218	0.388664	0.0619595
11.5551	0.388723	0.0619361
11.5884	0.388785	0.0619116
11.6217	0.38885	0.0618858
11.655	0.388918	0.0618588
11.6883	0.38899	0.0618303
11.7216	0.389065	0.0618005
11.7549	0.389145	0.0617691
11.7882	0.389228	0.0617362
11.8215	0.389315	0.0617016
11.8548	0.389407	0.0616652
11.8881	0.389504	0.0616271
11.9214	0.389605	0.061587
11.9547	0.389712	0.0615449
11.988	0.389824	0.0615007
12.0213	0.389942	0.0614544
12.0546	0.390066	0.0614057
12.0879	0.390196	0.0613545
12.1212	0.390333	0.0613008
12.1545	0.390477	0.0612445
12.1878	0.390628	0.0611853
12.2211	0.390786	0.0611232
12.2544	0.390953	0.061058
12.2877	0.391129	0.0609895
12.321	0.391313	0.0609177
12.3543	0.391507	0.0608423
12.3876	0.39171	0.0607632
12.4209	0.391924	0.0606802
12.4542	0.392149	0.0605931
12.4875	0.392386	0.0605017
12.5208	0.392634	0.0604058
12.5541	0.392895	0.0603053
12.5874	0.39317	0.0601998
12.6207	0.393458	0.0600891
12.654	0.393762	0.0599731
12.6873	0.394081	0.0598514
12.7206	0.394416	0.0597238
12.7539	0.394768	0.05959
12.7872	0.395138	0.0594498
12.8205	0.395527	0.0593028
12.8538	0.395936	0.0591488
12.8871	0.396367	0.0589874
12.9204	0.396819	0.0588182
12.9537	0.397294	0.0586411
12.987	0.397794	0.0584555
13.0203	0.398319	0.0582612
13.0536	0.398871	0.0580577
13.0869	0.399452	0.0578447
13.1202	0.400062	0.0576218
13.1535	0.400704	0.0573885
13.1868	0.401379	0.0571444
13.2201	0.402088	0.0568891
13.2534	0.402834	0.0566221
13.2867	0.403619	0.056343
13.32	0.404444	0.0560513
13.3533	0.405311	0.0557464
13.3866	0.406223	0.0554279
13.4199	0.407183	0.0550954
13.4532	0.408192	0.0547481
13.4865	0.409253	0.0543858
13.5198	0.410369	0.0540077
13.5531	0.411542	0.0536135
13.5864	0.412777	0.0532024
13.6197	0.414075	0.0527741
13.653	0.415441	0.0523279
13.6863	0.416879	0.0518634
13.7196	0.41839	0.0513799
13.7529	0.419981	0.0508771
13.7862	0.421654	0.0503542
13.8195	0.423415	0.049811
13.8528	0.425267	0.0492468
13.8861	0.427217	0.0486613
13.9194	0.429268	0.048054
13.9527	0.431427	0.0474245
13.986	0.433699	0.0467724
14.0193	0.43609	0.0460974
14.0526	0.438607	0.0453993
14.0859	0.441257	0.0446779
14.1192	0.444046	0.0439329
14.1525	0.446982	0.0431643
14.1858	0.450073	0.0423721
14.2191	0.453327	0.0415564
14.2524	0.456753	0.0407172
14.2857	0.460361	0.0398549
14.319	0.46416	0.0389698
14.3523	0.468161	0.0380623
14.3856	0.472374	0.0371331
14.4189	0.476811	0.0361829
14.4522	0.481485	0.0352124
14.4855	0.486406	0.0342228
14.5188	0.49159	0.0332149
14.5521	0.497051	0.0321903
14.5854	0.502802	0.0311502
14.6187	0.50886	0.0300962
14.652	0.51524	0.0290301
14.6853	0.521961	0.0279537
14.7186	0.52904	0.0268691
14.7519	0.536496	0.0257783
14.7852	0.544348	0.0246838
14.8185	0.552618	0.0235879
14.8518	0.561326	0.0224932
14.8851	0.570496	0.0214023
14.9184	0.58015	0.020318
14.9517	0.590313	0.0192431
14.985	0.601011	0.0181803
15.0183	0.612268	0.0171326
15.0516	0.624113	0.0161028
15.0849	0.636574	0.0150937
15.1182	0.649678	0.014108
15.1515	0.663457	0.0131484
15.1848	0.67794	0.0122173
15.2181	0.693158	0.0113172
15.2514	0.709143	0.0104501
15.2847	0.725928	0.009618
15.318	0.743546	0.0088226
15.3513	0.76203	0.00806529
15.3846	0.781413	0.00734721
15.4179	0.801731	0.00666919
15.4512	0.823017	0.00603174
15.4845	0.845306	0.00543508
15.5178	0.868633	0.0048791
15.5511	0.893033	0.00436338
15.5844	0.91854	0.00388724
15.6177	0.945189	0.0034497
15.651	0.973015	0.00304955
15.6843	1.00205	0.00268531
15.7176	1.03234	0.00234743
15.7509	1.06394	0.00203131
15.7842	1.09689	0.00173921
15.8175	1.13125	0.00147274
15.8508	1.16706	0.0012328
15.8841	1.20436	0.00101963
15.9174	1.24321	0.000832828
15.9507	1.28363	0.000671449
15.984	1.32566	0.000534056
16.0173	1.36934	0.000418836
16.0506	1.41471	0.000323703
16.0839	1.46179	0.000246406
16.1172	1.51063	0.000184634
16.1505	1.56125	0.000136105
16.1838	1.61371	9.86461e-05
16.2171	1.66803	7.02532e-05
16.2504	1.72428	4.91317e-05
16.2837	1.78248	3.37202e-05
16.317	1.84271	2.26969e-05
16.3503	1.90502	1.49727e-05
16.3836	1.96946	9.67358e-06
16.4169	2.0361	6.11675e-06
16.4502	2.10502	3.78251e-06
16.4835	2.17627	2.28579e-06
16.5168	2.24995	1.34881e-06
16.5501	2.32613	7.76555e-07
16.5834	2.40489	4.35849e-07
16.6167	2.48632	2.3827e-07
16.65	2.5705	1.2676e-07
16.6833	2.65754	6.55661e-08
16.7166	2.74753	3.29415e-08
16.7499	2.84056	1.606e-08
16.7832	2.93674	7.59009e-09
16.8165	3.03618	3.47366e-09
16.8498	3.13899	1.53779e-09
16.8831	3.24528	6.57783e-10
16.9164	3.35517	2.71546e-10
16.9497	3.46877	1.08058e-10
16.983	3.58623	4.1398e-11
17.0163	3.70766	1.52495e-11
17.0496	3.8332	5.39395e-12
17.0829	3.963	1.82952e-12
17.1162	4.09719	5.94197e-13
17.1495	4.23592	1.84521e-13
17.1828	4.37935	5.47052e-14
17.2161	4.52764	1.54594e-14
17.2494	4.68095	4.15752e-15
17.2827	4.83945	1.06225e-15

# DK0 = 5.68434e-13	(data set 8)
0	1.52473	0.222051
0.0333	1.1102	0.177687
0.0666	0.912874	0.155403
0.0999	0.79442	0.139697
0.1332	0.715201	0.127721
0.1665	0.658455	0.118318
0.1998	0.615822	0.11076
0.2331	0.582653	0.104572
0.2664	0.556154	0.0994277
0.2997	0.53454	0.0950961
0.333	0.516613	0.0914104
0.3663	0.501542	0.0882461
0.3996	0.488728	0.0855085
0.4329	0.47773	0.0831243
0.4662	0.468214	0.0810359
0.4995	0.459924	0.0791975
0.5328	0.452659	0.0775719
0.5661	0.44626	0.0761289
0.5994	0.440598	0.0748435
0.6327	0.435569	0.0736949
0.666	0.431085	0.0726659
0.6993	0.427076	0.0717416
0.7326	0.423482	0.0709096
0.7659	0.420251	0.0701592
0.7992	0.417341	0.0694811
0.8325	0.414714	0.0688674
0.8658	0.412339	0.0683112
0.8991	0.410189	0.0678063
0.9324	0.408238	0.0673476
0.9657	0.406467	0.0669303
0.999	0.404857	0.0665503
1.0323	0.403391	0.066204
1.0656	0.402056	0.0658881
1.0989	0.400839	0.0655997
1.1322	0.399728	0.0653362
1.1655	0.398714	0.0650954
1.1988	0.397787	0.0648752
1.2321	0.396939	0.0646736
1.2654	0.396164	0.0644891
1.2987	0.395454	0.0643201
1.332	0.394804	0.0641653
1.3653	0.394209	0.0640234
1.3986	0.393663	0.0638932
1.4319	0.393163	0.0637738
1.4652	0.392704	0.0636643
1.4985	0.392283	0.0635638
1.5318	0.391897	0.0634715
1.5651	0.391542	0.0633868
1.5984	0.391217	0.063309
1.6317	0.390918	0.0632375
1.665	0.390643	0.0631719
1.6983	0.390391	0.0631116
1.7316	0.39016	0.0630562
1.7649	0.389947	0.0630052
1.7982	0.389751	0.0629584
1.8315	0.389571	0.0629153
1.8648	0.389406	0.0628758
1.8981	0.389254	0.0628394
1.9314	0.389114	0.0628059
1.9647	0.388986	0.0627751
1.998	0.388868	0.0627468
2.0313	0.388759	0.0627208
2.0646	0.388659	0.0626969
2.0979	0.388567	0.0626749
2.1312	0.388483	0.0626546
2.1645	0.388405	0.062636
2.1978	0.388333	0.0626188
2.2311	0.388267	0.062603
2.2644	0.388207	0.0625885
2.2977	0.388151	0.0625752
2.331	0.3881	0.0625629
2.3643	0.388053	0.0625516
2.3976	0.388009	0.0625412
2.4309	0.387969	0.0625316
2.4642	0.387933	0.0625228
2.4975	0.387899	0.0625147
2.5308	0.387868	0.0625072
2.5641	0.387839	0.0625004
2.5974	0.387813	0.062494
2.6307	0.387789	0.0624882
2.664	0.387766	0.0624829
2.6973	0.387746	0.062478
2.7306	0.387727	0.0624734
2.7639	0.387709	0.0624692
2.7972	0.387693	0.0624654
2.8305	0.387679	0.0624619
2.8638	0.387665	0.0624586
2.8971	0.387653	0.0624556
2.9304	0.387641	0.0624529
2.9637	0.387631	0.0624503
2.997	0.387621	0.062448
3.0303	0.387612	0.0624459
3.0636	0.387604	0.0624439
3.0969	0.387596	0.0624421
3.1302	0.387589	0.0624404
3.1635	0.387583	0.0624388
3.1968	0.387577	0.0624374
3.2301	0.387571	0.0624361
3.2634	0.387566	0.0624349
3.2967	0.387562	0.0624338
3.33	0.387557	0.0624328
3.3633	0.387553	0.0624319
3.3966	0.38755	0.062431
3.4299	0.387547	0.0624302
3.4632	0.387543	0.0624295
3.4965	0.387541	0.0624288
3.5298	0.387538	0.0624282
3.5631	0.387536	0.0624276
3.5964	0.387534	0.0624271
3.6297	0.387531	0.0624266
3.663	0.38753	0.0624261
3.6963	0.387528	0.0624257
3.7296	0.387526	0.0624254
3.7629	0.387525	0.062425
3.7962	0.387524	0.0624247
3.8295	0.387522	0.0624244
3.8628	0.387521	0.0624241
3.8961	0.38752	0.0624239
3.9294	0.387519	0.0624237
3.9627	0.387518	0.0624234
3.996	0.387518	0.0624232
4.0293	0.387517	0.0624231
4.0626	0.387516	0.0624229
4.0959	0.387516	0.0624228
4.1292	0.387515	0.0624226
4.1625	0.387514	0.0624225
4.1958	0.387514	0.0624224
4.2291	0.387513	0.0624223
4.2624	0.387513	0.0624222
4.2957	0.387513	0.0624221
4.329	0.387512	0.062422
4.3623	0.387512	0.0624219
4.3956	0.387512	0.0624218
4.4289	0.387511	0.0624218
4.4622	0.387511	0.0624217
4.4955	0.387511	0.0624216
4.5288	0.387511	0.0624216
4.5621	0.38751	0.0624215
4.5954	0.38751	0.0624215
4.6287	0.38751	0.0624215
4.662	0.38751	0.0624214
4.6953	0.38751	0.0624214
4.7286	0.38751	0.0624214
4.7619	0.38751	0.0624213
4.7952	0.387509	0.0624213
4.8285	0.387509	0.0624213
4.8618	0.387509	0.0624213
4.8951	0.387509	0.0624212
4.9284	0.387509	0.0624212
4.9617	0.387509	0.0624212
4.995	0.387509	0.0624212
5.0283	0.387509	0.0624212
5.0616	0.387509	0.0624212
5.0949	0.387509	0.0624211
5.1282	0.387509	0.0624211
5.1615	0.387509	0.0624211
5.1948	0.387509	0.0624211
5.2281	0.387509	0.0624211
5.2614	0.387509	0.0624211
5.2947	0.387509	0.0624211
5.328	0.387509	0.0624211
5.3613	0.387509	0.0624211
5.3946	0.387509	0.0624211
5.4279	0.387509	0.0624211
5.4612	0.387508	0.062421
5.4945	0.387508	0.062421
5.5278	0.387508	0.062421
5.5611	0.387508	0.062421
5.5944	0.387508	0.062421
5.6277	0.387508	0.062421
5.661	0.387508	0.062421
5.6943	0.387508	0.062421
5.7276	0.387508	0.062421
5.7609	0.387508	0.062421
5.7942	0.387508	0.062421
5.8275	0.387508	0.062421
5.8608	0.387508	0.062421
5.8941	0.387508	0.062421
5.9274	0.387508	0.062421
5.9607	0.387508	0.062421
5.994	0.387508	0.062421
6.0273	0.387508	0.062421
6.0606	0.387508	0.062421
6.0939	0.387508	0.062421
6.1272	0.387508	0.062421
6.1605	0.387508	0.062421
6.1938	0.387508	0.062421
6.2271	0.387508	0.062421
6.2604	0.387508	0.0624209
6.2937	0.387508	0.0624209
6.327	0.387508	0.0624209
6.3603	0.387508	0.0624209
6.3936	0.387508	0.0624209
6.4269	0.387508	0.0624209
6.4602	0.387508	0.0624209
6.4935	0.387508	0.0624209
6.5268	0.387508	0.0624209
6.5601	0.387508	0.0624209
6.5934	0.387508	0.0624209
6.6267	0.387508	0.0624209
6.66	0.387508	0.0624209
6.6933	0.387509	0.0624209
6.7266	0.387509	0.0624209
6.7599	0.387509	0.0624209
6.7932	0.387509	0.0624209
6.8265	0.387509	0.0624209
6.8598	0.387509	0.0624208
6.8931	0.387509	0.0624208
6.9264	0.387509	0.0624208
6.9597	0.387509	0.0624208
6.993	0.387509	0.0624208
7.0263	0.387509	0.0624208
7.0596	0.387509	0.0624208
7.0929	0.387509	0.0624208
7.1262	0.387509	0.0624208
7.1595	0.387509	0.0624208
7.1928	0.387509	0.0624207
7.2261	0.387509	0.0624207
7.2594	0.387509	0.0624207
7.2927	0.387509	0.0624207
7.326	0.387509	0.0624207
7.3593	0.387509	0.0624207
7.3926	0.387509	0.0624207
7.4259	0.387509	0.0624206
7.4592	0.387509	0.0624206
7.4925	0.387509	0.0624206
7.5258	0.387509	0.0624206
7.5591	0.387509	0.0624206
7.5924	0.387509	0.0624205
7.6257	0.387509	0.0624205
7.659	0.387509	0.0624205
7.6923	0.38751	0.0624205
7.7256	0.38751	0.0624204
7.7589	0.38751	0.0624204
7.7922	0.38751	0.0624204
7.8255	0.38751	0.0624203
7.8588	0.38751	0.0624203
7.8921	0.38751	0.0624203
7.9254	0.38751	0.0624202
7.9587	0.38751	0.0624202
7.992	0.38751	0.0624202
8.0253	0.38751	0.0624201
8.0586	0.387511	0.0624201
8.0919	0.387511	0.06242
8.1252	0.387511	0.06242
8.1585	0.387511	0.0624199
8.1918	0.387511	0.0624199
8.2251	0.387511	0.0624198
8.2584	0.387511	0.0624197
8.2917	0.387512	0.0624197
8.325	0.387512	0.0624196
8.3583	0.387512	0.0624195
8.3916	0.387512	0.0624195
8.4249	0.387512	0.0624194
8.4582	0.387512	0.0624193
8.4915	0.387513	0.0624192
8.5248	0.387513	0.0624191
8.5581	0.387513	0.062419
8.5914	0.387513	0.0624189
8.6247	0.387514	0.0624188
8.658	0.387514	0.0624187
8.6913	0.387514	0.0624186
8.7246	0.387515	0.0624185
8.7579	0.387515	0.0624183
8.7912	0.387515	0.0624182
8.8245	0.387516	0.0624181
8.8578	0.387516	0.0624179
8.8911	0.387516	0.0624177
8.9244	0.387517	0.0624176
8.9577	0.387517	0.0624174
8.991	0.387518	0.0624172
9.0243	0.387518	0.062417
9.0576	0.387519	0.0624168
9.0909	0.387519	0.0624166
9.1242	0.38752	0.0624164
9.1575	0.38752	0.0624162
9.1908	0.387521	0.0624159
9.2241	0.387522	0.0624157
9.2574	0.387522	0.0624154
9.2907	0.387523	0.0624151
9.324	0.387524	0.0624148
9.3573	0.387524	0.0624145
9.3906	0.387525	0.0624141
9.4239	0.387526	0.0624138
9.4572	0.387527	0.0624134
9.4905	0.387528	0.062413
9.5238	0.387529	0.0624126
9.5571	0.38753	0.0624122
9.5904	0.387531	0.0624118
9.6237	0.387532	0.0624113
9.657	0.387534	0.0624108
9.6903	0.387535	0.0624103
9.7236	0.387536	0.0624097
9.7569	0.387538	0.0624092
9.7902	0.387539	0.0624086
9.8235	0.387541	0.0624079
9.8568	0.387542	0.0624073
9.8901	0.387544	0.0624066
9.9234	0.387546	0.0624058
9.9567	0.387548	0.0624051
9.99	0.38755	0.0624043
10.0233	0.387552	0.0624034
10.0566	0.387554	0.0624025
10.0899	0.387557	0.0624016
10.1232	0.387559	0.0624006
10.1565	0.387562	0.0623996
10.1898	0.387564	0.0623985
10.2231	0.387567	0.0623973
10.2564	0.38757	0.0623961
10.2897	0.387573	0.0623948
10.323	0.387577	0.0623935
10.3563	0.38758	0.0623921
10.3896	0.387584	0.0623907
10.4229	0.387588	0.0623891
10.4562	0.387592	0.0623875
10.4895	0.387596	0.0623858
10.5228	0.387601	0.062384
10.5561	0.387605	0.0623821
10.5894	0.38761	0.0623801
10.6227	0.387615	0.0623781
10.656	0.387621	0.0623759
10.6893	0.387627	0.0623736
10.7226	0.387633	0.0623712
10.7559	0.387639	0.0623687
10.7892	0.387645	0.062366
10.8225	0.387652	0.0623632
10.8558	0.38766	0.0623603
10.8891	0.387667	0.0623572
10.9224	0.387676	0.0623539
10.9557	0.387684	0.0623505
10.989	0.387693	0.062347
11.0223	0.387702	0.0623432
11.0556	0.387712	0.0623392
11.0889	0.387723	0.0623351
11.1222	0.387734	0.0623307
11.1555	0.387745	0.0623261
11.1888	0.387757	0.0623213
11.2221	0.38777	0.0623163
11.2554	0.387783	0.0623109
11.2887	0.387797	0.0623053
11.322	0.387812	0.0622995
11.3553	0.387827	0.0622933
11.3886	0.387843	0.0622868
11.4219	0.38786	0.06228
11.4552	0.387878	0.0622729
11.4885	0.387897	0.0622653
11.5218	0.387917	0.0622574
11.5551	0.387938	0.0622491
11.5884	0.387959	0.0622404
11.6217	0.387982	0.0622312
11.655	0.388006	0.0622216
11.6883	0.388032	0.0622115
11.7216	0.388058	0.0622009
11.7549	0.388086	0.0621897
11.7882	0.388116	0.062178
11.8215	0.388147	0.0621656
11.8548	0.388179	0.0621527
11.8881	0.388213	0.0621391
11.9214	0.388249	0.0621248
11.9547	0.388287	0.0621098
11.988	0.388326	0.062094
12.0213	0.388368	0.0620774
12.0546	0.388412	0.06206
12.0879	0.388458	0.0620417
12.1212	0.388506	0.0620225
12.1545	0.388557	0.0620023
12.1878	0.38861	0.0619811
12.2211	0.388666	0.0619589
12.2544	0.388725	0.0619355
12.2877	0.388787	0.0619109
12.321	0.388852	0.0618851
12.3543	0.38892	0.061858
12.3876	0.388992	0.0618295
12.4209	0.389067	0.0617996
12.4542	0.389147	0.0617682
12.4875	0.38923	0.0617352
12.5208	0.389318	0.0617006
12.5541	0.38941	0.0616642
12.5874	0.389507	0.061626
12.6207	0.389608	0.0615859
12.654	0.389715	0.0615437
12.6873	0.389827	0.0614995
12.7206	0.389945	0.0614531
12.7539	0.390069	0.0614043
12.7872	0.3902	0.0613531
12.8205	0.390337	0.0612993
12.8538	0.390481	0.0612429
12.8871	0.390632	0.0611836
12.9204	0.390791	0.0611214
12.9537	0.390958	0.0610561
12.987	0.391134	0.0609876
13.0203	0.391318	0.0609157
13.0536	0.391512	0.0608402
13.0869	0.391716	0.060761
13.1202	0.39193	0.0606779
13.1535	0.392156	0.0605906
13.1868	0.392392	0.0604991
13.2201	0.392641	0.0604031
13.2534	0.392903	0.0603024
13.2867	0.393178	0.0601968
13.32	0.393467	0.060086
13.3533	0.39377	0.0599698
13.3866	0.39409	0.0598479
13.4199	0.394425	0.0597202
13.4532	0.394778	0.0595862
13.4865	0.395149	0.0594458
13.5198	0.395538	0.0592987
13.5531	0.395948	0.0591444
13.5864	0.396379	0.0589828
13.6197	0.396831	0.0588135
13.653	0.397307	0.0586361
13.6863	0.397808	0.0584503
13.7196	0.398334	0.0582557
13.7529	0.398887	0.058052
13.7862	0.399468	0.0578387
13.8195	0.400079	0.0576155
13.8528	0.400722	0.0573819
13.8861	0.401398	0.0571375
13.9194	0.402108	0.0568819
13.9527	0.402855	0.0566146
13.986	0.403641	0.0563351
14.0193	0.404467	0.056043
14.0526	0.405336	0.0557378
14.0859	0.406249	0.055419
14.1192	0.40721	0.055086
14.1525	0.40822	0.0547384
14.1858	0.409283	0.0543756
14.2191	0.4104	0.0539971
14.2524	0.411575	0.0536024
14.2857	0.412812	0.0531909
14.319	0.414112	0.0527621
14.3523	0.41548	0.0523154
14.3856	0.416919	0.0518503
14.4189	0.418433	0.0513664
14.4522	0.420026	0.0508629
14.4855	0.421701	0.0503396
14.5188	0.423464	0.0497958
14.5521	0.42532	0.049231
14.5854	0.427272	0.0486449
14.6187	0.429326	0.048037
14.652	0.431488	0.0474068
14.6853	0.433763	0.0467541
14.7186	0.436158	0.0460785
14.7519	0.438678	0.0453798
14.7852	0.441332	0.0446577
14.8185	0.444124	0.0439121
14.8518	0.447065	0.0431428
14.8851	0.45016	0.04235
14.9184	0.453419	0.0415336
14.9517	0.45685	0.0406938
14.985	0.460463	0.0398308
15.0183	0.464268	0.0389451
15.0516	0.468274	0.0380371
15.0849	0.472493	0.0371073
15.1182	0.476937	0.0361565
15.1515	0.481617	0.0351855
15.1848	0.486546	0.0341953
15.2181	0.491737	0.033187
15.2514	0.497205	0.0321619
15.2847	0.502964	0.0311214
15.318	0.509031	0.030067
15.3513	0.515421	0.0290006
15.3846	0.522151	0.027924
15.4179	0.52924	0.0268391
15.4512	0.536707	0.0257482
15.4845	0.54457	0.0246536
15.5178	0.552852	0.0235577
15.5511	0.561573	0.0224631
15.5844	0.570755	0.0213724
15.6177	0.580423	0.0202883
15.651	0.590601	0.0192137
15.6843	0.601313	0.0181513
15.7176	0.612586	0.017104
15.7509	0.624448	0.0160747
15.7842	0.636926	0.0150662
15.8175	0.650048	0.0140812
15.8508	0.663846	0.0131223
15.8841	0.678348	0.0121921
15.9174	0.693587	0.0112929
15.9507	0.709594	0.0104267
15.984	0.726402	0.00959561
16.0173	0.744043	0.00880124
16.0506	0.762551	0.008045
16.0839	0.78196	0.00732801
16.1172	0.802304	0.0066511
16.1505	0.823617	0.00601478
16.1838	0.845934	0.00541924
16.2171	0.86929	0.00486437
16.2504	0.89372	0.00434975
16.2837	0.919257	0.00387469
16.317	0.945939	0.0034382
16.3503	0.973798	0.00303905
16.3836	1.00287	0.00267575
16.4169	1.0332	0.00233843
16.4502	1.06483	0.00202294
16.4835	1.09781	0.00173153
16.5168	1.13221	0.00146578
16.5501	1.16806	0.00122657
16.5834	1.20541	0.00101414
16.6167	1.2443	0.000828052
16.65	1.28476	0.000667355
16.6833	1.32684	0.000530598
16.7166	1.37057	0.000415959
16.7499	1.41598	0.000321348
16.7832	1.46311	0.000244509
16.8165	1.512	0.000183132
16.8498	1.56267	0.000134936
16.8831	1.61518	9.77522e-05
16.9164	1.66955	6.95824e-05
16.9497	1.72585	4.86378e-05
16.983	1.78411	3.33637e-05
17.0163	1.8444	2.24447e-05
17.0496	1.90676	1.47979e-05
17.0829	1.97126	9.55511e-06
17.1162	2.03797	6.0382e-06
17.1495	2.10694	3.73161e-06
17.1828	2.17827	2.25358e-06
17.2161	2.25201	1.32892e-06
17.2494	2.32826	7.64574e-07
17.2827	2.40709	4.28819e-07
17.316	2.4886	2.34254e-07
17.3493	2.57286	1.24529e-07
17.3826	2.65998	6.43613e-08
17.4159	2.75005	3.23098e-08
17.4492	2.84316	1.57388e-08
17.4825	2.93944	7.43181e-09
17.5158	3.03897	3.39817e-09
17.5491	3.14187	1.50297e-09
17.5824	3.24825	6.42271e-10
17.6157	3.35824	2.64879e-10
17.649	3.47195	1.05296e-10
17.6823	3.58952	4.02972e-11
17.7156	3.71106	1.48277e-11
17.7489	3.83672	5.23881e-12
17.7822	3.96663	1.77481e-12
17.8155	4.10094	5.75729e-13
17.8488	4.23981	1.78562e-13
17.8821	4.38337	5.28698e-14
17.9154	4.53179	1.49207e-14
17.9487	4.68524	4.00708e-15
17.982	4.84389	1.02234e-15

# DK0 = 8.88178e-15	(data set 9)
0	1.52473	0.222051
0.0333	1.1102	0.177687
0.0666	0.912874	0.155403
0.0999	0.79442	0.139697
0.1332	0.715201	0.127721
0.1665	0.658455	0.118318
0.1998	0.615822	0.11076
0.2331	0.582653	0.104572
0.2664	0.556154	0.0994277
0.2997	0.53454	0.0950961
0.333	0.516613	0.0914104
0.3663	0.501542	0.0882461
0.3996	0.488728	0.0855085
0.4329	0.47773	0.0831243
0.4662	0.468214	0.0810359
0.4995	0.459924	0.0791975
0.5328	0.452659	0.0775719
0.5661	0.44626	0.0761289
0.5994	0.440598	0.0748435
0.6327	0.435569	0.0736949
0.666	0.431085	0.0726659
0.6993	0.427076	0.0717416
0.7326	0.423482	0.0709096
0.7659	0.420251	0.0701592
0.7992	0.417341	0.0694811
0.8325	0.414714	0.0688674
0.8658	0.412339	0.0683112
0.8991	0.410189	0.0678063
0.9324	0.408238	0.0673476
0.9657	0.406467	0.0669303
0.999	0.404857	0.0665503
1.0323	0.403391	0.066204
1.0656	0.402056	0.0658881
1.0989	0.400839	0.0655997
1.1322	0.399728	0.0653362
1.1655	0.398714	0.0650954
1.1988	0.397787	0.0648752
1.2321	0.396939	0.0646736
1.2654	0.396164	0.0644891
1.2987	0.395454	0.0643201
1.332	0.394804	0.0641653
1.3653	0.394209	0.0640234
1.3986	0.393663	0.0638932
1.4319	0.393163	0.0637738
1.4652	0.392704	0.0636643
1.4985	0.392283	0.0635638
1.5318	0.391897	0.0634715
1.5651	0.391542	0.0633868
1.5984	0.391217	0.063309
1.6317	0.390918	0.0632375
1.665	0.390643	0.0631719
1.6983	0.390391	0.0631116
1.7316	0.39016	0.0630562
1.7649	0.389947	0.0630052
1.7982	0.389751	0.0629584
1.8315	0.389571	0.0629153
1.8648	0.389406	0.0628758
1.8981	0.389254	0.0628394
1.9314	0.389114	0.0628059
1.9647	0.388986	0.0627751
1.998	0.388868	0.0627468
2.0313	0.388759	0.0627208
2.0646	0.388659	0.0626969
2.0979	0.388567	0.0626749
2.1312	0.388483	0.0626546
2.1645	0.388405	0.062636
2.1978	0.388333	0.0626188
2.2311	0.388267	0.062603
2.2644	0.388207	0.0625885
2.2977	0.388151	0.0625752
2.331	0.3881	0.0625629
2.3643	0.388053	0.0625516
2.3976	0.388009	0.0625412
2.4309	0.387969	0.0625316
2.4642	0.387933	0.0625228
2.4975	0.387899	0.0625147
2.5308	0.387868	0.0625072
2.5641	0.387839	0.0625004
2.5974	0.387813	0.062494
2.6307	0.387789	0.0624882
2.664	0.387766	0.0624829
2.6973	0.387746	0.062478
2.7306	0.387727	0.0624734
2.7639	0.387709	0.0624692
2.7972	0.387693	0.0624654
2.8305	0.387679	0.0624619
2.8638	0.387665	0.0624586
2.8971	0.387653	0.0624556
2.9304	0.387641	0.0624529
2.9637	0.387631	0.0624503
2.997	0.387621	0.062448
3.0303	0.387612	0.0624459
3.0636	0.387604	0.0624439
3.0969	0.387596	0.0624421
3.1302	0.387589	0.0624404
3.1635	0.387583	0.0624388
3.1968	0.387577	0.0624374
3.2301	0.387571	0.0624361
3.2634	0.387566	0.0624349
3.2967	0.387562	0.0624338
3.33	0.387557	0.0624328
3.3633	0.387553	0.0624319
3.3966	0.38755	0.062431
3.4299	0.387547	0.0624302
3.4632	0.387543	0.0624295
3.4965	0.387541	0.0624288
3.5298	0.387538	0.0624282
3.5631	0.387536	0.0624276
3.5964	0.387534	0.0624271
3.6297	0.387531	0.0624266
3.663	0.38753	0.0624261
3.6963	0.387528	0.0624257
3.7296	0.387526	0.0624254
3.7629	0.387525	0.062425
3.7962	0.387524	0.0624247
3.8295	0.387522	0.0624244
3.8628	0.387521	0.0624241
3.8961	0.38752	0.0624239
3.9294	0.387519	0.0624237
3.9627	0.387518	0.0624234
3.996	0.387518	0.0624232
4.0293	0.387517	0.0624231
4.0626	0.387516	0.0624229
4.0959	0.387515	0.0624228
4.1292	0.387515	0.0624226
4.1625	0.387514	0.0624225
4.1958	0.387514	0.0624224
4.2291	0.387513	0.0624223
4.2624	0.387513	0.0624222
4.2957	0.387513	0.0624221
4.329	0.387512	0.062422
4.3623	0.387512	0.0624219
4.3956	0.387512	0.0624218
4.4289	0.387511	0.0624218
4.4622	0.387511	0.0624217
4.4955	0.387511	0.0624216
4.5288	0.387511	0.0624216
4.5621	0.38751	0.0624215
4.5954	0.38751	0.0624215
4.6287	0.38751	0.0624215
4.662	0.38751	0.0624214
4.6953	0.38751	0.0624214
4.7286	0.38751	0.0624214
4.7619	0.38751	0.0624213
4.7952	0.387509	0.0624213
4.8285	0.387509	0.0624213
4.8618	0.387509	0.0624213
4.8951	0.387509	0.0624212
4.9284	0.387509	0.0624212
4.9617	0.387509	0.0624212
4.995	0.387509	0.0624212
5.0283	0.387509	0.0624212
5.0616	0.387509	0.0624212
5.0949	0.387509	0.0624211
5.1282	0.387509	0.0624211
5.1615	0.387509	0.0624211
5.1948	0.387509	0.0624211
5.2281	0.387509	0.0624211
5.2614	0.387509	0.0624211
5.2947	0.387509	0.0624211
5.328	0.387509	0.0624211
5.3613	0.387509	0.0624211
5.3946	0.387509	0.0624211
5.4279	0.387509	0.0624211
5.4612	0.387508	0.062421
5.4945	0.387508	0.062421
5.5278	0.387508	0.062421
5.5611	0.387508	0.062421
5.5944	0.387508	0.062421
5.6277	0.387508	0.062421
5.661	0.387508	0.062421
5.6943	0.387508	0.062421
5.7276	0.387508	0.062421
5.7609	0.387508	0.062421
5.7942	0.387508	0.062421
5.8275	0.387508	0.062421
5.8608	0.387508	0.062421
5.8941	0.387508	0.062421
5.9274	0.387508	0.062421
5.9607	0.387508	0.062421
5.994	0.387508	0.062421

# DK0 = 1.38778e-16	(data set 10)
0	1.52473	0.222051
0.0333	1.1102	0.177687
0.0666	0.912874	0.155403
0.0999	0.79442	0.139697
0.1332	0.715201	0.127721
0.1665	0.658455	0.118318
0.1998	0.615822	0.11076
0.2331	0.582653	0.104572
0.2664	0.556154	0.0994277
0.2997	0.53454	0.0950961
0.333	0.516613	0.0914104
0.3663	0.501542	0.0882461
0.3996	0.488728	0.0855085
0.4329	0.47773	0.0831243
0.4662	0.468214	0.0810359
0.4995	0.459924	0.0791975
0.5328	0.452659	0.0775719
0.5661	0.44626	0.0761289
0.5994	0.440598	0.0748435
0.6327	0.435569	0.0736949
0.666	0.431085	0.0726659
0.6993	0.427076	0.0717416
0.7326	0.423482	0.0709096
0.7659	0.420251	0.0701592
0.7992	0.417341	0.0694811
0.8325	0.414714	0.0688674
0.8658	0.412339	0.0683112
0.8991	0.410189	0.0678063
0.9324	0.408238	0.0673476
0.9657	0.406467	0.0669303
0.999	0.404857	0.0665503
1.0323	0.403391	0.066204
1.0656	0.402056	0.0658881
1.0989	0.400839	0.0655997
1.1322	0.399728	0.0653362
1.1655	0.398714	0.0650954
1.1988	0.397787	0.0648752
1.2321	0.396939	0.0646736
1.2654	0.396164	0.0644891
1.2987	0.395454	0.0643201
1.332	0.394804	0.0641653
1.3653	0.394209	0.0640234
1.3986	0.393663	0.0638932
1.4319	0.393163	0.0637738
1.4652	0.392704	0.0636643
1.4985	0.392283	0.0635638
1.5318	0.391897	0.0634715
1.5651	0.391542	0.0633868
1.5984	0.391217	0.063309
1.6317	0.390918	0.0632375
1.665	0.390643	0.0631719
1.6983	0.390391	0.0631116
1.7316	0.39016	0.0630562
1.7649	0.389947	0.0630052
1.7982	0.389751	0.0629584
1.8315	0.389571	0.0629153
1.8648	0.389406	0.0628758
1.8981	0.389254	0.0628394
1.9314	0.389114	0.0628059
1.9647	0.388986	0.0627751
1.998	0.388868	0.0627468
2.0313	0.388759	0.0627208
2.0646	0.388659	0.0626969
2.0979	0.388567	0.0626749
2.1312	0.388483	0.0626546
2.1645	0.388405	0.062636
2.1978	0.388333	0.0626188
2.2311	0.388267	0.062603
2.2644	0.388207	0.0625885
2.2977	0.388151	0.0625752
2.331	0.3881	0.0625629
2.3643	0.388053	0.0625516
2.3976	0.388009	0.0625412
2.4309	0.387969	0.0625316
2.4642	0.387933	0.0625228
2.4975	0.387899	0.0625147
2.5308	0.387868	0.0625072
2.5641	0.387839	0.0625004
2.5974	0.387813	0.062494
2.6307	0.387789	0.0624882
2.664	0.387766	0.0624829
2.6973	0.387746	0.062478
2.7306	0.387727	0.0624734
2.7639	0.387709	0.0624692
2.7972	0.387693	0.0624654
2.8305	0.387679	0.0624619
2.8638	0.387665	0.0624586
2.8971	0.387653	0.0624556
2.9304	0.387641	0.0624529
2.9637	0.387631	0.0624503
2.997	0.387621	0.062448
3.0303	0.387612	0.0624459
3.0636	0.387604	0.0624439
3.0969	0.387596	0.0624421
3.1302	0.387589	0.0624404
3.1635	0.387583	0.0624388
3.1968	0.387577	0.0624374
3.2301	0.387571	0.0624361
3.2634	0.387566	0.0624349
3.2967	0.387562	0.0624338
3.33	0.387557	0.0624328
3.3633	0.387553	0.0624319
3.3966	0.38755	0.062431
3.4299	0.387547	0.0624302
3.4632	0.387543	0.0624295
3.4965	0.387541	0.0624288
3.5298	0.387538	0.0624282
3.5631	0.387536	0.0624276
3.5964	0.387534	0.0624271
3.6297	0.387531	0.0624266
3.663	0.38753	0.0624261
3.6963	0.387528	0.0624257
3.7296	0.387526	0.0624254
3.7629	0.387525	0.062425
3.7962	0.387524	0.0624247
3.8295	0.387522	0.0624244
3.8628	0.387521	0.0624241
3.8961	0.38752	0.0624239
3.9294	0.387519	0.0624237
3.9627	0.387518	0.0624234
3.996	0.387518	0.0624232
4.0293	0.387517	0.0624231
4.0626	0.387516	0.0624229
4.0959	0.387515	0.0624228
4.1292	0.387515	0.0624226
4.1625	0.387514	0.0624225
4.1958	0.387514	0.0624224
4.2291	0.387513	0.0624223
4.2624	0.387513	0.0624222
4.2957	0.387513	0.0624221
4.329	0.387512	0.062422
4.3623	0.387512	0.0624219
4.3956	0.387512	0.0624218
4.4289	0.387511	0.0624218
4.4622	0.387511	0.0624217
4.4955	0.387511	0.0624216
4.5288	0.387511	0.0624216
4.5621	0.38751	0.0624215
4.5954	0.38751	0.0624215
4.6287	0.38751	0.0624215
4.662	0.38751	0.0624214
4.6953	0.38751	0.0624214
4.7286	0.38751	0.0624214
4.7619	0.38751	0.0624213
4.7952	0.387509	0.0624213
4.8285	0.387509	0.0624213
4.8618	0.387509	0.0624213
4.8951	0.387509	0.0624212
4.9284	0.387509	0.0624212
4.9617	0.387509	0.0624212
4.995	0.387509	0.0624212
5.0283	0.387509	0.0624212
5.0616	0.387509	0.0624212
5.0949	0.387509	0.0624211
5.1282	0.387509	0.0624211
5.1615	0.387509	0.0624211
5.1948	0.387509	0.0624211
5.2281	0.387509	0.0624211
5.2614	0.387509	0.0624211
5.2947	0.387509	0.0624211
5.328	0.387509	0.0624211
5.3613	0.387509	0.0624211
5.3946	0.387509	0.0624211
5.4279	0.387509	0.0624211
5.4612	0.387508	0.062421
5.4945	0.387508	0.062421
5.5278	0.387508	0.062421
5.5611	0.387508	0.062421
5.5944	0.387508	0.062421
5.6277	0.387508	0.062421
5.661	0.387508	0.062421
5.6943	0.387508	0.062421
5.7276	0.387508	0.062421
5.7609	0.387508	0.062421
5.7942	0.387508	0.062421
5.8275	0.387508	0.062421
5.8608	0.387508	0.062421
5.8941	0.387508	0.062421
5.9274	0.387508	0.062421
5.9607	0.387508	0.062421
5.994	0.387508	0.062421

