l	K	y

# DK0 = 2.5	(data set 1)
0	5	3.13941e-23

# DK0 = 0.0390625	(data set 2)
0	0.234375	0.0881383
0.0333	0.235313	0.0931689
0.0666	0.235838	0.0984566
0.0999	0.235938	0.104031
0.1332	0.235604	0.109926
0.1665	0.234827	0.116182
0.1998	0.233602	0.122845
0.2331	0.231926	0.12997
0.2664	0.229799	0.137617
0.2997	0.227222	0.145859
0.333	0.224199	0.154778
0.3663	0.220735	0.16447
0.3996	0.216839	0.175045
0.4329	0.212519	0.186631
0.4662	0.207789	0.199379
0.4995	0.202661	0.213462
0.5328	0.197152	0.229082
0.5661	0.191281	0.246479
0.5994	0.185068	0.265931
0.6327	0.178537	0.287768
0.666	0.171712	0.312381
0.6993	0.164623	0.340232
0.7326	0.157299	0.371869
0.7659	0.149776	0.407949
0.7992	0.14209	0.449256
0.8325	0.134279	0.49673
0.8658	0.126387	0.5515
0.8991	0.118456	0.61493
0.9324	0.110534	0.688664
0.9657	0.102667	0.774694
0.999	0.0949045	0.875434
1.0323	0.0872938	0.993819
1.0656	0.0798823	1.13342
1.0989	0.0727148	1.29857
1.1322	0.0658335	1.49459
1.1655	0.0592759	1.72793
1.1988	0.0530746	2.00651
1.2321	0.047256	2.33996
1.2654	0.0418397	2.7401
1.2987	0.0368384	3.22134
1.332	0.0322572	3.80133
1.3653	0.0280944	4.50161
1.3986	0.0243415	5.34855
1.4319	0.0209843	6.37437
1.4652	0.0180035	7.61845
1.4985	0.0153761	9.12892
1.5318	0.013076	10.9646
1.5651	0.0110757	13.1973
1.5984	0.0093467	15.9148
1.6317	0.00786079	19.2243
1.665	0.00659056	23.2568
1.6983	0.00550998	28.1721
1.7316	0.00459482	34.1656
1.7649	0.0038229	41.4758
1.7982	0.00317416	50.394
1.8315	0.00263073	61.2758
1.8648	0.00217683	74.5557
1.8981	0.0017987	90.764
1.9314	0.00148441	110.549
1.9647	0.00122371	134.7
1.998	0.00100785	164.185
2.0313	0.000829378	200.183
2.0646	0.000682029	244.134
2.0979	0.000560514	297.797
2.1312	0.000460407	363.32
2.1645	0.000378006	443.326
2.1978	0.000310233	541.018
2.2311	0.000254525	660.308
2.2644	0.000208762	805.972
2.2977	0.000171185	983.843
2.331	0.000140343	1201.04
2.3643	0.000115037	1466.27
2.3976	9.42801e-05	1790.15
2.4309	7.72587e-05	2185.66
2.4642	6.33036e-05	2668.62
2.4975	5.18644e-05	3258.38
2.5308	4.2489e-05	3978.58
2.5641	3.48061e-05	4858.03
2.5974	2.85109e-05	5931.99
2.6307	2.33531e-05	7243.44
2.664	1.91277e-05	8844.93
2.6973	1.56663e-05	10800.6
2.7306	1.28309e-05	13188.8
2.7639	1.05084e-05	16105.1
2.7972	8.60618e-06	19666.4
2.8305	7.04816e-06	24015.3
2.8638	5.77212e-06	29326
2.8971	4.72704e-06	35811.1
2.9304	3.87114e-06	43730.6
2.9637	3.17019e-06	53401.4
2.997	2.59614e-06	65211.1
3.0303	2.12603e-06	79632.5
3.0636	1.74104e-06	97243.4
3.0969	1.42575e-06	118749
3.1302	1.16756e-06	145011
3.1635	9.56124e-07	177081
3.1968	7.82974e-07	216243
3.2301	6.4118e-07	264066
3.2634	5.25063e-07	322466
3.2967	4.29974e-07	393782
3.33	3.52106e-07	480869
3.3633	2.88339e-07	587217
3.3966	2.3612e-07	717084
3.4299	1.93358e-07	875673
3.4632	1.5834e-07	1.06933e+06
3.4965	1.29664e-07	1.30583e+06
3.5298	1.06182e-07	1.59462e+06
3.5631	8.69516e-08	1.94728e+06
3.5964	7.12043e-08	2.37794e+06
3.6297	5.83089e-08	2.90384e+06
3.663	4.77489e-08	3.54605e+06
3.6963	3.91013e-08	4.33029e+06
3.7296	3.20199e-08	5.28797e+06
3.7629	2.62209e-08	6.45745e+06
3.7962	2.14722e-08	7.88557e+06
3.8295	1.75834e-08	9.62953e+06
3.8628	1.4399e-08	1.17592e+07
3.8961	1.17913e-08	1.43598e+07
3.9294	9.6558e-09	1.75356e+07
3.9627	7.90708e-09	2.14138e+07
3.996	6.47507e-09	2.61496e+07
4.0293	5.3024e-09	3.19328e+07
4.0626	4.3421e-09	3.8995e+07
4.0959	3.55573e-09	4.76191e+07
4.1292	2.91176e-09	5.81505e+07
4.1625	2.38443e-09	7.1011e+07
4.1958	1.9526e-09	8.67156e+07
4.2291	1.59897e-09	1.05894e+08
4.2624	1.30939e-09	1.29313e+08
4.2957	1.07225e-09	1.57911e+08
4.329	8.7806e-10	1.92835e+08
4.3623	7.19038e-10	2.35482e+08
4.3956	5.88817e-10	2.87561e+08
4.4289	4.82179e-10	3.51157e+08
4.4622	3.94854e-10	4.28819e+08
4.4955	3.23343e-10	5.23656e+08
4.5288	2.64784e-10	6.39466e+08
4.5621	2.1683e-10	7.8089e+08
4.5954	1.77561e-10	9.5359e+08
4.6287	1.45404e-10	1.16448e+09
4.662	1.1907e-10	1.42202e+09
4.6953	9.75061e-11	1.73651e+09
4.7286	7.98472e-11	2.12056e+09
4.7619	6.53864e-11	2.58954e+09
4.7952	5.35446e-11	3.16223e+09
4.8285	4.38474e-11	3.86159e+09
4.8618	3.59064e-11	4.71561e+09
4.8951	2.94035e-11	5.75851e+09
4.9284	2.40784e-11	7.03205e+09
4.9617	1.97177e-11	8.58725e+09
4.995	1.61467e-11	1.04864e+10
5.0283	1.32224e-11	1.28056e+10
5.0616	1.08278e-11	1.56376e+10
5.0949	8.86681e-12	1.9096e+10
5.1282	7.26098e-12	2.33192e+10
5.1615	5.94598e-12	2.84765e+10
5.1948	4.86913e-12	3.47743e+10
5.2281	3.9873e-12	4.24649e+10
5.2614	3.26518e-12	5.18564e+10
5.2947	2.67384e-12	6.33249e+10
5.328	2.18959e-12	7.73298e+10
5.3613	1.79304e-12	9.44319e+10
5.3946	1.46831e-12	1.15316e+11
5.4279	1.20239e-12	1.40819e+11
5.4612	9.84634e-13	1.71963e+11
5.4945	8.06312e-13	2.09994e+11
5.5278	6.60284e-13	2.56436e+11
5.5611	5.40703e-13	3.13149e+11
5.5944	4.42779e-13	3.82404e+11
5.6277	3.62589e-13	4.66976e+11
5.661	2.96922e-13	5.70252e+11
5.6943	2.43148e-13	6.96368e+11
5.7276	1.99113e-13	8.50376e+11
5.7609	1.63052e-13	1.03844e+12
5.7942	1.33523e-13	1.2681e+12
5.8275	1.09341e-13	1.54856e+12
5.8608	8.95386e-14	1.89103e+12
5.8941	7.33227e-14	2.30925e+12
5.9274	6.00436e-14	2.81996e+12
5.9607	4.91693e-14	3.44362e+12
5.994	4.02645e-14	4.20521e+12

# DK0 = 0.000610352	(data set 3)
0	0.306396	0.0417852
0.0333	0.311119	0.0429188
0.0666	0.315677	0.0440092
0.0999	0.320067	0.0450549
0.1332	0.324284	0.0460549
0.1665	0.328329	0.0470083
0.1998	0.332198	0.0479148
0.2331	0.335894	0.0487744
0.2664	0.339418	0.0495873
0.2997	0.342772	0.0503541
0.333	0.345958	0.0510755
0.3663	0.348982	0.0517524
0.3996	0.351848	0.052386
0.4329	0.354561	0.0529775
0.4662	0.357127	0.0535282
0.4995	0.359551	0.0540394
0.5328	0.36184	0.0545128
0.5661	0.364	0.0549497
0.5994	0.366038	0.0553517
0.6327	0.367961	0.0557202
0.666	0.369775	0.0560568
0.6993	0.371486	0.0563629
0.7326	0.373102	0.0566398
0.7659	0.374628	0.056889
0.7992	0.376071	0.0571117
0.8325	0.377436	0.0573092
0.8658	0.378731	0.0574827
0.8991	0.37996	0.0576331
0.9324	0.381129	0.0577617
0.9657	0.382243	0.0578693
0.999	0.383307	0.0579568
1.0323	0.384327	0.0580251
1.0656	0.385307	0.0580749
1.0989	0.386251	0.0581069
1.1322	0.387164	0.0581217
1.1655	0.38805	0.0581198
1.1988	0.388912	0.0581018
1.2321	0.389756	0.0580681
1.2654	0.390584	0.058019
1.2987	0.3914	0.0579548
1.332	0.392207	0.0578759
1.3653	0.393009	0.0577823
1.3986	0.393809	0.0576744
1.4319	0.39461	0.0575521
1.4652	0.395416	0.0574156
1.4985	0.396229	0.0572648
1.5318	0.397052	0.0570997
1.5651	0.397888	0.0569204
1.5984	0.398741	0.0567265
1.6317	0.399612	0.0565181
1.665	0.400506	0.056295
1.6983	0.401424	0.0560569
1.7316	0.40237	0.0558036
1.7649	0.403347	0.0555348
1.7982	0.404358	0.0552503
1.8315	0.405405	0.0549498
1.8648	0.406493	0.0546328
1.8981	0.407624	0.054299
1.9314	0.408801	0.0539481
1.9647	0.410027	0.0535796
1.998	0.411308	0.0531931
2.0313	0.412645	0.0527883
2.0646	0.414042	0.0523646
2.0979	0.415504	0.0519217
2.1312	0.417035	0.051459
2.1645	0.418639	0.0509762
2.1978	0.42032	0.0504728
2.2311	0.422082	0.0499483
2.2644	0.423931	0.0494024
2.2977	0.425872	0.0488347
2.331	0.42791	0.0482447
2.3643	0.43005	0.0476321
2.3976	0.432298	0.0469965
2.4309	0.434661	0.0463377
2.4642	0.437144	0.0456555
2.4975	0.439755	0.0449495
2.5308	0.442501	0.0442197
2.5641	0.445388	0.0434659
2.5974	0.448426	0.0426883
2.6307	0.451621	0.0418867
2.664	0.454984	0.0410613
2.6973	0.458523	0.0402124
2.7306	0.462247	0.0393403
2.7639	0.466167	0.0384454
2.7972	0.470294	0.0375283
2.8305	0.474639	0.0365897
2.8638	0.479213	0.0356302
2.8971	0.48403	0.0346509
2.9304	0.489102	0.0336529
2.9637	0.494443	0.0326372
2.997	0.500068	0.0316053
3.0303	0.505991	0.0305588
3.0636	0.51223	0.0294991
3.0969	0.518801	0.0284283
3.1302	0.525721	0.0273481
3.1635	0.533009	0.0262608
3.1968	0.540684	0.0251686
3.2301	0.548767	0.0240739
3.2634	0.557278	0.0229791
3.2967	0.56624	0.0218868
3.33	0.575676	0.0207999
3.3633	0.585609	0.0197209
3.3966	0.596064	0.0186529
3.4299	0.607068	0.0175985
3.4632	0.618647	0.0165608
3.4965	0.630828	0.0155424
3.5298	0.64364	0.0145462
3.5631	0.657113	0.0135748
3.5964	0.671275	0.0126309
3.6297	0.686159	0.0117169
3.663	0.701795	0.0108349
3.6963	0.718216	0.00998702
3.7296	0.735455	0.00917511
3.7629	0.753544	0.00840066
3.7962	0.772518	0.00766494
3.8295	0.792411	0.00696893
3.8628	0.813256	0.00631328
3.8961	0.835089	0.00569835
3.9294	0.857943	0.00512416
3.9627	0.881854	0.00459045
3.996	0.906857	0.00409665
4.0293	0.932986	0.00364192
4.0626	0.960277	0.00322513
4.0959	0.988764	0.00284497
4.1292	1.01848	0.00249706
4.1625	1.04948	0.00217086
4.1958	1.08181	0.00186773
4.2291	1.11553	0.00158959
4.2624	1.15068	0.00133765
4.2957	1.1873	0.00111244
4.329	1.22545	0.000913855
4.3623	1.26515	0.000741176
4.3956	1.30645	0.000593178
4.4289	1.34938	0.000468206
4.4622	1.39398	0.000364286
4.4955	1.44029	0.00027923
4.5288	1.48832	0.000210741
4.5621	1.53814	0.000156513
4.5954	1.58976	0.000114319
4.6287	1.64323	8.20695e-05
4.662	1.6986	5.78735e-05
4.6953	1.75592	4.00623e-05
4.7286	1.81522	2.72064e-05
4.7619	1.87658	1.81131e-05
4.7952	1.94005	1.18143e-05
4.8285	2.00569	7.54417e-06
4.8618	2.07357	4.71287e-06
4.8951	2.14376	2.87811e-06
4.9284	2.21633	1.71689e-06
4.9617	2.29137	9.99636e-07
4.995	2.36895	5.67612e-07
5.0283	2.44916	3.14051e-07
5.0616	2.53209	1.69164e-07
5.0949	2.61782	8.86298e-08
5.1282	2.70646	4.5124e-08
5.1615	2.79811	2.23034e-08
5.1948	2.89285	1.06914e-08
5.2281	2.99081	4.96528e-09
5.2614	3.09208	2.23171e-09
5.2947	3.19678	9.69692e-10
5.328	3.30502	4.0685e-10
5.3613	3.41693	1.64636e-10
5.3946	3.53263	6.41758e-11
5.4279	3.65225	2.40673e-11
5.4612	3.77592	8.67203e-12
5.4945	3.90377	2.99824e-12
5.5278	4.03595	9.93242e-13
5.5611	4.17261	3.14818e-13
5.5944	4.3139	9.53298e-14
5.6277	4.45997	2.75354e-14
5.661	4.61099	7.57452e-15
5.6943	4.76712	1.98107e-15
5.7276	4.92854	4.91795e-16

# DK0 = 9.53674e-06	(data set 4)
0	0.305386	0.0422253
0.0333	0.310051	0.0433872
0.0666	0.314549	0.0445071
0.0999	0.318874	0.0455835
0.1332	0.323024	0.0466155
0.1665	0.326995	0.0476023
0.1998	0.330787	0.0485436
0.2331	0.334401	0.0494394
0.2664	0.337837	0.0502902
0.2997	0.341098	0.0510964
0.333	0.344187	0.051859
0.3663	0.347107	0.052579
0.3996	0.349863	0.0532575
0.4329	0.352461	0.0538959
0.4662	0.354904	0.0544956
0.4995	0.3572	0.0550582
0.5328	0.359353	0.0555853
0.5661	0.361371	0.0560784
0.5994	0.363259	0.0565391
0.6327	0.365024	0.0569693
0.666	0.366672	0.0573703
0.6993	0.368209	0.0577439
0.7326	0.369641	0.0580916
0.7659	0.370975	0.058415
0.7992	0.372215	0.0587154
0.8325	0.373368	0.0589943
0.8658	0.37444	0.0592531
0.8991	0.375434	0.0594931
0.9324	0.376357	0.0597154
0.9657	0.377212	0.0599213
0.999	0.378005	0.0601119
1.0323	0.378739	0.0602883
1.0656	0.379419	0.0604513
1.0989	0.380049	0.060602
1.1322	0.380631	0.0607412
1.1655	0.38117	0.0608697
1.1988	0.381668	0.0609884
1.2321	0.382128	0.0610978
1.2654	0.382554	0.0611988
1.2987	0.382948	0.0612919
1.332	0.383311	0.0613776
1.3653	0.383647	0.0614566
1.3986	0.383957	0.0615294
1.4319	0.384244	0.0615963
1.4652	0.384508	0.0616579
1.4985	0.384753	0.0617145
1.5318	0.384979	0.0617665
1.5651	0.385188	0.0618143
1.5984	0.385381	0.0618582
1.6317	0.385559	0.0618984
1.665	0.385724	0.0619352
1.6983	0.385877	0.0619689
1.7316	0.386018	0.0619997
1.7649	0.386149	0.0620278
1.7982	0.38627	0.0620535
1.8315	0.386382	0.0620769
1.8648	0.386487	0.0620981
1.8981	0.386583	0.0621174
1.9314	0.386673	0.0621348
1.9647	0.386757	0.0621505
1.998	0.386835	0.0621646
2.0313	0.386907	0.0621772
2.0646	0.386975	0.0621884
2.0979	0.387039	0.0621983
2.1312	0.387099	0.062207
2.1645	0.387155	0.0622146
2.1978	0.387207	0.062221
2.2311	0.387257	0.0622265
2.2644	0.387304	0.062231
2.2977	0.387349	0.0622346
2.331	0.387392	0.0622373
2.3643	0.387433	0.0622392
2.3976	0.387472	0.0622403
2.4309	0.38751	0.0622406
2.4642	0.387547	0.0622402
2.4975	0.387582	0.0622391
2.5308	0.387617	0.0622373
2.5641	0.387651	0.0622348
2.5974	0.387685	0.0622316
2.6307	0.387718	0.0622278
2.664	0.387751	0.0622233
2.6973	0.387784	0.0622182
2.7306	0.387816	0.0622124
2.7639	0.387849	0.062206
2.7972	0.387883	0.0621989
2.8305	0.387917	0.0621911
2.8638	0.387951	0.0621827
2.8971	0.387986	0.0621736
2.9304	0.388022	0.0621638
2.9637	0.388058	0.0621533
2.997	0.388096	0.062142
3.0303	0.388135	0.06213
3.0636	0.388175	0.0621173
3.0969	0.388216	0.0621037
3.1302	0.388259	0.0620893
3.1635	0.388304	0.062074
3.1968	0.38835	0.0620578
3.2301	0.388399	0.0620407
3.2634	0.388449	0.0620226
3.2967	0.388501	0.0620036
3.33	0.388556	0.0619834
3.3633	0.388613	0.0619622
3.3966	0.388673	0.0619399
3.4299	0.388736	0.0619163
3.4632	0.388801	0.0618915
3.4965	0.38887	0.0618654
3.5298	0.388942	0.0618379
3.5631	0.389017	0.061809
3.5964	0.389096	0.0617786
3.6297	0.389179	0.0617466
3.663	0.389265	0.0617129
3.6963	0.389356	0.0616776
3.7296	0.389452	0.0616404
3.7629	0.389552	0.0616014
3.7962	0.389658	0.0615603
3.8295	0.389768	0.0615172
3.8628	0.389885	0.0614719
3.8961	0.390006	0.0614243
3.9294	0.390135	0.0613743
3.9627	0.390269	0.0613218
3.996	0.39041	0.0612667
4.0293	0.390559	0.0612088
4.0626	0.390715	0.0611481
4.0959	0.390879	0.0610842
4.1292	0.391051	0.0610172
4.1625	0.391232	0.0609469
4.1958	0.391422	0.0608731
4.2291	0.391622	0.0607956
4.2624	0.391832	0.0607143
4.2957	0.392052	0.060629
4.329	0.392284	0.0605394
4.3623	0.392528	0.0604455
4.3956	0.392784	0.0603469
4.4289	0.393053	0.0602435
4.4622	0.393336	0.0601351
4.4955	0.393633	0.0600213
4.5288	0.393945	0.059902
4.5621	0.394274	0.0597769
4.5954	0.394619	0.0596458
4.6287	0.394982	0.0595083
4.662	0.395363	0.0593642
4.6953	0.395764	0.0592131
4.7286	0.396185	0.0590548
4.7619	0.396628	0.0588889
4.7952	0.397094	0.0587151
4.8285	0.397583	0.0585331
4.8618	0.398098	0.0583425
4.8951	0.398639	0.0581428
4.9284	0.399208	0.0579338
4.9617	0.399806	0.0577151
4.995	0.400434	0.0574861
5.0283	0.401095	0.0572466
5.0616	0.40179	0.056996
5.0949	0.402521	0.0567339
5.1282	0.403289	0.0564598
5.1615	0.404097	0.0561734
5.1948	0.404947	0.055874
5.2281	0.40584	0.0555612
5.2614	0.40678	0.0552345
5.2947	0.407768	0.0548935
5.328	0.408807	0.0545374
5.3613	0.4099	0.0541659
5.3946	0.41105	0.0537784
5.4279	0.412259	0.0533744
5.4612	0.41353	0.0529533
5.4945	0.414868	0.0525146
5.5278	0.416275	0.0520577
5.5611	0.417756	0.0515821
5.5944	0.419313	0.0510873
5.6277	0.420952	0.0505728
5.661	0.422676	0.0500381
5.6943	0.42449	0.0494826
5.7276	0.426399	0.048906
5.7609	0.428407	0.0483077
5.7942	0.430521	0.0476874
5.8275	0.432745	0.0470447
5.8608	0.435087	0.0463793
5.8941	0.437551	0.0456908
5.9274	0.440145	0.044979
5.9607	0.442875	0.0442438
5.994	0.445749	0.043485
6.0273	0.448775	0.0427025
6.0606	0.451961	0.0418965
6.0939	0.455315	0.041067
6.1272	0.458847	0.0402142
6.1605	0.462566	0.0393385
6.1938	0.466482	0.0384402
6.2271	0.470606	0.0375199
6.2604	0.474949	0.0365783
6.2937	0.479523	0.0356161
6.327	0.48434	0.0346342
6.3603	0.489414	0.0336337
6.3936	0.494759	0.0326159
6.4269	0.500388	0.031582
6.4602	0.506317	0.0305336
6.4935	0.512562	0.0294723
6.5268	0.51914	0.0283999
6.5601	0.526069	0.0273184
6.5934	0.533366	0.0262299
6.6267	0.541052	0.0251366
6.66	0.549147	0.024041
6.6933	0.557671	0.0229455
6.7266	0.566647	0.0218527
6.7599	0.576098	0.0207654
6.7932	0.586048	0.0196862
6.8265	0.596521	0.0186181
6.8598	0.607544	0.0175638
6.8931	0.619143	0.0165262
6.9264	0.631346	0.0155082
6.9597	0.64418	0.0145125
6.993	0.657676	0.0135418
7.0263	0.671864	0.0125986
7.0596	0.686775	0.0116854
7.0929	0.702439	0.0108044
7.1262	0.718889	0.00995768
7.1595	0.736159	0.00914692
7.1928	0.75428	0.00837371
7.2261	0.773288	0.00763929
7.2594	0.793215	0.00694463
7.2927	0.814097	0.00629036
7.326	0.835967	0.00567683
7.3593	0.85886	0.00510406
7.3926	0.882812	0.00457176
7.4259	0.907857	0.00407936
7.4592	0.93403	0.003626
7.4925	0.961365	0.00321055
7.5258	0.989898	0.00283167
7.5591	1.01967	0.00248465
7.5924	1.05071	0.00215921
7.6257	1.0831	0.00185695
7.659	1.11687	0.00157973
7.6923	1.15207	0.00132876
7.7256	1.18875	0.00110453
7.7589	1.22696	0.000906912
7.7922	1.26672	0.000735173
7.8255	1.30808	0.000588063
7.8588	1.35108	0.000463915
7.8921	1.39575	0.000360743
7.9254	1.44211	0.00027635
7.9587	1.49022	0.00020844
7.992	1.5401	0.000154706
8.0253	1.59179	0.000112924
8.0586	1.64534	8.10134e-05
8.0919	1.70079	5.70885e-05
8.1252	1.75818	3.949e-05
8.1585	1.81756	2.67975e-05
8.1918	1.879	1.7827e-05
8.2251	1.94255	1.16183e-05
8.2584	2.00828	7.41278e-06
8.2917	2.07624	4.62679e-06
8.325	2.14652	2.82301e-06
8.3583	2.21919	1.68246e-06
8.3916	2.29432	9.78658e-07
8.4249	2.37201	5.55151e-07
8.4582	2.45232	3.06843e-07
8.4915	2.53536	1.65107e-07
8.5248	2.6212	8.64097e-08
8.5581	2.70996	4.3944e-08
8.5914	2.80172	2.16948e-08
8.6247	2.89659	1.03871e-08
8.658	2.99467	4.81795e-09
8.6913	3.09607	2.1627e-09
8.7246	3.2009	9.38455e-10
8.7579	3.30929	3.93201e-10
8.7912	3.42134	1.58886e-10
8.8245	3.53719	6.18433e-11
8.8578	3.65696	2.31572e-11
8.8911	3.78079	8.33098e-12
8.9244	3.90881	2.87564e-12
8.9577	4.04116	9.51024e-13
8.991	4.178	3.00912e-13
9.0243	4.31947	9.09552e-14
9.0576	4.46573	2.6223e-14
9.0909	4.61694	7.19963e-15
9.1242	4.77328	1.87928e-15
9.1575	4.9349	4.65567e-16

# DK0 = 1.49012e-07	(data set 5)
0	0.305379	0.042228
0.0333	0.310045	0.0433901
0.0666	0.314542	0.0445102
0.0999	0.318867	0.0455868
0.1332	0.323016	0.046619
0.1665	0.326987	0.047606
0.1998	0.330778	0.0485475
0.2331	0.334391	0.0494436
0.2664	0.337827	0.0502946
0.2997	0.341087	0.0511011
0.333	0.344176	0.0518639
0.3663	0.347095	0.0525841
0.3996	0.349851	0.0532629
0.4329	0.352448	0.0539016
0.4662	0.35489	0.0545017
0.4995	0.357185	0.0550646
0.5328	0.359338	0.055592
0.5661	0.361355	0.0560854
0.5994	0.363242	0.0565466
0.6327	0.365006	0.0569771
0.666	0.366653	0.0573786
0.6993	0.368189	0.0577526
0.7326	0.36962	0.0581008
0.7659	0.370952	0.0584246
0.7992	0.372191	0.0587255
0.8325	0.373343	0.0590049
0.8658	0.374413	0.0592643
0.8991	0.375406	0.0595048
0.9324	0.376327	0.0597277
0.9657	0.377181	0.0599343
0.999	0.377972	0.0601255
1.0323	0.378705	0.0603026
1.0656	0.379383	0.0604663
1.0989	0.38001	0.0606178
1.1322	0.380591	0.0607578
1.1655	0.381127	0.0608872
1.1988	0.381623	0.0610067
1.2321	0.382081	0.0611171
1.2654	0.382505	0.0612191
1.2987	0.382895	0.0613132
1.332	0.383256	0.0614
1.3653	0.383589	0.0614802
1.3986	0.383896	0.0615541
1.4319	0.38418	0.0616223
1.4652	0.384441	0.0616852
1.4985	0.384682	0.0617432
1.5318	0.384905	0.0617967
1.5651	0.38511	0.061846
1.5984	0.385299	0.0618914
1.6317	0.385473	0.0619333
1.665	0.385633	0.0619719
1.6983	0.385781	0.0620075
1.7316	0.385918	0.0620403
1.7649	0.386043	0.0620705
1.7982	0.386159	0.0620983
1.8315	0.386266	0.062124
1.8648	0.386364	0.0621476
1.8981	0.386454	0.0621693
1.9314	0.386537	0.0621894
1.9647	0.386614	0.0622079
1.998	0.386685	0.0622249
2.0313	0.38675	0.0622405
2.0646	0.38681	0.062255
2.0979	0.386865	0.0622683
2.1312	0.386915	0.0622805
2.1645	0.386962	0.0622918
2.1978	0.387005	0.0623022
2.2311	0.387045	0.0623118
2.2644	0.387081	0.0623207
2.2977	0.387115	0.0623288
2.331	0.387145	0.0623363
2.3643	0.387174	0.0623432
2.3976	0.3872	0.0623496
2.4309	0.387224	0.0623555
2.4642	0.387246	0.0623609
2.4975	0.387266	0.0623659
2.5308	0.387285	0.0623706
2.5641	0.387302	0.0623748
2.5974	0.387318	0.0623788
2.6307	0.387332	0.0623824
2.664	0.387345	0.0623858
2.6973	0.387357	0.0623889
2.7306	0.387369	0.0623918
2.7639	0.387379	0.0623944
2.7972	0.387388	0.0623969
2.8305	0.387397	0.0623992
2.8638	0.387405	0.0624013
2.8971	0.387412	0.0624033
2.9304	0.387418	0.0624052
2.9637	0.387424	0.0624069
2.997	0.38743	0.0624085
3.0303	0.387435	0.06241
3.0636	0.387439	0.0624114
3.0969	0.387443	0.0624128
3.1302	0.387447	0.062414
3.1635	0.38745	0.0624152
3.1968	0.387453	0.0624163
3.2301	0.387456	0.0624174
3.2634	0.387458	0.0624184
3.2967	0.38746	0.0624194
3.33	0.387462	0.0624203
3.3633	0.387464	0.0624212
3.3966	0.387465	0.0624221
3.4299	0.387466	0.0624229
3.4632	0.387467	0.0624238
3.4965	0.387468	0.0624246
3.5298	0.387468	0.0624254
3.5631	0.387469	0.0624262
3.5964	0.387469	0.0624269
3.6297	0.387469	0.0624277
3.663	0.387469	0.0624285
3.6963	0.387468	0.0624293
3.7296	0.387468	0.0624301
3.7629	0.387467	0.0624309
3.7962	0.387466	0.0624317
3.8295	0.387466	0.0624326
3.8628	0.387465	0.0624334
3.8961	0.387463	0.0624343
3.9294	0.387462	0.0624352
3.9627	0.387461	0.0624361
3.996	0.387459	0.0624371
4.0293	0.387457	0.0624381
4.0626	0.387455	0.0624391
4.0959	0.387453	0.0624402
4.1292	0.387451	0.0624413
4.1625	0.387449	0.0624425
4.1958	0.387446	0.0624437
4.2291	0.387443	0.062445
4.2624	0.38744	0.0624463
4.2957	0.387437	0.0624476
4.329	0.387434	0.0624491
4.3623	0.387431	0.0624506
4.3956	0.387427	0.0624522
4.4289	0.387423	0.0624538
4.4622	0.387419	0.0624555
4.4955	0.387415	0.0624574
4.5288	0.38741	0.0624593
4.5621	0.387406	0.0624613
4.5954	0.387401	0.0624633
4.6287	0.387395	0.0624655
4.662	0.38739	0.0624678
4.6953	0.387384	0.0624703
4.7286	0.387378	0.0624728
4.7619	0.387371	0.0624755
4.7952	0.387364	0.0624782
4.8285	0.387357	0.0624812
4.8618	0.387349	0.0624843
4.8951	0.387341	0.0624875
4.9284	0.387333	0.0624909
4.9617	0.387324	0.0624945
4.995	0.387315	0.0624982
5.0283	0.387305	0.0625022
5.0616	0.387295	0.0625063
5.0949	0.387284	0.0625107
5.1282	0.387273	0.0625152
5.1615	0.387261	0.06252
5.1948	0.387248	0.0625251
5.2281	0.387235	0.0625304
5.2614	0.387221	0.062536
5.2947	0.387207	0.0625418
5.328	0.387192	0.062548
5.3613	0.387175	0.0625544
5.3946	0.387159	0.0625612
5.4279	0.387141	0.0625684
5.4612	0.387122	0.0625759
5.4945	0.387103	0.0625838
5.5278	0.387082	0.0625921
5.5611	0.38706	0.0626008
5.5944	0.387038	0.0626099
5.6277	0.387014	0.0626195
5.661	0.386989	0.0626297
5.6943	0.386962	0.0626403
5.7276	0.386934	0.0626515
5.7609	0.386905	0.0626632
5.7942	0.386875	0.0626755
5.8275	0.386843	0.0626885
5.8608	0.386809	0.0627021
5.8941	0.386773	0.0627165
5.9274	0.386736	0.0627315
5.9607	0.386697	0.0627473
5.994	0.386655	0.062764

# DK0 = 2.32831e-09	(data set 6)
0	0.305379	0.042228
0.0333	0.310045	0.04339
0.0666	0.314542	0.0445101
0.0999	0.318867	0.0455868
0.1332	0.323016	0.0466189
0.1665	0.326987	0.0476059
0.1998	0.330779	0.0485474
0.2331	0.334392	0.0494435
0.2664	0.337827	0.0502945
0.2997	0.341088	0.051101
0.333	0.344176	0.0518638
0.3663	0.347095	0.0525841
0.3996	0.349851	0.0532628
0.4329	0.352448	0.0539015
0.4662	0.354891	0.0545016
0.4995	0.357185	0.0550645
0.5328	0.359338	0.0555919
0.5661	0.361355	0.0560853
0.5994	0.363242	0.0565465
0.6327	0.365006	0.056977
0.666	0.366653	0.0573784
0.6993	0.368189	0.0577525
0.7326	0.36962	0.0581006
0.7659	0.370953	0.0584244
0.7992	0.372192	0.0587253
0.8325	0.373344	0.0590048
0.8658	0.374414	0.0592641
0.8991	0.375407	0.0595046
0.9324	0.376328	0.0597276
0.9657	0.377181	0.0599341
0.999	0.377973	0.0601253
1.0323	0.378705	0.0603024
1.0656	0.379383	0.0604661
1.0989	0.380011	0.0606175
1.1322	0.380591	0.0607575
1.1655	0.381128	0.0608869
1.1988	0.381624	0.0610064
1.2321	0.382082	0.0611168
1.2654	0.382505	0.0612188
1.2987	0.382896	0.0613129
1.332	0.383257	0.0613997
1.3653	0.38359	0.0614798
1.3986	0.383897	0.0615538
1.4319	0.384181	0.0616219
1.4652	0.384442	0.0616848
1.4985	0.384683	0.0617428
1.5318	0.384906	0.0617963
1.5651	0.385111	0.0618455
1.5984	0.3853	0.061891
1.6317	0.385474	0.0619328
1.665	0.385635	0.0619714
1.6983	0.385783	0.0620069
1.7316	0.385919	0.0620397
1.7649	0.386045	0.0620699
1.7982	0.386161	0.0620977
1.8315	0.386267	0.0621233
1.8648	0.386365	0.0621469
1.8981	0.386456	0.0621686
1.9314	0.386539	0.0621886
1.9647	0.386616	0.062207
1.998	0.386687	0.062224
2.0313	0.386752	0.0622397
2.0646	0.386812	0.062254
2.0979	0.386867	0.0622673
2.1312	0.386918	0.0622795
2.1645	0.386965	0.0622907
2.1978	0.387008	0.0623011
2.2311	0.387048	0.0623106
2.2644	0.387084	0.0623194
2.2977	0.387118	0.0623275
2.331	0.387149	0.0623349
2.3643	0.387177	0.0623418
2.3976	0.387204	0.0623481
2.4309	0.387228	0.0623539
2.4642	0.38725	0.0623592
2.4975	0.387271	0.0623641
2.5308	0.387289	0.0623687
2.5641	0.387307	0.0623728
2.5974	0.387323	0.0623767
2.6307	0.387337	0.0623802
2.664	0.387351	0.0623835
2.6973	0.387363	0.0623865
2.7306	0.387375	0.0623892
2.7639	0.387385	0.0623918
2.7972	0.387395	0.0623941
2.8305	0.387404	0.0623963
2.8638	0.387412	0.0623982
2.8971	0.38742	0.0624001
2.9304	0.387427	0.0624018
2.9637	0.387433	0.0624033
2.997	0.387439	0.0624047
3.0303	0.387445	0.0624061
3.0636	0.38745	0.0624073
3.0969	0.387454	0.0624084
3.1302	0.387458	0.0624094
3.1635	0.387462	0.0624104
3.1968	0.387466	0.0624112
3.2301	0.387469	0.062412
3.2634	0.387472	0.0624128
3.2967	0.387475	0.0624135
3.33	0.387478	0.0624141
3.3633	0.38748	0.0624147
3.3966	0.387482	0.0624152
3.4299	0.387484	0.0624157
3.4632	0.387486	0.0624162
3.4965	0.387488	0.0624166
3.5298	0.387489	0.062417
3.5631	0.38749	0.0624174
3.5964	0.387492	0.0624177
3.6297	0.387493	0.062418
3.663	0.387494	0.0624183
3.6963	0.387495	0.0624186
3.7296	0.387496	0.0624189
3.7629	0.387497	0.0624191
3.7962	0.387497	0.0624193
3.8295	0.387498	0.0624195
3.8628	0.387499	0.0624197
3.8961	0.387499	0.0624199
3.9294	0.3875	0.0624201
3.9627	0.3875	0.0624202
3.996	0.387501	0.0624204
4.0293	0.387501	0.0624205
4.0626	0.387501	0.0624207
4.0959	0.387502	0.0624208
4.1292	0.387502	0.0624209
4.1625	0.387502	0.0624211
4.1958	0.387502	0.0624212
4.2291	0.387502	0.0624213
4.2624	0.387502	0.0624214
4.2957	0.387503	0.0624215
4.329	0.387503	0.0624217
4.3623	0.387503	0.0624218
4.3956	0.387503	0.0624219
4.4289	0.387503	0.062422
4.4622	0.387503	0.0624221
4.4955	0.387503	0.0624222
4.5288	0.387502	0.0624223
4.5621	0.387502	0.0624224
4.5954	0.387502	0.0624226
4.6287	0.387502	0.0624227
4.662	0.387502	0.0624228
4.6953	0.387502	0.0624229
4.7286	0.387502	0.062423
4.7619	0.387501	0.0624232
4.7952	0.387501	0.0624233
4.8285	0.387501	0.0624235
4.8618	0.387501	0.0624236
4.8951	0.3875	0.0624238
4.9284	0.3875	0.0624239
4.9617	0.3875	0.0624241
4.995	0.387499	0.0624243
5.0283	0.387499	0.0624244
5.0616	0.387499	0.0624246
5.0949	0.387498	0.0624248
5.1282	0.387498	0.062425
5.1615	0.387497	0.0624252
5.1948	0.387497	0.0624255
5.2281	0.387496	0.0624257
5.2614	0.387495	0.0624259
5.2947	0.387495	0.0624262
5.328	0.387494	0.0624265
5.3613	0.387494	0.0624268
5.3946	0.387493	0.0624271
5.4279	0.387492	0.0624274
5.4612	0.387491	0.0624277
5.4945	0.38749	0.062428
5.5278	0.38749	0.0624284
5.5611	0.387489	0.0624288
5.5944	0.387488	0.0624292
5.6277	0.387487	0.0624296
5.661	0.387486	0.06243
5.6943	0.387484	0.0624305
5.7276	0.387483	0.062431
5.7609	0.387482	0.0624315
5.7942	0.387481	0.062432
5.8275	0.387479	0.0624326
5.8608	0.387478	0.0624332
5.8941	0.387476	0.0624338
5.9274	0.387475	0.0624345
5.9607	0.387473	0.0624351
5.994	0.387471	0.0624359

# DK0 = 3.63798e-11	(data set 7)
0	0.305379	0.042228
0.0333	0.310045	0.04339
0.0666	0.314542	0.0445101
0.0999	0.318867	0.0455868
0.1332	0.323016	0.0466189
0.1665	0.326987	0.0476059
0.1998	0.330779	0.0485474
0.2331	0.334392	0.0494435
0.2664	0.337827	0.0502945
0.2997	0.341088	0.051101
0.333	0.344176	0.0518638
0.3663	0.347095	0.052584
0.3996	0.349851	0.0532628
0.4329	0.352448	0.0539015
0.4662	0.354891	0.0545016
0.4995	0.357185	0.0550645
0.5328	0.359338	0.0555919
0.5661	0.361355	0.0560853
0.5994	0.363242	0.0565465
0.6327	0.365006	0.056977
0.666	0.366653	0.0573784
0.6993	0.368189	0.0577525
0.7326	0.36962	0.0581006
0.7659	0.370953	0.0584244
0.7992	0.372192	0.0587253
0.8325	0.373344	0.0590048
0.8658	0.374414	0.0592641
0.8991	0.375407	0.0595046
0.9324	0.376328	0.0597276
0.9657	0.377181	0.0599341
0.999	0.377973	0.0601253
1.0323	0.378705	0.0603023
1.0656	0.379384	0.0604661
1.0989	0.380011	0.0606175
1.1322	0.380591	0.0607575
1.1655	0.381128	0.0608869
1.1988	0.381624	0.0610064
1.2321	0.382082	0.0611168
1.2654	0.382505	0.0612188
1.2987	0.382896	0.0613128
1.332	0.383257	0.0613997
1.3653	0.38359	0.0614798
1.3986	0.383897	0.0615537
1.4319	0.384181	0.0616219
1.4652	0.384442	0.0616848
1.4985	0.384683	0.0617428
1.5318	0.384906	0.0617962
1.5651	0.385111	0.0618455
1.5984	0.3853	0.0618909
1.6317	0.385474	0.0619328
1.665	0.385635	0.0619714
1.6983	0.385783	0.0620069
1.7316	0.385919	0.0620397
1.7649	0.386045	0.0620699
1.7982	0.386161	0.0620977
1.8315	0.386267	0.0621233
1.8648	0.386366	0.0621468
1.8981	0.386456	0.0621686
1.9314	0.386539	0.0621886
1.9647	0.386616	0.062207
1.998	0.386687	0.062224
2.0313	0.386752	0.0622396
2.0646	0.386812	0.062254
2.0979	0.386867	0.0622673
2.1312	0.386918	0.0622795
2.1645	0.386965	0.0622907
2.1978	0.387008	0.062301
2.2311	0.387048	0.0623106
2.2644	0.387084	0.0623193
2.2977	0.387118	0.0623274
2.331	0.387149	0.0623349
2.3643	0.387178	0.0623417
2.3976	0.387204	0.062348
2.4309	0.387228	0.0623538
2.4642	0.38725	0.0623591
2.4975	0.387271	0.0623641
2.5308	0.38729	0.0623686
2.5641	0.387307	0.0623727
2.5974	0.387323	0.0623766
2.6307	0.387338	0.0623801
2.664	0.387351	0.0623834
2.6973	0.387364	0.0623864
2.7306	0.387375	0.0623891
2.7639	0.387386	0.0623916
2.7972	0.387396	0.062394
2.8305	0.387404	0.0623961
2.8638	0.387413	0.0623981
2.8971	0.38742	0.0623999
2.9304	0.387427	0.0624016
2.9637	0.387434	0.0624031
2.997	0.38744	0.0624046
3.0303	0.387445	0.0624059
3.0636	0.38745	0.0624071
3.0969	0.387455	0.0624082
3.1302	0.387459	0.0624092
3.1635	0.387463	0.0624101
3.1968	0.387466	0.062411
3.2301	0.38747	0.0624118
3.2634	0.387473	0.0624125
3.2967	0.387476	0.0624132
3.33	0.387478	0.0624138
3.3633	0.387481	0.0624144
3.3966	0.387483	0.0624149
3.4299	0.387485	0.0624154
3.4632	0.387487	0.0624159
3.4965	0.387488	0.0624163
3.5298	0.38749	0.0624166
3.5631	0.387491	0.062417
3.5964	0.387493	0.0624173
3.6297	0.387494	0.0624176
3.663	0.387495	0.0624179
3.6963	0.387496	0.0624181
3.7296	0.387497	0.0624184
3.7629	0.387498	0.0624186
3.7962	0.387499	0.0624188
3.8295	0.3875	0.0624189
3.8628	0.3875	0.0624191
3.8961	0.387501	0.0624193
3.9294	0.387501	0.0624194
3.9627	0.387502	0.0624195
3.996	0.387502	0.0624196
4.0293	0.387503	0.0624197
4.0626	0.387503	0.0624199
4.0959	0.387504	0.0624199
4.1292	0.387504	0.06242
4.1625	0.387504	0.0624201
4.1958	0.387505	0.0624202
4.2291	0.387505	0.0624202
4.2624	0.387505	0.0624203
4.2957	0.387505	0.0624204
4.329	0.387506	0.0624204
4.3623	0.387506	0.0624205
4.3956	0.387506	0.0624205
4.4289	0.387506	0.0624205
4.4622	0.387506	0.0624206
4.4955	0.387507	0.0624206
4.5288	0.387507	0.0624206
4.5621	0.387507	0.0624207
4.5954	0.387507	0.0624207
4.6287	0.387507	0.0624207
4.662	0.387507	0.0624208
4.6953	0.387507	0.0624208
4.7286	0.387507	0.0624208
4.7619	0.387507	0.0624208
4.7952	0.387507	0.0624208
4.8285	0.387507	0.0624208
4.8618	0.387507	0.0624209
4.8951	0.387508	0.0624209
4.9284	0.387508	0.0624209
4.9617	0.387508	0.0624209
4.995	0.387508	0.0624209
5.0283	0.387508	0.0624209
5.0616	0.387508	0.0624209
5.0949	0.387508	0.0624209
5.1282	0.387508	0.0624209
5.1615	0.387508	0.062421
5.1948	0.387508	0.062421
5.2281	0.387508	0.062421
5.2614	0.387508	0.062421
5.2947	0.387508	0.062421
5.328	0.387508	0.062421
5.3613	0.387508	0.062421
5.3946	0.387508	0.062421
5.4279	0.387508	0.062421
5.4612	0.387508	0.062421
5.4945	0.387508	0.062421
5.5278	0.387508	0.062421
5.5611	0.387508	0.062421
5.5944	0.387508	0.062421
5.6277	0.387508	0.062421
5.661	0.387508	0.062421
5.6943	0.387508	0.062421
5.7276	0.387508	0.062421
5.7609	0.387508	0.062421
5.7942	0.387508	0.062421
5.8275	0.387508	0.062421
5.8608	0.387508	0.062421
5.8941	0.387508	0.0624211
5.9274	0.387508	0.0624211
5.9607	0.387508	0.0624211
5.994	0.387508	0.0624211

# DK0 = 5.68434e-13	(data set 8)
0	0.305379	0.042228
0.0333	0.310045	0.04339
0.0666	0.314542	0.0445101
0.0999	0.318867	0.0455868
0.1332	0.323016	0.0466189
0.1665	0.326987	0.0476059
0.1998	0.330779	0.0485474
0.2331	0.334392	0.0494435
0.2664	0.337827	0.0502945
0.2997	0.341088	0.051101
0.333	0.344176	0.0518638
0.3663	0.347095	0.052584
0.3996	0.349851	0.0532628
0.4329	0.352448	0.0539015
0.4662	0.354891	0.0545016
0.4995	0.357185	0.0550645
0.5328	0.359338	0.0555919
0.5661	0.361355	0.0560853
0.5994	0.363242	0.0565465
0.6327	0.365006	0.056977
0.666	0.366653	0.0573784
0.6993	0.368189	0.0577525
0.7326	0.36962	0.0581006
0.7659	0.370953	0.0584244
0.7992	0.372192	0.0587253
0.8325	0.373344	0.0590048
0.8658	0.374414	0.0592641
0.8991	0.375407	0.0595046
0.9324	0.376328	0.0597276
0.9657	0.377181	0.0599341
0.999	0.377973	0.0601253
1.0323	0.378705	0.0603023
1.0656	0.379384	0.0604661
1.0989	0.380011	0.0606175
1.1322	0.380591	0.0607575
1.1655	0.381128	0.0608869
1.1988	0.381624	0.0610064
1.2321	0.382082	0.0611168
1.2654	0.382505	0.0612188
1.2987	0.382896	0.0613128
1.332	0.383257	0.0613997
1.3653	0.38359	0.0614798
1.3986	0.383897	0.0615537
1.4319	0.384181	0.0616219
1.4652	0.384442	0.0616848
1.4985	0.384683	0.0617428
1.5318	0.384906	0.0617962
1.5651	0.385111	0.0618455
1.5984	0.3853	0.0618909
1.6317	0.385474	0.0619328
1.665	0.385635	0.0619714
1.6983	0.385783	0.0620069
1.7316	0.385919	0.0620397
1.7649	0.386045	0.0620699
1.7982	0.386161	0.0620977
1.8315	0.386267	0.0621233
1.8648	0.386366	0.0621468
1.8981	0.386456	0.0621686
1.9314	0.386539	0.0621886
1.9647	0.386616	0.062207
1.998	0.386687	0.062224
2.0313	0.386752	0.0622396
2.0646	0.386812	0.062254
2.0979	0.386867	0.0622673
2.1312	0.386918	0.0622795
2.1645	0.386965	0.0622907
2.1978	0.387008	0.062301
2.2311	0.387048	0.0623106
2.2644	0.387084	0.0623193
2.2977	0.387118	0.0623274
2.331	0.387149	0.0623348
2.3643	0.387178	0.0623417
2.3976	0.387204	0.062348
2.4309	0.387228	0.0623538
2.4642	0.38725	0.0623591
2.4975	0.387271	0.0623641
2.5308	0.38729	0.0623686
2.5641	0.387307	0.0623727
2.5974	0.387323	0.0623766
2.6307	0.387338	0.0623801
2.664	0.387351	0.0623834
2.6973	0.387364	0.0623864
2.7306	0.387375	0.0623891
2.7639	0.387386	0.0623916
2.7972	0.387396	0.062394
2.8305	0.387404	0.0623961
2.8638	0.387413	0.0623981
2.8971	0.38742	0.0623999
2.9304	0.387427	0.0624016
2.9637	0.387434	0.0624031
2.997	0.38744	0.0624046
3.0303	0.387445	0.0624059
3.0636	0.38745	0.0624071
3.0969	0.387455	0.0624082
3.1302	0.387459	0.0624092
3.1635	0.387463	0.0624101
3.1968	0.387466	0.062411
3.2301	0.38747	0.0624118
3.2634	0.387473	0.0624125
3.2967	0.387476	0.0624132
3.33	0.387478	0.0624138
3.3633	0.387481	0.0624144
3.3966	0.387483	0.0624149
3.4299	0.387485	0.0624154
3.4632	0.387487	0.0624159
3.4965	0.387488	0.0624163
3.5298	0.38749	0.0624166
3.5631	0.387491	0.062417
3.5964	0.387493	0.0624173
3.6297	0.387494	0.0624176
3.663	0.387495	0.0624179
3.6963	0.387496	0.0624181
3.7296	0.387497	0.0624184
3.7629	0.387498	0.0624186
3.7962	0.387499	0.0624188
3.8295	0.3875	0.0624189
3.8628	0.3875	0.0624191
3.8961	0.387501	0.0624193
3.9294	0.387501	0.0624194
3.9627	0.387502	0.0624195
3.996	0.387502	0.0624196
4.0293	0.387503	0.0624197
4.0626	0.387503	0.0624198
4.0959	0.387504	0.0624199
4.1292	0.387504	0.06242
4.1625	0.387504	0.0624201
4.1958	0.387505	0.0624202
4.2291	0.387505	0.0624202
4.2624	0.387505	0.0624203
4.2957	0.387505	0.0624204
4.329	0.387506	0.0624204
4.3623	0.387506	0.0624205
4.3956	0.387506	0.0624205
4.4289	0.387506	0.0624205
4.4622	0.387506	0.0624206
4.4955	0.387507	0.0624206
4.5288	0.387507	0.0624206
4.5621	0.387507	0.0624207
4.5954	0.387507	0.0624207
4.6287	0.387507	0.0624207
4.662	0.387507	0.0624207
4.6953	0.387507	0.0624208
4.7286	0.387507	0.0624208
4.7619	0.387507	0.0624208
4.7952	0.387507	0.0624208
4.8285	0.387507	0.0624208
4.8618	0.387508	0.0624208
4.8951	0.387508	0.0624209
4.9284	0.387508	0.0624209
4.9617	0.387508	0.0624209
4.995	0.387508	0.0624209
5.0283	0.387508	0.0624209
5.0616	0.387508	0.0624209
5.0949	0.387508	0.0624209
5.1282	0.387508	0.0624209
5.1615	0.387508	0.0624209
5.1948	0.387508	0.0624209
5.2281	0.387508	0.0624209
5.2614	0.387508	0.0624209
5.2947	0.387508	0.062421
5.328	0.387508	0.062421
5.3613	0.387508	0.062421
5.3946	0.387508	0.062421
5.4279	0.387508	0.062421
5.4612	0.387508	0.062421
5.4945	0.387508	0.062421
5.5278	0.387508	0.062421
5.5611	0.387508	0.062421
5.5944	0.387508	0.062421
5.6277	0.387508	0.062421
5.661	0.387508	0.062421
5.6943	0.387508	0.062421
5.7276	0.387508	0.062421
5.7609	0.387508	0.062421
5.7942	0.387508	0.062421
5.8275	0.387508	0.062421
5.8608	0.387508	0.062421
5.8941	0.387508	0.062421
5.9274	0.387508	0.062421
5.9607	0.387508	0.062421
5.994	0.387508	0.062421
6.0273	0.387508	0.062421
6.0606	0.387508	0.062421
6.0939	0.387508	0.062421
6.1272	0.387508	0.062421
6.1605	0.387508	0.062421
6.1938	0.387508	0.062421
6.2271	0.387508	0.062421
6.2604	0.387508	0.062421
6.2937	0.387508	0.062421
6.327	0.387508	0.062421
6.3603	0.387508	0.062421
6.3936	0.387508	0.062421
6.4269	0.387508	0.062421
6.4602	0.387508	0.062421
6.4935	0.387508	0.062421
6.5268	0.387508	0.062421
6.5601	0.387508	0.062421
6.5934	0.387508	0.062421
6.6267	0.387508	0.062421
6.66	0.387508	0.062421
6.6933	0.387508	0.062421
6.7266	0.387508	0.062421
6.7599	0.387508	0.062421
6.7932	0.387508	0.062421
6.8265	0.387508	0.062421
6.8598	0.387508	0.062421
6.8931	0.387508	0.062421
6.9264	0.387508	0.062421
6.9597	0.387508	0.062421
6.993	0.387508	0.062421
7.0263	0.387508	0.062421
7.0596	0.387508	0.062421
7.0929	0.387508	0.062421
7.1262	0.387508	0.062421
7.1595	0.387508	0.062421
7.1928	0.387508	0.062421
7.2261	0.387508	0.062421
7.2594	0.387508	0.062421
7.2927	0.387508	0.062421
7.326	0.387508	0.062421
7.3593	0.387508	0.062421
7.3926	0.387508	0.062421
7.4259	0.387508	0.062421
7.4592	0.387508	0.062421
7.4925	0.387508	0.062421
7.5258	0.387508	0.062421
7.5591	0.387508	0.062421
7.5924	0.387508	0.062421
7.6257	0.387508	0.062421
7.659	0.387508	0.062421
7.6923	0.387508	0.062421
7.7256	0.387508	0.062421
7.7589	0.387508	0.062421
7.7922	0.387508	0.062421
7.8255	0.387508	0.062421
7.8588	0.387508	0.062421
7.8921	0.387508	0.062421
7.9254	0.387508	0.062421
7.9587	0.387508	0.062421
7.992	0.387508	0.062421
8.0253	0.387508	0.062421
8.0586	0.387508	0.062421
8.0919	0.387508	0.062421
8.1252	0.387508	0.062421
8.1585	0.387508	0.062421
8.1918	0.387508	0.062421
8.2251	0.387508	0.062421
8.2584	0.387508	0.062421
8.2917	0.387508	0.062421
8.325	0.387508	0.0624209
8.3583	0.387508	0.0624209
8.3916	0.387508	0.0624209
8.4249	0.387508	0.0624209
8.4582	0.387508	0.0624209
8.4915	0.387508	0.0624209
8.5248	0.387508	0.0624209
8.5581	0.387508	0.0624209
8.5914	0.387508	0.0624209
8.6247	0.387508	0.0624209
8.658	0.387508	0.0624209
8.6913	0.387508	0.0624209
8.7246	0.387508	0.0624209
8.7579	0.387508	0.0624209
8.7912	0.387508	0.0624209
8.8245	0.387508	0.0624209
8.8578	0.387509	0.0624209
8.8911	0.387509	0.0624209
8.9244	0.387509	0.0624209
8.9577	0.387509	0.0624209
8.991	0.387509	0.0624208
9.0243	0.387509	0.0624208
9.0576	0.387509	0.0624208
9.0909	0.387509	0.0624208
9.1242	0.387509	0.0624208
9.1575	0.387509	0.0624208
9.1908	0.387509	0.0624208
9.2241	0.387509	0.0624208
9.2574	0.387509	0.0624208
9.2907	0.387509	0.0624208
9.324	0.387509	0.0624207
9.3573	0.387509	0.0624207
9.3906	0.387509	0.0624207
9.4239	0.387509	0.0624207
9.4572	0.387509	0.0624207
9.4905	0.387509	0.0624207
9.5238	0.387509	0.0624207
9.5571	0.387509	0.0624206
9.5904	0.387509	0.0624206
9.6237	0.387509	0.0624206
9.657	0.387509	0.0624206
9.6903	0.387509	0.0624206
9.7236	0.387509	0.0624205
9.7569	0.387509	0.0624205
9.7902	0.387509	0.0624205
9.8235	0.38751	0.0624205
9.8568	0.38751	0.0624204
9.8901	0.38751	0.0624204
9.9234	0.38751	0.0624204
9.9567	0.38751	0.0624203
9.99	0.38751	0.0624203
10.0233	0.38751	0.0624203
10.0566	0.38751	0.0624202
10.0899	0.38751	0.0624202
10.1232	0.38751	0.0624202
10.1565	0.38751	0.0624201
10.1898	0.387511	0.0624201
10.2231	0.387511	0.06242
10.2564	0.387511	0.06242
10.2897	0.387511	0.0624199
10.323	0.387511	0.0624199
10.3563	0.387511	0.0624198
10.3896	0.387511	0.0624198
10.4229	0.387511	0.0624197
10.4562	0.387512	0.0624196
10.4895	0.387512	0.0624196
10.5228	0.387512	0.0624195
10.5561	0.387512	0.0624194
10.5894	0.387512	0.0624193
10.6227	0.387513	0.0624192
10.656	0.387513	0.0624191
10.6893	0.387513	0.062419
10.7226	0.387513	0.0624189
10.7559	0.387514	0.0624188
10.7892	0.387514	0.0624187
10.8225	0.387514	0.0624186
10.8558	0.387514	0.0624185
10.8891	0.387515	0.0624184
10.9224	0.387515	0.0624182
10.9557	0.387515	0.0624181
10.989	0.387516	0.0624179
11.0223	0.387516	0.0624178
11.0556	0.387517	0.0624176
11.0889	0.387517	0.0624175
11.1222	0.387517	0.0624173
11.1555	0.387518	0.0624171
11.1888	0.387518	0.0624169
11.2221	0.387519	0.0624167
11.2554	0.38752	0.0624165
11.2887	0.38752	0.0624162
11.322	0.387521	0.062416
11.3553	0.387521	0.0624157
11.3886	0.387522	0.0624155
11.4219	0.387523	0.0624152
11.4552	0.387523	0.0624149
11.4885	0.387524	0.0624146
11.5218	0.387525	0.0624142
11.5551	0.387526	0.0624139
11.5884	0.387527	0.0624135
11.6217	0.387528	0.0624132
11.655	0.387529	0.0624128
11.6883	0.38753	0.0624123
11.7216	0.387531	0.0624119
11.7549	0.387532	0.0624114
11.7882	0.387533	0.062411
11.8215	0.387535	0.0624104
11.8548	0.387536	0.0624099
11.8881	0.387537	0.0624093
11.9214	0.387539	0.0624088
11.9547	0.38754	0.0624081
11.988	0.387542	0.0624075
12.0213	0.387544	0.0624068
12.0546	0.387545	0.0624061
12.0879	0.387547	0.0624053
12.1212	0.387549	0.0624045
12.1545	0.387551	0.0624037
12.1878	0.387554	0.0624028
12.2211	0.387556	0.0624019
12.2544	0.387558	0.0624009
12.2877	0.387561	0.0623999
12.321	0.387564	0.0623988
12.3543	0.387566	0.0623977
12.3876	0.387569	0.0623965
12.4209	0.387572	0.0623952
12.4542	0.387576	0.0623939
12.4875	0.387579	0.0623926
12.5208	0.387583	0.0623911
12.5541	0.387587	0.0623896
12.5874	0.387591	0.062388
12.6207	0.387595	0.0623863
12.654	0.387599	0.0623846
12.6873	0.387604	0.0623827
12.7206	0.387609	0.0623808
12.7539	0.387614	0.0623787
12.7872	0.387619	0.0623766
12.8205	0.387625	0.0623743
12.8538	0.387631	0.0623719
12.8871	0.387637	0.0623694
12.9204	0.387643	0.0623668
12.9537	0.38765	0.0623641
12.987	0.387658	0.0623612
13.0203	0.387665	0.0623581
13.0536	0.387673	0.0623549
13.0869	0.387681	0.0623516
13.1202	0.38769	0.0623481
13.1535	0.3877	0.0623444
13.1868	0.387709	0.0623405
13.2201	0.387719	0.0623364
13.2534	0.38773	0.0623321
13.2867	0.387741	0.0623276
13.32	0.387753	0.0623228
13.3533	0.387766	0.0623178
13.3866	0.387779	0.0623126
13.4199	0.387793	0.0623071
13.4532	0.387807	0.0623013
13.4865	0.387822	0.0622952
13.5198	0.387838	0.0622888
13.5531	0.387855	0.0622821
13.5864	0.387873	0.0622751
13.6197	0.387891	0.0622677
13.653	0.387911	0.0622599
13.6863	0.387931	0.0622517
13.7196	0.387953	0.0622431
13.7529	0.387975	0.0622341
13.7862	0.387999	0.0622246
13.8195	0.388024	0.0622146
13.8528	0.38805	0.0622042
13.8861	0.388078	0.0621932
13.9194	0.388107	0.0621816
13.9527	0.388137	0.0621695
13.986	0.388169	0.0621567
14.0193	0.388203	0.0621433
14.0526	0.388238	0.0621292
14.0859	0.388275	0.0621144
14.1192	0.388314	0.0620989
14.1525	0.388355	0.0620826
14.1858	0.388398	0.0620654
14.2191	0.388443	0.0620474
14.2524	0.388491	0.0620285
14.2857	0.388541	0.0620086
14.319	0.388593	0.0619877
14.3523	0.388649	0.0619658
14.3856	0.388707	0.0619428
14.4189	0.388768	0.0619186
14.4522	0.388832	0.0618931
14.4855	0.388899	0.0618664
14.5188	0.38897	0.0618384
14.5521	0.389044	0.0618089
14.5854	0.389122	0.061778
14.6187	0.389204	0.0617455
14.652	0.38929	0.0617113
14.6853	0.389381	0.0616755
14.7186	0.389476	0.0616379
14.7519	0.389577	0.0615983
14.7852	0.389682	0.0615568
14.8185	0.389792	0.0615132
14.8518	0.389909	0.0614675
14.8851	0.390031	0.0614194
14.9184	0.390159	0.061369
14.9517	0.390294	0.061316
14.985	0.390436	0.0612604
15.0183	0.390585	0.061202
15.0516	0.390741	0.0611407
15.0849	0.390906	0.0610764
15.1182	0.391079	0.0610089
15.1515	0.391261	0.060938
15.1848	0.391452	0.0608636
15.2181	0.391653	0.0607856
15.2514	0.391864	0.0607037
15.2847	0.392086	0.0606177
15.318	0.392319	0.0605276
15.3513	0.392564	0.0604329
15.3846	0.392821	0.0603337
15.4179	0.393092	0.0602296
15.4512	0.393377	0.0601204
15.4845	0.393676	0.0600059
15.5178	0.39399	0.0598858
15.5511	0.394321	0.0597599
15.5844	0.394668	0.0596278
15.6177	0.395033	0.0594894
15.651	0.395417	0.0593444
15.6843	0.395821	0.0591923
15.7176	0.396245	0.059033
15.7509	0.396691	0.058866
15.7842	0.397159	0.0586912
15.8175	0.397652	0.058508
15.8508	0.39817	0.0583161
15.8841	0.398715	0.0581152
15.9174	0.399287	0.0579049
15.9507	0.399889	0.0576848
15.984	0.400522	0.0574544
16.0173	0.401188	0.0572134
16.0506	0.401888	0.0569612
16.0839	0.402623	0.0566975
16.1172	0.403397	0.0564218
16.1505	0.40421	0.0561337
16.1838	0.405066	0.0558325
16.2171	0.405965	0.0555179
16.2504	0.406911	0.0551893
16.2837	0.407906	0.0548462
16.317	0.408952	0.0544881
16.3503	0.410053	0.0541144
16.3836	0.41121	0.0537247
16.4169	0.412427	0.0533184
16.4502	0.413708	0.0528949
16.4835	0.415055	0.0524538
16.5168	0.416472	0.0519944
16.5501	0.417962	0.0515163
16.5834	0.41953	0.0510188
16.6167	0.42118	0.0505016
16.65	0.422916	0.0499641
16.6833	0.424743	0.0494058
16.7166	0.426665	0.0488263
16.7499	0.428687	0.048225
16.7832	0.430816	0.0476017
16.8165	0.433056	0.0469559
16.8498	0.435413	0.0462874
16.8831	0.437895	0.0455957
16.9164	0.440506	0.0448808
16.9497	0.443256	0.0441424
16.983	0.44615	0.0433804
17.0163	0.449197	0.0425947
17.0496	0.452405	0.0417855
17.0829	0.455783	0.0409528
17.1162	0.45934	0.0400969
17.1495	0.463084	0.0392181
17.1828	0.467028	0.0383168
17.2161	0.471181	0.0373936
17.2494	0.475555	0.0364491
17.2827	0.480161	0.0354842
17.316	0.485012	0.0344998
17.3493	0.490122	0.0334969
17.3826	0.495504	0.0324768
17.4159	0.501173	0.0314408
17.4492	0.507144	0.0303905
17.4825	0.513433	0.0293276
17.5158	0.520058	0.0282539
17.5491	0.527035	0.0271713
17.5824	0.534384	0.026082
17.6157	0.542124	0.0249883
17.649	0.550276	0.0238926
17.6823	0.55886	0.0227973
17.7156	0.567899	0.0217051
17.7489	0.577416	0.0206186
17.7822	0.587436	0.0195408
17.8155	0.597982	0.0184744
17.8488	0.609081	0.0174222
17.8821	0.62076	0.0163871
17.9154	0.633046	0.015372
17.9487	0.645969	0.0143795
17.982	0.659557	0.0134124
18.0153	0.673841	0.0124731
18.0486	0.688851	0.0115642
18.0819	0.70462	0.0106877
18.1152	0.72118	0.00984571
18.1485	0.738563	0.00903996
18.1818	0.756802	0.00827193
18.2151	0.775932	0.00754285
18.2484	0.795987	0.00685363
18.2817	0.817	0.00620487
18.315	0.839007	0.00559687
18.3483	0.862042	0.0050296
18.3816	0.88614	0.00450275
18.4149	0.911335	0.00401569
18.4482	0.937663	0.00356753
18.4815	0.965159	0.00315712
18.5148	0.993857	0.00278308
18.5481	1.02379	0.0024393
18.5814	1.05502	0.00211686
18.6147	1.08759	0.0018179
18.648	1.12155	0.00154418
18.6813	1.15695	0.00129681
18.7146	1.19384	0.00107621
18.7479	1.23225	0.000882157
18.7812	1.27223	0.000713837
18.8145	1.31381	0.000569944
18.8478	1.35703	0.000448759
18.8811	1.40193	0.000348262
18.9144	1.44853	0.000266238
18.9477	1.49687	0.000200382
18.981	1.547	0.000148395
19.0143	1.59894	0.000108068
19.0476	1.65274	7.73444e-05
19.0809	1.70844	5.43683e-05
19.1142	1.7661	3.75122e-05
19.1475	1.82576	2.5388e-05
19.1808	1.88748	1.68431e-05
19.2141	1.95132	1.0946e-05
19.2474	2.01735	6.96337e-06
19.2807	2.08562	4.33313e-06
19.314	2.15622	2.63556e-06
19.3473	2.22922	1.56566e-06
19.3806	2.3047	9.07667e-07
19.4139	2.38273	5.131e-07
19.4472	2.46341	2.82586e-07
19.4805	2.54682	1.51492e-07
19.5138	2.63305	7.89813e-08
19.5471	2.72221	4.00076e-08
19.5804	2.81438	1.96707e-08
19.6137	2.90968	9.3782e-09
19.647	3.0082	4.331e-09
19.6803	3.11006	1.93534e-09
19.7136	3.21537	8.35877e-10
19.7469	3.32425	3.48533e-10
19.7802	3.43681	1.40134e-10
19.8135	3.55318	5.42632e-11
19.8468	3.67349	2.02105e-11
19.8801	3.79788	7.23083e-12
19.9134	3.92648	2.48168e-12
19.9467	4.05943	8.15903e-13
19.98	4.19689	2.56587e-13
20.0133	4.339	7.70693e-14
20.0466	4.48592	2.20751e-14
20.0799	4.63782	6.02005e-15
20.1132	4.79485	1.56046e-15
20.1465	4.95721	3.83805e-16

# DK0 = 8.88178e-15	(data set 9)
0	0.305379	0.042228
0.0333	0.310045	0.04339
0.0666	0.314542	0.0445101
0.0999	0.318867	0.0455868
0.1332	0.323016	0.0466189
0.1665	0.326987	0.0476059
0.1998	0.330779	0.0485474
0.2331	0.334392	0.0494435
0.2664	0.337827	0.0502945
0.2997	0.341088	0.051101
0.333	0.344176	0.0518638
0.3663	0.347095	0.052584
0.3996	0.349851	0.0532628
0.4329	0.352448	0.0539015
0.4662	0.354891	0.0545016
0.4995	0.357185	0.0550645
0.5328	0.359338	0.0555919
0.5661	0.361355	0.0560853
0.5994	0.363242	0.0565465
0.6327	0.365006	0.056977
0.666	0.366653	0.0573784
0.6993	0.368189	0.0577525
0.7326	0.36962	0.0581006
0.7659	0.370953	0.0584244
0.7992	0.372192	0.0587253
0.8325	0.373344	0.0590048
0.8658	0.374414	0.0592641
0.8991	0.375407	0.0595046
0.9324	0.376328	0.0597276
0.9657	0.377181	0.0599341
0.999	0.377973	0.0601253
1.0323	0.378705	0.0603023
1.0656	0.379384	0.0604661
1.0989	0.380011	0.0606175
1.1322	0.380591	0.0607575
1.1655	0.381128	0.0608869
1.1988	0.381624	0.0610064
1.2321	0.382082	0.0611168
1.2654	0.382505	0.0612188
1.2987	0.382896	0.0613128
1.332	0.383257	0.0613997
1.3653	0.38359	0.0614798
1.3986	0.383897	0.0615537
1.4319	0.384181	0.0616219
1.4652	0.384442	0.0616848
1.4985	0.384683	0.0617428
1.5318	0.384906	0.0617962
1.5651	0.385111	0.0618455
1.5984	0.3853	0.0618909
1.6317	0.385474	0.0619328
1.665	0.385635	0.0619714
1.6983	0.385783	0.0620069
1.7316	0.385919	0.0620397
1.7649	0.386045	0.0620699
1.7982	0.386161	0.0620977
1.8315	0.386267	0.0621233
1.8648	0.386366	0.0621468
1.8981	0.386456	0.0621686
1.9314	0.386539	0.0621886
1.9647	0.386616	0.062207
1.998	0.386687	0.062224
2.0313	0.386752	0.0622396
2.0646	0.386812	0.062254
2.0979	0.386867	0.0622673
2.1312	0.386918	0.0622795
2.1645	0.386965	0.0622907
2.1978	0.387008	0.062301
2.2311	0.387048	0.0623106
2.2644	0.387084	0.0623193
2.2977	0.387118	0.0623274
2.331	0.387149	0.0623348
2.3643	0.387178	0.0623417
2.3976	0.387204	0.062348
2.4309	0.387228	0.0623538
2.4642	0.38725	0.0623591
2.4975	0.387271	0.0623641
2.5308	0.38729	0.0623686
2.5641	0.387307	0.0623727
2.5974	0.387323	0.0623766
2.6307	0.387338	0.0623801
2.664	0.387351	0.0623834
2.6973	0.387364	0.0623864
2.7306	0.387375	0.0623891
2.7639	0.387386	0.0623916
2.7972	0.387396	0.062394
2.8305	0.387404	0.0623961
2.8638	0.387413	0.0623981
2.8971	0.38742	0.0623999
2.9304	0.387427	0.0624016
2.9637	0.387434	0.0624031
2.997	0.38744	0.0624046
3.0303	0.387445	0.0624059
3.0636	0.38745	0.0624071
3.0969	0.387455	0.0624082
3.1302	0.387459	0.0624092
3.1635	0.387463	0.0624101
3.1968	0.387466	0.062411
3.2301	0.38747	0.0624118
3.2634	0.387473	0.0624125
3.2967	0.387476	0.0624132
3.33	0.387478	0.0624138
3.3633	0.387481	0.0624144
3.3966	0.387483	0.0624149
3.4299	0.387485	0.0624154
3.4632	0.387487	0.0624159
3.4965	0.387488	0.0624163
3.5298	0.38749	0.0624166
3.5631	0.387491	0.062417
3.5964	0.387493	0.0624173
3.6297	0.387494	0.0624176
3.663	0.387495	0.0624179
3.6963	0.387496	0.0624181
3.7296	0.387497	0.0624184
3.7629	0.387498	0.0624186
3.7962	0.387499	0.0624188
3.8295	0.3875	0.0624189
3.8628	0.3875	0.0624191
3.8961	0.387501	0.0624193
3.9294	0.387501	0.0624194
3.9627	0.387502	0.0624195
3.996	0.387502	0.0624196
4.0293	0.387503	0.0624197
4.0626	0.387503	0.0624198
4.0959	0.387504	0.0624199
4.1292	0.387504	0.06242
4.1625	0.387504	0.0624201
4.1958	0.387505	0.0624202
4.2291	0.387505	0.0624202
4.2624	0.387505	0.0624203
4.2957	0.387505	0.0624204
4.329	0.387506	0.0624204
4.3623	0.387506	0.0624205
4.3956	0.387506	0.0624205
4.4289	0.387506	0.0624205
4.4622	0.387506	0.0624206
4.4955	0.387507	0.0624206
4.5288	0.387507	0.0624206
4.5621	0.387507	0.0624207
4.5954	0.387507	0.0624207
4.6287	0.387507	0.0624207
4.662	0.387507	0.0624207
4.6953	0.387507	0.0624208
4.7286	0.387507	0.0624208
4.7619	0.387507	0.0624208
4.7952	0.387507	0.0624208
4.8285	0.387507	0.0624208
4.8618	0.387508	0.0624208
4.8951	0.387508	0.0624209
4.9284	0.387508	0.0624209
4.9617	0.387508	0.0624209
4.995	0.387508	0.0624209
5.0283	0.387508	0.0624209
5.0616	0.387508	0.0624209
5.0949	0.387508	0.0624209
5.1282	0.387508	0.0624209
5.1615	0.387508	0.0624209
5.1948	0.387508	0.0624209
5.2281	0.387508	0.0624209
5.2614	0.387508	0.0624209
5.2947	0.387508	0.062421
5.328	0.387508	0.062421
5.3613	0.387508	0.062421
5.3946	0.387508	0.062421
5.4279	0.387508	0.062421
5.4612	0.387508	0.062421
5.4945	0.387508	0.062421
5.5278	0.387508	0.062421
5.5611	0.387508	0.062421
5.5944	0.387508	0.062421
5.6277	0.387508	0.062421
5.661	0.387508	0.062421
5.6943	0.387508	0.062421
5.7276	0.387508	0.062421
5.7609	0.387508	0.062421
5.7942	0.387508	0.062421
5.8275	0.387508	0.062421
5.8608	0.387508	0.062421
5.8941	0.387508	0.062421
5.9274	0.387508	0.062421
5.9607	0.387508	0.062421
5.994	0.387508	0.062421
6.0273	0.387508	0.062421
6.0606	0.387508	0.062421
6.0939	0.387508	0.062421
6.1272	0.387508	0.062421
6.1605	0.387508	0.062421
6.1938	0.387508	0.062421
6.2271	0.387508	0.062421
6.2604	0.387508	0.062421
6.2937	0.387508	0.062421
6.327	0.387508	0.062421
6.3603	0.387508	0.062421
6.3936	0.387508	0.062421
6.4269	0.387508	0.062421
6.4602	0.387508	0.062421
6.4935	0.387508	0.062421
6.5268	0.387508	0.062421
6.5601	0.387508	0.062421
6.5934	0.387508	0.062421
6.6267	0.387508	0.062421
6.66	0.387508	0.062421
6.6933	0.387508	0.062421
6.7266	0.387508	0.062421
6.7599	0.387508	0.062421
6.7932	0.387508	0.062421
6.8265	0.387508	0.062421
6.8598	0.387508	0.062421
6.8931	0.387508	0.062421
6.9264	0.387508	0.062421
6.9597	0.387508	0.062421
6.993	0.387508	0.062421
7.0263	0.387508	0.062421
7.0596	0.387508	0.062421
7.0929	0.387508	0.062421
7.1262	0.387508	0.062421
7.1595	0.387508	0.062421
7.1928	0.387508	0.062421
7.2261	0.387508	0.062421
7.2594	0.387508	0.062421
7.2927	0.387508	0.062421
7.326	0.387508	0.062421
7.3593	0.387508	0.062421
7.3926	0.387508	0.062421
7.4259	0.387508	0.062421
7.4592	0.387508	0.062421
7.4925	0.387508	0.062421
7.5258	0.387508	0.062421
7.5591	0.387508	0.062421
7.5924	0.387508	0.062421
7.6257	0.387508	0.062421
7.659	0.387508	0.062421
7.6923	0.387508	0.062421
7.7256	0.387508	0.062421
7.7589	0.387508	0.062421
7.7922	0.387508	0.062421
7.8255	0.387508	0.062421
7.8588	0.387508	0.062421
7.8921	0.387508	0.062421
7.9254	0.387508	0.062421
7.9587	0.387508	0.062421
7.992	0.387508	0.062421
8.0253	0.387508	0.062421
8.0586	0.387508	0.062421
8.0919	0.387508	0.062421
8.1252	0.387508	0.062421
8.1585	0.387508	0.062421
8.1918	0.387508	0.062421
8.2251	0.387508	0.062421
8.2584	0.387508	0.062421
8.2917	0.387508	0.062421
8.325	0.387508	0.062421
8.3583	0.387508	0.062421
8.3916	0.387508	0.062421
8.4249	0.387508	0.062421
8.4582	0.387508	0.062421
8.4915	0.387508	0.062421
8.5248	0.387508	0.062421
8.5581	0.387508	0.062421
8.5914	0.387508	0.062421
8.6247	0.387508	0.062421
8.658	0.387508	0.062421
8.6913	0.387508	0.062421
8.7246	0.387508	0.062421
8.7579	0.387508	0.062421
8.7912	0.387508	0.062421
8.8245	0.387508	0.062421
8.8578	0.387508	0.062421
8.8911	0.387508	0.062421
8.9244	0.387508	0.062421
8.9577	0.387508	0.062421
8.991	0.387508	0.062421
9.0243	0.387508	0.062421
9.0576	0.387508	0.062421
9.0909	0.387508	0.062421
9.1242	0.387508	0.062421
9.1575	0.387508	0.062421
9.1908	0.387508	0.062421
9.2241	0.387508	0.062421
9.2574	0.387508	0.062421
9.2907	0.387508	0.062421
9.324	0.387508	0.062421
9.3573	0.387508	0.062421
9.3906	0.387508	0.062421
9.4239	0.387508	0.062421
9.4572	0.387508	0.062421
9.4905	0.387508	0.062421
9.5238	0.387508	0.062421
9.5571	0.387508	0.062421
9.5904	0.387508	0.062421
9.6237	0.387508	0.062421
9.657	0.387508	0.062421
9.6903	0.387508	0.062421
9.7236	0.387508	0.062421
9.7569	0.387508	0.062421
9.7902	0.387508	0.062421
9.8235	0.387508	0.062421
9.8568	0.387508	0.062421
9.8901	0.387508	0.062421
9.9234	0.387508	0.062421
9.9567	0.387508	0.062421
9.99	0.387508	0.062421
10.0233	0.387508	0.062421
10.0566	0.387508	0.062421
10.0899	0.387508	0.062421
10.1232	0.387508	0.062421
10.1565	0.387508	0.062421
10.1898	0.387508	0.062421
10.2231	0.387508	0.062421
10.2564	0.387508	0.062421
10.2897	0.387508	0.062421
10.323	0.387508	0.062421
10.3563	0.387508	0.062421
10.3896	0.387508	0.062421
10.4229	0.387508	0.062421
10.4562	0.387508	0.062421
10.4895	0.387508	0.062421
10.5228	0.387508	0.062421
10.5561	0.387508	0.062421
10.5894	0.387508	0.062421
10.6227	0.387508	0.062421
10.656	0.387508	0.062421
10.6893	0.387508	0.062421
10.7226	0.387508	0.062421
10.7559	0.387508	0.062421
10.7892	0.387508	0.062421
10.8225	0.387508	0.062421
10.8558	0.387508	0.062421
10.8891	0.387508	0.062421
10.9224	0.387508	0.062421
10.9557	0.387508	0.062421
10.989	0.387508	0.062421
11.0223	0.387508	0.062421
11.0556	0.387508	0.062421
11.0889	0.387508	0.062421
11.1222	0.387508	0.062421
11.1555	0.387508	0.0624209
11.1888	0.387508	0.0624209
11.2221	0.387508	0.0624209
11.2554	0.387508	0.0624209
11.2887	0.387508	0.0624209
11.322	0.387508	0.0624209
11.3553	0.387508	0.0624209
11.3886	0.387508	0.0624209
11.4219	0.387508	0.0624209
11.4552	0.387508	0.0624209
11.4885	0.387508	0.0624209
11.5218	0.387508	0.0624209
11.5551	0.387508	0.0624209
11.5884	0.387508	0.0624209
11.6217	0.387508	0.0624209
11.655	0.387508	0.0624209
11.6883	0.387509	0.0624209
11.7216	0.387509	0.0624209
11.7549	0.387509	0.0624209
11.7882	0.387509	0.0624209
11.8215	0.387509	0.0624209
11.8548	0.387509	0.0624208
11.8881	0.387509	0.0624208
11.9214	0.387509	0.0624208
11.9547	0.387509	0.0624208
11.988	0.387509	0.0624208
12.0213	0.387509	0.0624208
12.0546	0.387509	0.0624208
12.0879	0.387509	0.0624208
12.1212	0.387509	0.0624208
12.1545	0.387509	0.0624208
12.1878	0.387509	0.0624207
12.2211	0.387509	0.0624207
12.2544	0.387509	0.0624207
12.2877	0.387509	0.0624207
12.321	0.387509	0.0624207
12.3543	0.387509	0.0624207
12.3876	0.387509	0.0624206
12.4209	0.387509	0.0624206
12.4542	0.387509	0.0624206
12.4875	0.387509	0.0624206
12.5208	0.387509	0.0624206
12.5541	0.387509	0.0624205
12.5874	0.387509	0.0624205
12.6207	0.387509	0.0624205
12.654	0.38751	0.0624205
12.6873	0.38751	0.0624204
12.7206	0.38751	0.0624204
12.7539	0.38751	0.0624204
12.7872	0.38751	0.0624204
12.8205	0.38751	0.0624203
12.8538	0.38751	0.0624203
12.8871	0.38751	0.0624203
12.9204	0.38751	0.0624202
12.9537	0.38751	0.0624202
12.987	0.38751	0.0624201
13.0203	0.38751	0.0624201
13.0536	0.387511	0.06242
13.0869	0.387511	0.06242
13.1202	0.387511	0.0624199
13.1535	0.387511	0.0624199
13.1868	0.387511	0.0624198
13.2201	0.387511	0.0624198
13.2534	0.387511	0.0624197
13.2867	0.387512	0.0624196
13.32	0.387512	0.0624196
13.3533	0.387512	0.0624195
13.3866	0.387512	0.0624194
13.4199	0.387512	0.0624194
13.4532	0.387513	0.0624193
13.4865	0.387513	0.0624192
13.5198	0.387513	0.0624191
13.5531	0.387513	0.062419
13.5864	0.387513	0.0624189
13.6197	0.387514	0.0624188
13.653	0.387514	0.0624187
13.6863	0.387514	0.0624185
13.7196	0.387515	0.0624184
13.7529	0.387515	0.0624183
13.7862	0.387515	0.0624182
13.8195	0.387516	0.062418
13.8528	0.387516	0.0624179
13.8861	0.387516	0.0624177
13.9194	0.387517	0.0624175
13.9527	0.387517	0.0624174
13.986	0.387518	0.0624172
14.0193	0.387518	0.062417
14.0526	0.387519	0.0624168
14.0859	0.387519	0.0624165
14.1192	0.38752	0.0624163
14.1525	0.38752	0.0624161
14.1858	0.387521	0.0624158
14.2191	0.387522	0.0624156
14.2524	0.387522	0.0624153
14.2857	0.387523	0.062415
14.319	0.387524	0.0624147
14.3523	0.387525	0.0624144
14.3856	0.387526	0.062414
14.4189	0.387526	0.0624137
14.4522	0.387527	0.0624133
14.4855	0.387528	0.0624129
14.5188	0.387529	0.0624125
14.5521	0.38753	0.0624121
14.5854	0.387532	0.0624116
14.6187	0.387533	0.0624112
14.652	0.387534	0.0624107
14.6853	0.387535	0.0624101
14.7186	0.387537	0.0624096
14.7519	0.387538	0.062409
14.7852	0.38754	0.0624084
14.8185	0.387541	0.0624077
14.8518	0.387543	0.0624071
14.8851	0.387545	0.0624064
14.9184	0.387547	0.0624056
14.9517	0.387549	0.0624048
14.985	0.387551	0.062404
15.0183	0.387553	0.0624032
15.0516	0.387555	0.0624022
15.0849	0.387557	0.0624013
15.1182	0.38756	0.0624003
15.1515	0.387563	0.0623992
15.1848	0.387565	0.0623981
15.2181	0.387568	0.062397
15.2514	0.387571	0.0623957
15.2847	0.387574	0.0623945
15.318	0.387578	0.0623931
15.3513	0.387581	0.0623917
15.3846	0.387585	0.0623902
15.4179	0.387589	0.0623886
15.4512	0.387593	0.062387
15.4845	0.387597	0.0623853
15.5178	0.387602	0.0623835
15.5511	0.387607	0.0623815
15.5844	0.387612	0.0623795
15.6177	0.387617	0.0623774
15.651	0.387622	0.0623752
15.6843	0.387628	0.0623729
15.7176	0.387634	0.0623704
15.7509	0.387641	0.0623679
15.7842	0.387648	0.0623652
15.8175	0.387655	0.0623623
15.8508	0.387662	0.0623594
15.8841	0.38767	0.0623562
15.9174	0.387678	0.0623529
15.9507	0.387687	0.0623495
15.984	0.387696	0.0623459
16.0173	0.387705	0.062342
16.0506	0.387715	0.062338
16.0839	0.387726	0.0623338
16.1172	0.387737	0.0623294
16.1505	0.387749	0.0623247
16.1838	0.387761	0.0623198
16.2171	0.387774	0.0623147
16.2504	0.387787	0.0623093
16.2837	0.387801	0.0623036
16.317	0.387816	0.0622977
16.3503	0.387832	0.0622914
16.3836	0.387848	0.0622848
16.4169	0.387866	0.0622779
16.4502	0.387884	0.0622707
16.4835	0.387903	0.062263
16.5168	0.387923	0.062255
16.5501	0.387944	0.0622466
16.5834	0.387966	0.0622377
16.6167	0.387989	0.0622284
16.65	0.388014	0.0622187
16.6833	0.38804	0.0622084
16.7166	0.388067	0.0621976
16.7499	0.388095	0.0621863
16.7832	0.388125	0.0621744
16.8165	0.388156	0.0621619
16.8498	0.388189	0.0621487
16.8831	0.388224	0.0621349
16.9164	0.38826	0.0621204
16.9497	0.388298	0.0621052
16.983	0.388339	0.0620892
17.0163	0.388381	0.0620723
17.0496	0.388425	0.0620547
17.0829	0.388472	0.0620361
17.1162	0.388521	0.0620166
17.1495	0.388572	0.0619961
17.1828	0.388626	0.0619746
17.2161	0.388683	0.061952
17.2494	0.388743	0.0619283
17.2827	0.388806	0.0619034
17.316	0.388872	0.0618772
17.3493	0.388941	0.0618497
17.3826	0.389014	0.0618208
17.4159	0.389091	0.0617904
17.4492	0.389171	0.0617586
17.4825	0.389256	0.0617251
17.5158	0.389345	0.0616899
17.5491	0.389438	0.061653
17.5824	0.389536	0.0616142
17.6157	0.389639	0.0615735
17.649	0.389748	0.0615308
17.6823	0.389862	0.0614859
17.7156	0.389982	0.0614388
17.7489	0.390107	0.0613893
17.7822	0.39024	0.0613373
17.8155	0.390379	0.0612828
17.8488	0.390525	0.0612255
17.8821	0.390678	0.0611654
17.9154	0.39084	0.0611023
17.9487	0.391009	0.0610361
17.982	0.391188	0.0609665
18.0153	0.391375	0.0608936
18.0486	0.391572	0.060817
18.0819	0.391779	0.0607366
18.1152	0.391996	0.0606523
18.1485	0.392225	0.0605638
18.1818	0.392465	0.060471
18.2151	0.392718	0.0603736
18.2484	0.392983	0.0602715
18.2817	0.393262	0.0601643
18.315	0.393555	0.060052
18.3483	0.393864	0.0599341
18.3816	0.394188	0.0598105
18.4149	0.394528	0.0596809
18.4482	0.394886	0.0595451
18.4815	0.395263	0.0594027
18.5148	0.395658	0.0592535
18.5481	0.396074	0.0590971
18.5814	0.396511	0.0589332
18.6147	0.396971	0.0587615
18.648	0.397454	0.0585816
18.6813	0.397962	0.0583933
18.7146	0.398496	0.058196
18.7479	0.399057	0.0579895
18.7812	0.399647	0.0577733
18.8145	0.400268	0.057547
18.8478	0.40092	0.0573103
18.8811	0.401606	0.0570626
18.9144	0.402327	0.0568035
18.9477	0.403085	0.0565327
18.981	0.403883	0.0562495
19.0143	0.404721	0.0559535
19.0476	0.405603	0.0556443
19.0809	0.40653	0.0553213
19.1142	0.407505	0.054984
19.1475	0.408531	0.0546319
19.1808	0.40961	0.0542645
19.2141	0.410744	0.0538812
19.2474	0.411937	0.0534816
19.2807	0.413192	0.053065
19.314	0.414512	0.0526309
19.3473	0.415901	0.0521788
19.3806	0.417362	0.0517082
19.4139	0.418899	0.0512185
19.4472	0.420516	0.0507092
19.4805	0.422217	0.0501798
19.5138	0.424007	0.0496298
19.5471	0.425891	0.0490587
19.5804	0.427873	0.0484661
19.6137	0.429958	0.0478516
19.647	0.432153	0.0472148
19.6803	0.434464	0.0465553
19.7136	0.436895	0.0458728
19.7469	0.439454	0.0451672
19.7802	0.442148	0.0444381
19.8135	0.444984	0.0436854
19.8468	0.44797	0.0429092
19.8801	0.451113	0.0421093
19.9134	0.454423	0.0412859
19.9467	0.457907	0.0404392
19.98	0.461576	0.0395694
20.0133	0.46544	0.038677
20.0466	0.469508	0.0377624
20.0799	0.473793	0.0368262
20.1132	0.478305	0.0358693
20.1465	0.483058	0.0348925
20.1798	0.488064	0.0338968
20.2131	0.493336	0.0328833
20.2464	0.498889	0.0318535
20.2797	0.504739	0.0308087
20.313	0.5109	0.0297506
20.3463	0.517389	0.0286809
20.3796	0.524224	0.0276016
20.4129	0.531424	0.0265147
20.4462	0.539006	0.0254225
20.4795	0.546992	0.0243272
20.5128	0.555402	0.0232315
20.5461	0.564258	0.0221377
20.5794	0.573583	0.0210487
20.6127	0.5834	0.0199671
20.646	0.593734	0.0188958
20.6793	0.604611	0.0178376
20.7126	0.616057	0.0167954
20.7459	0.628099	0.0157721
20.7792	0.640766	0.0147703
20.8125	0.654086	0.0137928
20.8458	0.66809	0.0128422
20.8791	0.682809	0.0119209
20.9124	0.698273	0.0110313
20.9457	0.714515	0.0101754
20.979	0.731568	0.0093551
21.0123	0.749463	0.00857195
21.0456	0.768236	0.0078273
21.0789	0.78792	0.00712217
21.1122	0.808549	0.00645731
21.1455	0.830158	0.00583313
21.1788	0.852781	0.00524973
21.2121	0.876453	0.00470691
21.2454	0.901209	0.00420416
21.2787	0.927083	0.00374069
21.312	0.954112	0.00331547
21.3453	0.982329	0.00292718
21.3786	1.01177	0.00257315
21.4119	1.04248	0.00224206
21.4452	1.07451	0.00193354
21.4785	1.10791	0.00164964
21.5118	1.14273	0.00139173
21.5451	1.17903	0.00116051
21.5784	1.21683	0.000955988
21.6117	1.25618	0.000777591
21.645	1.29713	0.000624194
21.6783	1.33969	0.00049423
21.7116	1.38392	0.000385785
21.7449	1.42984	0.000296707
21.7782	1.47749	0.000224715
21.8115	1.5269	0.000167499
21.8448	1.57812	0.000122803
21.8781	1.63118	8.85044e-05
21.9114	1.68612	6.26634e-05
21.9447	1.743	4.35595e-05
21.978	1.80186	2.97093e-05
22.0113	1.86275	1.98681e-05
22.0446	1.92575	1.30191e-05
22.0779	1.9909	8.35331e-06
22.1112	2.05827	5.24421e-06
22.1445	2.12794	3.219e-06
22.1778	2.19998	1.93042e-06
22.2111	2.27446	1.13012e-06
22.2444	2.35147	6.4534e-07
22.2777	2.43109	3.59149e-07
22.311	2.5134	1.94628e-07
22.3443	2.59851	1.0261e-07
22.3776	2.68649	5.25801e-08
22.4109	2.77746	2.61627e-08
22.4442	2.8715	1.26282e-08
22.4775	2.96874	5.90678e-09
22.5108	3.06926	2.67454e-09
22.5441	3.17319	1.171e-09
22.5774	3.28063	4.952e-10
22.6107	3.39172	2.02027e-10
22.644	3.50656	7.94177e-11
22.6773	3.6253	3.00439e-11
22.7106	3.74805	1.09235e-11
22.7439	3.87496	3.81199e-12
22.7772	4.00617	1.27503e-12
22.8105	4.14182	4.08177e-13
22.8438	4.28207	1.24878e-13
22.8771	4.42706	3.64562e-14
22.9104	4.57696	1.01394e-14
22.9437	4.73194	2.68222e-15
22.977	4.89217	6.73728e-16

# DK0 = 1.38778e-16	(data set 10)
0	0.305379	0.042228
0.0333	0.310045	0.04339
0.0666	0.314542	0.0445101
0.0999	0.318867	0.0455868
0.1332	0.323016	0.0466189
0.1665	0.326987	0.0476059
0.1998	0.330779	0.0485474
0.2331	0.334392	0.0494435
0.2664	0.337827	0.0502945
0.2997	0.341088	0.051101
0.333	0.344176	0.0518638
0.3663	0.347095	0.052584
0.3996	0.349851	0.0532628
0.4329	0.352448	0.0539015
0.4662	0.354891	0.0545016
0.4995	0.357185	0.0550645
0.5328	0.359338	0.0555919
0.5661	0.361355	0.0560853
0.5994	0.363242	0.0565465
0.6327	0.365006	0.056977
0.666	0.366653	0.0573784
0.6993	0.368189	0.0577525
0.7326	0.36962	0.0581006
0.7659	0.370953	0.0584244
0.7992	0.372192	0.0587253
0.8325	0.373344	0.0590048
0.8658	0.374414	0.0592641
0.8991	0.375407	0.0595046
0.9324	0.376328	0.0597276
0.9657	0.377181	0.0599341
0.999	0.377973	0.0601253
1.0323	0.378705	0.0603023
1.0656	0.379384	0.0604661
1.0989	0.380011	0.0606175
1.1322	0.380591	0.0607575
1.1655	0.381128	0.0608869
1.1988	0.381624	0.0610064
1.2321	0.382082	0.0611168
1.2654	0.382505	0.0612188
1.2987	0.382896	0.0613128
1.332	0.383257	0.0613997
1.3653	0.38359	0.0614798
1.3986	0.383897	0.0615537
1.4319	0.384181	0.0616219
1.4652	0.384442	0.0616848
1.4985	0.384683	0.0617428
1.5318	0.384906	0.0617962
1.5651	0.385111	0.0618455
1.5984	0.3853	0.0618909
1.6317	0.385474	0.0619328
1.665	0.385635	0.0619714
1.6983	0.385783	0.0620069
1.7316	0.385919	0.0620397
1.7649	0.386045	0.0620699
1.7982	0.386161	0.0620977
1.8315	0.386267	0.0621233
1.8648	0.386366	0.0621468
1.8981	0.386456	0.0621686
1.9314	0.386539	0.0621886
1.9647	0.386616	0.062207
1.998	0.386687	0.062224
2.0313	0.386752	0.0622396
2.0646	0.386812	0.062254
2.0979	0.386867	0.0622673
2.1312	0.386918	0.0622795
2.1645	0.386965	0.0622907
2.1978	0.387008	0.062301
2.2311	0.387048	0.0623106
2.2644	0.387084	0.0623193
2.2977	0.387118	0.0623274
2.331	0.387149	0.0623348
2.3643	0.387178	0.0623417
2.3976	0.387204	0.062348
2.4309	0.387228	0.0623538
2.4642	0.38725	0.0623591
2.4975	0.387271	0.0623641
2.5308	0.38729	0.0623686
2.5641	0.387307	0.0623727
2.5974	0.387323	0.0623766
2.6307	0.387338	0.0623801
2.664	0.387351	0.0623834
2.6973	0.387364	0.0623864
2.7306	0.387375	0.0623891
2.7639	0.387386	0.0623916
2.7972	0.387396	0.062394
2.8305	0.387404	0.0623961
2.8638	0.387413	0.0623981
2.8971	0.38742	0.0623999
2.9304	0.387427	0.0624016
2.9637	0.387434	0.0624031
2.997	0.38744	0.0624046
3.0303	0.387445	0.0624059
3.0636	0.38745	0.0624071
3.0969	0.387455	0.0624082
3.1302	0.387459	0.0624092
3.1635	0.387463	0.0624101
3.1968	0.387466	0.062411
3.2301	0.38747	0.0624118
3.2634	0.387473	0.0624125
3.2967	0.387476	0.0624132
3.33	0.387478	0.0624138
3.3633	0.387481	0.0624144
3.3966	0.387483	0.0624149
3.4299	0.387485	0.0624154
3.4632	0.387487	0.0624159
3.4965	0.387488	0.0624163
3.5298	0.38749	0.0624166
3.5631	0.387491	0.062417
3.5964	0.387493	0.0624173
3.6297	0.387494	0.0624176
3.663	0.387495	0.0624179
3.6963	0.387496	0.0624181
3.7296	0.387497	0.0624184
3.7629	0.387498	0.0624186
3.7962	0.387499	0.0624188
3.8295	0.3875	0.0624189
3.8628	0.3875	0.0624191
3.8961	0.387501	0.0624193
3.9294	0.387501	0.0624194
3.9627	0.387502	0.0624195
3.996	0.387502	0.0624196
4.0293	0.387503	0.0624197
4.0626	0.387503	0.0624198
4.0959	0.387504	0.0624199
4.1292	0.387504	0.06242
4.1625	0.387504	0.0624201
4.1958	0.387505	0.0624202
4.2291	0.387505	0.0624202
4.2624	0.387505	0.0624203
4.2957	0.387505	0.0624204
4.329	0.387506	0.0624204
4.3623	0.387506	0.0624205
4.3956	0.387506	0.0624205
4.4289	0.387506	0.0624205
4.4622	0.387506	0.0624206
4.4955	0.387507	0.0624206
4.5288	0.387507	0.0624206
4.5621	0.387507	0.0624207
4.5954	0.387507	0.0624207
4.6287	0.387507	0.0624207
4.662	0.387507	0.0624207
4.6953	0.387507	0.0624208
4.7286	0.387507	0.0624208
4.7619	0.387507	0.0624208
4.7952	0.387507	0.0624208
4.8285	0.387507	0.0624208
4.8618	0.387508	0.0624208
4.8951	0.387508	0.0624209
4.9284	0.387508	0.0624209
4.9617	0.387508	0.0624209
4.995	0.387508	0.0624209
5.0283	0.387508	0.0624209
5.0616	0.387508	0.0624209
5.0949	0.387508	0.0624209
5.1282	0.387508	0.0624209
5.1615	0.387508	0.0624209
5.1948	0.387508	0.0624209
5.2281	0.387508	0.0624209
5.2614	0.387508	0.0624209
5.2947	0.387508	0.062421
5.328	0.387508	0.062421
5.3613	0.387508	0.062421
5.3946	0.387508	0.062421
5.4279	0.387508	0.062421
5.4612	0.387508	0.062421
5.4945	0.387508	0.062421
5.5278	0.387508	0.062421
5.5611	0.387508	0.062421
5.5944	0.387508	0.062421
5.6277	0.387508	0.062421
5.661	0.387508	0.062421
5.6943	0.387508	0.062421
5.7276	0.387508	0.062421
5.7609	0.387508	0.062421
5.7942	0.387508	0.062421
5.8275	0.387508	0.062421
5.8608	0.387508	0.062421
5.8941	0.387508	0.062421
5.9274	0.387508	0.062421
5.9607	0.387508	0.062421
5.994	0.387508	0.062421
6.0273	0.387508	0.062421
6.0606	0.387508	0.062421
6.0939	0.387508	0.062421
6.1272	0.387508	0.062421
6.1605	0.387508	0.062421
6.1938	0.387508	0.062421
6.2271	0.387508	0.062421
6.2604	0.387508	0.062421
6.2937	0.387508	0.062421
6.327	0.387508	0.062421
6.3603	0.387508	0.062421
6.3936	0.387508	0.062421
6.4269	0.387508	0.062421
6.4602	0.387508	0.062421
6.4935	0.387508	0.062421
6.5268	0.387508	0.062421
6.5601	0.387508	0.062421
6.5934	0.387508	0.062421
6.6267	0.387508	0.062421
6.66	0.387508	0.062421
6.6933	0.387508	0.062421
6.7266	0.387508	0.062421
6.7599	0.387508	0.062421
6.7932	0.387508	0.062421
6.8265	0.387508	0.062421
6.8598	0.387508	0.062421
6.8931	0.387508	0.062421
6.9264	0.387508	0.062421
6.9597	0.387508	0.062421
6.993	0.387508	0.062421
7.0263	0.387508	0.062421
7.0596	0.387508	0.062421
7.0929	0.387508	0.062421
7.1262	0.387508	0.062421
7.1595	0.387508	0.062421
7.1928	0.387508	0.062421
7.2261	0.387508	0.062421
7.2594	0.387508	0.062421
7.2927	0.387508	0.062421
7.326	0.387508	0.062421
7.3593	0.387508	0.062421
7.3926	0.387508	0.062421
7.4259	0.387508	0.062421
7.4592	0.387508	0.062421
7.4925	0.387508	0.062421
7.5258	0.387508	0.062421
7.5591	0.387508	0.062421
7.5924	0.387508	0.062421
7.6257	0.387508	0.062421
7.659	0.387508	0.062421
7.6923	0.387508	0.062421
7.7256	0.387508	0.062421
7.7589	0.387508	0.062421
7.7922	0.387508	0.062421
7.8255	0.387508	0.062421
7.8588	0.387508	0.062421
7.8921	0.387508	0.062421
7.9254	0.387508	0.062421
7.9587	0.387508	0.062421
7.992	0.387508	0.062421
8.0253	0.387508	0.062421
8.0586	0.387508	0.062421
8.0919	0.387508	0.062421
8.1252	0.387508	0.062421
8.1585	0.387508	0.062421
8.1918	0.387508	0.062421
8.2251	0.387508	0.062421
8.2584	0.387508	0.062421
8.2917	0.387508	0.062421
8.325	0.387508	0.062421
8.3583	0.387508	0.062421
8.3916	0.387508	0.062421
8.4249	0.387508	0.062421
8.4582	0.387508	0.062421
8.4915	0.387508	0.062421
8.5248	0.387508	0.062421
8.5581	0.387508	0.062421
8.5914	0.387508	0.062421
8.6247	0.387508	0.062421
8.658	0.387508	0.062421
8.6913	0.387508	0.062421
8.7246	0.387508	0.062421
8.7579	0.387508	0.062421
8.7912	0.387508	0.062421
8.8245	0.387508	0.062421
8.8578	0.387508	0.062421
8.8911	0.387508	0.062421
8.9244	0.387508	0.062421
8.9577	0.387508	0.062421
8.991	0.387508	0.062421
9.0243	0.387508	0.062421
9.0576	0.387508	0.062421
9.0909	0.387508	0.062421
9.1242	0.387508	0.062421
9.1575	0.387508	0.062421
9.1908	0.387508	0.062421
9.2241	0.387508	0.062421
9.2574	0.387508	0.062421
9.2907	0.387508	0.062421
9.324	0.387508	0.062421
9.3573	0.387508	0.062421
9.3906	0.387508	0.062421
9.4239	0.387508	0.062421
9.4572	0.387508	0.062421
9.4905	0.387508	0.062421
9.5238	0.387508	0.062421
9.5571	0.387508	0.062421
9.5904	0.387508	0.062421
9.6237	0.387508	0.062421
9.657	0.387508	0.062421
9.6903	0.387508	0.062421
9.7236	0.387508	0.062421
9.7569	0.387508	0.062421
9.7902	0.387508	0.062421
9.8235	0.387508	0.062421
9.8568	0.387508	0.062421
9.8901	0.387508	0.062421
9.9234	0.387508	0.062421
9.9567	0.387508	0.062421
9.99	0.387508	0.062421
10.0233	0.387508	0.062421
10.0566	0.387508	0.062421
10.0899	0.387508	0.062421
10.1232	0.387508	0.062421
10.1565	0.387508	0.062421
10.1898	0.387508	0.062421
10.2231	0.387508	0.062421
10.2564	0.387508	0.062421
10.2897	0.387508	0.062421
10.323	0.387508	0.062421
10.3563	0.387508	0.062421
10.3896	0.387508	0.062421
10.4229	0.387508	0.062421
10.4562	0.387508	0.062421
10.4895	0.387508	0.062421
10.5228	0.387508	0.062421
10.5561	0.387508	0.062421
10.5894	0.387508	0.062421
10.6227	0.387508	0.062421
10.656	0.387508	0.062421
10.6893	0.387508	0.062421
10.7226	0.387508	0.062421
10.7559	0.387508	0.062421
10.7892	0.387508	0.062421
10.8225	0.387508	0.062421
10.8558	0.387508	0.062421
10.8891	0.387508	0.062421
10.9224	0.387508	0.062421
10.9557	0.387508	0.062421
10.989	0.387508	0.062421
11.0223	0.387508	0.062421
11.0556	0.387508	0.062421
11.0889	0.387508	0.062421
11.1222	0.387508	0.062421
11.1555	0.387508	0.062421
11.1888	0.387508	0.062421
11.2221	0.387508	0.062421
11.2554	0.387508	0.062421
11.2887	0.387508	0.062421
11.322	0.387508	0.062421
11.3553	0.387508	0.062421
11.3886	0.387508	0.062421
11.4219	0.387508	0.062421
11.4552	0.387508	0.062421
11.4885	0.387508	0.062421
11.5218	0.387508	0.062421
11.5551	0.387508	0.062421
11.5884	0.387508	0.062421
11.6217	0.387508	0.062421
11.655	0.387508	0.062421
11.6883	0.387508	0.062421
11.7216	0.387508	0.062421
11.7549	0.387508	0.062421
11.7882	0.387508	0.062421
11.8215	0.387508	0.062421
11.8548	0.387508	0.062421
11.8881	0.387508	0.062421
11.9214	0.387508	0.062421
11.9547	0.387508	0.062421
11.988	0.387508	0.062421
12.0213	0.387508	0.062421
12.0546	0.387508	0.062421
12.0879	0.387508	0.062421
12.1212	0.387508	0.062421
12.1545	0.387508	0.062421
12.1878	0.387508	0.062421
12.2211	0.387508	0.062421
12.2544	0.387508	0.062421
12.2877	0.387508	0.062421
12.321	0.387508	0.062421
12.3543	0.387508	0.062421
12.3876	0.387508	0.062421
12.4209	0.387508	0.062421
12.4542	0.387508	0.062421
12.4875	0.387508	0.062421
12.5208	0.387508	0.062421
12.5541	0.387508	0.062421
12.5874	0.387508	0.062421
12.6207	0.387508	0.062421
12.654	0.387508	0.062421
12.6873	0.387508	0.062421
12.7206	0.387508	0.062421
12.7539	0.387508	0.062421
12.7872	0.387508	0.062421
12.8205	0.387508	0.062421
12.8538	0.387508	0.062421
12.8871	0.387508	0.062421
12.9204	0.387508	0.062421
12.9537	0.387508	0.062421
12.987	0.387508	0.062421
13.0203	0.387508	0.062421
13.0536	0.387508	0.062421
13.0869	0.387508	0.062421
13.1202	0.387508	0.062421
13.1535	0.387508	0.062421
13.1868	0.387508	0.062421
13.2201	0.387508	0.062421
13.2534	0.387508	0.062421
13.2867	0.387508	0.062421
13.32	0.387508	0.062421
13.3533	0.387508	0.062421
13.3866	0.387508	0.062421
13.4199	0.387508	0.062421
13.4532	0.387508	0.062421
13.4865	0.387508	0.062421
13.5198	0.387508	0.062421
13.5531	0.387508	0.062421
13.5864	0.387508	0.062421
13.6197	0.387508	0.062421
13.653	0.387508	0.062421
13.6863	0.387508	0.062421
13.7196	0.387508	0.062421
13.7529	0.387508	0.062421
13.7862	0.387508	0.062421
13.8195	0.387508	0.062421
13.8528	0.387508	0.062421
13.8861	0.387508	0.062421
13.9194	0.387508	0.062421
13.9527	0.387508	0.062421
13.986	0.387508	0.062421
14.0193	0.387508	0.0624209
14.0526	0.387508	0.0624209
14.0859	0.387508	0.0624209
14.1192	0.387508	0.0624209
14.1525	0.387508	0.0624209
14.1858	0.387508	0.0624209
14.2191	0.387508	0.0624209
14.2524	0.387508	0.0624209
14.2857	0.387508	0.0624209
14.319	0.387508	0.0624209
14.3523	0.387508	0.0624209
14.3856	0.387508	0.0624209
14.4189	0.387508	0.0624209
14.4522	0.387508	0.0624209
14.4855	0.387508	0.0624209
14.5188	0.387508	0.0624209
14.5521	0.387508	0.0624209
14.5854	0.387509	0.0624209
14.6187	0.387509	0.0624209
14.652	0.387509	0.0624209
14.6853	0.387509	0.0624209
14.7186	0.387509	0.0624208
14.7519	0.387509	0.0624208
14.7852	0.387509	0.0624208
14.8185	0.387509	0.0624208
14.8518	0.387509	0.0624208
14.8851	0.387509	0.0624208
14.9184	0.387509	0.0624208
14.9517	0.387509	0.0624208
14.985	0.387509	0.0624208
15.0183	0.387509	0.0624208
15.0516	0.387509	0.0624207
15.0849	0.387509	0.0624207
15.1182	0.387509	0.0624207
15.1515	0.387509	0.0624207
15.1848	0.387509	0.0624207
15.2181	0.387509	0.0624207
15.2514	0.387509	0.0624207
15.2847	0.387509	0.0624206
15.318	0.387509	0.0624206
15.3513	0.387509	0.0624206
15.3846	0.387509	0.0624206
15.4179	0.387509	0.0624206
15.4512	0.387509	0.0624205
15.4845	0.387509	0.0624205
15.5178	0.387509	0.0624205
15.5511	0.38751	0.0624205
15.5844	0.38751	0.0624204
15.6177	0.38751	0.0624204
15.651	0.38751	0.0624204
15.6843	0.38751	0.0624203
15.7176	0.38751	0.0624203
15.7509	0.38751	0.0624203
15.7842	0.38751	0.0624202
15.8175	0.38751	0.0624202
15.8508	0.38751	0.0624202
15.8841	0.38751	0.0624201
15.9174	0.387511	0.0624201
15.9507	0.387511	0.06242
15.984	0.387511	0.06242
16.0173	0.387511	0.0624199
16.0506	0.387511	0.0624199
16.0839	0.387511	0.0624198
16.1172	0.387511	0.0624197
16.1505	0.387512	0.0624197
16.1838	0.387512	0.0624196
16.2171	0.387512	0.0624195
16.2504	0.387512	0.0624195
16.2837	0.387512	0.0624194
16.317	0.387512	0.0624193
16.3503	0.387513	0.0624192
16.3836	0.387513	0.0624191
16.4169	0.387513	0.062419
16.4502	0.387513	0.0624189
16.4835	0.387514	0.0624188
16.5168	0.387514	0.0624187
16.5501	0.387514	0.0624186
16.5834	0.387515	0.0624185
16.6167	0.387515	0.0624183
16.65	0.387515	0.0624182
16.6833	0.387516	0.0624181
16.7166	0.387516	0.0624179
16.7499	0.387516	0.0624178
16.7832	0.387517	0.0624176
16.8165	0.387517	0.0624174
16.8498	0.387518	0.0624172
16.8831	0.387518	0.062417
16.9164	0.387519	0.0624168
16.9497	0.387519	0.0624166
16.983	0.38752	0.0624164
17.0163	0.38752	0.0624162
17.0496	0.387521	0.0624159
17.0829	0.387521	0.0624157
17.1162	0.387522	0.0624154
17.1495	0.387523	0.0624151
17.1828	0.387524	0.0624148
17.2161	0.387524	0.0624145
17.2494	0.387525	0.0624142
17.2827	0.387526	0.0624138
17.316	0.387527	0.0624135
17.3493	0.387528	0.0624131
17.3826	0.387529	0.0624127
17.4159	0.38753	0.0624122
17.4492	0.387531	0.0624118
17.4825	0.387532	0.0624113
17.5158	0.387534	0.0624108
17.5491	0.387535	0.0624103
17.5824	0.387536	0.0624098
17.6157	0.387538	0.0624092
17.649	0.387539	0.0624086
17.6823	0.387541	0.062408
17.7156	0.387542	0.0624073
17.7489	0.387544	0.0624066
17.7822	0.387546	0.0624059
17.8155	0.387548	0.0624051
17.8488	0.38755	0.0624043
17.8821	0.387552	0.0624035
17.9154	0.387554	0.0624026
17.9487	0.387556	0.0624017
17.982	0.387559	0.0624007
18.0153	0.387562	0.0623996
18.0486	0.387564	0.0623985
18.0819	0.387567	0.0623974
18.1152	0.38757	0.0623962
18.1485	0.387573	0.0623949
18.1818	0.387577	0.0623936
18.2151	0.38758	0.0623922
18.2484	0.387584	0.0623908
18.2817	0.387587	0.0623892
18.315	0.387591	0.0623876
18.3483	0.387596	0.0623859
18.3816	0.3876	0.0623841
18.4149	0.387605	0.0623823
18.4482	0.38761	0.0623803
18.4815	0.387615	0.0623782
18.5148	0.38762	0.0623761
18.5481	0.387626	0.0623738
18.5814	0.387632	0.0623714
18.6147	0.387638	0.0623689
18.648	0.387645	0.0623662
18.6813	0.387652	0.0623634
18.7146	0.387659	0.0623605
18.7479	0.387667	0.0623574
18.7812	0.387675	0.0623542
18.8145	0.387683	0.0623508
18.8478	0.387692	0.0623472
18.8811	0.387702	0.0623435
18.9144	0.387712	0.0623395
18.9477	0.387722	0.0623354
18.981	0.387733	0.0623311
19.0143	0.387744	0.0623265
19.0476	0.387756	0.0623217
19.0809	0.387769	0.0623167
19.1142	0.387782	0.0623114
19.1475	0.387796	0.0623058
19.1808	0.387811	0.0622999
19.2141	0.387826	0.0622938
19.2474	0.387842	0.0622873
19.2807	0.387859	0.0622805
19.314	0.387877	0.0622734
19.3473	0.387896	0.0622659
19.3806	0.387915	0.0622581
19.4139	0.387936	0.0622498
19.4472	0.387958	0.0622411
19.4805	0.387981	0.062232
19.5138	0.388005	0.0622224
19.5471	0.38803	0.0622123
19.5804	0.388056	0.0622017
19.6137	0.388084	0.0621906
19.647	0.388114	0.0621789
19.6803	0.388144	0.0621666
19.7136	0.388177	0.0621537
19.7469	0.388211	0.0621402
19.7802	0.388246	0.0621259
19.8135	0.388284	0.062111
19.8468	0.388323	0.0620953
19.8801	0.388365	0.0620787
19.9134	0.388408	0.0620614
19.9467	0.388454	0.0620432
19.98	0.388502	0.062024
20.0133	0.388553	0.0620039
20.0466	0.388606	0.0619828
20.0799	0.388662	0.0619606
20.1132	0.38872	0.0619373
20.1465	0.388782	0.0619128
20.1798	0.388847	0.0618871
20.2131	0.388915	0.0618601
20.2464	0.388986	0.0618318
20.2797	0.389062	0.061802
20.313	0.389141	0.0617707
20.3463	0.389224	0.0617378
20.3796	0.389311	0.0617033
20.4129	0.389403	0.0616671
20.4462	0.389499	0.061629
20.4795	0.3896	0.061589
20.5128	0.389707	0.0615471
20.5461	0.389818	0.061503
20.5794	0.389936	0.0614567
20.6127	0.39006	0.0614081
20.646	0.390189	0.0613571
20.6793	0.390326	0.0613035
20.7126	0.390469	0.0612473
20.7459	0.39062	0.0611883
20.7792	0.390778	0.0611263
20.8125	0.390945	0.0610613
20.8458	0.39112	0.060993
20.8791	0.391304	0.0609213
20.9124	0.391497	0.0608461
20.9457	0.3917	0.0607672
20.979	0.391914	0.0606844
21.0123	0.392138	0.0605975
21.0456	0.392374	0.0605063
21.0789	0.392622	0.0604107
21.1122	0.392882	0.0603103
21.1455	0.393156	0.0602051
21.1788	0.393444	0.0600947
21.2121	0.393746	0.0599789
21.2454	0.394064	0.0598575
21.2787	0.394399	0.0597302
21.312	0.39475	0.0595968
21.3453	0.395119	0.0594569
21.3786	0.395508	0.0593102
21.4119	0.395916	0.0591565
21.4452	0.396345	0.0589955
21.4785	0.396796	0.0588268
21.5118	0.39727	0.05865
21.5451	0.397768	0.0584649
21.5784	0.398292	0.058271
21.6117	0.398843	0.058068
21.645	0.399422	0.0578555
21.6783	0.400031	0.057633
21.7116	0.400672	0.0574003
21.7449	0.401345	0.0571567
21.7782	0.402052	0.056902
21.8115	0.402797	0.0566356
21.8448	0.403579	0.0563571
21.8781	0.404402	0.056066
21.9114	0.405267	0.0557618
21.9447	0.406177	0.055444
21.978	0.407134	0.0551121
22.0113	0.40814	0.0547657
22.0446	0.409199	0.0544041
22.0779	0.410312	0.0540268
22.1112	0.411483	0.0536333
22.1445	0.412714	0.0532231
22.1778	0.41401	0.0527957
22.2111	0.415372	0.0523504
22.2444	0.416806	0.0518868
22.2777	0.418314	0.0514043
22.311	0.4199	0.0509024
22.3443	0.421569	0.0503806
22.3776	0.423326	0.0498383
22.4109	0.425173	0.0492752
22.4442	0.427118	0.0486908
22.4775	0.429164	0.0480845
22.5108	0.431318	0.0474561
22.5441	0.433584	0.0468051
22.5774	0.435969	0.0461313
22.6107	0.43848	0.0454344
22.644	0.441123	0.0447141
22.6773	0.443904	0.0439703
22.7106	0.446833	0.0432029
22.7439	0.449916	0.0424118
22.7772	0.453162	0.0415972
22.8105	0.45658	0.0407592
22.8438	0.460179	0.0398981
22.8771	0.463968	0.0390141
22.9104	0.467959	0.0381077
22.9437	0.472161	0.0371796
22.977	0.476587	0.0362303
23.0103	0.481248	0.0352609
23.0436	0.486157	0.0342721
23.0769	0.491328	0.0332652
23.1102	0.496774	0.0322413
23.1435	0.502511	0.0312019
23.1768	0.508553	0.0301486
23.2101	0.514917	0.0290831
23.2434	0.521621	0.0280071
23.2767	0.528682	0.0269228
23.31	0.536118	0.0258323
23.3433	0.543951	0.0247379
23.3766	0.552199	0.0236421
23.4099	0.560885	0.0225472
23.4432	0.570032	0.0214561
23.4765	0.579661	0.0203714
23.5098	0.589799	0.0192959
23.5431	0.600469	0.0182325
23.5764	0.611698	0.017184
23.6097	0.623514	0.0161532
23.643	0.635943	0.015143
23.6763	0.649015	0.0141561
23.7096	0.66276	0.0131951
23.7429	0.677207	0.0122626
23.7762	0.692388	0.0113609
23.8095	0.708335	0.0104921
23.8428	0.725079	0.00965828
23.8761	0.742655	0.00886103
23.9094	0.761095	0.00810181
23.9427	0.780434	0.00738177
23.976	0.800704	0.00670175
24.0093	0.821942	0.00606229
24.0426	0.84418	0.00546362
24.0759	0.867455	0.00490563
24.1092	0.891801	0.00438794
24.1425	0.917252	0.00390986
24.1758	0.943844	0.00347044
24.2091	0.971612	0.00306847
24.2424	1.00059	0.00270253
24.2757	1.03082	0.00236364
24.309	1.06234	0.00204638
24.3423	1.09523	0.00175305
24.3756	1.12951	0.00148529
24.4089	1.16525	0.00124403
24.4422	1.20248	0.00102954
24.4755	1.24125	0.000841454
24.5088	1.28159	0.000678849
24.5421	1.32355	0.00054031
24.5754	1.36715	0.000424041
24.6087	1.41243	0.000327967
24.642	1.45942	0.000249843
24.6753	1.50817	0.000187358
24.7086	1.55871	0.000138226
24.7419	1.61107	0.000100269
24.7752	1.6653	7.1472e-05
24.8085	1.72145	5.00297e-05
24.8418	1.77956	3.4369e-05
24.8751	1.83969	2.31562e-05
24.9084	1.90189	1.52911e-05
24.9417	1.96622	9.88966e-06
24.975	2.03275	6.26015e-06
25.0083	2.10155	3.87552e-06
25.0416	2.1727	2.34471e-06
25.0749	2.24625	1.38523e-06
25.1082	2.3223	7.9851e-07
25.1415	2.40093	4.48745e-07
25.1748	2.48223	2.45644e-07
25.2081	2.56628	1.30862e-07
25.2414	2.65317	6.77836e-08
25.2747	2.74301	3.41053e-08
25.308	2.83589	1.66526e-08
25.3413	2.93191	7.88242e-09
25.3746	3.03119	3.61328e-09
25.4079	3.13383	1.60227e-09
25.4412	3.23994	6.86548e-10
25.4745	3.34965	2.83927e-10
25.5078	3.46307	1.13193e-10
25.5411	3.58033	4.34481e-11
25.5744	3.70156	1.60362e-11
25.6077	3.8269	5.68381e-12
25.641	3.95648	1.9319e-12
25.6743	4.09045	6.28816e-13
25.7076	4.22896	1.95712e-13
25.7409	4.37215	5.81582e-14
25.7742	4.52019	1.64748e-14
25.8075	4.67325	4.44163e-15
25.8408	4.83149	1.13776e-15
25.8741	4.99509	2.76435e-16

