l	K	y

# DK0 = 2.5	(data set 1)
0	5	2.67529e-09

# DK0 = 0.0390625	(data set 2)
0	0.546875	0.115443
0.0333	0.520376	0.110745
0.0666	0.498505	0.106905
0.0999	0.480115	0.103755
0.1332	0.464406	0.101172
0.1665	0.450803	0.0990601
0.1998	0.438878	0.0973496
0.2331	0.42831	0.0959846
0.2664	0.418849	0.0949215
0.2997	0.410297	0.0941263
0.333	0.402499	0.0935719
0.3663	0.395327	0.0932373
0.3996	0.388676	0.0931057
0.4329	0.382459	0.0931644
0.4662	0.376603	0.0934038
0.4995	0.371047	0.0938169
0.5328	0.365735	0.0943992
0.5661	0.360623	0.0951485
0.5994	0.35567	0.0960643
0.6327	0.35084	0.0971479
0.666	0.346102	0.0984027
0.6993	0.341427	0.0998336
0.7326	0.33679	0.101447
0.7659	0.332167	0.103252
0.7992	0.327538	0.105259
0.8325	0.322883	0.10748
0.8658	0.318185	0.10993
0.8991	0.313426	0.112626
0.9324	0.308591	0.115587
0.9657	0.303667	0.118837
0.999	0.298639	0.122401
1.0323	0.293495	0.126309
1.0656	0.288225	0.130595
1.0989	0.282817	0.135299
1.1322	0.277261	0.140465
1.1655	0.271548	0.146145
1.1988	0.265672	0.152396
1.2321	0.259624	0.159288
1.2654	0.253399	0.166898
1.2987	0.246992	0.175317
1.332	0.2404	0.184648
1.3653	0.233621	0.195013
1.3986	0.226654	0.206552
1.4319	0.219501	0.219431
1.4652	0.212165	0.233841
1.4985	0.204651	0.250008
1.5318	0.196967	0.268196
1.5651	0.189124	0.288719
1.5984	0.181134	0.311947
1.6317	0.173013	0.338317
1.665	0.16478	0.368353
1.6983	0.156457	0.402676
1.7316	0.148069	0.442031
1.7649	0.139645	0.487309
1.7982	0.131216	0.539585
1.8315	0.122816	0.60015
1.8648	0.114483	0.670564
1.8981	0.106256	0.752718
1.9314	0.0981744	0.848899
1.9647	0.0902803	0.961888
1.998	0.0826145	1.09507
2.0313	0.0752168	1.25255
2.0646	0.0681246	1.43936
2.0979	0.0613721	1.66163
2.1312	0.054989	1.92682
2.1645	0.0489996	2.24409
2.1978	0.0434224	2.62459
2.2311	0.0382689	3.08199
2.2644	0.033544	3.63297
2.2977	0.0292459	4.29796
2.331	0.0253663	5.10189
2.3643	0.021891	6.07527
2.3976	0.0188011	7.25539
2.4309	0.0160736	8.68782
2.4642	0.0136825	10.4282
2.4975	0.0116001	12.5446
2.5308	0.0097977	15.1202
2.5641	0.00824674	18.2563
2.5974	0.00691928	22.0771
2.6307	0.00578875	26.7339
2.664	0.00483028	32.4117
2.6973	0.00402105	39.3363
2.7306	0.00334036	47.7837
2.7639	0.00276971	58.0906
2.7972	0.00229274	70.6683
2.8305	0.00189514	86.0192
2.8638	0.00156448	104.757
2.8971	0.00129007	127.63
2.9304	0.00106275	155.553
2.9637	0.000874737	189.644
2.997	0.000719457	231.266
3.0303	0.000591365	282.085
3.0636	0.000485812	344.136
3.0969	0.00039891	419.901
3.1302	0.000327421	512.415
3.1635	0.00026865	625.382
3.1968	0.000220363	763.324
3.2301	0.000180709	931.765
3.2634	0.000148158	1137.45
3.2967	0.000121449	1388.62
3.33	9.95387e-05	1695.33
3.3633	8.15706e-05	2069.86
3.3966	6.68384e-05	2527.21
3.4299	5.47617e-05	3085.71
3.4632	4.48634e-05	3767.71
3.4965	3.67518e-05	4600.54
3.5298	3.01051e-05	5617.55
3.5631	2.46592e-05	6859.46
3.5964	2.01977e-05	8376.04
3.6297	1.65428e-05	10228
3.663	1.35489e-05	12489.5
3.6963	1.10965e-05	15251.2
3.7296	9.08785e-06	18623.7
3.7629	7.44266e-06	22742
3.7962	6.09521e-06	27771.1
3.8295	4.99165e-06	33912.4
3.8628	4.08785e-06	41411.8
3.8961	3.34767e-06	50569.9
3.9294	2.74149e-06	61753.3
3.9627	2.24506e-06	75410.1
3.996	1.83851e-06	92087.1
4.0293	1.50558e-06	112452
4.0626	1.23293e-06	137322
4.0959	1.00966e-06	167691
4.1292	8.26814e-07	204777
4.1625	6.77081e-07	250064
4.1958	5.54463e-07	305367
4.2291	4.5405e-07	372901
4.2624	3.71821e-07	455371
4.2957	3.04484e-07	556080
4.329	2.49341e-07	679061
4.3623	2.04185e-07	829240
4.3956	1.67206e-07	1.01263e+06
4.4289	1.36925e-07	1.23658e+06
4.4622	1.12127e-07	1.51007e+06
4.4955	9.18204e-08	1.84403e+06
4.5288	7.51913e-08	2.25185e+06
4.5621	6.15738e-08	2.74987e+06
4.5954	5.04225e-08	3.35802e+06
4.6287	4.12908e-08	4.10068e+06
4.662	3.38128e-08	5.00757e+06
4.6953	2.76891e-08	6.11504e+06
4.7286	2.26745e-08	7.46743e+06
4.7619	1.8568e-08	9.11892e+06
4.7952	1.52053e-08	1.11356e+07
4.8285	1.24515e-08	1.35984e+07
4.8618	1.01965e-08	1.66058e+07
4.8951	8.34984e-09	2.02783e+07
4.9284	6.83764e-09	2.4763e+07
4.9617	5.5993e-09	3.02396e+07
4.995	4.58524e-09	3.69273e+07
5.0283	3.75483e-09	4.50941e+07
5.0616	3.07481e-09	5.5067e+07
5.0949	2.51794e-09	6.72456e+07
5.1282	2.06193e-09	8.21175e+07
5.1615	1.6885e-09	1.00278e+08
5.1948	1.38271e-09	1.22456e+08
5.2281	1.13229e-09	1.49538e+08
5.2614	9.27227e-10	1.8261e+08
5.2947	7.59301e-10	2.22995e+08
5.328	6.21787e-10	2.72313e+08
5.3613	5.09178e-10	3.32537e+08
5.3946	4.16963e-10	4.0608e+08
5.4279	3.41449e-10	4.95888e+08
5.4612	2.79611e-10	6.05558e+08
5.4945	2.28972e-10	7.39483e+08
5.5278	1.87504e-10	9.03026e+08
5.5611	1.53546e-10	1.10274e+09
5.5944	1.25738e-10	1.34662e+09
5.6277	1.02966e-10	1.64443e+09
5.661	8.43182e-11	2.00811e+09
5.6943	6.90477e-11	2.45222e+09
5.7276	5.65428e-11	2.99455e+09
5.7609	4.63026e-11	3.65683e+09
5.7942	3.79169e-11	4.46556e+09
5.8275	3.105e-11	5.45316e+09
5.8608	2.54267e-11	6.65917e+09
5.8941	2.08218e-11	8.13191e+09
5.9274	1.70508e-11	9.93035e+09
5.9607	1.39628e-11	1.21265e+10
5.994	1.14341e-11	1.48084e+10

# DK0 = 0.000610352	(data set 3)
0	0.574951	0.103331
0.0333	0.549819	0.0984149
0.0666	0.529222	0.0942653
0.0999	0.512073	0.0907273
0.1332	0.497609	0.0876849
0.1665	0.485276	0.0850495
0.1998	0.474664	0.0827522
0.2331	0.465463	0.0807387
0.2664	0.457431	0.0789656
0.2997	0.450378	0.0773976
0.333	0.444155	0.076006
0.3663	0.438639	0.0747671
0.3996	0.43373	0.0736609
0.4329	0.429346	0.0726709
0.4662	0.425419	0.0717829
0.4995	0.421892	0.070985
0.5328	0.418714	0.070267
0.5661	0.415846	0.0696199
0.5994	0.41325	0.069036
0.6327	0.410897	0.0685089
0.666	0.40876	0.0680325
0.6993	0.406816	0.0676019
0.7326	0.405043	0.0672125
0.7659	0.403425	0.0668605
0.7992	0.401945	0.0665423
0.8325	0.40059	0.0662547
0.8658	0.399347	0.0659951
0.8991	0.398205	0.0657611
0.9324	0.397153	0.0655503
0.9657	0.396184	0.0653609
0.999	0.39529	0.0651911
1.0323	0.394462	0.0650394
1.0656	0.393694	0.0649043
1.0989	0.392981	0.0647846
1.1322	0.392318	0.0646791
1.1655	0.391699	0.0645869
1.1988	0.391119	0.064507
1.2321	0.390576	0.0644387
1.2654	0.390065	0.0643812
1.2987	0.389582	0.0643339
1.332	0.389126	0.0642962
1.3653	0.388691	0.0642676
1.3986	0.388278	0.0642477
1.4319	0.387881	0.064236
1.4652	0.3875	0.0642323
1.4985	0.387132	0.0642363
1.5318	0.386775	0.0642476
1.5651	0.386428	0.0642662
1.5984	0.386088	0.0642919
1.6317	0.385754	0.0643244
1.665	0.385424	0.0643638
1.6983	0.385097	0.06441
1.7316	0.384771	0.0644629
1.7649	0.384445	0.0645226
1.7982	0.384118	0.0645891
1.8315	0.383788	0.0646625
1.8648	0.383454	0.0647428
1.8981	0.383114	0.0648302
1.9314	0.382769	0.0649249
1.9647	0.382416	0.065027
1.998	0.382054	0.0651367
2.0313	0.381682	0.0652543
2.0646	0.381299	0.06538
2.0979	0.380904	0.0655142
2.1312	0.380495	0.0656571
2.1645	0.380072	0.0658092
2.1978	0.379633	0.0659708
2.2311	0.379177	0.0661423
2.2644	0.378703	0.0663242
2.2977	0.378208	0.066517
2.331	0.377693	0.0667213
2.3643	0.377156	0.0669375
2.3976	0.376595	0.0671664
2.4309	0.376009	0.0674087
2.4642	0.375396	0.0676649
2.4975	0.374755	0.0679359
2.5308	0.374084	0.0682226
2.5641	0.373382	0.0685258
2.5974	0.372647	0.0688464
2.6307	0.371877	0.0691855
2.664	0.37107	0.0695442
2.6973	0.370224	0.0699236
2.7306	0.369337	0.0703251
2.7639	0.368408	0.0707499
2.7972	0.367433	0.0711995
2.8305	0.366412	0.0716755
2.8638	0.36534	0.0721795
2.8971	0.364217	0.0727135
2.9304	0.363038	0.0732792
2.9637	0.361802	0.0738789
2.997	0.360506	0.0745148
3.0303	0.359147	0.0751894
3.0636	0.357721	0.0759053
3.0969	0.356226	0.0766654
3.1302	0.354658	0.0774729
3.1635	0.353014	0.0783311
3.1968	0.351291	0.0792437
3.2301	0.349484	0.0802148
3.2634	0.347589	0.0812487
3.2967	0.345604	0.0823501
3.33	0.343523	0.0835244
3.3633	0.341342	0.0847772
3.3966	0.339058	0.0861148
3.4299	0.336664	0.0875441
3.4632	0.334158	0.0890725
3.4965	0.331533	0.0907085
3.5298	0.328785	0.0924613
3.5631	0.325908	0.0943409
3.5964	0.322898	0.0963586
3.6297	0.31975	0.098527
3.663	0.316456	0.10086
3.6963	0.313013	0.103373
3.7296	0.309415	0.106083
3.7629	0.305655	0.109009
3.7962	0.301729	0.112173
3.8295	0.29763	0.1156
3.8628	0.293354	0.119316
3.8961	0.288895	0.123353
3.9294	0.284247	0.127745
3.9627	0.279406	0.132532
3.996	0.274366	0.137758
4.0293	0.269125	0.143476
4.0626	0.263677	0.149743
4.0959	0.25802	0.156626
4.1292	0.25215	0.164202
4.1625	0.246067	0.17256
4.1958	0.23977	0.181802
4.2291	0.233259	0.192047
4.2624	0.226536	0.203431
4.2957	0.219603	0.216116
4.329	0.212467	0.230288
4.3623	0.205133	0.246166
4.3956	0.197611	0.264009
4.4289	0.189912	0.284118
4.4622	0.18205	0.306854
4.4955	0.174042	0.332641
4.5288	0.165906	0.361985
4.5621	0.157666	0.395488
4.5954	0.149347	0.433869
4.6287	0.140978	0.477991
4.662	0.13259	0.528891
4.6953	0.124219	0.587816
4.7286	0.115902	0.656273
4.7619	0.107678	0.736084
4.7952	0.0995886	0.829457
4.8285	0.0916746	0.939071
4.8618	0.083978	1.06819
4.8951	0.0765393	1.22077
4.9284	0.0693969	1.40166
4.9617	0.0625862	1.61676
4.995	0.056138	1.87326
5.0283	0.0500781	2.17998
5.0616	0.0444262	2.54766
5.0949	0.0391955	2.98945
5.1282	0.0343923	3.52144
5.1615	0.0300162	4.16327
5.1948	0.0260602	4.93898
5.2281	0.0225112	5.87793
5.2614	0.0193513	7.01604
5.2947	0.0165581	8.39718
5.328	0.0141062	10.075
5.3613	0.0119683	12.1149
5.3946	0.0101157	14.5971
5.4279	0.00851983	17.6193
5.4612	0.00715256	21.3009
5.4945	0.00598706	25.7877
5.5278	0.00499813	31.2579
5.5611	0.00416255	37.9291
5.5944	0.00345921	46.0669
5.6277	0.00286922	55.9957
5.661	0.00237583	68.1117
5.6943	0.00196433	82.8988
5.7276	0.00162197	100.948
5.7609	0.00133774	122.98
5.7942	0.00110221	149.877
5.8275	0.000907358	182.714
5.8608	0.000746385	222.804
5.8941	0.000613568	271.754
5.9274	0.000504101	331.521
5.9607	0.000413962	404.498
5.994	0.0003398	493.607

# DK0 = 9.53674e-06	(data set 4)
0	0.575352	0.103168
0.0333	0.55024	0.0982495
0.0666	0.529663	0.0940966
0.0999	0.512534	0.0905543
0.1332	0.498088	0.0875067
0.1665	0.485775	0.0848654
0.1998	0.475183	0.0825615
0.2331	0.466003	0.0805407
0.2664	0.457992	0.0787596
0.2997	0.450962	0.077183
0.333	0.444763	0.0757822
0.3663	0.439272	0.0745334
0.3996	0.43439	0.0734167
0.4329	0.430034	0.0724154
0.4662	0.426137	0.0715156
0.4995	0.422641	0.0707051
0.5328	0.419496	0.0699736
0.5661	0.416662	0.0693124
0.5994	0.414103	0.0687137
0.6327	0.411789	0.0681708
0.666	0.409692	0.0676778
0.6993	0.40779	0.0672297
0.7326	0.406063	0.0668219
0.7659	0.404492	0.0664504
0.7992	0.403062	0.0661117
0.8325	0.401759	0.0658027
0.8658	0.400571	0.0655204
0.8991	0.399487	0.0652625
0.9324	0.398497	0.0650266
0.9657	0.397592	0.0648107
0.999	0.396765	0.0646131
1.0323	0.396009	0.0644321
1.0656	0.395316	0.0642662
1.0989	0.394682	0.0641141
1.1322	0.394102	0.0639746
1.1655	0.39357	0.0638465
1.1988	0.393083	0.063729
1.2321	0.392636	0.063621
1.2654	0.392226	0.0635218
1.2987	0.39185	0.0634307
1.332	0.391506	0.0633468
1.3653	0.39119	0.0632697
1.3986	0.3909	0.0631988
1.4319	0.390634	0.0631334
1.4652	0.39039	0.0630732
1.4985	0.390166	0.0630178
1.5318	0.389961	0.0629667
1.5651	0.389773	0.0629195
1.5984	0.389601	0.062876
1.6317	0.389442	0.0628358
1.665	0.389298	0.0627986
1.6983	0.389165	0.0627642
1.7316	0.389043	0.0627324
1.7649	0.388932	0.0627029
1.7982	0.38883	0.0626755
1.8315	0.388738	0.0626501
1.8648	0.388653	0.0626265
1.8981	0.388575	0.0626045
1.9314	0.388505	0.0625839
1.9647	0.388441	0.0625647
1.998	0.388383	0.0625468
2.0313	0.38833	0.0625299
2.0646	0.388283	0.062514
2.0979	0.38824	0.062499
2.1312	0.388201	0.0624849
2.1645	0.388167	0.0624714
2.1978	0.388136	0.0624587
2.2311	0.388109	0.0624464
2.2644	0.388086	0.0624347
2.2977	0.388065	0.0624235
2.331	0.388047	0.0624126
2.3643	0.388033	0.062402
2.3976	0.38802	0.0623917
2.4309	0.388011	0.0623817
2.4642	0.388003	0.0623718
2.4975	0.387998	0.062362
2.5308	0.387995	0.0623523
2.5641	0.387994	0.0623427
2.5974	0.387995	0.062333
2.6307	0.387998	0.0623233
2.664	0.388003	0.0623136
2.6973	0.388009	0.0623037
2.7306	0.388018	0.0622937
2.7639	0.388028	0.0622835
2.7972	0.38804	0.0622731
2.8305	0.388054	0.0622624
2.8638	0.38807	0.0622514
2.8971	0.388087	0.0622401
2.9304	0.388106	0.0622285
2.9637	0.388127	0.0622164
2.997	0.38815	0.062204
3.0303	0.388174	0.062191
3.0636	0.388201	0.0621776
3.0969	0.388229	0.0621636
3.1302	0.388259	0.0621491
3.1635	0.388292	0.0621339
3.1968	0.388326	0.0621181
3.2301	0.388363	0.0621016
3.2634	0.388402	0.0620843
3.2967	0.388443	0.0620662
3.33	0.388487	0.0620473
3.3633	0.388533	0.0620276
3.3966	0.388582	0.0620069
3.4299	0.388634	0.0619852
3.4632	0.388688	0.0619625
3.4965	0.388746	0.0619387
3.5298	0.388806	0.0619137
3.5631	0.38887	0.0618875
3.5964	0.388937	0.0618601
3.6297	0.389008	0.0618313
3.663	0.389083	0.061801
3.6963	0.389161	0.0617693
3.7296	0.389244	0.0617361
3.7629	0.389331	0.0617012
3.7962	0.389423	0.0616645
3.8295	0.389519	0.0616261
3.8628	0.38962	0.0615857
3.8961	0.389727	0.0615434
3.9294	0.389839	0.0614989
3.9627	0.389956	0.0614522
3.996	0.39008	0.0614032
4.0293	0.390211	0.0613518
4.0626	0.390347	0.0612978
4.0959	0.390491	0.0612412
4.1292	0.390643	0.0611817
4.1625	0.390802	0.0611193
4.1958	0.390969	0.0610538
4.2291	0.391145	0.0609851
4.2624	0.39133	0.0609129
4.2957	0.391524	0.0608372
4.329	0.391728	0.0607578
4.3623	0.391943	0.0606745
4.3956	0.392168	0.060587
4.4289	0.392405	0.0604953
4.4622	0.392655	0.060399
4.4955	0.392917	0.0602981
4.5288	0.393192	0.0601922
4.5621	0.393481	0.0600811
4.5954	0.393786	0.0599646
4.6287	0.394106	0.0598425
4.662	0.394442	0.0597144
4.6953	0.394795	0.0595802
4.7286	0.395167	0.0594395
4.7619	0.395557	0.059292
4.7952	0.395968	0.0591374
4.8285	0.3964	0.0589754
4.8618	0.396853	0.0588057
4.8951	0.39733	0.0586279
4.9284	0.397832	0.0584417
4.9617	0.398359	0.0582467
4.995	0.398913	0.0580426
5.0283	0.399496	0.0578289
5.0616	0.400108	0.0576052
5.0949	0.400753	0.0573711
5.1282	0.40143	0.0571262
5.1615	0.402142	0.0568701
5.1948	0.402891	0.0566022
5.2281	0.403678	0.0563222
5.2614	0.404506	0.0560295
5.2947	0.405377	0.0557236
5.328	0.406292	0.0554042
5.3613	0.407255	0.0550705
5.3946	0.408267	0.0547222
5.4279	0.409332	0.0543587
5.4612	0.410452	0.0539795
5.4945	0.411631	0.053584
5.5278	0.41287	0.0531717
5.5611	0.414173	0.0527421
5.5944	0.415544	0.0522946
5.6277	0.416987	0.0518287
5.661	0.418504	0.0513439
5.6943	0.4201	0.0508395
5.7276	0.42178	0.0503153
5.7609	0.423547	0.0497705
5.7942	0.425407	0.0492048
5.8275	0.427363	0.0486177
5.8608	0.429422	0.0480087
5.8941	0.431589	0.0473776
5.9274	0.43387	0.0467238
5.9607	0.43627	0.0460472
5.994	0.438796	0.0453474
6.0273	0.441456	0.0446242
6.0606	0.444255	0.0438775
6.0939	0.447202	0.0431072
6.1272	0.450305	0.0423133
6.1605	0.453571	0.0414958
6.1938	0.457011	0.040655
6.2271	0.460632	0.039791
6.2604	0.464446	0.0389042
6.2937	0.468462	0.0379952
6.327	0.472691	0.0370644
6.3603	0.477145	0.0361126
6.3936	0.481836	0.0351407
6.4269	0.486776	0.0341497
6.4602	0.49198	0.0331406
6.4935	0.497461	0.0321148
6.5268	0.503234	0.0310736
6.5601	0.509315	0.0300187
6.5934	0.51572	0.0289518
6.6267	0.522466	0.0278747
6.66	0.529572	0.0267895
6.6933	0.537056	0.0256984
6.7266	0.544938	0.0246037
6.7599	0.553239	0.0235078
6.7932	0.561981	0.0224133
6.8265	0.571185	0.0213228
6.8598	0.580876	0.0202391
6.8931	0.591077	0.0191649
6.9264	0.601814	0.0181032
6.9597	0.613114	0.0170567
6.993	0.625003	0.0160283
7.0263	0.63751	0.0150208
7.0596	0.650662	0.0140369
7.0929	0.664491	0.0130793
7.1262	0.679027	0.0121504
7.1595	0.6943	0.0112526
7.1928	0.710343	0.0103881
7.2261	0.727187	0.0095586
7.2594	0.744867	0.00876594
7.2927	0.763416	0.00801146
7.326	0.782866	0.00729629
7.3593	0.803254	0.00662122
7.3926	0.824612	0.00598675
7.4259	0.846976	0.00539307
7.4592	0.87038	0.00484004
7.4925	0.894859	0.00432725
7.5258	0.920448	0.00385396
7.5591	0.947182	0.0034192
7.5924	0.975096	0.00302173
7.6257	1.00422	0.00265994
7.659	1.03461	0.00232356
7.6923	1.0663	0.00200912
7.7256	1.09935	0.00171885
7.7589	1.13381	0.00145429
7.7922	1.16973	0.00121631
7.8255	1.20715	0.00100509
7.8588	1.24611	0.000820186
7.8921	1.28665	0.000660614
7.9254	1.3288	0.000524907
7.9587	1.3726	0.000411229
7.992	1.41809	0.000317477
8.0253	1.4653	0.000241393
8.0586	1.51427	0.000180665
8.0919	1.56502	0.000133017
8.1252	1.61761	9.62867e-05
8.1585	1.67208	6.84834e-05
8.1918	1.72846	4.78292e-05
8.2251	1.78682	3.27804e-05
8.2584	1.84719	2.20324e-05
8.2917	1.90965	1.45125e-05
8.325	1.97425	9.36176e-06
8.3583	2.04106	5.9101e-06
8.3916	2.11014	3.64867e-06
8.4249	2.18158	2.20114e-06
8.4582	2.25543	1.29656e-06
8.4915	2.3318	7.45104e-07
8.5248	2.41075	4.17405e-07
8.5581	2.49238	2.27741e-07
8.5914	2.57677	1.20914e-07
8.6247	2.66402	6.24112e-08
8.658	2.75422	3.12886e-08
8.6913	2.84748	1.52201e-08
8.7246	2.9439	7.17651e-09
8.7579	3.04358	3.27654e-09
8.7912	3.14664	1.44694e-09
8.8245	3.25319	6.17343e-10
8.8578	3.36334	2.54179e-10
8.8911	3.47723	1.00871e-10
8.9244	3.59497	3.85355e-11
8.9577	3.7167	1.41537e-11
8.991	3.84255	4.99125e-12
9.0243	3.97266	1.68766e-12
9.0576	4.10717	5.46356e-13
9.0909	4.24625	1.691e-13
9.1242	4.39003	4.99604e-14
9.1575	4.53867	1.40683e-14
9.1908	4.69236	3.76948e-15
9.2241	4.85124	9.59438e-16

# DK0 = 1.49012e-07	(data set 5)
0	0.575344	0.103171
0.0333	0.550232	0.0982528
0.0666	0.529654	0.0941
0.0999	0.512524	0.0905578
0.1332	0.498079	0.0875103
0.1665	0.485765	0.0848691
0.1998	0.475173	0.0825653
0.2331	0.465992	0.0805447
0.2664	0.457981	0.0787637
0.2997	0.450951	0.0771873
0.333	0.444751	0.0757867
0.3663	0.439259	0.0745381
0.3996	0.434377	0.0734216
0.4329	0.430021	0.0724205
0.4662	0.426123	0.0715209
0.4995	0.422625	0.0707107
0.5328	0.41948	0.0699795
0.5661	0.416646	0.0693186
0.5994	0.414086	0.0687201
0.6327	0.411771	0.0681775
0.666	0.409673	0.0676849
0.6993	0.407771	0.0672372
0.7326	0.406042	0.0668297
0.7659	0.40447	0.0664586
0.7992	0.403039	0.0661204
0.8325	0.401735	0.0658117
0.8658	0.400546	0.0655299
0.8991	0.399461	0.0652724
0.9324	0.39847	0.065037
0.9657	0.397564	0.0648217
0.999	0.396736	0.0646247
1.0323	0.395978	0.0644443
1.0656	0.395284	0.064279
1.0989	0.394648	0.0641275
1.1322	0.394066	0.0639887
1.1655	0.393532	0.0638613
1.1988	0.393043	0.0637445
1.2321	0.392594	0.0636374
1.2654	0.392183	0.063539
1.2987	0.391805	0.0634487
1.332	0.391458	0.0633658
1.3653	0.39114	0.0632896
1.3986	0.390847	0.0632196
1.4319	0.390579	0.0631554
1.4652	0.390332	0.0630963
1.4985	0.390105	0.063042
1.5318	0.389897	0.0629921
1.5651	0.389706	0.0629463
1.5984	0.38953	0.0629041
1.6317	0.389368	0.0628653
1.665	0.38922	0.0628297
1.6983	0.389083	0.0627969
1.7316	0.388957	0.0627667
1.7649	0.388842	0.0627389
1.7982	0.388736	0.0627134
1.8315	0.388638	0.0626899
1.8648	0.388548	0.0626683
1.8981	0.388465	0.0626484
1.9314	0.388389	0.0626301
1.9647	0.38832	0.0626132
1.998	0.388255	0.0625977
2.0313	0.388196	0.0625834
2.0646	0.388142	0.0625703
2.0979	0.388092	0.0625582
2.1312	0.388046	0.062547
2.1645	0.388004	0.0625367
2.1978	0.387965	0.0625273
2.2311	0.387929	0.0625185
2.2644	0.387896	0.0625105
2.2977	0.387866	0.0625031
2.331	0.387838	0.0624962
2.3643	0.387813	0.0624899
2.3976	0.38779	0.0624841
2.4309	0.387768	0.0624787
2.4642	0.387748	0.0624737
2.4975	0.38773	0.0624691
2.5308	0.387714	0.0624649
2.5641	0.387698	0.062461
2.5974	0.387684	0.0624573
2.6307	0.387671	0.062454
2.664	0.38766	0.0624508
2.6973	0.387649	0.0624479
2.7306	0.387639	0.0624452
2.7639	0.38763	0.0624427
2.7972	0.387622	0.0624404
2.8305	0.387615	0.0624382
2.8638	0.387608	0.0624361
2.8971	0.387602	0.0624342
2.9304	0.387596	0.0624324
2.9637	0.387591	0.0624307
2.997	0.387587	0.0624291
3.0303	0.387583	0.0624276
3.0636	0.387579	0.0624261
3.0969	0.387576	0.0624248
3.1302	0.387573	0.0624235
3.1635	0.38757	0.0624222
3.1968	0.387568	0.062421
3.2301	0.387566	0.0624198
3.2634	0.387565	0.0624187
3.2967	0.387564	0.0624176
3.33	0.387563	0.0624165
3.3633	0.387562	0.0624154
3.3966	0.387561	0.0624143
3.4299	0.387561	0.0624133
3.4632	0.387561	0.0624122
3.4965	0.387561	0.0624112
3.5298	0.387561	0.0624101
3.5631	0.387562	0.0624091
3.5964	0.387563	0.062408
3.6297	0.387564	0.0624069
3.663	0.387565	0.0624058
3.6963	0.387566	0.0624046
3.7296	0.387568	0.0624035
3.7629	0.38757	0.0624023
3.7962	0.387572	0.062401
3.8295	0.387574	0.0623998
3.8628	0.387576	0.0623984
3.8961	0.387578	0.0623971
3.9294	0.387581	0.0623956
3.9627	0.387584	0.0623942
3.996	0.387587	0.0623926
4.0293	0.387591	0.062391
4.0626	0.387594	0.0623893
4.0959	0.387598	0.0623876
4.1292	0.387602	0.0623858
4.1625	0.387606	0.0623839
4.1958	0.387611	0.0623819
4.2291	0.387616	0.0623798
4.2624	0.387621	0.0623776
4.2957	0.387626	0.0623753
4.329	0.387632	0.0623729
4.3623	0.387638	0.0623704
4.3956	0.387644	0.0623678
4.4289	0.387651	0.062365
4.4622	0.387658	0.0623621
4.4955	0.387665	0.0623591
4.5288	0.387673	0.0623559
4.5621	0.387681	0.0623525
4.5954	0.38769	0.062349
4.6287	0.387699	0.0623453
4.662	0.387708	0.0623414
4.6953	0.387718	0.0623374
4.7286	0.387729	0.0623331
4.7619	0.38774	0.0623286
4.7952	0.387752	0.0623239
4.8285	0.387764	0.0623189
4.8618	0.387777	0.0623137
4.8951	0.387791	0.0623083
4.9284	0.387805	0.0623025
4.9617	0.38782	0.0622965
4.995	0.387836	0.0622902
5.0283	0.387852	0.0622835
5.0616	0.38787	0.0622765
5.0949	0.387888	0.0622692
5.1282	0.387907	0.0622614
5.1615	0.387928	0.0622533
5.1948	0.387949	0.0622448
5.2281	0.387971	0.0622359
5.2614	0.387995	0.0622265
5.2947	0.388019	0.0622166
5.328	0.388045	0.0622062
5.3613	0.388073	0.0621953
5.3946	0.388101	0.0621839
5.4279	0.388131	0.0621718
5.4612	0.388163	0.0621592
5.4945	0.388196	0.0621459
5.5278	0.388231	0.0621319
5.5611	0.388268	0.0621173
5.5944	0.388307	0.0621019
5.6277	0.388347	0.0620857
5.661	0.38839	0.0620687
5.6943	0.388435	0.0620509
5.7276	0.388482	0.0620321
5.7609	0.388531	0.0620124
5.7942	0.388584	0.0619917
5.8275	0.388638	0.06197
5.8608	0.388696	0.0619471
5.8941	0.388756	0.0619232
5.9274	0.388819	0.061898
5.9607	0.388886	0.0618715
5.994	0.388956	0.0618437
6.0273	0.38903	0.0618145
6.0606	0.389107	0.0617839
6.0939	0.389189	0.0617517
6.1272	0.389274	0.0617178
6.1605	0.389364	0.0616823
6.1938	0.389458	0.061645
6.2271	0.389558	0.0616059
6.2604	0.389662	0.0615647
6.2937	0.389771	0.0615215
6.327	0.389887	0.0614762
6.3603	0.390008	0.0614286
6.3936	0.390135	0.0613786
6.4269	0.390268	0.0613261
6.4602	0.390409	0.061271
6.4935	0.390557	0.0612131
6.5268	0.390712	0.0611524
6.5601	0.390875	0.0610886
6.5934	0.391046	0.0610217
6.6267	0.391226	0.0609515
6.66	0.391416	0.0608778
6.6933	0.391615	0.0608004
6.7266	0.391824	0.0607192
6.7599	0.392043	0.0606341
6.7932	0.392274	0.0605447
6.8265	0.392517	0.0604509
6.8598	0.392772	0.0603526
6.8931	0.393041	0.0602494
6.9264	0.393323	0.0601411
6.9597	0.393619	0.0600276
6.993	0.393931	0.0599086
7.0263	0.394258	0.0597838
7.0596	0.394602	0.0596529
7.0929	0.394964	0.0595157
7.1262	0.395344	0.0593719
7.1595	0.395744	0.0592212
7.1928	0.396164	0.0590632
7.2261	0.396606	0.0588978
7.2594	0.39707	0.0587244
7.2927	0.397559	0.0585428
7.326	0.398072	0.0583525
7.3593	0.398611	0.0581534
7.3926	0.399179	0.0579448
7.4259	0.399775	0.0577266
7.4592	0.400402	0.0574981
7.4925	0.401061	0.0572591
7.5258	0.401754	0.0570091
7.5591	0.402483	0.0567476
7.5924	0.40325	0.0564742
7.6257	0.404056	0.0561883
7.659	0.404903	0.0558896
7.6923	0.405794	0.0555776
7.7256	0.406731	0.0552516
7.7589	0.407717	0.0549112
7.7922	0.408753	0.054556
7.8255	0.409843	0.0541853
7.8588	0.41099	0.0537986
7.8921	0.412196	0.0533954
7.9254	0.413464	0.0529752
7.9587	0.414798	0.0525374
7.992	0.416202	0.0520814
8.0253	0.417679	0.0516068
8.0586	0.419232	0.051113
8.0919	0.420866	0.0505996
8.1252	0.422586	0.0500659
8.1585	0.424395	0.0495115
8.1918	0.426299	0.0489359
8.2251	0.428302	0.0483388
8.2584	0.430411	0.0477196
8.2917	0.432629	0.047078
8.325	0.434965	0.0464137
8.3583	0.437422	0.0457264
8.3916	0.440009	0.0450158
8.4249	0.442733	0.0442818
8.4582	0.445599	0.0435242
8.4915	0.448617	0.042743
8.5248	0.451795	0.0419381
8.5581	0.45514	0.0411098
8.5914	0.458663	0.0402582
8.6247	0.462372	0.0393836
8.658	0.466278	0.0384865
8.6913	0.470391	0.0375673
8.7246	0.474722	0.0366268
8.7579	0.479284	0.0356656
8.7912	0.484089	0.0346847
8.8245	0.48915	0.0336851
8.8578	0.49448	0.0326681
8.8911	0.500094	0.031635
8.9244	0.506007	0.0305873
8.9577	0.512236	0.0295266
8.991	0.518797	0.0284547
9.0243	0.525707	0.0273737
9.0576	0.532985	0.0262855
9.0909	0.540651	0.0251924
9.1242	0.548724	0.0240968
9.1575	0.557226	0.0230013
9.1908	0.566179	0.0219083
9.2241	0.575605	0.0208206
9.2574	0.585529	0.0197409
9.2907	0.595975	0.0186722
9.324	0.606969	0.0176171
9.3573	0.618538	0.0165786
9.3906	0.630709	0.0155596
9.4239	0.643511	0.0145627
9.4572	0.656973	0.0135906
9.4905	0.671124	0.012646
9.5238	0.685997	0.0117312
9.5571	0.701622	0.0108485
9.5904	0.718032	0.00999995
9.6237	0.735259	0.00918732
9.657	0.753336	0.00841216
9.6903	0.772298	0.00767575
9.7236	0.792177	0.00697904
9.7569	0.813009	0.00632271
9.7902	0.834828	0.0057071
9.8235	0.857669	0.00513225
9.8568	0.881566	0.00459791
9.8901	0.906554	0.00410349
9.9234	0.932669	0.00364816
9.9567	0.959944	0.00323082
9.99	0.988415	0.00285011
10.0233	1.01812	0.0025018
10.0566	1.0491	0.00217525
10.0899	1.08141	0.00187175
10.1232	1.11511	0.00159323
10.1565	1.15024	0.0013409
10.1898	1.18685	0.0011153
10.2231	1.22497	0.000916345
10.2564	1.26466	0.000743313
10.2897	1.30594	0.000594986
10.323	1.34885	0.000469714
10.3563	1.39343	0.000365525
10.3896	1.43971	0.000280231
10.4229	1.48773	0.000211537
10.4562	1.53752	0.000157136
10.4895	1.58912	0.000114797
10.5228	1.64257	8.24308e-05
10.5561	1.69791	5.81412e-05
10.5894	1.7552	4.02569e-05
10.6227	1.81449	2.7345e-05
10.656	1.87582	1.82099e-05
10.6893	1.93926	1.18805e-05
10.7226	2.00487	7.5884e-06
10.7559	2.07272	4.74179e-06
10.7892	2.14289	2.89659e-06
10.8225	2.21543	1.72841e-06
10.8558	2.29044	1.00665e-06
10.8891	2.36799	5.71771e-07
10.9224	2.44816	3.16455e-07
10.9557	2.53106	1.70515e-07
10.989	2.61676	8.93685e-08
11.0223	2.70537	4.55163e-08
11.0556	2.79697	2.25055e-08
11.0889	2.89168	1.07923e-08
11.1222	2.98959	5.01415e-09
11.1555	3.09082	2.25459e-09
11.1888	3.19548	9.80046e-10
11.2221	3.30368	4.11372e-10
11.2554	3.41554	1.6654e-10
11.2887	3.5312	6.49484e-11
11.322	3.65076	2.43687e-11
11.3553	3.77438	8.785e-12
11.3886	3.90218	3.03885e-12
11.4219	4.03432	1.00723e-12
11.4552	4.17092	3.19426e-13
11.4885	4.31215	9.67801e-14
11.5218	4.45816	2.79707e-14
11.5551	4.60912	7.69892e-15
11.5884	4.76519	2.01487e-15
11.6217	4.92654	5.00509e-16

# DK0 = 2.32831e-09	(data set 6)
0	0.575343	0.103171
0.0333	0.550232	0.0982529
0.0666	0.529654	0.0941001
0.0999	0.512524	0.0905579
0.1332	0.498078	0.0875104
0.1665	0.485764	0.0848692
0.1998	0.475173	0.0825654
0.2331	0.465991	0.0805448
0.2664	0.45798	0.0787639
0.2997	0.45095	0.0771875
0.333	0.444751	0.0757868
0.3663	0.439259	0.0745382
0.3996	0.434376	0.0734217
0.4329	0.43002	0.0724207
0.4662	0.426122	0.0715211
0.4995	0.422625	0.0707108
0.5328	0.41948	0.0699797
0.5661	0.416645	0.0693187
0.5994	0.414086	0.0687203
0.6327	0.41177	0.0681777
0.666	0.409673	0.0676851
0.6993	0.40777	0.0672374
0.7326	0.406041	0.06683
0.7659	0.40447	0.0664589
0.7992	0.403039	0.0661206
0.8325	0.401735	0.065812
0.8658	0.400546	0.0655302
0.8991	0.39946	0.0652727
0.9324	0.398469	0.0650374
0.9657	0.397563	0.0648221
0.999	0.396735	0.064625
1.0323	0.395977	0.0644446
1.0656	0.395283	0.0642793
1.0989	0.394647	0.0641279
1.1322	0.394065	0.0639891
1.1655	0.393531	0.0638618
1.1988	0.393042	0.063745
1.2321	0.392593	0.0636378
1.2654	0.392181	0.0635395
1.2987	0.391803	0.0634492
1.332	0.391457	0.0633663
1.3653	0.391138	0.0632902
1.3986	0.390846	0.0632203
1.4319	0.390577	0.063156
1.4652	0.39033	0.063097
1.4985	0.390104	0.0630427
1.5318	0.389895	0.0629929
1.5651	0.389704	0.0629471
1.5984	0.389528	0.0629049
1.6317	0.389366	0.0628662
1.665	0.389217	0.0628306
1.6983	0.38908	0.0627978
1.7316	0.388955	0.0627677
1.7649	0.388839	0.06274
1.7982	0.388733	0.0627145
1.8315	0.388635	0.0626911
1.8648	0.388545	0.0626695
1.8981	0.388462	0.0626497
1.9314	0.388386	0.0626314
1.9647	0.388316	0.0626147
1.998	0.388252	0.0625992
2.0313	0.388192	0.062585
2.0646	0.388138	0.0625719
2.0979	0.388088	0.0625599
2.1312	0.388041	0.0625488
2.1645	0.387999	0.0625387
2.1978	0.38796	0.0625293
2.2311	0.387924	0.0625207
2.2644	0.387891	0.0625127
2.2977	0.38786	0.0625054
2.331	0.387832	0.0624987
2.3643	0.387806	0.0624925
2.3976	0.387783	0.0624868
2.4309	0.387761	0.0624816
2.4642	0.387741	0.0624767
2.4975	0.387722	0.0624723
2.5308	0.387705	0.0624682
2.5641	0.38769	0.0624645
2.5974	0.387675	0.062461
2.6307	0.387662	0.0624578
2.664	0.38765	0.0624549
2.6973	0.387638	0.0624522
2.7306	0.387628	0.0624497
2.7639	0.387618	0.0624474
2.7972	0.38761	0.0624453
2.8305	0.387602	0.0624434
2.8638	0.387594	0.0624416
2.8971	0.387587	0.0624399
2.9304	0.387581	0.0624384
2.9637	0.387575	0.062437
2.997	0.38757	0.0624358
3.0303	0.387565	0.0624346
3.0636	0.387561	0.0624335
3.0969	0.387556	0.0624325
3.1302	0.387553	0.0624316
3.1635	0.387549	0.0624307
3.1968	0.387546	0.06243
3.2301	0.387543	0.0624292
3.2634	0.38754	0.0624286
3.2967	0.387538	0.062428
3.33	0.387535	0.0624274
3.3633	0.387533	0.0624269
3.3966	0.387531	0.0624264
3.4299	0.387529	0.062426
3.4632	0.387528	0.0624256
3.4965	0.387526	0.0624252
3.5298	0.387525	0.0624249
3.5631	0.387523	0.0624245
3.5964	0.387522	0.0624242
3.6297	0.387521	0.062424
3.663	0.38752	0.0624237
3.6963	0.387519	0.0624235
3.7296	0.387518	0.0624233
3.7629	0.387518	0.0624231
3.7962	0.387517	0.0624229
3.8295	0.387516	0.0624227
3.8628	0.387516	0.0624226
3.8961	0.387515	0.0624224
3.9294	0.387515	0.0624223
3.9627	0.387514	0.0624222
3.996	0.387514	0.0624221
4.0293	0.387513	0.062422
4.0626	0.387513	0.0624219
4.0959	0.387513	0.0624218
4.1292	0.387512	0.0624217
4.1625	0.387512	0.0624216
4.1958	0.387512	0.0624215
4.2291	0.387512	0.0624215
4.2624	0.387511	0.0624214
4.2957	0.387511	0.0624213
4.329	0.387511	0.0624213
4.3623	0.387511	0.0624212
4.3956	0.387511	0.0624212
4.4289	0.387511	0.0624211
4.4622	0.387511	0.0624211
4.4955	0.387511	0.062421
4.5288	0.38751	0.062421
4.5621	0.38751	0.0624209
4.5954	0.38751	0.0624209
4.6287	0.38751	0.0624208
4.662	0.38751	0.0624208
4.6953	0.38751	0.0624208
4.7286	0.38751	0.0624207
4.7619	0.38751	0.0624207
4.7952	0.38751	0.0624206
4.8285	0.38751	0.0624206
4.8618	0.38751	0.0624206
4.8951	0.38751	0.0624205
4.9284	0.38751	0.0624205
4.9617	0.38751	0.0624204
4.995	0.38751	0.0624204
5.0283	0.38751	0.0624203
5.0616	0.387511	0.0624203
5.0949	0.387511	0.0624202
5.1282	0.387511	0.0624202
5.1615	0.387511	0.0624201
5.1948	0.387511	0.0624201
5.2281	0.387511	0.06242
5.2614	0.387511	0.06242
5.2947	0.387511	0.0624199
5.328	0.387511	0.0624199
5.3613	0.387511	0.0624198
5.3946	0.387512	0.0624197
5.4279	0.387512	0.0624197
5.4612	0.387512	0.0624196
5.4945	0.387512	0.0624195
5.5278	0.387512	0.0624194
5.5611	0.387513	0.0624193
5.5944	0.387513	0.0624193
5.6277	0.387513	0.0624192
5.661	0.387513	0.0624191
5.6943	0.387513	0.062419
5.7276	0.387514	0.0624189
5.7609	0.387514	0.0624187
5.7942	0.387514	0.0624186
5.8275	0.387515	0.0624185
5.8608	0.387515	0.0624184
5.8941	0.387515	0.0624182
5.9274	0.387516	0.0624181
5.9607	0.387516	0.062418
5.994	0.387516	0.0624178
6.0273	0.387517	0.0624176
6.0606	0.387517	0.0624175
6.0939	0.387518	0.0624173
6.1272	0.387518	0.0624171
6.1605	0.387518	0.0624169
6.1938	0.387519	0.0624167
6.2271	0.38752	0.0624165
6.2604	0.38752	0.0624162
6.2937	0.387521	0.062416
6.327	0.387521	0.0624157
6.3603	0.387522	0.0624155
6.3936	0.387523	0.0624152
6.4269	0.387523	0.0624149
6.4602	0.387524	0.0624146
6.4935	0.387525	0.0624142
6.5268	0.387526	0.0624139
6.5601	0.387527	0.0624135
6.5934	0.387528	0.0624132
6.6267	0.387529	0.0624128
6.66	0.38753	0.0624123
6.6933	0.387531	0.0624119
6.7266	0.387532	0.0624114
6.7599	0.387533	0.0624109
6.7932	0.387535	0.0624104
6.8265	0.387536	0.0624099
6.8598	0.387537	0.0624093
6.8931	0.387539	0.0624087
6.9264	0.38754	0.0624081
6.9597	0.387542	0.0624075
6.993	0.387544	0.0624068
7.0263	0.387546	0.062406
7.0596	0.387547	0.0624053
7.0929	0.387549	0.0624045
7.1262	0.387552	0.0624036
7.1595	0.387554	0.0624028
7.1928	0.387556	0.0624018
7.2261	0.387558	0.0624009
7.2594	0.387561	0.0623998
7.2927	0.387564	0.0623988
7.326	0.387567	0.0623976
7.3593	0.387569	0.0623964
7.3926	0.387573	0.0623952
7.4259	0.387576	0.0623939
7.4592	0.387579	0.0623925
7.4925	0.387583	0.0623911
7.5258	0.387587	0.0623895
7.5591	0.387591	0.0623879
7.5924	0.387595	0.0623863
7.6257	0.387599	0.0623845
7.659	0.387604	0.0623826
7.6923	0.387609	0.0623807
7.7256	0.387614	0.0623786
7.7589	0.387619	0.0623765
7.7922	0.387625	0.0623742
7.8255	0.387631	0.0623718
7.8588	0.387637	0.0623694
7.8921	0.387644	0.0623667
7.9254	0.387651	0.062364
7.9587	0.387658	0.0623611
7.992	0.387665	0.062358
8.0253	0.387673	0.0623548
8.0586	0.387682	0.0623515
8.0919	0.387691	0.0623479
8.1252	0.3877	0.0623442
8.1585	0.38771	0.0623403
8.1918	0.38772	0.0623362
8.2251	0.387731	0.0623319
8.2584	0.387742	0.0623274
8.2917	0.387754	0.0623226
8.325	0.387766	0.0623176
8.3583	0.387779	0.0623124
8.3916	0.387793	0.0623069
8.4249	0.387808	0.0623011
8.4582	0.387823	0.062295
8.4915	0.387839	0.0622886
8.5248	0.387856	0.0622819
8.5581	0.387873	0.0622748
8.5914	0.387892	0.0622674
8.6247	0.387911	0.0622596
8.658	0.387932	0.0622514
8.6913	0.387953	0.0622428
8.7246	0.387976	0.0622338
8.7579	0.388	0.0622243
8.7912	0.388025	0.0622143
8.8245	0.388051	0.0622038
8.8578	0.388079	0.0621928
8.8911	0.388108	0.0621812
8.9244	0.388138	0.062169
8.9577	0.38817	0.0621563
8.991	0.388204	0.0621428
9.0243	0.388239	0.0621287
9.0576	0.388276	0.0621139
9.0909	0.388316	0.0620983
9.1242	0.388357	0.062082
9.1575	0.3884	0.0620648
9.1908	0.388445	0.0620468
9.2241	0.388493	0.0620278
9.2574	0.388543	0.0620079
9.2907	0.388595	0.061987
9.324	0.388651	0.061965
9.3573	0.388709	0.0619419
9.3906	0.38877	0.0619177
9.4239	0.388834	0.0618922
9.4572	0.388901	0.0618654
9.4905	0.388972	0.0618373
9.5238	0.389047	0.0618078
9.5571	0.389125	0.0617768
9.5904	0.389207	0.0617443
9.6237	0.389294	0.0617101
9.657	0.389384	0.0616742
9.6903	0.38948	0.0616365
9.7236	0.38958	0.0615969
9.7569	0.389686	0.0615553
9.7902	0.389796	0.0615117
9.8235	0.389913	0.0614658
9.8568	0.390035	0.0614177
9.8901	0.390164	0.0613671
9.9234	0.390299	0.0613141
9.9567	0.390441	0.0612584
9.99	0.39059	0.0611999
10.0233	0.390747	0.0611385
10.0566	0.390912	0.0610741
10.0899	0.391085	0.0610064
10.1232	0.391268	0.0609354
10.1565	0.391459	0.0608609
10.1898	0.39166	0.0607827
10.2231	0.391872	0.0607007
10.2564	0.392094	0.0606146
10.2897	0.392327	0.0605243
10.323	0.392573	0.0604295
10.3563	0.392831	0.0603301
10.3896	0.393102	0.0602258
10.4229	0.393387	0.0601164
10.4562	0.393687	0.0600017
10.4895	0.394002	0.0598814
10.5228	0.394333	0.0597552
10.5561	0.394681	0.059623
10.5894	0.395047	0.0594844
10.6227	0.395431	0.059339
10.656	0.395835	0.0591867
10.6893	0.39626	0.0590271
10.7226	0.396707	0.0588599
10.7559	0.397177	0.0586847
10.7892	0.39767	0.0585013
10.8225	0.398189	0.0583091
10.8558	0.398735	0.0581079
10.8891	0.399308	0.0578972
10.9224	0.399912	0.0576767
10.9557	0.400546	0.057446
10.989	0.401212	0.0572046
11.0223	0.401913	0.056952
11.0556	0.40265	0.0566879
11.0889	0.403425	0.0564118
11.1222	0.40424	0.0561231
11.1555	0.405097	0.0558215
11.1888	0.405998	0.0555064
11.2221	0.406946	0.0551772
11.2554	0.407942	0.0548336
11.2887	0.408991	0.054475
11.322	0.410093	0.0541008
11.3553	0.411252	0.0537105
11.3886	0.412472	0.0533036
11.4219	0.413755	0.0528795
11.4552	0.415104	0.0524377
11.4885	0.416524	0.0519776
11.5218	0.418017	0.0514988
11.5551	0.419588	0.0510007
11.5884	0.421241	0.0504828
11.6217	0.42298	0.0499445
11.655	0.42481	0.0493855
11.6883	0.426735	0.0488051
11.7216	0.428761	0.0482031
11.7549	0.430894	0.047579
11.7882	0.433138	0.0469324
11.8215	0.4355	0.0462631
11.8548	0.437986	0.0455706
11.8881	0.440602	0.0448548
11.9214	0.443357	0.0441155
11.9547	0.446256	0.0433527
11.988	0.449309	0.0425662
12.0213	0.452523	0.0417561
12.0546	0.455907	0.0409226
12.0879	0.45947	0.0400659
12.1212	0.463222	0.0391863
12.1545	0.467173	0.0382842
12.1878	0.471334	0.0373602
12.2211	0.475715	0.036415
12.2544	0.48033	0.0354493
12.2877	0.485191	0.0344642
12.321	0.49031	0.0334607
12.3543	0.495702	0.03244
12.3876	0.501381	0.0314035
12.4209	0.507363	0.0303527
12.4542	0.513664	0.0292894
12.4875	0.520301	0.0282153
12.5208	0.527291	0.0271325
12.5541	0.534654	0.026043
12.5874	0.542409	0.0249492
12.6207	0.550575	0.0238534
12.654	0.559175	0.0227581
12.6873	0.568231	0.0216661
12.7206	0.577766	0.0205799
12.7539	0.587803	0.0195025
12.7872	0.598369	0.0184365
12.8205	0.609488	0.0173849
12.8538	0.621189	0.0163505
12.8871	0.633497	0.0153361
12.9204	0.646443	0.0143445
12.9537	0.660056	0.0133783
12.987	0.674365	0.0124401
13.0203	0.689402	0.0115323
13.0536	0.705199	0.010657
13.0869	0.721787	0.00981627
13.1202	0.7392	0.00901184
13.1535	0.757471	0.00824519
13.1868	0.776633	0.00751752
13.2201	0.796721	0.00682973
13.2534	0.81777	0.00618243
13.2867	0.839813	0.00557588
13.32	0.862885	0.00501007
13.3533	0.887021	0.00448465
13.3866	0.912257	0.003999
13.4199	0.938626	0.00355222
13.4532	0.966164	0.00314313
13.4865	0.994906	0.00277037
13.5198	1.02489	0.00242739
13.5531	1.05616	0.00210576
13.5864	1.08878	0.00180767
13.6197	1.12279	0.00153488
13.653	1.15824	0.00128847
13.6863	1.19518	0.00106882
13.7196	1.23365	0.000875702
13.7529	1.27369	0.000708281
13.7862	1.31533	0.000565231
13.8195	1.35861	0.000444822
13.8528	1.40356	0.000345025
13.8861	1.45023	0.000263619
13.9194	1.49863	0.000198298
13.9527	1.54882	0.000146765
13.986	1.60083	0.000106816
14.0193	1.6547	7.63997e-05
14.0526	1.71047	5.36691e-05
14.0859	1.7682	3.70047e-05
14.1192	1.82793	2.50269e-05
14.1525	1.88973	1.65915e-05
14.1858	1.95365	1.07744e-05
14.2191	2.01975	6.84891e-06
14.2524	2.08811	4.25848e-06
14.2857	2.15879	2.58801e-06
14.319	2.23188	1.53609e-06
14.3523	2.30744	8.89736e-07
14.3856	2.38557	5.02502e-07
14.4189	2.46634	2.76487e-07
14.4522	2.54985	1.48077e-07
14.4855	2.63619	7.71227e-08
14.5188	2.72545	3.90251e-08
14.5521	2.81774	1.91669e-08
14.5854	2.91315	9.12777e-09
14.6187	3.01179	4.21046e-09
14.652	3.11377	1.87923e-09
14.6853	3.2192	8.10637e-10
14.7186	3.32821	3.37576e-10
14.7519	3.4409	1.35549e-10
14.7852	3.55741	5.24161e-11
14.8185	3.67787	1.9495e-11
14.8518	3.80241	6.96463e-12
14.8851	3.93116	2.38671e-12
14.9184	4.06427	7.83453e-13
14.9517	4.20189	2.45984e-13
14.985	4.34417	7.37613e-14
15.0183	4.49126	2.10911e-14
15.0516	4.64334	5.74145e-15
15.0849	4.80057	1.48549e-15
15.1182	4.96312	3.64671e-16

# DK0 = 3.63798e-11	(data set 7)
0	0.575343	0.103171
0.0333	0.550232	0.0982529
0.0666	0.529654	0.0941001
0.0999	0.512524	0.0905579
0.1332	0.498078	0.0875104
0.1665	0.485764	0.0848692
0.1998	0.475173	0.0825654
0.2331	0.465991	0.0805448
0.2664	0.45798	0.0787639
0.2997	0.45095	0.0771875
0.333	0.444751	0.0757868
0.3663	0.439259	0.0745382
0.3996	0.434376	0.0734217
0.4329	0.43002	0.0724207
0.4662	0.426122	0.0715211
0.4995	0.422625	0.0707108
0.5328	0.41948	0.0699797
0.5661	0.416645	0.0693187
0.5994	0.414086	0.0687203
0.6327	0.41177	0.0681777
0.666	0.409673	0.0676851
0.6993	0.40777	0.0672374
0.7326	0.406041	0.06683
0.7659	0.40447	0.0664589
0.7992	0.403039	0.0661206
0.8325	0.401735	0.065812
0.8658	0.400546	0.0655302
0.8991	0.39946	0.0652727
0.9324	0.398469	0.0650374
0.9657	0.397563	0.0648221
0.999	0.396735	0.064625
1.0323	0.395977	0.0644446
1.0656	0.395283	0.0642794
1.0989	0.394647	0.0641279
1.1322	0.394065	0.0639891
1.1655	0.393531	0.0638618
1.1988	0.393042	0.063745
1.2321	0.392593	0.0636378
1.2654	0.392181	0.0635395
1.2987	0.391803	0.0634492
1.332	0.391457	0.0633663
1.3653	0.391138	0.0632902
1.3986	0.390846	0.0632203
1.4319	0.390577	0.063156
1.4652	0.39033	0.063097
1.4985	0.390104	0.0630427
1.5318	0.389895	0.0629929
1.5651	0.389704	0.0629471
1.5984	0.389528	0.0629049
1.6317	0.389366	0.0628662
1.665	0.389217	0.0628306
1.6983	0.38908	0.0627978
1.7316	0.388955	0.0627677
1.7649	0.388839	0.06274
1.7982	0.388733	0.0627145
1.8315	0.388635	0.0626911
1.8648	0.388545	0.0626695
1.8981	0.388462	0.0626497
1.9314	0.388386	0.0626315
1.9647	0.388316	0.0626147
1.998	0.388252	0.0625992
2.0313	0.388192	0.062585
2.0646	0.388138	0.0625719
2.0979	0.388088	0.0625599
2.1312	0.388041	0.0625488
2.1645	0.387999	0.0625387
2.1978	0.38796	0.0625293
2.2311	0.387924	0.0625207
2.2644	0.387891	0.0625127
2.2977	0.38786	0.0625054
2.331	0.387832	0.0624987
2.3643	0.387806	0.0624925
2.3976	0.387783	0.0624868
2.4309	0.387761	0.0624816
2.4642	0.387741	0.0624768
2.4975	0.387722	0.0624723
2.5308	0.387705	0.0624682
2.5641	0.387689	0.0624645
2.5974	0.387675	0.062461
2.6307	0.387662	0.0624578
2.664	0.38765	0.0624549
2.6973	0.387638	0.0624522
2.7306	0.387628	0.0624497
2.7639	0.387618	0.0624474
2.7972	0.38761	0.0624453
2.8305	0.387602	0.0624434
2.8638	0.387594	0.0624416
2.8971	0.387587	0.06244
2.9304	0.387581	0.0624385
2.9637	0.387575	0.0624371
2.997	0.38757	0.0624358
3.0303	0.387565	0.0624346
3.0636	0.38756	0.0624335
3.0969	0.387556	0.0624325
3.1302	0.387552	0.0624316
3.1635	0.387549	0.0624308
3.1968	0.387546	0.06243
3.2301	0.387543	0.0624293
3.2634	0.38754	0.0624286
3.2967	0.387537	0.062428
3.33	0.387535	0.0624275
3.3633	0.387533	0.062427
3.3966	0.387531	0.0624265
3.4299	0.387529	0.062426
3.4632	0.387528	0.0624256
3.4965	0.387526	0.0624253
3.5298	0.387525	0.0624249
3.5631	0.387523	0.0624246
3.5964	0.387522	0.0624243
3.6297	0.387521	0.0624241
3.663	0.38752	0.0624238
3.6963	0.387519	0.0624236
3.7296	0.387518	0.0624234
3.7629	0.387517	0.0624232
3.7962	0.387517	0.062423
3.8295	0.387516	0.0624229
3.8628	0.387515	0.0624227
3.8961	0.387515	0.0624226
3.9294	0.387514	0.0624225
3.9627	0.387514	0.0624223
3.996	0.387513	0.0624222
4.0293	0.387513	0.0624221
4.0626	0.387513	0.0624221
4.0959	0.387512	0.062422
4.1292	0.387512	0.0624219
4.1625	0.387512	0.0624218
4.1958	0.387511	0.0624218
4.2291	0.387511	0.0624217
4.2624	0.387511	0.0624217
4.2957	0.387511	0.0624216
4.329	0.38751	0.0624216
4.3623	0.38751	0.0624215
4.3956	0.38751	0.0624215
4.4289	0.38751	0.0624214
4.4622	0.38751	0.0624214
4.4955	0.38751	0.0624214
4.5288	0.38751	0.0624213
4.5621	0.387509	0.0624213
4.5954	0.387509	0.0624213
4.6287	0.387509	0.0624213
4.662	0.387509	0.0624213
4.6953	0.387509	0.0624212
4.7286	0.387509	0.0624212
4.7619	0.387509	0.0624212
4.7952	0.387509	0.0624212
4.8285	0.387509	0.0624212
4.8618	0.387509	0.0624212
4.8951	0.387509	0.0624212
4.9284	0.387509	0.0624212
4.9617	0.387509	0.0624211
4.995	0.387509	0.0624211
5.0283	0.387508	0.0624211
5.0616	0.387508	0.0624211
5.0949	0.387508	0.0624211
5.1282	0.387508	0.0624211
5.1615	0.387508	0.0624211
5.1948	0.387508	0.0624211
5.2281	0.387508	0.0624211
5.2614	0.387508	0.0624211
5.2947	0.387508	0.0624211
5.328	0.387508	0.0624211
5.3613	0.387508	0.0624211
5.3946	0.387508	0.0624211
5.4279	0.387508	0.0624211
5.4612	0.387508	0.0624211
5.4945	0.387508	0.0624211
5.5278	0.387508	0.0624211
5.5611	0.387508	0.0624211
5.5944	0.387508	0.0624211
5.6277	0.387508	0.0624211
5.661	0.387508	0.0624211
5.6943	0.387508	0.0624211
5.7276	0.387508	0.0624211
5.7609	0.387508	0.0624211
5.7942	0.387508	0.0624211
5.8275	0.387508	0.0624211
5.8608	0.387508	0.0624211
5.8941	0.387508	0.0624211
5.9274	0.387508	0.0624211
5.9607	0.387508	0.0624211
5.994	0.387508	0.0624212

# DK0 = 5.68434e-13	(data set 8)
0	0.575343	0.103171
0.0333	0.550232	0.0982529
0.0666	0.529654	0.0941001
0.0999	0.512524	0.0905579
0.1332	0.498078	0.0875104
0.1665	0.485764	0.0848692
0.1998	0.475173	0.0825654
0.2331	0.465991	0.0805448
0.2664	0.45798	0.0787639
0.2997	0.45095	0.0771875
0.333	0.444751	0.0757868
0.3663	0.439259	0.0745382
0.3996	0.434376	0.0734217
0.4329	0.43002	0.0724207
0.4662	0.426122	0.0715211
0.4995	0.422625	0.0707108
0.5328	0.41948	0.0699797
0.5661	0.416645	0.0693187
0.5994	0.414086	0.0687203
0.6327	0.41177	0.0681777
0.666	0.409673	0.0676851
0.6993	0.40777	0.0672374
0.7326	0.406041	0.06683
0.7659	0.40447	0.0664589
0.7992	0.403039	0.0661206
0.8325	0.401735	0.065812
0.8658	0.400546	0.0655302
0.8991	0.39946	0.0652727
0.9324	0.398469	0.0650374
0.9657	0.397563	0.0648221
0.999	0.396735	0.064625
1.0323	0.395977	0.0644446
1.0656	0.395283	0.0642794
1.0989	0.394647	0.0641279
1.1322	0.394065	0.0639891
1.1655	0.393531	0.0638618
1.1988	0.393042	0.063745
1.2321	0.392593	0.0636378
1.2654	0.392181	0.0635395
1.2987	0.391803	0.0634492
1.332	0.391457	0.0633663
1.3653	0.391138	0.0632902
1.3986	0.390846	0.0632203
1.4319	0.390577	0.063156
1.4652	0.39033	0.063097
1.4985	0.390104	0.0630427
1.5318	0.389895	0.0629929
1.5651	0.389704	0.0629471
1.5984	0.389528	0.0629049
1.6317	0.389366	0.0628662
1.665	0.389217	0.0628306
1.6983	0.38908	0.0627978
1.7316	0.388955	0.0627677
1.7649	0.388839	0.06274
1.7982	0.388733	0.0627145
1.8315	0.388635	0.0626911
1.8648	0.388545	0.0626695
1.8981	0.388462	0.0626497
1.9314	0.388386	0.0626315
1.9647	0.388316	0.0626147
1.998	0.388252	0.0625992
2.0313	0.388192	0.062585
2.0646	0.388138	0.0625719
2.0979	0.388088	0.0625599
2.1312	0.388041	0.0625488
2.1645	0.387999	0.0625387
2.1978	0.38796	0.0625293
2.2311	0.387924	0.0625207
2.2644	0.387891	0.0625127
2.2977	0.38786	0.0625054
2.331	0.387832	0.0624987
2.3643	0.387806	0.0624925
2.3976	0.387783	0.0624868
2.4309	0.387761	0.0624816
2.4642	0.387741	0.0624768
2.4975	0.387722	0.0624723
2.5308	0.387705	0.0624682
2.5641	0.387689	0.0624645
2.5974	0.387675	0.062461
2.6307	0.387662	0.0624578
2.664	0.38765	0.0624549
2.6973	0.387638	0.0624522
2.7306	0.387628	0.0624497
2.7639	0.387618	0.0624474
2.7972	0.38761	0.0624453
2.8305	0.387602	0.0624434
2.8638	0.387594	0.0624416
2.8971	0.387587	0.06244
2.9304	0.387581	0.0624385
2.9637	0.387575	0.0624371
2.997	0.38757	0.0624358
3.0303	0.387565	0.0624346
3.0636	0.38756	0.0624335
3.0969	0.387556	0.0624325
3.1302	0.387552	0.0624316
3.1635	0.387549	0.0624308
3.1968	0.387546	0.06243
3.2301	0.387543	0.0624293
3.2634	0.38754	0.0624286
3.2967	0.387537	0.062428
3.33	0.387535	0.0624275
3.3633	0.387533	0.062427
3.3966	0.387531	0.0624265
3.4299	0.387529	0.062426
3.4632	0.387528	0.0624256
3.4965	0.387526	0.0624253
3.5298	0.387525	0.0624249
3.5631	0.387523	0.0624246
3.5964	0.387522	0.0624243
3.6297	0.387521	0.0624241
3.663	0.38752	0.0624238
3.6963	0.387519	0.0624236
3.7296	0.387518	0.0624234
3.7629	0.387517	0.0624232
3.7962	0.387517	0.062423
3.8295	0.387516	0.0624229
3.8628	0.387515	0.0624227
3.8961	0.387515	0.0624226
3.9294	0.387514	0.0624225
3.9627	0.387514	0.0624223
3.996	0.387513	0.0624222
4.0293	0.387513	0.0624221
4.0626	0.387513	0.062422
4.0959	0.387512	0.062422
4.1292	0.387512	0.0624219
4.1625	0.387512	0.0624218
4.1958	0.387511	0.0624218
4.2291	0.387511	0.0624217
4.2624	0.387511	0.0624216
4.2957	0.387511	0.0624216
4.329	0.38751	0.0624215
4.3623	0.38751	0.0624215
4.3956	0.38751	0.0624215
4.4289	0.38751	0.0624214
4.4622	0.38751	0.0624214
4.4955	0.38751	0.0624214
4.5288	0.38751	0.0624213
4.5621	0.387509	0.0624213
4.5954	0.387509	0.0624213
4.6287	0.387509	0.0624213
4.662	0.387509	0.0624212
4.6953	0.387509	0.0624212
4.7286	0.387509	0.0624212
4.7619	0.387509	0.0624212
4.7952	0.387509	0.0624212
4.8285	0.387509	0.0624212
4.8618	0.387509	0.0624211
4.8951	0.387509	0.0624211
4.9284	0.387509	0.0624211
4.9617	0.387509	0.0624211
4.995	0.387509	0.0624211
5.0283	0.387509	0.0624211
5.0616	0.387509	0.0624211
5.0949	0.387509	0.0624211
5.1282	0.387509	0.0624211
5.1615	0.387508	0.0624211
5.1948	0.387508	0.0624211
5.2281	0.387508	0.0624211
5.2614	0.387508	0.0624211
5.2947	0.387508	0.062421
5.328	0.387508	0.062421
5.3613	0.387508	0.062421
5.3946	0.387508	0.062421
5.4279	0.387508	0.062421
5.4612	0.387508	0.062421
5.4945	0.387508	0.062421
5.5278	0.387508	0.062421
5.5611	0.387508	0.062421
5.5944	0.387508	0.062421
5.6277	0.387508	0.062421
5.661	0.387508	0.062421
5.6943	0.387508	0.062421
5.7276	0.387508	0.062421
5.7609	0.387508	0.062421
5.7942	0.387508	0.062421
5.8275	0.387508	0.062421
5.8608	0.387508	0.062421
5.8941	0.387508	0.062421
5.9274	0.387508	0.062421
5.9607	0.387508	0.062421
5.994	0.387508	0.062421

# DK0 = 8.88178e-15	(data set 9)
0	0.575343	0.103171
0.0333	0.550232	0.0982529
0.0666	0.529654	0.0941001
0.0999	0.512524	0.0905579
0.1332	0.498078	0.0875104
0.1665	0.485764	0.0848692
0.1998	0.475173	0.0825654
0.2331	0.465991	0.0805448
0.2664	0.45798	0.0787639
0.2997	0.45095	0.0771875
0.333	0.444751	0.0757868
0.3663	0.439259	0.0745382
0.3996	0.434376	0.0734217
0.4329	0.43002	0.0724207
0.4662	0.426122	0.0715211
0.4995	0.422625	0.0707108
0.5328	0.41948	0.0699797
0.5661	0.416645	0.0693187
0.5994	0.414086	0.0687203
0.6327	0.41177	0.0681777
0.666	0.409673	0.0676851
0.6993	0.40777	0.0672374
0.7326	0.406041	0.06683
0.7659	0.40447	0.0664589
0.7992	0.403039	0.0661206
0.8325	0.401735	0.065812
0.8658	0.400546	0.0655302
0.8991	0.39946	0.0652727
0.9324	0.398469	0.0650374
0.9657	0.397563	0.0648221
0.999	0.396735	0.064625
1.0323	0.395977	0.0644446
1.0656	0.395283	0.0642794
1.0989	0.394647	0.0641279
1.1322	0.394065	0.0639891
1.1655	0.393531	0.0638618
1.1988	0.393042	0.063745
1.2321	0.392593	0.0636378
1.2654	0.392181	0.0635395
1.2987	0.391803	0.0634492
1.332	0.391457	0.0633663
1.3653	0.391138	0.0632902
1.3986	0.390846	0.0632203
1.4319	0.390577	0.063156
1.4652	0.39033	0.063097
1.4985	0.390104	0.0630427
1.5318	0.389895	0.0629929
1.5651	0.389704	0.0629471
1.5984	0.389528	0.0629049
1.6317	0.389366	0.0628662
1.665	0.389217	0.0628306
1.6983	0.38908	0.0627978
1.7316	0.388955	0.0627677
1.7649	0.388839	0.06274
1.7982	0.388733	0.0627145
1.8315	0.388635	0.0626911
1.8648	0.388545	0.0626695
1.8981	0.388462	0.0626497
1.9314	0.388386	0.0626315
1.9647	0.388316	0.0626147
1.998	0.388252	0.0625992
2.0313	0.388192	0.062585
2.0646	0.388138	0.0625719
2.0979	0.388088	0.0625599
2.1312	0.388041	0.0625488
2.1645	0.387999	0.0625387
2.1978	0.38796	0.0625293
2.2311	0.387924	0.0625207
2.2644	0.387891	0.0625127
2.2977	0.38786	0.0625054
2.331	0.387832	0.0624987
2.3643	0.387806	0.0624925
2.3976	0.387783	0.0624868
2.4309	0.387761	0.0624816
2.4642	0.387741	0.0624768
2.4975	0.387722	0.0624723
2.5308	0.387705	0.0624682
2.5641	0.387689	0.0624645
2.5974	0.387675	0.062461
2.6307	0.387662	0.0624578
2.664	0.38765	0.0624549
2.6973	0.387638	0.0624522
2.7306	0.387628	0.0624497
2.7639	0.387618	0.0624474
2.7972	0.38761	0.0624453
2.8305	0.387602	0.0624434
2.8638	0.387594	0.0624416
2.8971	0.387587	0.06244
2.9304	0.387581	0.0624385
2.9637	0.387575	0.0624371
2.997	0.38757	0.0624358
3.0303	0.387565	0.0624346
3.0636	0.38756	0.0624335
3.0969	0.387556	0.0624325
3.1302	0.387552	0.0624316
3.1635	0.387549	0.0624308
3.1968	0.387546	0.06243
3.2301	0.387543	0.0624293
3.2634	0.38754	0.0624286
3.2967	0.387537	0.062428
3.33	0.387535	0.0624275
3.3633	0.387533	0.062427
3.3966	0.387531	0.0624265
3.4299	0.387529	0.062426
3.4632	0.387528	0.0624256
3.4965	0.387526	0.0624253
3.5298	0.387525	0.0624249
3.5631	0.387523	0.0624246
3.5964	0.387522	0.0624243
3.6297	0.387521	0.0624241
3.663	0.38752	0.0624238
3.6963	0.387519	0.0624236
3.7296	0.387518	0.0624234
3.7629	0.387517	0.0624232
3.7962	0.387517	0.062423
3.8295	0.387516	0.0624229
3.8628	0.387515	0.0624227
3.8961	0.387515	0.0624226
3.9294	0.387514	0.0624225
3.9627	0.387514	0.0624223
3.996	0.387513	0.0624222
4.0293	0.387513	0.0624221
4.0626	0.387513	0.062422
4.0959	0.387512	0.062422
4.1292	0.387512	0.0624219
4.1625	0.387512	0.0624218
4.1958	0.387511	0.0624218
4.2291	0.387511	0.0624217
4.2624	0.387511	0.0624216
4.2957	0.387511	0.0624216
4.329	0.38751	0.0624215
4.3623	0.38751	0.0624215
4.3956	0.38751	0.0624215
4.4289	0.38751	0.0624214
4.4622	0.38751	0.0624214
4.4955	0.38751	0.0624214
4.5288	0.38751	0.0624213
4.5621	0.387509	0.0624213
4.5954	0.387509	0.0624213
4.6287	0.387509	0.0624213
4.662	0.387509	0.0624212
4.6953	0.387509	0.0624212
4.7286	0.387509	0.0624212
4.7619	0.387509	0.0624212
4.7952	0.387509	0.0624212
4.8285	0.387509	0.0624212
4.8618	0.387509	0.0624211
4.8951	0.387509	0.0624211
4.9284	0.387509	0.0624211
4.9617	0.387509	0.0624211
4.995	0.387509	0.0624211
5.0283	0.387509	0.0624211
5.0616	0.387509	0.0624211
5.0949	0.387509	0.0624211
5.1282	0.387509	0.0624211
5.1615	0.387508	0.0624211
5.1948	0.387508	0.0624211
5.2281	0.387508	0.0624211
5.2614	0.387508	0.0624211
5.2947	0.387508	0.062421
5.328	0.387508	0.062421
5.3613	0.387508	0.062421
5.3946	0.387508	0.062421
5.4279	0.387508	0.062421
5.4612	0.387508	0.062421
5.4945	0.387508	0.062421
5.5278	0.387508	0.062421
5.5611	0.387508	0.062421
5.5944	0.387508	0.062421
5.6277	0.387508	0.062421
5.661	0.387508	0.062421
5.6943	0.387508	0.062421
5.7276	0.387508	0.062421
5.7609	0.387508	0.062421
5.7942	0.387508	0.062421
5.8275	0.387508	0.062421
5.8608	0.387508	0.062421
5.8941	0.387508	0.062421
5.9274	0.387508	0.062421
5.9607	0.387508	0.062421
5.994	0.387508	0.062421

# DK0 = 1.38778e-16	(data set 10)
0	0.575343	0.103171
0.0333	0.550232	0.0982529
0.0666	0.529654	0.0941001
0.0999	0.512524	0.0905579
0.1332	0.498078	0.0875104
0.1665	0.485764	0.0848692
0.1998	0.475173	0.0825654
0.2331	0.465991	0.0805448
0.2664	0.45798	0.0787639
0.2997	0.45095	0.0771875
0.333	0.444751	0.0757868
0.3663	0.439259	0.0745382
0.3996	0.434376	0.0734217
0.4329	0.43002	0.0724207
0.4662	0.426122	0.0715211
0.4995	0.422625	0.0707108
0.5328	0.41948	0.0699797
0.5661	0.416645	0.0693187
0.5994	0.414086	0.0687203
0.6327	0.41177	0.0681777
0.666	0.409673	0.0676851
0.6993	0.40777	0.0672374
0.7326	0.406041	0.06683
0.7659	0.40447	0.0664589
0.7992	0.403039	0.0661206
0.8325	0.401735	0.065812
0.8658	0.400546	0.0655302
0.8991	0.39946	0.0652727
0.9324	0.398469	0.0650374
0.9657	0.397563	0.0648221
0.999	0.396735	0.064625
1.0323	0.395977	0.0644446
1.0656	0.395283	0.0642794
1.0989	0.394647	0.0641279
1.1322	0.394065	0.0639891
1.1655	0.393531	0.0638618
1.1988	0.393042	0.063745
1.2321	0.392593	0.0636378
1.2654	0.392181	0.0635395
1.2987	0.391803	0.0634492
1.332	0.391457	0.0633663
1.3653	0.391138	0.0632902
1.3986	0.390846	0.0632203
1.4319	0.390577	0.063156
1.4652	0.39033	0.063097
1.4985	0.390104	0.0630427
1.5318	0.389895	0.0629929
1.5651	0.389704	0.0629471
1.5984	0.389528	0.0629049
1.6317	0.389366	0.0628662
1.665	0.389217	0.0628306
1.6983	0.38908	0.0627978
1.7316	0.388955	0.0627677
1.7649	0.388839	0.06274
1.7982	0.388733	0.0627145
1.8315	0.388635	0.0626911
1.8648	0.388545	0.0626695
1.8981	0.388462	0.0626497
1.9314	0.388386	0.0626315
1.9647	0.388316	0.0626147
1.998	0.388252	0.0625992
2.0313	0.388192	0.062585
2.0646	0.388138	0.0625719
2.0979	0.388088	0.0625599
2.1312	0.388041	0.0625488
2.1645	0.387999	0.0625387
2.1978	0.38796	0.0625293
2.2311	0.387924	0.0625207
2.2644	0.387891	0.0625127
2.2977	0.38786	0.0625054
2.331	0.387832	0.0624987
2.3643	0.387806	0.0624925
2.3976	0.387783	0.0624868
2.4309	0.387761	0.0624816
2.4642	0.387741	0.0624768
2.4975	0.387722	0.0624723
2.5308	0.387705	0.0624682
2.5641	0.387689	0.0624645
2.5974	0.387675	0.062461
2.6307	0.387662	0.0624578
2.664	0.38765	0.0624549
2.6973	0.387638	0.0624522
2.7306	0.387628	0.0624497
2.7639	0.387618	0.0624474
2.7972	0.38761	0.0624453
2.8305	0.387602	0.0624434
2.8638	0.387594	0.0624416
2.8971	0.387587	0.06244
2.9304	0.387581	0.0624385
2.9637	0.387575	0.0624371
2.997	0.38757	0.0624358
3.0303	0.387565	0.0624346
3.0636	0.38756	0.0624335
3.0969	0.387556	0.0624325
3.1302	0.387552	0.0624316
3.1635	0.387549	0.0624308
3.1968	0.387546	0.06243
3.2301	0.387543	0.0624293
3.2634	0.38754	0.0624286
3.2967	0.387537	0.062428
3.33	0.387535	0.0624275
3.3633	0.387533	0.062427
3.3966	0.387531	0.0624265
3.4299	0.387529	0.062426
3.4632	0.387528	0.0624256
3.4965	0.387526	0.0624253
3.5298	0.387525	0.0624249
3.5631	0.387523	0.0624246
3.5964	0.387522	0.0624243
3.6297	0.387521	0.0624241
3.663	0.38752	0.0624238
3.6963	0.387519	0.0624236
3.7296	0.387518	0.0624234
3.7629	0.387517	0.0624232
3.7962	0.387517	0.062423
3.8295	0.387516	0.0624229
3.8628	0.387515	0.0624227
3.8961	0.387515	0.0624226
3.9294	0.387514	0.0624225
3.9627	0.387514	0.0624223
3.996	0.387513	0.0624222
4.0293	0.387513	0.0624221
4.0626	0.387513	0.062422
4.0959	0.387512	0.062422
4.1292	0.387512	0.0624219
4.1625	0.387512	0.0624218
4.1958	0.387511	0.0624218
4.2291	0.387511	0.0624217
4.2624	0.387511	0.0624216
4.2957	0.387511	0.0624216
4.329	0.38751	0.0624215
4.3623	0.38751	0.0624215
4.3956	0.38751	0.0624215
4.4289	0.38751	0.0624214
4.4622	0.38751	0.0624214
4.4955	0.38751	0.0624214
4.5288	0.38751	0.0624213
4.5621	0.387509	0.0624213
4.5954	0.387509	0.0624213
4.6287	0.387509	0.0624213
4.662	0.387509	0.0624212
4.6953	0.387509	0.0624212
4.7286	0.387509	0.0624212
4.7619	0.387509	0.0624212
4.7952	0.387509	0.0624212
4.8285	0.387509	0.0624212
4.8618	0.387509	0.0624211
4.8951	0.387509	0.0624211
4.9284	0.387509	0.0624211
4.9617	0.387509	0.0624211
4.995	0.387509	0.0624211
5.0283	0.387509	0.0624211
5.0616	0.387509	0.0624211
5.0949	0.387509	0.0624211
5.1282	0.387509	0.0624211
5.1615	0.387508	0.0624211
5.1948	0.387508	0.0624211
5.2281	0.387508	0.0624211
5.2614	0.387508	0.0624211
5.2947	0.387508	0.062421
5.328	0.387508	0.062421
5.3613	0.387508	0.062421
5.3946	0.387508	0.062421
5.4279	0.387508	0.062421
5.4612	0.387508	0.062421
5.4945	0.387508	0.062421
5.5278	0.387508	0.062421
5.5611	0.387508	0.062421
5.5944	0.387508	0.062421
5.6277	0.387508	0.062421
5.661	0.387508	0.062421
5.6943	0.387508	0.062421
5.7276	0.387508	0.062421
5.7609	0.387508	0.062421
5.7942	0.387508	0.062421
5.8275	0.387508	0.062421
5.8608	0.387508	0.062421
5.8941	0.387508	0.062421
5.9274	0.387508	0.062421
5.9607	0.387508	0.062421
5.994	0.387508	0.062421
6.0273	0.387508	0.062421
6.0606	0.387508	0.062421
6.0939	0.387508	0.062421
6.1272	0.387508	0.062421
6.1605	0.387508	0.062421
6.1938	0.387508	0.062421
6.2271	0.387508	0.062421
6.2604	0.387508	0.062421
6.2937	0.387508	0.062421
6.327	0.387508	0.062421
6.3603	0.387508	0.062421
6.3936	0.387508	0.062421
6.4269	0.387508	0.062421
6.4602	0.387508	0.062421
6.4935	0.387508	0.062421
6.5268	0.387508	0.062421
6.5601	0.387508	0.062421
6.5934	0.387508	0.062421
6.6267	0.387508	0.0624209
6.66	0.387508	0.0624209
6.6933	0.387508	0.0624209
6.7266	0.387508	0.0624209
6.7599	0.387508	0.0624209
6.7932	0.387508	0.0624209
6.8265	0.387508	0.0624209
6.8598	0.387508	0.0624209
6.8931	0.387508	0.0624209
6.9264	0.387508	0.0624209
6.9597	0.387508	0.0624209
6.993	0.387508	0.0624209
7.0263	0.387508	0.0624209
7.0596	0.387508	0.0624209
7.0929	0.387508	0.0624209
7.1262	0.387509	0.0624209
7.1595	0.387509	0.0624209
7.1928	0.387509	0.0624209
7.2261	0.387509	0.0624209
7.2594	0.387509	0.0624209
7.2927	0.387509	0.0624208
7.326	0.387509	0.0624208
7.3593	0.387509	0.0624208
7.3926	0.387509	0.0624208
7.4259	0.387509	0.0624208
7.4592	0.387509	0.0624208
7.4925	0.387509	0.0624208
7.5258	0.387509	0.0624208
7.5591	0.387509	0.0624208
7.5924	0.387509	0.0624208
7.6257	0.387509	0.0624207
7.659	0.387509	0.0624207
7.6923	0.387509	0.0624207
7.7256	0.387509	0.0624207
7.7589	0.387509	0.0624207
7.7922	0.387509	0.0624207
7.8255	0.387509	0.0624207
7.8588	0.387509	0.0624206
7.8921	0.387509	0.0624206
7.9254	0.387509	0.0624206
7.9587	0.387509	0.0624206
7.992	0.387509	0.0624206
8.0253	0.387509	0.0624205
8.0586	0.387509	0.0624205
8.0919	0.38751	0.0624205
8.1252	0.38751	0.0624205
8.1585	0.38751	0.0624204
8.1918	0.38751	0.0624204
8.2251	0.38751	0.0624204
8.2584	0.38751	0.0624203
8.2917	0.38751	0.0624203
8.325	0.38751	0.0624203
8.3583	0.38751	0.0624202
8.3916	0.38751	0.0624202
8.4249	0.38751	0.0624201
8.4582	0.38751	0.0624201
8.4915	0.387511	0.06242
8.5248	0.387511	0.06242
8.5581	0.387511	0.0624199
8.5914	0.387511	0.0624199
8.6247	0.387511	0.0624198
8.658	0.387511	0.0624198
8.6913	0.387511	0.0624197
8.7246	0.387512	0.0624197
8.7579	0.387512	0.0624196
8.7912	0.387512	0.0624195
8.8245	0.387512	0.0624194
8.8578	0.387512	0.0624194
8.8911	0.387513	0.0624193
8.9244	0.387513	0.0624192
8.9577	0.387513	0.0624191
8.991	0.387513	0.062419
9.0243	0.387513	0.0624189
9.0576	0.387514	0.0624188
9.0909	0.387514	0.0624187
9.1242	0.387514	0.0624185
9.1575	0.387515	0.0624184
9.1908	0.387515	0.0624183
9.2241	0.387515	0.0624182
9.2574	0.387516	0.062418
9.2907	0.387516	0.0624179
9.324	0.387516	0.0624177
9.3573	0.387517	0.0624175
9.3906	0.387517	0.0624174
9.4239	0.387518	0.0624172
9.4572	0.387518	0.062417
9.4905	0.387519	0.0624168
9.5238	0.387519	0.0624166
9.5571	0.38752	0.0624163
9.5904	0.38752	0.0624161
9.6237	0.387521	0.0624158
9.657	0.387522	0.0624156
9.6903	0.387522	0.0624153
9.7236	0.387523	0.062415
9.7569	0.387524	0.0624147
9.7902	0.387525	0.0624144
9.8235	0.387526	0.062414
9.8568	0.387526	0.0624137
9.8901	0.387527	0.0624133
9.9234	0.387528	0.0624129
9.9567	0.387529	0.0624125
9.99	0.38753	0.0624121
10.0233	0.387532	0.0624116
10.0566	0.387533	0.0624112
10.0899	0.387534	0.0624107
10.1232	0.387535	0.0624101
10.1565	0.387537	0.0624096
10.1898	0.387538	0.062409
10.2231	0.38754	0.0624084
10.2564	0.387541	0.0624077
10.2897	0.387543	0.0624071
10.323	0.387545	0.0624064
10.3563	0.387547	0.0624056
10.3896	0.387549	0.0624048
10.4229	0.387551	0.062404
10.4562	0.387553	0.0624032
10.4895	0.387555	0.0624022
10.5228	0.387557	0.0624013
10.5561	0.38756	0.0624003
10.5894	0.387562	0.0623992
10.6227	0.387565	0.0623981
10.656	0.387568	0.062397
10.6893	0.387571	0.0623958
10.7226	0.387574	0.0623945
10.7559	0.387578	0.0623931
10.7892	0.387581	0.0623917
10.8225	0.387585	0.0623902
10.8558	0.387589	0.0623887
10.8891	0.387593	0.062387
10.9224	0.387597	0.0623853
10.9557	0.387602	0.0623835
10.989	0.387607	0.0623816
11.0223	0.387612	0.0623796
11.0556	0.387617	0.0623774
11.0889	0.387622	0.0623752
11.1222	0.387628	0.0623729
11.1555	0.387634	0.0623705
11.1888	0.387641	0.0623679
11.2221	0.387647	0.0623652
11.2554	0.387655	0.0623624
11.2887	0.387662	0.0623594
11.322	0.38767	0.0623563
11.3553	0.387678	0.062353
11.3886	0.387687	0.0623495
11.4219	0.387696	0.0623459
11.4552	0.387705	0.0623421
11.4885	0.387715	0.0623381
11.5218	0.387726	0.0623338
11.5551	0.387737	0.0623294
11.5884	0.387748	0.0623248
11.6217	0.387761	0.0623199
11.655	0.387774	0.0623147
11.6883	0.387787	0.0623093
11.7216	0.387801	0.0623037
11.7549	0.387816	0.0622977
11.7882	0.387832	0.0622915
11.8215	0.387848	0.0622849
11.8548	0.387865	0.062278
11.8881	0.387884	0.0622707
11.9214	0.387903	0.0622631
11.9547	0.387923	0.0622551
11.988	0.387944	0.0622466
12.0213	0.387966	0.0622378
12.0546	0.387989	0.0622285
12.0879	0.388014	0.0622187
12.1212	0.388039	0.0622085
12.1545	0.388066	0.0621977
12.1878	0.388095	0.0621863
12.2211	0.388125	0.0621744
12.2544	0.388156	0.0621619
12.2877	0.388189	0.0621488
12.321	0.388224	0.062135
12.3543	0.38826	0.0621205
12.3876	0.388298	0.0621053
12.4209	0.388338	0.0620893
12.4542	0.388381	0.0620725
12.4875	0.388425	0.0620548
12.5208	0.388471	0.0620362
12.5541	0.38852	0.0620168
12.5874	0.388572	0.0619963
12.6207	0.388626	0.0619748
12.654	0.388683	0.0619522
12.6873	0.388743	0.0619285
12.7206	0.388805	0.0619035
12.7539	0.388871	0.0618774
12.7872	0.388941	0.0618499
12.8205	0.389014	0.061821
12.8538	0.38909	0.0617906
12.8871	0.389171	0.0617588
12.9204	0.389255	0.0617253
12.9537	0.389344	0.0616902
12.987	0.389437	0.0616533
13.0203	0.389536	0.0616145
13.0536	0.389639	0.0615738
13.0869	0.389747	0.0615311
13.1202	0.389861	0.0614862
13.1535	0.389981	0.0614391
13.1868	0.390107	0.0613896
13.2201	0.390239	0.0613377
13.2534	0.390378	0.0612832
13.2867	0.390524	0.0612259
13.32	0.390677	0.0611658
13.3533	0.390839	0.0611027
13.3866	0.391008	0.0610365
13.4199	0.391186	0.060967
13.4532	0.391374	0.0608941
13.4865	0.391571	0.0608175
13.5198	0.391777	0.0607372
13.5531	0.391995	0.0606529
13.5864	0.392223	0.0605644
13.6197	0.392464	0.0604717
13.653	0.392716	0.0603743
13.6863	0.392981	0.0602722
13.7196	0.39326	0.0601651
13.7529	0.393553	0.0600527
13.7862	0.393862	0.0599349
13.8195	0.394186	0.0598114
13.8528	0.394526	0.0596818
13.8861	0.394884	0.059546
13.9194	0.39526	0.0594037
13.9527	0.395656	0.0592545
13.986	0.396071	0.0590981
14.0193	0.396508	0.0589343
14.0526	0.396968	0.0587627
14.0859	0.397451	0.0585829
14.1192	0.397958	0.0583946
14.1525	0.398492	0.0581974
14.1858	0.399053	0.0579909
14.2191	0.399643	0.0577748
14.2524	0.400263	0.0575486
14.2857	0.400915	0.0573119
14.319	0.401601	0.0570643
14.3523	0.402322	0.0568053
14.3856	0.40308	0.0565345
14.4189	0.403877	0.0562514
14.4522	0.404716	0.0559555
14.4855	0.405597	0.0556464
14.5188	0.406524	0.0553235
14.5521	0.407499	0.0549863
14.5854	0.408524	0.0546343
14.6187	0.409602	0.054267
14.652	0.410736	0.0538839
14.6853	0.411929	0.0534843
14.7186	0.413184	0.0530678
14.7519	0.414503	0.0526339
14.7852	0.415892	0.0521819
14.8185	0.417352	0.0517114
14.8518	0.418888	0.0512218
14.8851	0.420505	0.0507126
14.9184	0.422206	0.0501834
14.9517	0.423995	0.0496335
14.985	0.425878	0.0490626
15.0183	0.427859	0.0484701
15.0516	0.429944	0.0478558
15.0849	0.432138	0.0472191
15.1182	0.434448	0.0465598
15.1515	0.436879	0.0458775
15.1848	0.439437	0.0451719
15.2181	0.44213	0.044443
15.2514	0.444965	0.0436905
15.2847	0.44795	0.0429144
15.318	0.451092	0.0421147
15.3513	0.4544	0.0412915
15.3846	0.457883	0.0404449
15.4179	0.461551	0.0395753
15.4512	0.465413	0.038683
15.4845	0.46948	0.0377685
15.5178	0.473764	0.0368325
15.5511	0.478275	0.0358758
15.5844	0.483026	0.0348991
15.6177	0.488029	0.0339035
15.651	0.4933	0.0328902
15.6843	0.498851	0.0318604
15.7176	0.504698	0.0308157
15.7509	0.510857	0.0297577
15.7842	0.517345	0.0286881
15.8175	0.524178	0.0276088
15.8508	0.531374	0.026522
15.8841	0.538954	0.0254298
15.9174	0.546938	0.0243346
15.9507	0.555345	0.0232388
15.984	0.564198	0.022145
16.0173	0.573519	0.0210559
16.0506	0.583333	0.0199743
16.0839	0.593663	0.0189029
16.1172	0.604536	0.0178446
16.1505	0.615978	0.0168023
16.1838	0.628016	0.0157788
16.2171	0.640679	0.0147769
16.2504	0.653995	0.0137992
16.2837	0.667995	0.0128484
16.317	0.682708	0.011927
16.3503	0.698168	0.0110371
16.3836	0.714404	0.010181
16.4169	0.731451	0.00936045
16.4502	0.749341	0.00857705
16.4835	0.768108	0.00783214
16.5168	0.787786	0.00712675
16.5501	0.808408	0.00646162
16.5834	0.83001	0.00583716
16.6167	0.852626	0.00525349
16.65	0.876291	0.0047104
16.6833	0.90104	0.00420738
16.7166	0.926907	0.00374366
16.7499	0.953928	0.00331818
16.7832	0.982136	0.00292965
16.8165	1.01157	0.00257543
16.8498	1.04227	0.0022442
16.8831	1.07429	0.00193552
16.9164	1.10768	0.00165145
16.9497	1.1425	0.00139336
16.983	1.17878	0.00116196
17.0163	1.21657	0.000957265
17.0496	1.25592	0.000778697
17.0829	1.29685	0.000625138
17.1162	1.3394	0.000495024
17.1495	1.38362	0.000386442
17.1828	1.42953	0.000297242
17.2161	1.47716	0.000225144
17.2494	1.52657	0.000167837
17.2827	1.57777	0.000123065
17.316	1.63081	8.87033e-05
17.3493	1.68575	6.28117e-05
17.3826	1.74261	4.36681e-05
17.4159	1.80146	2.97872e-05
17.4492	1.86234	1.99229e-05
17.4825	1.92532	1.30567e-05
17.5158	1.99045	8.37868e-06
17.5491	2.05781	5.26091e-06
17.5824	2.12747	3.22975e-06
17.6157	2.19949	1.93717e-06
17.649	2.27395	1.13426e-06
17.6823	2.35094	6.47812e-07
17.7156	2.43055	3.60588e-07
17.7489	2.51284	1.95443e-07
17.7822	2.59793	1.03059e-07
17.8155	2.68589	5.28203e-08
17.8488	2.77684	2.62875e-08
17.8821	2.87087	1.26911e-08
17.9154	2.96808	5.93745e-09
17.9487	3.06858	2.68901e-09
17.982	3.17248	1.17761e-09
18.0153	3.2799	4.98111e-10
18.0486	3.39096	2.03265e-10
18.0819	3.50578	7.99242e-11
18.1152	3.62449	3.02434e-11
18.1485	3.74722	1.0999e-11
18.1818	3.8741	3.8394e-12
18.2151	4.00528	1.28457e-12
18.2484	4.1409	4.11353e-13
18.2817	4.28112	1.25889e-13
18.315	4.42608	3.67628e-14
18.3483	4.57595	1.0228e-14
18.3816	4.73089	2.70659e-15
18.4149	4.89108	6.80088e-16

