# Filename: 3Dvlt_macro_cp_P18.180_DK05e-07_i47.dat
# Source: 3Dvlt_macro_cp.c
# Source version: 7 (2011 Oct 20 - ...)
# Constant values: PI= 3.141592653589793116, PISQ=9.8696044010893579923, PICU=31.0062766802998162063, B=41.3417022403997549418, THETA=0.6, R=8.31447
# Parameter values: N=3, Kthresh=5, DK0=5e-07, dl=0.0001
# Parameter values: P=18.18, Cc=0.667831, K0c=0.408942, Tc=1.95399
T/Tc	1-T/Tc	l	K	y	e	Kr	Kr/K0	cp
       0.99999999	            1e-08	 14.2080999999802	 5.00047929343967	6.75210222219e-06	-0.0682223620719796	3.37685338434023e-06	8.25753625671389e-06	 28858923.5105569	  28858942.387501	-14.5988264375071	-0.767261070427673	0.114749659852578
0.999999985081753	1.49182469764127e-08	 13.9394999999809	 5.00048240334484	6.75212033886072e-06	-0.0682223603031841	4.41737198809778e-06	1.08019522970304e-05	 12682859.3670829	 12682872.3281428	-8.68294268632983	-0.767261010349288	0.114749644969124
0.999999977744591	2.22554092849247e-08	 13.6707999999815	 5.00010875053995	6.74994442468552e-06	-0.0682223576644565	5.77865074485783e-06	1.41307341553642e-05	  5526848.0317304	 5526858.37570431	-6.06585715249672	-0.767260920725845	0.114749622766501
0.999999966798831	3.32011692273655e-08	 13.4021999999821	 5.00031742670414	6.7511594242596e-06	-0.0682223537279362	7.55955218570574e-06	1.84856337261113e-05	 2379660.44713187	 2379669.64011906	-4.91487121965703	-0.767260787023426	0.114749589644098
0.999999950469676	4.95303242439512e-08	 13.1334999999827	  5.0000819463721	6.74978839567362e-06	-0.068222347855339	9.88941367806062e-06	2.4182924006945e-05	 1005298.71572466	 1005307.40607869	-4.41223921477366	-0.76726058756258	0.114749540231202
0.999999926109439	7.38905609893065e-08	 12.8648999999834	 5.00038287952581	6.75154062027215e-06	-0.068222339094465	1.29374349551073e-05	3.16363546846838e-05	 412819.618360234	  412828.09202796	-4.19555464605477	-0.767260289999588	0.114749466515105
0.999999889768236	1.10231763806416e-07	  12.596199999984	 5.00020942003093	6.75053050236337e-06	-0.0682223260247843	1.69249752005795e-05	4.13872224961356e-05	 162104.446224174	 162112.828191971	-4.10385730434097	-0.767259846091503	0.114749356544742
0.999999835553532	1.64446467710971e-07	 12.3274999999846	 5.00005262067071	6.7496176980395e-06	-0.0682223065271465	2.21416177671767e-05	5.41436545940627e-05	 59340.1612422873	 59348.5056142218	-4.06626529906252	-0.767259183858065	0.114749192488124
0.999999754674698	2.45325301971094e-07	 12.0588999999852	 5.00040642129743	6.75167773910477e-06	-0.0682222774401514	2.89662034286593e-05	7.08320414067671e-05	 19397.5845976548	 19405.9143423423	-4.05164380727344	-0.767258195922403	  0.1147489477446
0.999999634017656	3.6598234443678e-07	 11.7901999999859	 5.00026846871468	6.75087432589793e-06	-0.0682222340475995	3.78943552391129e-05	9.26643431932841e-05	 5261.22061655835	 5269.54516240275	-4.04645354971707	-0.767256722101727	0.114748582632059
  0.9999994540185	5.45981500331442e-07	 11.5214999999865	 5.00013575119693	6.75010160592152e-06	-0.0682221693138295	4.95744519948739e-05	0.000121226055369137	 1091.57386160157	 1099.89683967304	-4.04489858495347	-0.767254523424912	0.114748037949875
0.999999185491313	8.14508686649681e-07	 11.2527999999871	 5.00000670102044	6.74935043111319e-06	-0.0682220727430622	6.48547277277254e-05	0.00015859137896472	 265.255852575161	 273.578465020906	-4.04455206666206	-0.76725124340568	0.114747225386227
0.999998784895825	1.21510417518735e-06	 10.9841999999877	 5.00037965976508	6.75152186789049e-06	-0.0682219286778548	8.48448589076487e-05	0.000207473814992157	 204.359141347384	 212.681637840562	-4.04446461882539	-0.767246350228638	 0.11474601319555
0.999998187277581	1.81272241875151e-06	 10.7154999999884	 5.00025546704257	6.75079861857086e-06	-0.0682217137609415	0.000110996599145406	0.000271423329708388	 196.886251854209	 205.208607453823	-4.04436624882481	-0.767239050556199	 0.11474420484858
0.999997295735926	2.70426407426153e-06	  10.446799999989	 5.00013328099761	6.75008722771329e-06	-0.068221393149306	0.000145209151353273	0.000355083998332896	 189.995726462005	 198.317876143723	-4.04422376754476	 -0.7672281609144	0.114741507173785
0.999995965712065	4.03428793492735e-06	 10.1780999999896	 5.00001324893857	6.74938854475291e-06	-0.0682209148674005	0.000189967141967683	0.000464531346523681	 183.247139343743	 191.568987376899	-4.04401675290818	-0.767211915896925	0.114737482853468
0.999993981549621	6.01845037872082e-06	 9.90949999999024	 5.00039519159662	6.7516123396212e-06	-0.0682202013856485	0.000248521038917317	0.000607713431848096	 176.667468731388	 184.988874833763	-4.04371599411961	-0.767187682102379	0.114731479578429
0.999991021527084	8.97847291650418e-06	 9.64079999999087	 5.00028139704832	6.75094962590754e-06	-0.0682191370624175	0.000325123382333118	0.000795028310127165	 170.030153278489	 178.350911973305	-4.04327917893769	-0.767151531550433	0.114722524418067
0.999986605692356	1.33943076439442e-05	  9.3720999999915	 5.00017270559887	6.75031677768513e-06	-0.0682175494209306	0.000425337516802207	0.0010400786050474	 163.407480392271	 171.727290908329	-4.04264514188828	-0.767097605702742	 0.11470916637947
0.999980018041049	1.99819589510412e-05	 9.10339999999212	 5.00007145780245	6.74972740722494e-06	-0.0682151812417994	0.000556441899507585	0.00136065942729591	 156.680547112736	 164.998969619861	-4.04172572201262	-0.767017167519816	0.114689241822014
 0.99997019042013	2.98095798704173e-05	 8.83479999999275	 5.00048052810815	6.75210953975307e-06	-0.0682116489807752	0.000727958886059864	0.00178004996996842	 149.960082470243	 158.276474070325	-4.04039374646597	-0.766897189183567	0.114659525159036
0.999955529332523	4.44706674769986e-05	 8.56609999999337	 5.00040658966726	6.75167896378597e-06	-0.0682063808424778	0.00095234730556544	0.00232870423115777	 143.181423618466	 151.494845321104	-4.03846626654416	-0.766718249274647	0.114615209202885
0.999933657559937	6.63424400627789e-05	   8.297399999994	 5.00035695631566	6.7513901143617e-06	-0.0681985246221905	0.0012459079984725	0.00304645978437169	 136.343868930175	 144.652950270677	-4.03568042636561	-0.766451404669483	0.114549133129257
0.999901028709413	9.89712905874393e-05	 8.02869999999463	 5.00034355282342	6.75131250583586e-06	-0.068186810692655	0.00162997047250312	0.00398542867244072	 129.529820454275	 137.832562962232	-4.03165939294396	-0.766053543419719	0.114450637767864
0.999852352184344	0.000147647815655773	 7.75999999999525	 5.00038418677002	6.75155004802073e-06	-0.0681693485847691	0.00213244674241468	0.00521377583471819	 122.685010836617	 130.978503231437	-4.02586423871605	-0.765460494579341	0.114303873404137
0.999779735342052	0.000220264657948067	 7.49119999999588	 5.00000611823679	6.74935057771422e-06	-0.0681433255539205	0.00278986836876726	0.00682065890394343	 115.787483344651	 124.067489876845	 -4.0175264637736	-0.764576842005652	0.114085309450561
0.999671403743256	0.000328596256744433	 7.22249999999651	 5.00024767847582	6.75076017300147e-06	-0.0681045610833508	0.00365005678821356	0.00892267714704253	 108.801607559805	 117.061974986357	-4.00555405762778	-0.763260930207694	0.113760094283148
0.999509791988636	0.000490208011363818	 6.95369999999713	 5.00016949322389	6.75031152077459e-06	-0.0680468508637993	0.00477563566909075	0.0116723023622802	 101.879826913733	 110.111634371519	-3.98840232033641	-0.761302934341964	0.113276788976489
0.999268695581666	0.000731304418334156	 6.68489999999776	 5.00035939725238	6.75143015876651e-06	-0.0679610055817949	0.00624864767468281	0.0152688598564988	 94.8819003877238	  103.07224866917	-3.96389867499432	-0.758393094806241	0.112559869172938
0.998909022007235	0.00109097799276508	 6.41599999999839	 5.00045032172713	6.75198478149192e-06	-0.0678334521704445	0.00817665589068925	0.0199728456333756	 87.8743168119185	  96.004621336211	 -3.9290112381822	-0.75407637930263	0.111499315743313
 0.99837245208581	0.00162754791419004	 6.14689999999901	 5.00014065954229	6.75023028896104e-06	-0.0676442174710357	0.0107008301538466	0.0261245217433741	 80.9133095284902	   88.95692755038	-3.87955301949321	-0.747689245183263	0.109936753939503
0.997571983825017	0.00242801617498324	 5.87769999999964	 5.00022559517658	6.75081996121965e-06	-0.0673640592357501	0.0140067353371143	0.0341679918622604	 74.0342197972254	 81.9532249596915	-3.80982751388834	-0.738274656242346	 0.10764830926575
0.996377825503888	0.00362217449611248	 5.60820000000027	 5.00014963972606	6.7505632224616e-06	-0.0669504573668251	0.0183388749137507	0.0446822496401553	 67.1343771426714	 74.8753246085193	-3.71224953085749	-0.724474958015302	 0.10432636182381
0.994596350627533	0.00540364937246693	  5.3383000000009	 5.00007834722849	6.75050954625014e-06	-0.0663421552087115	0.0240205295047924	0.0584208305284128	 60.3686740613512	 67.8573559204592	-3.57704165654597	-0.704412597047067	0.0995670441391711
 0.99193870240876	0.00806129759123991	 5.06780000000153	 5.00001279322553	6.75083125482675e-06	-0.0654520025071681	0.0314813639479984	0.0763618891841794	 53.6751078650951	 60.8107232163548	-3.39223051276432	-0.675593413334816	0.0928796332685443
0.987973957158352	0.0120260428416478	 4.79650000000216	 5.00046218374822	6.75481590244257e-06	-0.064158108014951	0.0412968251401279	0.0997701098224848	 47.2835755464707	  53.933684073073	-3.14438469581022	-0.634918099850669	0.0837494794002142
0.982059252273938	0.0179407477260622	  4.5237000000028	 5.00021534431485	6.75602842232358e-06	-0.062293961817194	0.0542463798516592	0.130270698259347	 41.0919391763886	 47.0913650692664	-2.82084609844674	-0.57897661070412	0.0718040676715626
0.973235549448109	0.026764450551891	 4.24890000000344	 5.00025652083931	6.76138698304891e-06	-0.0596395854739037	0.0714033290968333	0.169931821814178	  35.217490513353	 40.3771943621846	-2.41449228258759	-0.504919217406013	0.0571302515494749
0.960072131647891	0.0399278683521095	 3.97100000000396	 5.00044228432754	6.77228433267847e-06	-0.0559184995825458	0.0942811847579989	0.221343709211876	 29.7281858511035	 33.8632276288795	-1.93184050703912	-0.412251742821342	0.0407093783376945
0.940434619868154	0.0595653801318463	 3.68820000000336	 5.00010004509983	6.78882975162586e-06	-0.0508103335621595	0.125087463451451	0.287660799283799	 24.5960678180911	  27.581283013784	-1.40337251400752	-0.305578878492285	0.0246917600029928
0.911138894794921	0.0888611052050787	 3.39810000000275	 5.00037655447915	6.82447131536112e-06	-0.0439978558038429	0.167196288004411	0.372519924415376	 19.7508511612249	  21.599115631243	-0.889607948079614	-0.197023478077249	0.0119019182142117
0.867434808595364	0.132565191404636	 3.09630000000211	 5.00048509361342	6.88302431212416e-06	-0.0352827485979089	0.226102900010406	0.479602310824893	 15.0848372067272	 16.0045098368458	-0.468687843791639	 -0.1046432270222	0.00420749642237556
0.802235973415022	0.197764026584978	 2.77570000000143	 5.00022689199231	6.95831632561669e-06	-0.0248300688759567	 0.31154337333763	 0.61116565290148	 10.5023659534792	 10.8478004866393	-0.194438958748095	-0.0429177676595433	0.0010110930685426
0.704970740835546	0.295029259164454	 2.42400000000069	 5.00038404154335	6.94088679152748e-06	-0.0136311433150211	0.442867220344047	0.763454074754144	  6.1590376632008	 6.25027458941622	-0.0552980972494587	-0.0115802291127531	0.0001347105804232
0.559868064651659	0.440131935348341	 2.01459999999983	 5.00020446416785	6.11419964444863e-06	-0.0041898774087188	0.666895981123077	0.913023770716124	 2.44412226919636	 2.45260841301831	-0.00476914292931515	-0.000863932217943813	2.44513678894817e-06
0.343400308626695	0.656599691373305	 1.43959999999986	 5.00007915267401	2.27417027146703e-06	-0.000155755601484067	 1.18513150468042	0.995188876296595	0.194493093452688	0.194494471984391	-4.96649423572963e-06	-6.05430148622697e-07	3.2316777980094e-11
0.0204683639456656	0.979531636054334	                0	  19.979222378568	6.4383368653167e-58	                0	  19.979222378568	                1	7.37985844720475e-08	               -0	               -0	                0	               -0
