# Filename: 3Dvlt_macro_T_Cc1.11_lmax0_dl-nan_Op7.dat
# Source: 3Dvlt_macro_noifthen.c
# Source version: 1 (2011 Oct 27 - ...)
# Constant values: PI= 3.141592653589793116, PISQ=9.8696044010893579923, PICU=31.0062766802998162063, B=41.3417022403997549418, THETA=0.6
# Parameter values: N=3, Cc=1.10500984397513, K0c=0.295613694950781, lmax=0, lsteps=0, (dl=-nan), lpts=1, ldatamax=10, a0=1, a03=1, a06=1
# Option values: Op=7
T/Tc	1-T/Tc	l	K	K/K0	Kr/K0	G	e
0	1	0	inf	-nan	-nan	0	0
0.001	0.999	0	295.614	1	1	0	0
0.002	0.998	0	147.807	1	1	0	0
0.003	0.997	0	98.5379	1	1	0	0
0.004	0.996	0	73.9034	1	1	0	0
0.005	0.995	0	59.1227	1	1	9.32993e-281	0
0.006	0.994	0	49.2689	1	1	4.38092e-234	0
0.007	0.993	0	42.2305	1	1	9.51666e-201	0
0.008	0.992	0	36.9517	1	1	9.57578e-176	0
0.009	0.991	0	32.846	1	1	2.67738e-156	0
0.01	0.99	0	29.5614	1	1	9.65916e-141	0
0.011	0.989	0	26.874	1	1	5.17108e-128	0
0.012	0.988	0	24.6345	1	1	2.09306e-117	0
0.013	0.987	0	22.7395	1	1	1.97746e-108	0
0.014	0.986	0	21.1153	1	1	9.75534e-101	0
0.015	0.985	0	19.7076	1	1	4.53551e-94	0
0.016	0.984	0	18.4759	1	1	3.09447e-88	0
0.017	0.983	0	17.389	1	1	4.3471e-83	0
0.018	0.982	0	16.423	1	1	1.63627e-78	0
0.019	0.981	0	15.5586	1	1	2.03171e-74	0
0.02	0.98	0	14.7807	1	1	9.8281e-71	0
0.021	0.979	0	14.0768	1	1	2.11915e-67	0
0.022	0.978	0	13.437	1	1	2.274e-64	0
0.023	0.977	0	12.8528	1	1	1.33011e-61	0
0.024	0.976	0	12.3172	1	1	4.575e-59	0
0.025	0.975	0	11.8245	1	1	9.86224e-57	0
0.026	0.974	0	11.3698	1	1	1.40622e-54	0
0.027	0.973	0	10.9487	1	1	1.38858e-52	0
0.028	0.972	0	10.5576	1	1	9.87691e-51	0
0.029	0.971	0	10.1936	1	1	5.23534e-49	0
0.03	0.97	0	9.85379	1	1	2.12967e-47	0
0.031	0.969	0	9.53593	1	1	6.82105e-46	0
0.032	0.968	0	9.23793	1	1	1.75911e-44	0
0.033	0.967	0	8.95799	1	1	3.72558e-43	0
0.034	0.966	0	8.69452	1	1	6.59325e-42	0
0.035	0.965	0	8.44611	1	1	9.90141e-41	0
0.036	0.964	0	8.21149	1	1	1.27917e-39	0
0.037	0.963	0	7.98956	1	1	1.4391e-38	0
0.038	0.962	0	7.77931	1	1	1.42538e-37	0
0.039	0.961	0	7.57984	1	1	1.25517e-36	0
0.04	0.96	0	7.39034	1	1	9.91368e-36	0
0.041	0.959	0	7.21009	1	1	7.07922e-35	0
0.042	0.958	0	7.03842	1	1	4.60342e-34	0
0.043	0.957	0	6.87474	1	1	2.74383e-33	0
0.044	0.956	0	6.71849	1	1	1.50798e-32	0
0.045	0.955	0	6.56919	1	1	7.6832e-32	0
0.046	0.954	0	6.42638	1	1	3.64706e-31	0
0.047	0.953	0	6.28965	1	1	1.62017e-30	0
0.048	0.952	0	6.15862	1	1	6.76388e-30	0
0.049	0.951	0	6.03293	1	1	2.66378e-29	0
0.05	0.95	0	5.91227	1	1	9.93088e-29	0
0.051	0.949	0	5.79635	1	1	3.51614e-28	0
0.052	0.948	0	5.68488	1	1	1.18584e-27	0
0.053	0.947	0	5.57762	1	1	3.82001e-27	0
0.054	0.946	0	5.47433	1	1	1.17838e-26	0
0.055	0.945	0	5.37479	1	1	3.48912e-26	0
0.056	0.944	0	5.27882	1	1	9.93826e-26	0
0.057	0.943	0	5.18621	1	1	2.72869e-25	0
0.058	0.942	0	5.09679	1	1	7.23556e-25	0
0.059	0.941	0	5.0104	1	1	1.85624e-24	0
0.06	0.94	0	4.92689	1	1	4.61484e-24	0
0.061	0.939	0	4.84613	1	1	1.11355e-23	0
0.062	0.938	0	4.76796	1	1	2.61171e-23	0
0.063	0.937	0	4.69228	1	1	5.96193e-23	0
0.064	0.936	0	4.61896	1	1	1.32632e-22	0
0.065	0.935	0	4.5479	1	1	2.87887e-22	0
0.066	0.934	0	4.479	1	1	6.10375e-22	0
0.067	0.933	0	4.41214	1	1	1.26541e-21	0
0.068	0.932	0	4.34726	1	1	2.56773e-21	0
0.069	0.931	0	4.28426	1	1	5.10461e-21	0
0.07	0.93	0	4.22305	1	1	9.95058e-21	0
0.071	0.929	0	4.16357	1	1	1.90357e-20	0
0.072	0.928	0	4.10575	1	1	3.57655e-20	0
0.073	0.927	0	4.0495	1	1	6.60472e-20	0
0.074	0.926	0	3.99478	1	1	1.19963e-19	0
0.075	0.925	0	3.94152	1	1	2.1445e-19	0
0.076	0.924	0	3.88965	1	1	3.77542e-19	0
0.077	0.923	0	3.83914	1	1	6.54977e-19	0
0.078	0.922	0	3.78992	1	1	1.12034e-18	0
0.079	0.921	0	3.74195	1	1	1.89049e-18	0
0.08	0.92	0	3.69517	1	1	3.1486e-18	0
0.081	0.919	0	3.64955	1	1	5.17833e-18	0
0.082	0.918	0	3.60505	1	1	8.41381e-18	0
0.083	0.917	0	3.56161	1	1	1.35119e-17	0
0.084	0.916	0	3.51921	1	1	2.14556e-17	0
0.085	0.915	0	3.47781	1	1	3.37008e-17	0
0.086	0.914	0	3.43737	1	1	5.23816e-17	0
0.087	0.913	0	3.39786	1	1	8.05963e-17	0
0.088	0.912	0	3.35925	1	1	1.228e-16	0
0.089	0.911	0	3.3215	1	1	1.85341e-16	0
0.09	0.91	0	3.2846	1	1	2.77186e-16	0
0.091	0.909	0	3.2485	1	1	4.10894e-16	0
0.092	0.908	0	3.21319	1	1	6.03909e-16	0
0.093	0.907	0	3.17864	1	1	8.80272e-16	0
0.094	0.906	0	3.14483	1	1	1.27286e-15	0
0.095	0.905	0	3.11172	1	1	1.8263e-15	0
0.096	0.904	0	3.07931	1	1	2.60075e-15	0
0.097	0.903	0	3.04756	1	1	3.6767e-15	0
0.098	0.902	0	3.01647	1	1	5.16118e-15	0
0.099	0.901	0	2.986	1	1	7.19556e-15	0
0.1	0.9	0	2.95614	1	1	9.96538e-15	0
0.101	0.899	0	2.92687	1	1	1.37127e-14	0
0.102	0.898	0	2.89817	1	1	1.87514e-14	0
0.103	0.897	0	2.87004	1	1	2.54862e-14	0
0.104	0.896	0	2.84244	1	1	3.44361e-14	0
0.105	0.895	0	2.81537	1	1	4.62628e-14	0
0.106	0.894	0	2.78881	1	1	6.18062e-14	0
0.107	0.893	0	2.76274	1	1	8.21259e-14	0
0.108	0.892	0	2.73716	1	1	1.08553e-13	0
0.109	0.891	0	2.71205	1	1	1.42752e-13	0
0.11	0.89	0	2.6874	1	1	1.86792e-13	0
0.111	0.889	0	2.66319	1	1	2.43238e-13	0
0.112	0.888	0	2.63941	1	1	3.1525e-13	0
0.113	0.887	0	2.61605	1	1	4.06712e-13	0
0.114	0.886	0	2.5931	1	1	5.22369e-13	0
0.115	0.885	0	2.57055	1	1	6.68001e-13	0
0.116	0.884	0	2.54839	1	1	8.50621e-13	0
0.117	0.883	0	2.52661	1	1	1.0787e-12	0
0.118	0.882	0	2.5052	1	1	1.36244e-12	0
0.119	0.881	0	2.48415	1	1	1.71407e-12	0
0.12	0.88	0	2.46345	1	1	2.14822e-12	0
0.121	0.879	0	2.44309	1	1	2.6823e-12	0
0.122	0.878	0	2.42306	1	1	3.337e-12	0
0.123	0.877	0	2.40336	1	1	4.13677e-12	0
0.124	0.876	0	2.38398	1	1	5.11049e-12	0
0.125	0.875	0	2.36491	1	1	6.29209e-12	0
0.126	0.874	0	2.34614	1	1	7.72136e-12	0
0.127	0.873	0	2.32767	1	1	9.44478e-12	0
0.128	0.872	0	2.30948	1	1	1.15166e-11	0
0.129	0.871	0	2.29158	1	1	1.39997e-11	0
0.13	0.87	0	2.27395	1	1	1.69672e-11	0
0.131	0.869	0	2.25659	1	1	2.05035e-11	0
0.132	0.868	0	2.2395	1	1	2.47058e-11	0
0.133	0.867	0	2.22266	1	1	2.9686e-11	0
0.134	0.866	0	2.20607	1	1	3.55725e-11	0
0.135	0.865	0	2.18973	1	1	4.25122e-11	0
0.136	0.864	0	2.17363	1	1	5.06728e-11	0
0.137	0.863	0	2.15776	1	1	6.02452e-11	0
0.138	0.862	0	2.14213	1	1	7.14465e-11	0
0.139	0.861	0	2.12672	1	1	8.45228e-11	0
0.14	0.86	0	2.11153	1	1	9.97526e-11	0
0.141	0.859	0	2.09655	1	1	1.1745e-10	0
0.142	0.858	0	2.08179	1	1	1.3797e-10	0
0.143	0.857	0	2.06723	1	1	1.6171e-10	0
0.144	0.856	0	2.05287	1	1	1.89118e-10	0
0.145	0.855	0	2.03872	1	1	2.20693e-10	0
0.146	0.854	0	2.02475	1	1	2.56997e-10	0
0.147	0.853	0	2.01098	1	1	2.98652e-10	0
0.148	0.852	0	1.99739	1	1	3.46356e-10	0
0.149	0.851	0	1.98398	1	1	4.00882e-10	0
0.15	0.85	0	1.97076	1	1	4.63087e-10	0
0.151	0.849	0	1.95771	1	1	5.33924e-10	0
0.152	0.848	0	1.94483	1	1	6.14445e-10	0
0.153	0.847	0	1.93212	1	1	7.05812e-10	0
0.154	0.846	0	1.91957	1	1	8.09306e-10	0
0.155	0.845	0	1.90719	1	1	9.2634e-10	0
0.156	0.844	0	1.89496	1	1	1.05846e-09	0
0.157	0.843	0	1.88289	1	1	1.20738e-09	0
0.158	0.842	0	1.87097	1	1	1.37495e-09	0
0.159	0.841	0	1.85921	1	1	1.56322e-09	0
0.16	0.84	0	1.84759	1	1	1.77443e-09	0
0.161	0.839	0	1.83611	1	1	2.011e-09	0
0.162	0.838	0	1.82478	1	1	2.2756e-09	0
0.163	0.837	0	1.81358	1	1	2.5711e-09	0
0.164	0.836	0	1.80252	1	1	2.90066e-09	0
0.165	0.835	0	1.7916	1	1	3.26767e-09	0
0.166	0.834	0	1.78081	1	1	3.67585e-09	0
0.167	0.833	0	1.77014	1	1	4.12919e-09	0
0.168	0.832	0	1.75961	1	1	4.63202e-09	0
0.169	0.831	0	1.74919	1	1	5.18902e-09	0
0.17	0.83	0	1.7389	1	1	5.80524e-09	0
0.171	0.829	0	1.72874	1	1	6.48612e-09	0
0.172	0.828	0	1.71868	1	1	7.23752e-09	0
0.173	0.827	0	1.70875	1	1	8.06573e-09	0
0.174	0.826	0	1.69893	1	1	8.97754e-09	0
0.175	0.825	0	1.68922	1	1	9.9802e-09	0
0.176	0.824	0	1.67962	1	1	1.10815e-08	0
0.177	0.823	0	1.67013	1	1	1.22898e-08	0
0.178	0.822	0	1.66075	1	1	1.3614e-08	0
0.179	0.821	0	1.65147	1	1	1.50636e-08	0
0.18	0.82	0	1.6423	1	1	1.66489e-08	0
0.181	0.819	0	1.63322	1	1	1.83807e-08	0
0.182	0.818	0	1.62425	1	1	2.02705e-08	0
0.183	0.817	0	1.61538	1	1	2.23308e-08	0
0.184	0.816	0	1.6066	1	1	2.45746e-08	0
0.185	0.815	0	1.59791	1	1	2.70158e-08	0
0.186	0.814	0	1.58932	1	1	2.96694e-08	0
0.187	0.813	0	1.58082	1	1	3.25509e-08	0
0.188	0.812	0	1.57241	1	1	3.56772e-08	0
0.189	0.811	0	1.56409	1	1	3.90657e-08	0
0.19	0.81	0	1.55586	1	1	4.27353e-08	0
0.191	0.809	0	1.54772	1	1	4.67056e-08	0
0.192	0.808	0	1.53965	1	1	5.09975e-08	0
0.193	0.807	0	1.53168	1	1	5.56331e-08	0
0.194	0.806	0	1.52378	1	1	6.06358e-08	0
0.195	0.805	0	1.51597	1	1	6.60299e-08	0
0.196	0.804	0	1.50823	1	1	7.18413e-08	0
0.197	0.803	0	1.50058	1	1	7.80974e-08	0
0.198	0.802	0	1.493	1	1	8.48266e-08	0
0.199	0.801	0	1.4855	1	1	9.20592e-08	0
0.2	0.8	0	1.47807	1	1	9.98268e-08	0
0.201	0.799	0	1.47071	1	1	1.08162e-07	0
0.202	0.798	0	1.46343	1	1	1.17101e-07	0
0.203	0.797	0	1.45623	1	1	1.2668e-07	0
0.204	0.796	0	1.44909	1	1	1.36936e-07	0
0.205	0.795	0	1.44202	1	1	1.4791e-07	0
0.206	0.794	0	1.43502	1	1	1.59644e-07	0
0.207	0.793	0	1.42809	1	1	1.72182e-07	0
0.208	0.792	0	1.42122	1	1	1.8557e-07	0
0.209	0.791	0	1.41442	1	1	1.99855e-07	0
0.21	0.79	0	1.40768	1	1	2.15088e-07	0
0.211	0.789	0	1.40101	1	1	2.31321e-07	0
0.212	0.788	0	1.3944	1	1	2.48609e-07	0
0.213	0.787	0	1.38786	1	1	2.67007e-07	0
0.214	0.786	0	1.38137	1	1	2.86576e-07	0
0.215	0.785	0	1.37495	1	1	3.07377e-07	0
0.216	0.784	0	1.36858	1	1	3.29474e-07	0
0.217	0.783	0	1.36228	1	1	3.52934e-07	0
0.218	0.782	0	1.35603	1	1	3.77825e-07	0
0.219	0.781	0	1.34983	1	1	4.0422e-07	0
0.22	0.78	0	1.3437	1	1	4.32194e-07	0
0.221	0.779	0	1.33762	1	1	4.61824e-07	0
0.222	0.778	0	1.33159	1	1	4.93191e-07	0
0.223	0.777	0	1.32562	1	1	5.26378e-07	0
0.224	0.776	0	1.3197	1	1	5.61471e-07	0
0.225	0.775	0	1.31384	1	1	5.98561e-07	0
0.226	0.774	0	1.30803	1	1	6.3774e-07	0
0.227	0.773	0	1.30226	1	1	6.79103e-07	0
0.228	0.772	0	1.29655	1	1	7.22751e-07	0
0.229	0.771	0	1.29089	1	1	7.68786e-07	0
0.23	0.77	0	1.28528	1	1	8.17313e-07	0
0.231	0.769	0	1.27971	1	1	8.68444e-07	0
0.232	0.768	0	1.2742	1	1	9.22291e-07	0
0.233	0.767	0	1.26873	1	1	9.78971e-07	0
0.234	0.766	0	1.26331	1	1	1.0386e-06	0
0.235	0.765	0	1.25793	1	1	1.10132e-06	0
0.236	0.764	0	1.2526	1	1	1.16724e-06	0
0.237	0.763	0	1.24732	1	1	1.23649e-06	0
0.238	0.762	0	1.24207	1	1	1.30922e-06	0
0.239	0.761	0	1.23688	1	1	1.38557e-06	0
0.24	0.76	0	1.23172	1	1	1.46568e-06	0
0.241	0.759	0	1.22661	1	1	1.5497e-06	0
0.242	0.758	0	1.22154	1	1	1.63777e-06	0
0.243	0.757	0	1.21652	1	1	1.73007e-06	0
0.244	0.756	0	1.21153	1	1	1.82674e-06	0
0.245	0.755	0	1.20659	1	1	1.92797e-06	0
0.246	0.754	0	1.20168	1	1	2.03391e-06	0
0.247	0.753	0	1.19682	1	1	2.14474e-06	0
0.248	0.752	0	1.19199	1	1	2.26064e-06	0
0.249	0.751	0	1.1872	1	1	2.3818e-06	0
0.25	0.75	0	1.18245	1	1	2.5084e-06	0
0.251	0.749	0	1.17774	1	1	2.64065e-06	0
0.252	0.748	0	1.17307	1	1	2.77873e-06	0
0.253	0.747	0	1.16843	1	1	2.92286e-06	0
0.254	0.746	0	1.16383	1	1	3.07324e-06	0
0.255	0.745	0	1.15927	1	1	3.23008e-06	0
0.256	0.744	0	1.15474	1	1	3.39361e-06	0
0.257	0.743	0	1.15025	1	1	3.56404e-06	0
0.258	0.742	0	1.14579	1	1	3.74162e-06	0
0.259	0.741	0	1.14137	1	1	3.92657e-06	0
0.26	0.74	0	1.13698	1	1	4.11913e-06	0
0.261	0.739	0	1.13262	1	1	4.31955e-06	0
0.262	0.738	0	1.1283	1	1	4.52808e-06	0
0.263	0.737	0	1.12401	1	1	4.74497e-06	0
0.264	0.736	0	1.11975	1	1	4.97049e-06	0
0.265	0.735	0	1.11552	1	1	5.2049e-06	0
0.266	0.734	0	1.11133	1	1	5.44849e-06	0
0.267	0.733	0	1.10717	1	1	5.70151e-06	0
0.268	0.732	0	1.10304	1	1	5.96427e-06	0
0.269	0.731	0	1.09894	1	1	6.23705e-06	0
0.27	0.73	0	1.09487	1	1	6.52014e-06	0
0.271	0.729	0	1.09083	1	1	6.81385e-06	0
0.272	0.728	0	1.08682	1	1	7.11848e-06	0
0.273	0.727	0	1.08283	1	1	7.43435e-06	0
0.274	0.726	0	1.07888	1	1	7.76178e-06	0
0.275	0.725	0	1.07496	1	1	8.10109e-06	0
0.276	0.724	0	1.07106	1	1	8.4526e-06	0
0.277	0.723	0	1.0672	1	1	8.81667e-06	0
0.278	0.722	0	1.06336	1	1	9.19363e-06	0
0.279	0.721	0	1.05955	1	1	9.58383e-06	0
0.28	0.72	0	1.05576	1	1	9.98762e-06	0
0.281	0.719	0	1.05201	1	1	1.04054e-05	0
0.282	0.718	0	1.04828	1	1	1.08374e-05	0
0.283	0.717	0	1.04457	1	1	1.12842e-05	0
0.284	0.716	0	1.04089	1	1	1.17461e-05	0
0.285	0.715	0	1.03724	1	1	1.22234e-05	0
0.286	0.714	0	1.03361	1	1	1.27165e-05	0
0.287	0.713	0	1.03001	1	1	1.32259e-05	0
0.288	0.712	0	1.02644	1	1	1.3752e-05	0
0.289	0.711	0	1.02288	1	1	1.42951e-05	0
0.29	0.71	0	1.01936	1	1	1.48557e-05	0
0.291	0.709	0	1.01585	1	1	1.54343e-05	0
0.292	0.708	0	1.01238	1	1	1.60311e-05	0
0.293	0.707	0	1.00892	1	1	1.66467e-05	0
0.294	0.706	0	1.00549	1	1	1.72816e-05	0
0.295	0.705	0	1.00208	1	1	1.7936e-05	0
0.296	0.704	0	0.998695	1	1	1.86106e-05	0
0.297	0.703	0	0.995332	1	1	1.93058e-05	0
0.298	0.702	0	0.991992	1	1	2.0022e-05	0
0.299	0.701	0	0.988675	1	1	2.07597e-05	0
0.3	0.7	0	0.985379	1	1	2.15195e-05	0
0.301	0.699	0	0.982105	1	1	2.23016e-05	0
0.302	0.698	0	0.978853	1	1	2.31068e-05	0
0.303	0.697	0	0.975623	1	1	2.39354e-05	0
0.304	0.696	0	0.972413	1	1	2.4788e-05	0
0.305	0.695	0	0.969225	1	1	2.56651e-05	0
0.306	0.694	0	0.966058	1	1	2.65671e-05	0
0.307	0.693	0	0.962911	1	1	2.74947e-05	0
0.308	0.692	0	0.959785	1	1	2.84483e-05	0
0.309	0.691	0	0.956679	1	1	2.94285e-05	0
0.31	0.69	0	0.953593	1	1	3.04358e-05	0
0.311	0.689	0	0.950526	1	1	3.14708e-05	0
0.312	0.688	0	0.94748	1	1	3.2534e-05	0
0.313	0.687	0	0.944453	1	1	3.3626e-05	0
0.314	0.686	0	0.941445	1	1	3.47473e-05	0
0.315	0.685	0	0.938456	1	1	3.58986e-05	0
0.316	0.684	0	0.935486	1	1	3.70803e-05	0
0.317	0.683	0	0.932535	1	1	3.82932e-05	0
0.318	0.682	0	0.929603	1	1	3.95376e-05	0
0.319	0.681	0	0.926689	1	1	4.08144e-05	0
0.32	0.68	0	0.923793	1	1	4.2124e-05	0
0.321	0.679	0	0.920915	1	1	4.3467e-05	0
0.322	0.678	0	0.918055	1	1	4.48442e-05	0
0.323	0.677	0	0.915213	1	1	4.6256e-05	0
0.324	0.676	0	0.912388	1	1	4.77032e-05	0
0.325	0.675	0	0.909581	1	1	4.91863e-05	0
0.326	0.674	0	0.90679	1	1	5.0706e-05	0
0.327	0.673	0	0.904017	1	1	5.22629e-05	0
0.328	0.672	0	0.901261	1	1	5.38577e-05	0
0.329	0.671	0	0.898522	1	1	5.54911e-05	0
0.33	0.67	0	0.895799	1	1	5.71636e-05	0
0.331	0.669	0	0.893093	1	1	5.88759e-05	0
0.332	0.668	0	0.890403	1	1	6.06288e-05	0
0.333	0.667	0	0.887729	1	1	6.24228e-05	0
0.334	0.666	0	0.885071	1	1	6.42588e-05	0
0.335	0.665	0	0.882429	1	1	6.61372e-05	0
0.336	0.664	0	0.879803	1	1	6.80589e-05	0
0.337	0.663	0	0.877192	1	1	7.00246e-05	0
0.338	0.662	0	0.874597	1	1	7.20348e-05	0
0.339	0.661	0	0.872017	1	1	7.40904e-05	0
0.34	0.66	0	0.869452	1	1	7.61921e-05	0
0.341	0.659	0	0.866902	1	1	7.83405e-05	0
0.342	0.658	0	0.864368	1	1	8.05364e-05	0
0.343	0.657	0	0.861848	1	1	8.27805e-05	0
0.344	0.656	0	0.859342	1	1	8.50736e-05	0
0.345	0.655	0	0.856851	1	1	8.74163e-05	0
0.346	0.654	0	0.854375	1	1	8.98094e-05	0
0.347	0.653	0	0.851913	1	1	9.22537e-05	0
0.348	0.652	0	0.849465	1	1	9.47499e-05	0
0.349	0.651	0	0.847031	1	1	9.72987e-05	0
0.35	0.65	0	0.844611	1	1	9.9901e-05	0
0.351	0.649	0	0.842204	1	1	0.000102557	0
0.352	0.648	0	0.839812	1	1	0.000105269	0
0.353	0.647	0	0.837433	1	1	0.000108036	0
0.354	0.646	0	0.835067	1	1	0.000110859	0
0.355	0.645	0	0.832715	1	1	0.00011374	0
0.356	0.644	0	0.830376	1	1	0.000116679	0
0.357	0.643	0	0.82805	1	1	0.000119677	0
0.358	0.642	0	0.825737	1	1	0.000122734	0
0.359	0.641	0	0.823436	1	1	0.000125852	0
0.36	0.64	0	0.821149	1	1	0.000129031	0
0.361	0.639	0	0.818875	1	1	0.000132272	0
0.362	0.638	0	0.816612	1	1	0.000135575	0
0.363	0.637	0	0.814363	1	1	0.000138943	0
0.364	0.636	0	0.812126	1	1	0.000142375	0
0.365	0.635	0	0.809901	1	1	0.000145872	0
0.366	0.634	0	0.807688	1	1	0.000149435	0
0.367	0.633	0	0.805487	1	1	0.000153065	0
0.368	0.632	0	0.803298	1	1	0.000156763	0
0.369	0.631	0	0.801121	1	1	0.000160529	0
0.37	0.63	0	0.798956	1	1	0.000164365	0
0.371	0.629	0	0.796802	1	1	0.000168271	0
0.372	0.628	0	0.79466	1	1	0.000172248	0
0.373	0.627	0	0.79253	1	1	0.000176297	0
0.374	0.626	0	0.790411	1	1	0.000180419	0
0.375	0.625	0	0.788303	1	1	0.000184614	0
0.376	0.624	0	0.786207	1	1	0.000188884	0
0.377	0.623	0	0.784121	1	1	0.000193229	0
0.378	0.622	0	0.782047	1	1	0.00019765	0
0.379	0.621	0	0.779983	1	1	0.000202149	0
0.38	0.62	0	0.777931	1	1	0.000206725	0
0.381	0.619	0	0.775889	1	1	0.00021138	0
0.382	0.618	0	0.773858	1	1	0.000216115	0
0.383	0.617	0	0.771837	1	1	0.00022093	0
0.384	0.616	0	0.769827	1	1	0.000225826	0
0.385	0.615	0	0.767828	1	1	0.000230805	0
0.386	0.614	0	0.765839	1	1	0.000235867	0
0.387	0.613	0	0.76386	1	1	0.000241013	0
0.388	0.612	0	0.761891	1	1	0.000246243	0
0.389	0.611	0	0.759932	1	1	0.00025156	0
0.39	0.61	0	0.757984	1	1	0.000256963	0
0.391	0.609	0	0.756045	1	1	0.000262453	0
0.392	0.608	0	0.754117	1	1	0.000268032	0
0.393	0.607	0	0.752198	1	1	0.000273701	0
0.394	0.606	0	0.750289	1	1	0.000279459	0
0.395	0.605	0	0.748389	1	1	0.000285309	0
0.396	0.604	0	0.746499	1	1	0.00029125	0
0.397	0.603	0	0.744619	1	1	0.000297285	0
0.398	0.602	0	0.742748	1	1	0.000303413	0
0.399	0.601	0	0.740886	1	1	0.000309635	0
0.4	0.6	0	0.739034	1	1	0.000315954	0
0.401	0.599	0	0.737191	1	1	0.000322368	0
0.402	0.598	0	0.735357	1	1	0.000328881	0
0.403	0.597	0	0.733533	1	1	0.000335491	0
0.404	0.596	0	0.731717	1	1	0.000342201	0
0.405	0.595	0	0.72991	1	1	0.00034901	0
0.406	0.594	0	0.728113	1	1	0.000355921	0
0.407	0.593	0	0.726324	1	1	0.000362933	0
0.408	0.592	0	0.724543	1	1	0.000370048	0
0.409	0.591	0	0.722772	1	1	0.000377267	0
0.41	0.59	0	0.721009	1	1	0.00038459	0
0.411	0.589	0	0.719255	1	1	0.000392019	0
0.412	0.588	0	0.717509	1	1	0.000399555	0
0.413	0.587	0	0.715772	1	1	0.000407197	0
0.414	0.586	0	0.714043	1	1	0.000414948	0
0.415	0.585	0	0.712322	1	1	0.000422808	0
0.416	0.584	0	0.71061	1	1	0.000430778	0
0.417	0.583	0	0.708906	1	1	0.000438859	0
0.418	0.582	0	0.70721	1	1	0.000447051	0
0.419	0.581	0	0.705522	1	1	0.000455357	0
0.42	0.58	0	0.703842	1	1	0.000463776	0
0.421	0.579	0	0.70217	1	1	0.000472309	0
0.422	0.578	0	0.700506	1	1	0.000480958	0
0.423	0.577	0	0.69885	1	1	0.000489724	0
0.424	0.576	0	0.697202	1	1	0.000498607	0
0.425	0.575	0	0.695562	1	1	0.000507607	0
0.426	0.574	0	0.693929	1	1	0.000516727	0
0.427	0.573	0	0.692304	1	1	0.000525967	0
0.428	0.572	0	0.690686	1	1	0.000535328	0
0.429	0.571	0	0.689076	1	1	0.000544811	0
0.43	0.57	0	0.687474	1	1	0.000554416	0
0.431	0.569	0	0.685879	1	1	0.000564145	0
0.432	0.568	0	0.684291	1	1	0.000573998	0
0.433	0.567	0	0.682711	1	1	0.000583977	0
0.434	0.566	0	0.681138	1	1	0.000594082	0
0.435	0.565	0	0.679572	1	1	0.000604314	0
0.436	0.564	0	0.678013	1	1	0.000614675	0
0.437	0.563	0	0.676462	1	1	0.000625164	0
0.438	0.562	0	0.674917	1	1	0.000635783	0
0.439	0.561	0	0.67338	1	1	0.000646533	0
0.44	0.56	0	0.671849	1	1	0.000657415	0
0.441	0.559	0	0.670326	1	1	0.000668429	0
0.442	0.558	0	0.668809	1	1	0.000679577	0
0.443	0.557	0	0.6673	1	1	0.000690859	0
0.444	0.556	0	0.665797	1	1	0.000702276	0
0.445	0.555	0	0.6643	1	1	0.000713829	0
0.446	0.554	0	0.662811	1	1	0.000725519	0
0.447	0.553	0	0.661328	1	1	0.000737347	0
0.448	0.552	0	0.659852	1	1	0.000749314	0
0.449	0.551	0	0.658382	1	1	0.00076142	0
0.45	0.55	0	0.656919	1	1	0.000773667	0
0.451	0.549	0	0.655463	1	1	0.000786055	0
0.452	0.548	0	0.654013	1	1	0.000798586	0
0.453	0.547	0	0.652569	1	1	0.00081126	0
0.454	0.546	0	0.651131	1	1	0.000824077	0
0.455	0.545	0	0.6497	1	1	0.000837039	0
0.456	0.544	0	0.648276	1	1	0.000850147	0
0.457	0.543	0	0.646857	1	1	0.000863402	0
0.458	0.542	0	0.645445	1	1	0.000876804	0
0.459	0.541	0	0.644039	1	1	0.000890354	0
0.46	0.54	0	0.642638	1	1	0.000904054	0
0.461	0.539	0	0.641244	1	1	0.000917903	0
0.462	0.538	0	0.639856	1	1	0.000931904	0
0.463	0.537	0	0.638475	1	1	0.000946055	0
0.464	0.536	0	0.637098	1	1	0.00096036	0
0.465	0.535	0	0.635728	1	1	0.000974818	0
0.466	0.534	0	0.634364	1	1	0.00098943	0
0.467	0.533	0	0.633006	1	1	0.0010042	0
0.468	0.532	0	0.631653	1	1	0.00101912	0
0.469	0.531	0	0.630306	1	1	0.0010342	0
0.47	0.53	0	0.628965	1	1	0.00104944	0
0.471	0.529	0	0.62763	1	1	0.00106483	0
0.472	0.528	0	0.6263	1	1	0.00108039	0
0.473	0.527	0	0.624976	1	1	0.0010961	0
0.474	0.526	0	0.623658	1	1	0.00111198	0
0.475	0.525	0	0.622345	1	1	0.00112801	0
0.476	0.524	0	0.621037	1	1	0.00114421	0
0.477	0.523	0	0.619735	1	1	0.00116058	0
0.478	0.522	0	0.618439	1	1	0.0011771	0
0.479	0.521	0	0.617148	1	1	0.0011938	0
0.48	0.52	0	0.615862	1	1	0.00121065	0
0.481	0.519	0	0.614581	1	1	0.00122768	0
0.482	0.518	0	0.613306	1	1	0.00124487	0
0.483	0.517	0	0.612037	1	1	0.00126223	0
0.484	0.516	0	0.610772	1	1	0.00127976	0
0.485	0.515	0	0.609513	1	1	0.00129745	0
0.486	0.514	0	0.608259	1	1	0.00131532	0
0.487	0.513	0	0.60701	1	1	0.00133336	0
0.488	0.512	0	0.605766	1	1	0.00135157	0
0.489	0.511	0	0.604527	1	1	0.00136996	0
0.49	0.51	0	0.603293	1	1	0.00138851	0
0.491	0.509	0	0.602065	1	1	0.00140724	0
0.492	0.508	0	0.600841	1	1	0.00142615	0
0.493	0.507	0	0.599622	1	1	0.00144523	0
0.494	0.506	0	0.598408	1	1	0.00146449	0
0.495	0.505	0	0.597199	1	1	0.00148393	0
0.496	0.504	0	0.595995	1	1	0.00150354	0
0.497	0.503	0	0.594796	1	1	0.00152334	0
0.498	0.502	0	0.593602	1	1	0.00154331	0
0.499	0.501	0	0.592412	1	1	0.00156346	0
0.5	0.5	0	0.591227	1	1	0.00158379	0
0.501	0.499	0	0.590047	1	1	0.00160431	0
0.502	0.498	0	0.588872	1	1	0.00162501	0
0.503	0.497	0	0.587701	1	1	0.00164589	0
0.504	0.496	0	0.586535	1	1	0.00166695	0
0.505	0.495	0	0.585374	1	1	0.0016882	0
0.506	0.494	0	0.584217	1	1	0.00170964	0
0.507	0.493	0	0.583064	1	1	0.00173126	0
0.508	0.492	0	0.581917	1	1	0.00175306	0
0.509	0.491	0	0.580773	1	1	0.00177506	0
0.51	0.49	0	0.579635	1	1	0.00179724	0
0.511	0.489	0	0.5785	1	1	0.00181961	0
0.512	0.488	0	0.57737	1	1	0.00184217	0
0.513	0.487	0	0.576245	1	1	0.00186493	0
0.514	0.486	0	0.575124	1	1	0.00188787	0
0.515	0.485	0	0.574007	1	1	0.001911	0
0.516	0.484	0	0.572895	1	1	0.00193433	0
0.517	0.483	0	0.571787	1	1	0.00195785	0
0.518	0.482	0	0.570683	1	1	0.00198156	0
0.519	0.481	0	0.569583	1	1	0.00200546	0
0.52	0.48	0	0.568488	1	1	0.00202956	0
0.521	0.479	0	0.567397	1	1	0.00205386	0
0.522	0.478	0	0.56631	1	1	0.00207835	0
0.523	0.477	0	0.565227	1	1	0.00210304	0
0.524	0.476	0	0.564148	1	1	0.00212793	0
0.525	0.475	0	0.563074	1	1	0.00215301	0
0.526	0.474	0	0.562003	1	1	0.0021783	0
0.527	0.473	0	0.560937	1	1	0.00220378	0
0.528	0.472	0	0.559874	1	1	0.00222946	0
0.529	0.471	0	0.558816	1	1	0.00225534	0
0.53	0.47	0	0.557762	1	1	0.00228143	0
0.531	0.469	0	0.556711	1	1	0.00230771	0
0.532	0.468	0	0.555665	1	1	0.0023342	0
0.533	0.467	0	0.554622	1	1	0.00236089	0
0.534	0.466	0	0.553584	1	1	0.00238778	0
0.535	0.465	0	0.552549	1	1	0.00241488	0
0.536	0.464	0	0.551518	1	1	0.00244219	0
0.537	0.463	0	0.550491	1	1	0.00246969	0
0.538	0.462	0	0.549468	1	1	0.00249741	0
0.539	0.461	0	0.548448	1	1	0.00252533	0
0.54	0.46	0	0.547433	1	1	0.00255346	0
0.541	0.459	0	0.546421	1	1	0.00258179	0
0.542	0.458	0	0.545413	1	1	0.00261034	0
0.543	0.457	0	0.544408	1	1	0.00263909	0
0.544	0.456	0	0.543408	1	1	0.00266805	0
0.545	0.455	0	0.54241	1	1	0.00269722	0
0.546	0.454	0	0.541417	1	1	0.0027266	0
0.547	0.453	0	0.540427	1	1	0.00275619	0
0.548	0.452	0	0.539441	1	1	0.002786	0
0.549	0.451	0	0.538458	1	1	0.00281601	0
0.55	0.45	0	0.537479	1	1	0.00284624	0
0.551	0.449	0	0.536504	1	1	0.00287668	0
0.552	0.448	0	0.535532	1	1	0.00290734	0
0.553	0.447	0	0.534564	1	1	0.0029382	0
0.554	0.446	0	0.533599	1	1	0.00296929	0
0.555	0.445	0	0.532637	1	1	0.00300059	0
0.556	0.444	0	0.531679	1	1	0.0030321	0
0.557	0.443	0	0.530725	1	1	0.00306383	0
0.558	0.442	0	0.529774	1	1	0.00309578	0
0.559	0.441	0	0.528826	1	1	0.00312794	0
0.56	0.44	0	0.527882	1	1	0.00316032	0
0.561	0.439	0	0.526941	1	1	0.00319292	0
0.562	0.438	0	0.526003	1	1	0.00322574	0
0.563	0.437	0	0.525069	1	1	0.00325877	0
0.564	0.436	0	0.524138	1	1	0.00329203	0
0.565	0.435	0	0.52321	1	1	0.0033255	0
0.566	0.434	0	0.522286	1	1	0.0033592	0
0.567	0.433	0	0.521365	1	1	0.00339311	0
0.568	0.432	0	0.520447	1	1	0.00342725	0
0.569	0.431	0	0.519532	1	1	0.00346161	0
0.57	0.43	0	0.518621	1	1	0.00349619	0
0.571	0.429	0	0.517712	1	1	0.003531	0
0.572	0.428	0	0.516807	1	1	0.00356602	0
0.573	0.427	0	0.515905	1	1	0.00360127	0
0.574	0.426	0	0.515006	1	1	0.00363675	0
0.575	0.425	0	0.514111	1	1	0.00367245	0
0.576	0.424	0	0.513218	1	1	0.00370837	0
0.577	0.423	0	0.512329	1	1	0.00374452	0
0.578	0.422	0	0.511442	1	1	0.00378089	0
0.579	0.421	0	0.510559	1	1	0.00381749	0
0.58	0.42	0	0.509679	1	1	0.00385432	0
0.581	0.419	0	0.508802	1	1	0.00389137	0
0.582	0.418	0	0.507927	1	1	0.00392865	0
0.583	0.417	0	0.507056	1	1	0.00396615	0
0.584	0.416	0	0.506188	1	1	0.00400389	0
0.585	0.415	0	0.505323	1	1	0.00404185	0
0.586	0.414	0	0.50446	1	1	0.00408004	0
0.587	0.413	0	0.503601	1	1	0.00411846	0
0.588	0.412	0	0.502744	1	1	0.00415711	0
0.589	0.411	0	0.501891	1	1	0.00419599	0
0.59	0.41	0	0.50104	1	1	0.0042351	0
0.591	0.409	0	0.500192	1	1	0.00427444	0
0.592	0.408	0	0.499347	1	1	0.00431401	0
0.593	0.407	0	0.498505	1	1	0.00435381	0
0.594	0.406	0	0.497666	1	1	0.00439384	0
0.595	0.405	0	0.49683	1	1	0.0044341	0
0.596	0.404	0	0.495996	1	1	0.0044746	0
0.597	0.403	0	0.495165	1	1	0.00451533	0
0.598	0.402	0	0.494337	1	1	0.00455629	0
0.599	0.401	0	0.493512	1	1	0.00459748	0
0.6	0.4	0	0.492689	1	1	0.00463891	0
0.601	0.399	0	0.49187	1	1	0.00468057	0
0.602	0.398	0	0.491053	1	1	0.00472246	0
0.603	0.397	0	0.490238	1	1	0.00476459	0
0.604	0.396	0	0.489427	1	1	0.00480695	0
0.605	0.395	0	0.488618	1	1	0.00484955	0
0.606	0.394	0	0.487811	1	1	0.00489238	0
0.607	0.393	0	0.487008	1	1	0.00493545	0
0.608	0.392	0	0.486207	1	1	0.00497875	0
0.609	0.391	0	0.485408	1	1	0.00502229	0
0.61	0.39	0	0.484613	1	1	0.00506607	0
0.611	0.389	0	0.483819	1	1	0.00511008	0
0.612	0.388	0	0.483029	1	1	0.00515433	0
0.613	0.387	0	0.482241	1	1	0.00519882	0
0.614	0.386	0	0.481456	1	1	0.00524354	0
0.615	0.385	0	0.480673	1	1	0.0052885	0
0.616	0.384	0	0.479892	1	1	0.0053337	0
0.617	0.383	0	0.479115	1	1	0.00537913	0
0.618	0.382	0	0.478339	1	1	0.0054248	0
0.619	0.381	0	0.477567	1	1	0.00547072	0
0.62	0.38	0	0.476796	1	1	0.00551687	0
0.621	0.379	0	0.476028	1	1	0.00556326	0
0.622	0.378	0	0.475263	1	1	0.00560989	0
0.623	0.377	0	0.4745	1	1	0.00565675	0
0.624	0.376	0	0.47374	1	1	0.00570386	0
0.625	0.375	0	0.472982	1	1	0.00575121	0
0.626	0.374	0	0.472226	1	1	0.00579879	0
0.627	0.373	0	0.471473	1	1	0.00584662	0
0.628	0.372	0	0.470722	1	1	0.00589469	0
0.629	0.371	0	0.469974	1	1	0.005943	0
0.63	0.37	0	0.469228	1	1	0.00599154	0
0.631	0.369	0	0.468484	1	1	0.00604033	0
0.632	0.368	0	0.467743	1	1	0.00608936	0
0.633	0.367	0	0.467004	1	1	0.00613863	0
0.634	0.366	0	0.466268	1	1	0.00618815	0
0.635	0.365	0	0.465533	1	1	0.0062379	0
0.636	0.364	0	0.464801	1	1	0.0062879	0
0.637	0.363	0	0.464072	1	1	0.00633813	0
0.638	0.362	0	0.463344	1	1	0.00638861	0
0.639	0.361	0	0.462619	1	1	0.00643933	0
0.64	0.36	0	0.461896	1	1	0.0064903	0
0.641	0.359	0	0.461176	1	1	0.00654151	0
0.642	0.358	0	0.460457	1	1	0.00659295	0
0.643	0.357	0	0.459741	1	1	0.00664465	0
0.644	0.356	0	0.459027	1	1	0.00669658	0
0.645	0.355	0	0.458316	1	1	0.00674876	0
0.646	0.354	0	0.457606	1	1	0.00680118	0
0.647	0.353	0	0.456899	1	1	0.00685384	0
0.648	0.352	0	0.456194	1	1	0.00690675	0
0.649	0.351	0	0.455491	1	1	0.0069599	0
0.65	0.35	0	0.45479	1	1	0.0070133	0
0.651	0.349	0	0.454092	1	1	0.00706693	0
0.652	0.348	0	0.453395	1	1	0.00712082	0
0.653	0.347	0	0.452701	1	1	0.00717494	0
0.654	0.346	0	0.452009	1	1	0.00722931	0
0.655	0.345	0	0.451319	1	1	0.00728393	0
0.656	0.344	0	0.450631	1	1	0.00733878	0
0.657	0.343	0	0.449945	1	1	0.00739389	0
0.658	0.342	0	0.449261	1	1	0.00744923	0
0.659	0.341	0	0.448579	1	1	0.00750482	0
0.66	0.34	0	0.4479	1	1	0.00756066	0
0.661	0.339	0	0.447222	1	1	0.00761674	0
0.662	0.338	0	0.446546	1	1	0.00767306	0
0.663	0.337	0	0.445873	1	1	0.00772963	0
0.664	0.336	0	0.445201	1	1	0.00778645	0
0.665	0.335	0	0.444532	1	1	0.00784351	0
0.666	0.334	0	0.443864	1	1	0.00790081	0
0.667	0.333	0	0.443199	1	1	0.00795836	0
0.668	0.332	0	0.442535	1	1	0.00801616	0
0.669	0.331	0	0.441874	1	1	0.0080742	0
0.67	0.33	0	0.441214	1	1	0.00813248	0
0.671	0.329	0	0.440557	1	1	0.00819101	0
0.672	0.328	0	0.439901	1	1	0.00824978	0
0.673	0.327	0	0.439248	1	1	0.0083088	0
0.674	0.326	0	0.438596	1	1	0.00836807	0
0.675	0.325	0	0.437946	1	1	0.00842758	0
0.676	0.324	0	0.437298	1	1	0.00848733	0
0.677	0.323	0	0.436652	1	1	0.00854733	0
0.678	0.322	0	0.436008	1	1	0.00860758	0
0.679	0.321	0	0.435366	1	1	0.00866807	0
0.68	0.32	0	0.434726	1	1	0.00872881	0
0.681	0.319	0	0.434088	1	1	0.00878979	0
0.682	0.318	0	0.433451	1	1	0.00885102	0
0.683	0.317	0	0.432817	1	1	0.00891249	0
0.684	0.316	0	0.432184	1	1	0.00897421	0
0.685	0.315	0	0.431553	1	1	0.00903617	0
0.686	0.314	0	0.430924	1	1	0.00909838	0
0.687	0.313	0	0.430296	1	1	0.00916084	0
0.688	0.312	0	0.429671	1	1	0.00922353	0
0.689	0.311	0	0.429047	1	1	0.00928648	0
0.69	0.31	0	0.428426	1	1	0.00934967	0
0.691	0.309	0	0.427806	1	1	0.0094131	0
0.692	0.308	0	0.427187	1	1	0.00947678	0
0.693	0.307	0	0.426571	1	1	0.00954071	0
0.694	0.306	0	0.425956	1	1	0.00960488	0
0.695	0.305	0	0.425343	1	1	0.00966929	0
0.696	0.304	0	0.424732	1	1	0.00973396	0
0.697	0.303	0	0.424123	1	1	0.00979886	0
0.698	0.302	0	0.423515	1	1	0.00986401	0
0.699	0.301	0	0.422909	1	1	0.00992941	0
0.7	0.3	0	0.422305	1	1	0.00999505	0
0.701	0.299	0	0.421703	1	1	0.0100609	0
0.702	0.298	0	0.421102	1	1	0.0101271	0
0.703	0.297	0	0.420503	1	1	0.0101934	0
0.704	0.296	0	0.419906	1	1	0.0102601	0
0.705	0.295	0	0.41931	1	1	0.0103269	0
0.706	0.294	0	0.418716	1	1	0.010394	0
0.707	0.293	0	0.418124	1	1	0.0104614	0
0.708	0.292	0	0.417533	1	1	0.010529	0
0.709	0.291	0	0.416945	1	1	0.0105968	0
0.71	0.29	0	0.416357	1	1	0.0106649	0
0.711	0.289	0	0.415772	1	1	0.0107332	0
0.712	0.288	0	0.415188	1	1	0.0108018	0
0.713	0.287	0	0.414605	1	1	0.0108706	0
0.714	0.286	0	0.414025	1	1	0.0109397	0
0.715	0.285	0	0.413446	1	1	0.011009	0
0.716	0.284	0	0.412868	1	1	0.0110785	0
0.717	0.283	0	0.412292	1	1	0.0111483	0
0.718	0.282	0	0.411718	1	1	0.0112184	0
0.719	0.281	0	0.411146	1	1	0.0112886	0
0.72	0.28	0	0.410575	1	1	0.0113592	0
0.721	0.279	0	0.410005	1	1	0.0114299	0
0.722	0.278	0	0.409437	1	1	0.0115009	0
0.723	0.277	0	0.408871	1	1	0.0115722	0
0.724	0.276	0	0.408306	1	1	0.0116437	0
0.725	0.275	0	0.407743	1	1	0.0117154	0
0.726	0.274	0	0.407181	1	1	0.0117874	0
0.727	0.273	0	0.406621	1	1	0.0118596	0
0.728	0.272	0	0.406063	1	1	0.0119321	0
0.729	0.271	0	0.405506	1	1	0.0120048	0
0.73	0.27	0	0.40495	1	1	0.0120777	0
0.731	0.269	0	0.404396	1	1	0.0121509	0
0.732	0.268	0	0.403844	1	1	0.0122244	0
0.733	0.267	0	0.403293	1	1	0.012298	0
0.734	0.266	0	0.402743	1	1	0.0123719	0
0.735	0.265	0	0.402196	1	1	0.0124461	0
0.736	0.264	0	0.401649	1	1	0.0125205	0
0.737	0.263	0	0.401104	1	1	0.0125951	0
0.738	0.262	0	0.400561	1	1	0.01267	0
0.739	0.261	0	0.400019	1	1	0.0127451	0
0.74	0.26	0	0.399478	1	1	0.0128205	0
0.741	0.259	0	0.398939	1	1	0.0128961	0
0.742	0.258	0	0.398401	1	1	0.0129719	0
0.743	0.257	0	0.397865	1	1	0.013048	0
0.744	0.256	0	0.39733	1	1	0.0131243	0
0.745	0.255	0	0.396797	1	1	0.0132009	0
0.746	0.254	0	0.396265	1	1	0.0132777	0
0.747	0.253	0	0.395735	1	1	0.0133547	0
0.748	0.252	0	0.395205	1	1	0.013432	0
0.749	0.251	0	0.394678	1	1	0.0135095	0
0.75	0.25	0	0.394152	1	1	0.0135873	0
0.751	0.249	0	0.393627	1	1	0.0136653	0
0.752	0.248	0	0.393103	1	1	0.0137435	0
0.753	0.247	0	0.392581	1	1	0.013822	0
0.754	0.246	0	0.392061	1	1	0.0139007	0
0.755	0.245	0	0.391541	1	1	0.0139796	0
0.756	0.244	0	0.391023	1	1	0.0140588	0
0.757	0.243	0	0.390507	1	1	0.0141382	0
0.758	0.242	0	0.389992	1	1	0.0142179	0
0.759	0.241	0	0.389478	1	1	0.0142978	0
0.76	0.24	0	0.388965	1	1	0.0143779	0
0.761	0.239	0	0.388454	1	1	0.0144583	0
0.762	0.238	0	0.387944	1	1	0.0145389	0
0.763	0.237	0	0.387436	1	1	0.0146198	0
0.764	0.236	0	0.386929	1	1	0.0147008	0
0.765	0.235	0	0.386423	1	1	0.0147822	0
0.766	0.234	0	0.385919	1	1	0.0148637	0
0.767	0.233	0	0.385416	1	1	0.0149455	0
0.768	0.232	0	0.384914	1	1	0.0150275	0
0.769	0.231	0	0.384413	1	1	0.0151098	0
0.77	0.23	0	0.383914	1	1	0.0151923	0
0.771	0.229	0	0.383416	1	1	0.015275	0
0.772	0.228	0	0.382919	1	1	0.015358	0
0.773	0.227	0	0.382424	1	1	0.0154412	0
0.774	0.226	0	0.38193	1	1	0.0155246	0
0.775	0.225	0	0.381437	1	1	0.0156082	0
0.776	0.224	0	0.380945	1	1	0.0156921	0
0.777	0.223	0	0.380455	1	1	0.0157763	0
0.778	0.222	0	0.379966	1	1	0.0158606	0
0.779	0.221	0	0.379478	1	1	0.0159452	0
0.78	0.22	0	0.378992	1	1	0.0160301	0
0.781	0.219	0	0.378507	1	1	0.0161151	0
0.782	0.218	0	0.378023	1	1	0.0162004	0
0.783	0.217	0	0.37754	1	1	0.0162859	0
0.784	0.216	0	0.377058	1	1	0.0163717	0
0.785	0.215	0	0.376578	1	1	0.0164577	0
0.786	0.214	0	0.376099	1	1	0.0165439	0
0.787	0.213	0	0.375621	1	1	0.0166303	0
0.788	0.212	0	0.375144	1	1	0.016717	0
0.789	0.211	0	0.374669	1	1	0.0168039	0
0.79	0.21	0	0.374195	1	1	0.0168911	0
0.791	0.209	0	0.373721	1	1	0.0169785	0
0.792	0.208	0	0.37325	1	1	0.0170661	0
0.793	0.207	0	0.372779	1	1	0.0171539	0
0.794	0.206	0	0.372309	1	1	0.0172419	0
0.795	0.205	0	0.371841	1	1	0.0173302	0
0.796	0.204	0	0.371374	1	1	0.0174187	0
0.797	0.203	0	0.370908	1	1	0.0175075	0
0.798	0.202	0	0.370443	1	1	0.0175965	0
0.799	0.201	0	0.36998	1	1	0.0176857	0
0.8	0.2	0	0.369517	1	1	0.0177751	0
0.801	0.199	0	0.369056	1	1	0.0178647	0
0.802	0.198	0	0.368596	1	1	0.0179546	0
0.803	0.197	0	0.368137	1	1	0.0180447	0
0.804	0.196	0	0.367679	1	1	0.0181351	0
0.805	0.195	0	0.367222	1	1	0.0182256	0
0.806	0.194	0	0.366766	1	1	0.0183164	0
0.807	0.193	0	0.366312	1	1	0.0184074	0
0.808	0.192	0	0.365859	1	1	0.0184987	0
0.809	0.191	0	0.365406	1	1	0.0185901	0
0.81	0.19	0	0.364955	1	1	0.0186818	0
0.811	0.189	0	0.364505	1	1	0.0187737	0
0.812	0.188	0	0.364056	1	1	0.0188659	0
0.813	0.187	0	0.363608	1	1	0.0189582	0
0.814	0.186	0	0.363162	1	1	0.0190508	0
0.815	0.185	0	0.362716	1	1	0.0191436	0
0.816	0.184	0	0.362272	1	1	0.0192366	0
0.817	0.183	0	0.361828	1	1	0.0193299	0
0.818	0.182	0	0.361386	1	1	0.0194234	0
0.819	0.181	0	0.360945	1	1	0.0195171	0
0.82	0.18	0	0.360505	1	1	0.019611	0
0.821	0.179	0	0.360065	1	1	0.0197051	0
0.822	0.178	0	0.359627	1	1	0.0197995	0
0.823	0.177	0	0.35919	1	1	0.0198941	0
0.824	0.176	0	0.358754	1	1	0.0199889	0
0.825	0.175	0	0.35832	1	1	0.0200839	0
0.826	0.174	0	0.357886	1	1	0.0201791	0
0.827	0.173	0	0.357453	1	1	0.0202746	0
0.828	0.172	0	0.357021	1	1	0.0203703	0
0.829	0.171	0	0.356591	1	1	0.0204662	0
0.83	0.17	0	0.356161	1	1	0.0205623	0
0.831	0.169	0	0.355732	1	1	0.0206586	0
0.832	0.168	0	0.355305	1	1	0.0207552	0
0.833	0.167	0	0.354878	1	1	0.020852	0
0.834	0.166	0	0.354453	1	1	0.020949	0
0.835	0.165	0	0.354028	1	1	0.0210462	0
0.836	0.164	0	0.353605	1	1	0.0211436	0
0.837	0.163	0	0.353182	1	1	0.0212412	0
0.838	0.162	0	0.352761	1	1	0.0213391	0
0.839	0.161	0	0.352341	1	1	0.0214372	0
0.84	0.16	0	0.351921	1	1	0.0215355	0
0.841	0.159	0	0.351503	1	1	0.021634	0
0.842	0.158	0	0.351085	1	1	0.0217327	0
0.843	0.157	0	0.350669	1	1	0.0218316	0
0.844	0.156	0	0.350253	1	1	0.0219308	0
0.845	0.155	0	0.349839	1	1	0.0220301	0
0.846	0.154	0	0.349425	1	1	0.0221297	0
0.847	0.153	0	0.349013	1	1	0.0222295	0
0.848	0.152	0	0.348601	1	1	0.0223295	0
0.849	0.151	0	0.34819	1	1	0.0224297	0
0.85	0.15	0	0.347781	1	1	0.0225301	0
0.851	0.149	0	0.347372	1	1	0.0226308	0
0.852	0.148	0	0.346964	1	1	0.0227316	0
0.853	0.147	0	0.346558	1	1	0.0228327	0
0.854	0.146	0	0.346152	1	1	0.022934	0
0.855	0.145	0	0.345747	1	1	0.0230355	0
0.856	0.144	0	0.345343	1	1	0.0231372	0
0.857	0.143	0	0.34494	1	1	0.0232391	0
0.858	0.142	0	0.344538	1	1	0.0233412	0
0.859	0.141	0	0.344137	1	1	0.0234435	0
0.86	0.14	0	0.343737	1	1	0.023546	0
0.861	0.139	0	0.343338	1	1	0.0236488	0
0.862	0.138	0	0.342939	1	1	0.0237517	0
0.863	0.137	0	0.342542	1	1	0.0238549	0
0.864	0.136	0	0.342145	1	1	0.0239583	0
0.865	0.135	0	0.34175	1	1	0.0240618	0
0.866	0.134	0	0.341355	1	1	0.0241656	0
0.867	0.133	0	0.340962	1	1	0.0242696	0
0.868	0.132	0	0.340569	1	1	0.0243738	0
0.869	0.131	0	0.340177	1	1	0.0244782	0
0.87	0.13	0	0.339786	1	1	0.0245828	0
0.871	0.129	0	0.339396	1	1	0.0246876	0
0.872	0.128	0	0.339007	1	1	0.0247926	0
0.873	0.127	0	0.338618	1	1	0.0248979	0
0.874	0.126	0	0.338231	1	1	0.0250033	0
0.875	0.125	0	0.337844	1	1	0.0251089	0
0.876	0.124	0	0.337459	1	1	0.0252147	0
0.877	0.123	0	0.337074	1	1	0.0253208	0
0.878	0.122	0	0.33669	1	1	0.025427	0
0.879	0.121	0	0.336307	1	1	0.0255335	0
0.88	0.12	0	0.335925	1	1	0.0256401	0
0.881	0.119	0	0.335543	1	1	0.0257469	0
0.882	0.118	0	0.335163	1	1	0.025854	0
0.883	0.117	0	0.334783	1	1	0.0259612	0
0.884	0.116	0	0.334405	1	1	0.0260687	0
0.885	0.115	0	0.334027	1	1	0.0261763	0
0.886	0.114	0	0.33365	1	1	0.0262842	0
0.887	0.113	0	0.333274	1	1	0.0263922	0
0.888	0.112	0	0.332898	1	1	0.0265005	0
0.889	0.111	0	0.332524	1	1	0.0266089	0
0.89	0.11	0	0.33215	1	1	0.0267176	0
0.891	0.109	0	0.331777	1	1	0.0268264	0
0.892	0.108	0	0.331405	1	1	0.0269355	0
0.893	0.107	0	0.331034	1	1	0.0270447	0
0.894	0.106	0	0.330664	1	1	0.0271541	0
0.895	0.105	0	0.330295	1	1	0.0272638	0
0.896	0.104	0	0.329926	1	1	0.0273736	0
0.897	0.103	0	0.329558	1	1	0.0274836	0
0.898	0.102	0	0.329191	1	1	0.0275938	0
0.899	0.101	0	0.328825	1	1	0.0277043	0
0.9	0.1	0	0.32846	1	1	0.0278149	0
0.901	0.099	0	0.328095	1	1	0.0279257	0
0.902	0.098	0	0.327731	1	1	0.0280367	0
0.903	0.097	0	0.327368	1	1	0.0281479	0
0.904	0.096	0	0.327006	1	1	0.0282593	0
0.905	0.095	0	0.326645	1	1	0.0283708	0
0.906	0.094	0	0.326284	1	1	0.0284826	0
0.907	0.093	0	0.325925	1	1	0.0285946	0
0.908	0.092	0	0.325566	1	1	0.0287067	0
0.909	0.091	0	0.325208	1	1	0.0288191	0
0.91	0.09	0	0.32485	1	1	0.0289316	0
0.911	0.089	0	0.324494	1	1	0.0290444	0
0.912	0.088	0	0.324138	1	1	0.0291573	0
0.913	0.087	0	0.323783	1	1	0.0292704	0
0.914	0.086	0	0.323429	1	1	0.0293837	0
0.915	0.085	0	0.323075	1	1	0.0294972	0
0.916	0.084	0	0.322722	1	1	0.0296109	0
0.917	0.083	0	0.32237	1	1	0.0297247	0
0.918	0.082	0	0.322019	1	1	0.0298388	0
0.919	0.081	0	0.321669	1	1	0.0299531	0
0.92	0.08	0	0.321319	1	1	0.0300675	0
0.921	0.079	0	0.32097	1	1	0.0301821	0
0.922	0.078	0	0.320622	1	1	0.0302969	0
0.923	0.077	0	0.320275	1	1	0.0304119	0
0.924	0.076	0	0.319928	1	1	0.0305271	0
0.925	0.075	0	0.319582	1	1	0.0306425	0
0.926	0.074	0	0.319237	1	1	0.030758	0
0.927	0.073	0	0.318893	1	1	0.0308738	0
0.928	0.072	0	0.318549	1	1	0.0309897	0
0.929	0.071	0	0.318206	1	1	0.0311058	0
0.93	0.07	0	0.317864	1	1	0.0312221	0
0.931	0.069	0	0.317523	1	1	0.0313385	0
0.932	0.068	0	0.317182	1	1	0.0314552	0
0.933	0.067	0	0.316842	1	1	0.031572	0
0.934	0.066	0	0.316503	1	1	0.0316891	0
0.935	0.065	0	0.316164	1	1	0.0318063	0
0.936	0.064	0	0.315827	1	1	0.0319237	0
0.937	0.063	0	0.31549	1	1	0.0320412	0
0.938	0.062	0	0.315153	1	1	0.032159	0
0.939	0.061	0	0.314818	1	1	0.0322769	0
0.94	0.06	0	0.314483	1	1	0.032395	0
0.941	0.059	0	0.314148	1	1	0.0325133	0
0.942	0.058	0	0.313815	1	1	0.0326318	0
0.943	0.057	0	0.313482	1	1	0.0327504	0
0.944	0.056	0	0.31315	1	1	0.0328692	0
0.945	0.055	0	0.312819	1	1	0.0329882	0
0.946	0.054	0	0.312488	1	1	0.0331074	0
0.947	0.053	0	0.312158	1	1	0.0332268	0
0.948	0.052	0	0.311829	1	1	0.0333463	0
0.949	0.051	0	0.3115	1	1	0.033466	0
0.95	0.05	0	0.311172	1	1	0.0335859	0
0.951	0.049	0	0.310845	1	1	0.033706	0
0.952	0.048	0	0.310519	1	1	0.0338262	0
0.953	0.047	0	0.310193	1	1	0.0339466	0
0.954	0.046	0	0.309868	1	1	0.0340672	0
0.955	0.045	0	0.309543	1	1	0.034188	0
0.956	0.044	0	0.309219	1	1	0.0343089	0
0.957	0.043	0	0.308896	1	1	0.0344301	0
0.958	0.042	0	0.308574	1	1	0.0345513	0
0.959	0.041	0	0.308252	1	1	0.0346728	0
0.96	0.04	0	0.307931	1	1	0.0347944	0
0.961	0.039	0	0.307611	1	1	0.0349162	0
0.962	0.038	0	0.307291	1	1	0.0350382	0
0.963	0.037	0	0.306972	1	1	0.0351604	0
0.964	0.036	0	0.306653	1	1	0.0352827	0
0.965	0.035	0	0.306335	1	1	0.0354052	0
0.966	0.034	0	0.306018	1	1	0.0355278	0
0.967	0.033	0	0.305702	1	1	0.0356507	0
0.968	0.032	0	0.305386	1	1	0.0357737	0
0.969	0.031	0	0.305071	1	1	0.0358968	0
0.97	0.03	0	0.304756	1	1	0.0360202	0
0.971	0.029	0	0.304443	1	1	0.0361437	0
0.972	0.028	0	0.304129	1	1	0.0362674	0
0.973	0.027	0	0.303817	1	1	0.0363912	0
0.974	0.026	0	0.303505	1	1	0.0365152	0
0.975	0.025	0	0.303194	1	1	0.0366394	0
0.976	0.024	0	0.302883	1	1	0.0367637	0
0.977	0.023	0	0.302573	1	1	0.0368882	0
0.978	0.022	0	0.302263	1	1	0.0370129	0
0.979	0.021	0	0.301955	1	1	0.0371377	0
0.98	0.02	0	0.301647	1	1	0.0372627	0
0.981	0.019	0	0.301339	1	1	0.0373879	0
0.982	0.018	0	0.301032	1	1	0.0375133	0
0.983	0.017	0	0.300726	1	1	0.0376387	0
0.984	0.016	0	0.30042	1	1	0.0377644	0
0.985	0.015	0	0.300115	1	1	0.0378902	0
0.986	0.014	0	0.299811	1	1	0.0380162	0
0.987	0.013	0	0.299507	1	1	0.0381424	0
0.988	0.012	0	0.299204	1	1	0.0382687	0
0.989	0.011	0	0.298902	1	1	0.0383952	0
0.99	0.01	0	0.2986	1	1	0.0385218	0
0.991	0.009	0	0.298298	1	1	0.0386486	0
0.992	0.008	0	0.297998	1	1	0.0387755	0
0.993	0.007	0	0.297698	1	1	0.0389027	0
0.994	0.006	0	0.297398	1	1	0.0390299	0
0.995	0.005	0	0.297099	1	1	0.0391574	0
0.996	0.004	0	0.296801	1	1	0.039285	0
0.997	0.003	0	0.296503	1	1	0.0394127	0
0.998	0.002	0	0.296206	1	1	0.0395406	0
0.999	0.001	0	0.29591	1	1	0.0396687	0
1	0	0	0.295614	1	1	0.0397969	0
1.001	-0.001	0	0.295318	1	1	0.0399253	0
1.002	-0.002	0	0.295024	1	1	0.0400538	0
1.003	-0.003	0	0.29473	1	1	0.0401825	0
1.004	-0.004	0	0.294436	1	1	0.0403114	0
1.005	-0.005	0	0.294143	1	1	0.0404404	0
1.006	-0.006	0	0.293851	1	1	0.0405695	0
1.007	-0.007	0	0.293559	1	1	0.0406989	0
1.008	-0.008	0	0.293268	1	1	0.0408283	0
1.009	-0.009	0	0.292977	1	1	0.040958	0
1.01	-0.01	0	0.292687	1	1	0.0410877	0
1.011	-0.011	0	0.292397	1	1	0.0412177	0
1.012	-0.012	0	0.292108	1	1	0.0413478	0
1.013	-0.013	0	0.29182	1	1	0.041478	0
1.014	-0.014	0	0.291532	1	1	0.0416084	0
1.015	-0.015	0	0.291245	1	1	0.0417389	0
1.016	-0.016	0	0.290958	1	1	0.0418696	0
1.017	-0.017	0	0.290672	1	1	0.0420005	0
1.018	-0.018	0	0.290387	1	1	0.0421315	0
1.019	-0.019	0	0.290102	1	1	0.0422626	0
1.02	-0.02	0	0.289817	1	1	0.0423939	0
1.021	-0.021	0	0.289533	1	1	0.0425253	0
1.022	-0.022	0	0.28925	1	1	0.0426569	0
1.023	-0.023	0	0.288967	1	1	0.0427887	0
1.024	-0.024	0	0.288685	1	1	0.0429206	0
1.025	-0.025	0	0.288404	1	1	0.0430526	0
1.026	-0.026	0	0.288123	1	1	0.0431848	0
1.027	-0.027	0	0.287842	1	1	0.0433171	0
1.028	-0.028	0	0.287562	1	1	0.0434496	0
1.029	-0.029	0	0.287283	1	1	0.0435822	0
1.03	-0.03	0	0.287004	1	1	0.043715	0
1.031	-0.031	0	0.286725	1	1	0.0438479	0
1.032	-0.032	0	0.286447	1	1	0.043981	0
1.033	-0.033	0	0.28617	1	1	0.0441142	0
1.034	-0.034	0	0.285893	1	1	0.0442475	0
1.035	-0.035	0	0.285617	1	1	0.044381	0
1.036	-0.036	0	0.285341	1	1	0.0445147	0
1.037	-0.037	0	0.285066	1	1	0.0446485	0
1.038	-0.038	0	0.284792	1	1	0.0447824	0
1.039	-0.039	0	0.284518	1	1	0.0449165	0
1.04	-0.04	0	0.284244	1	1	0.0450507	0
1.041	-0.041	0	0.283971	1	1	0.045185	0
1.042	-0.042	0	0.283698	1	1	0.0453195	0
1.043	-0.043	0	0.283426	1	1	0.0454542	0
1.044	-0.044	0	0.283155	1	1	0.0455889	0
1.045	-0.045	0	0.282884	1	1	0.0457239	0
1.046	-0.046	0	0.282613	1	1	0.0458589	0
1.047	-0.047	0	0.282344	1	1	0.0459941	0
1.048	-0.048	0	0.282074	1	1	0.0461295	0
1.049	-0.049	0	0.281805	1	1	0.0462649	0
1.05	-0.05	0	0.281537	1	1	0.0464006	0
1.051	-0.051	0	0.281269	1	1	0.0465363	0
1.052	-0.052	0	0.281002	1	1	0.0466722	0
1.053	-0.053	0	0.280735	1	1	0.0468082	0
1.054	-0.054	0	0.280468	1	1	0.0469444	0
1.055	-0.055	0	0.280203	1	1	0.0470807	0
1.056	-0.056	0	0.279937	1	1	0.0472172	0
1.057	-0.057	0	0.279672	1	1	0.0473537	0
1.058	-0.058	0	0.279408	1	1	0.0474904	0
1.059	-0.059	0	0.279144	1	1	0.0476273	0
1.06	-0.06	0	0.278881	1	1	0.0477643	0
1.061	-0.061	0	0.278618	1	1	0.0479014	0
1.062	-0.062	0	0.278356	1	1	0.0480386	0
1.063	-0.063	0	0.278094	1	1	0.048176	0
1.064	-0.064	0	0.277832	1	1	0.0483136	0
1.065	-0.065	0	0.277572	1	1	0.0484512	0
1.066	-0.066	0	0.277311	1	1	0.048589	0
1.067	-0.067	0	0.277051	1	1	0.0487269	0
1.068	-0.068	0	0.276792	1	1	0.048865	0
1.069	-0.069	0	0.276533	1	1	0.0490031	0
1.07	-0.07	0	0.276274	1	1	0.0491415	0
1.071	-0.071	0	0.276017	1	1	0.0492799	0
1.072	-0.072	0	0.275759	1	1	0.0494185	0
1.073	-0.073	0	0.275502	1	1	0.0495572	0
1.074	-0.074	0	0.275246	1	1	0.049696	0
1.075	-0.075	0	0.274989	1	1	0.049835	0
1.076	-0.076	0	0.274734	1	1	0.0499741	0
1.077	-0.077	0	0.274479	1	1	0.0501133	0
1.078	-0.078	0	0.274224	1	1	0.0502527	0
1.079	-0.079	0	0.27397	1	1	0.0503921	0
1.08	-0.08	0	0.273716	1	1	0.0505317	0
1.081	-0.081	0	0.273463	1	1	0.0506715	0
1.082	-0.082	0	0.27321	1	1	0.0508113	0
1.083	-0.083	0	0.272958	1	1	0.0509513	0
1.084	-0.084	0	0.272706	1	1	0.0510914	0
1.085	-0.085	0	0.272455	1	1	0.0512317	0
1.086	-0.086	0	0.272204	1	1	0.051372	0
1.087	-0.087	0	0.271954	1	1	0.0515125	0
1.088	-0.088	0	0.271704	1	1	0.0516532	0
1.089	-0.089	0	0.271454	1	1	0.0517939	0
1.09	-0.09	0	0.271205	1	1	0.0519348	0
1.091	-0.091	0	0.270957	1	1	0.0520758	0
1.092	-0.092	0	0.270709	1	1	0.0522169	0
1.093	-0.093	0	0.270461	1	1	0.0523581	0
1.094	-0.094	0	0.270214	1	1	0.0524995	0
1.095	-0.095	0	0.269967	1	1	0.0526409	0
1.096	-0.096	0	0.269721	1	1	0.0527825	0
1.097	-0.097	0	0.269475	1	1	0.0529243	0
1.098	-0.098	0	0.269229	1	1	0.0530661	0
1.099	-0.099	0	0.268984	1	1	0.0532081	0
1.1	-0.1	0	0.26874	1	1	0.0533502	0
1.101	-0.101	0	0.268496	1	1	0.0534924	0
1.102	-0.102	0	0.268252	1	1	0.0536347	0
1.103	-0.103	0	0.268009	1	1	0.0537772	0
1.104	-0.104	0	0.267766	1	1	0.0539197	0
1.105	-0.105	0	0.267524	1	1	0.0540624	0
1.106	-0.106	0	0.267282	1	1	0.0542052	0
1.107	-0.107	0	0.26704	1	1	0.0543481	0
1.108	-0.108	0	0.266799	1	1	0.0544912	0
1.109	-0.109	0	0.266559	1	1	0.0546343	0
1.11	-0.11	0	0.266319	1	1	0.0547776	0
1.111	-0.111	0	0.266079	1	1	0.054921	0
1.112	-0.112	0	0.26584	1	1	0.0550645	0
1.113	-0.113	0	0.265601	1	1	0.0552081	0
1.114	-0.114	0	0.265362	1	1	0.0553519	0
1.115	-0.115	0	0.265124	1	1	0.0554957	0
1.116	-0.116	0	0.264887	1	1	0.0556397	0
1.117	-0.117	0	0.26465	1	1	0.0557838	0
1.118	-0.118	0	0.264413	1	1	0.055928	0
1.119	-0.119	0	0.264177	1	1	0.0560723	0
1.12	-0.12	0	0.263941	1	1	0.0562167	0
1.121	-0.121	0	0.263705	1	1	0.0563613	0
1.122	-0.122	0	0.26347	1	1	0.0565059	0
1.123	-0.123	0	0.263236	1	1	0.0566507	0
1.124	-0.124	0	0.263002	1	1	0.0567956	0
1.125	-0.125	0	0.262768	1	1	0.0569406	0
1.126	-0.126	0	0.262534	1	1	0.0570857	0
1.127	-0.127	0	0.262301	1	1	0.0572309	0
1.128	-0.128	0	0.262069	1	1	0.0573762	0
1.129	-0.129	0	0.261837	1	1	0.0575216	0
1.13	-0.13	0	0.261605	1	1	0.0576672	0
1.131	-0.131	0	0.261374	1	1	0.0578128	0
1.132	-0.132	0	0.261143	1	1	0.0579586	0
1.133	-0.133	0	0.260912	1	1	0.0581045	0
1.134	-0.134	0	0.260682	1	1	0.0582505	0
1.135	-0.135	0	0.260453	1	1	0.0583965	0
1.136	-0.136	0	0.260223	1	1	0.0585427	0
1.137	-0.137	0	0.259994	1	1	0.058689	0
1.138	-0.138	0	0.259766	1	1	0.0588355	0
1.139	-0.139	0	0.259538	1	1	0.058982	0
1.14	-0.14	0	0.25931	1	1	0.0591286	0
1.141	-0.141	0	0.259083	1	1	0.0592754	0
1.142	-0.142	0	0.258856	1	1	0.0594222	0
1.143	-0.143	0	0.25863	1	1	0.0595691	0
1.144	-0.144	0	0.258404	1	1	0.0597162	0
1.145	-0.145	0	0.258178	1	1	0.0598634	0
1.146	-0.146	0	0.257953	1	1	0.0600106	0
1.147	-0.147	0	0.257728	1	1	0.060158	0
1.148	-0.148	0	0.257503	1	1	0.0603055	0
1.149	-0.149	0	0.257279	1	1	0.060453	0
1.15	-0.15	0	0.257055	1	1	0.0606007	0
1.151	-0.151	0	0.256832	1	1	0.0607485	0
1.152	-0.152	0	0.256609	1	1	0.0608964	0
1.153	-0.153	0	0.256387	1	1	0.0610444	0
1.154	-0.154	0	0.256164	1	1	0.0611925	0
1.155	-0.155	0	0.255943	1	1	0.0613407	0
1.156	-0.156	0	0.255721	1	1	0.0614889	0
1.157	-0.157	0	0.2555	1	1	0.0616373	0
1.158	-0.158	0	0.25528	1	1	0.0617858	0
1.159	-0.159	0	0.255059	1	1	0.0619344	0
1.16	-0.16	0	0.254839	1	1	0.0620831	0
1.161	-0.161	0	0.25462	1	1	0.0622319	0
1.162	-0.162	0	0.254401	1	1	0.0623808	0
1.163	-0.163	0	0.254182	1	1	0.0625298	0
1.164	-0.164	0	0.253964	1	1	0.0626789	0
1.165	-0.165	0	0.253746	1	1	0.0628281	0
1.166	-0.166	0	0.253528	1	1	0.0629774	0
1.167	-0.167	0	0.253311	1	1	0.0631268	0
1.168	-0.168	0	0.253094	1	1	0.0632763	0
1.169	-0.169	0	0.252877	1	1	0.0634259	0
1.17	-0.17	0	0.252661	1	1	0.0635755	0
1.171	-0.171	0	0.252446	1	1	0.0637253	0
1.172	-0.172	0	0.25223	1	1	0.0638752	0
1.173	-0.173	0	0.252015	1	1	0.0640252	0
1.174	-0.174	0	0.2518	1	1	0.0641752	0
1.175	-0.175	0	0.251586	1	1	0.0643254	0
1.176	-0.176	0	0.251372	1	1	0.0644757	0
1.177	-0.177	0	0.251159	1	1	0.064626	0
1.178	-0.178	0	0.250945	1	1	0.0647764	0
1.179	-0.179	0	0.250733	1	1	0.064927	0
1.18	-0.18	0	0.25052	1	1	0.0650776	0
1.181	-0.181	0	0.250308	1	1	0.0652284	0
1.182	-0.182	0	0.250096	1	1	0.0653792	0
1.183	-0.183	0	0.249885	1	1	0.0655301	0
1.184	-0.184	0	0.249674	1	1	0.0656811	0
1.185	-0.185	0	0.249463	1	1	0.0658322	0
1.186	-0.186	0	0.249253	1	1	0.0659834	0
1.187	-0.187	0	0.249043	1	1	0.0661347	0
1.188	-0.188	0	0.248833	1	1	0.066286	0
1.189	-0.189	0	0.248624	1	1	0.0664375	0
1.19	-0.19	0	0.248415	1	1	0.0665891	0
1.191	-0.191	0	0.248206	1	1	0.0667407	0
1.192	-0.192	0	0.247998	1	1	0.0668924	0
1.193	-0.193	0	0.24779	1	1	0.0670443	0
1.194	-0.194	0	0.247583	1	1	0.0671962	0
1.195	-0.195	0	0.247375	1	1	0.0673482	0
1.196	-0.196	0	0.247169	1	1	0.0675003	0
1.197	-0.197	0	0.246962	1	1	0.0676525	0
1.198	-0.198	0	0.246756	1	1	0.0678047	0
1.199	-0.199	0	0.24655	1	1	0.0679571	0
1.2	-0.2	0	0.246345	1	1	0.0681095	0
1.201	-0.201	0	0.24614	1	1	0.0682621	0
1.202	-0.202	0	0.245935	1	1	0.0684147	0
1.203	-0.203	0	0.24573	1	1	0.0685674	0
1.204	-0.204	0	0.245526	1	1	0.0687202	0
1.205	-0.205	0	0.245323	1	1	0.068873	0
1.206	-0.206	0	0.245119	1	1	0.069026	0
1.207	-0.207	0	0.244916	1	1	0.0691791	0
1.208	-0.208	0	0.244713	1	1	0.0693322	0
1.209	-0.209	0	0.244511	1	1	0.0694854	0
1.21	-0.21	0	0.244309	1	1	0.0696387	0
1.211	-0.211	0	0.244107	1	1	0.0697921	0
1.212	-0.212	0	0.243906	1	1	0.0699456	0
1.213	-0.213	0	0.243705	1	1	0.0700991	0
1.214	-0.214	0	0.243504	1	1	0.0702528	0
1.215	-0.215	0	0.243303	1	1	0.0704065	0
1.216	-0.216	0	0.243103	1	1	0.0705603	0
1.217	-0.217	0	0.242904	1	1	0.0707142	0
1.218	-0.218	0	0.242704	1	1	0.0708681	0
1.219	-0.219	0	0.242505	1	1	0.0710222	0
1.22	-0.22	0	0.242306	1	1	0.0711763	0
1.221	-0.221	0	0.242108	1	1	0.0713305	0
1.222	-0.222	0	0.24191	1	1	0.0714848	0
1.223	-0.223	0	0.241712	1	1	0.0716392	0
1.224	-0.224	0	0.241514	1	1	0.0717937	0
1.225	-0.225	0	0.241317	1	1	0.0719482	0
1.226	-0.226	0	0.24112	1	1	0.0721028	0
1.227	-0.227	0	0.240924	1	1	0.0722575	0
1.228	-0.228	0	0.240728	1	1	0.0724123	0
1.229	-0.229	0	0.240532	1	1	0.0725671	0
1.23	-0.23	0	0.240336	1	1	0.0727221	0
1.231	-0.231	0	0.240141	1	1	0.0728771	0
1.232	-0.232	0	0.239946	1	1	0.0730322	0
1.233	-0.233	0	0.239752	1	1	0.0731873	0
1.234	-0.234	0	0.239557	1	1	0.0733426	0
1.235	-0.235	0	0.239363	1	1	0.0734979	0
1.236	-0.236	0	0.23917	1	1	0.0736533	0
1.237	-0.237	0	0.238976	1	1	0.0738087	0
1.238	-0.238	0	0.238783	1	1	0.0739643	0
1.239	-0.239	0	0.238591	1	1	0.0741199	0
1.24	-0.24	0	0.238398	1	1	0.0742756	0
1.241	-0.241	0	0.238206	1	1	0.0744314	0
1.242	-0.242	0	0.238014	1	1	0.0745872	0
1.243	-0.243	0	0.237823	1	1	0.0747432	0
1.244	-0.244	0	0.237632	1	1	0.0748992	0
1.245	-0.245	0	0.237441	1	1	0.0750552	0
1.246	-0.246	0	0.23725	1	1	0.0752114	0
1.247	-0.247	0	0.23706	1	1	0.0753676	0
1.248	-0.248	0	0.23687	1	1	0.0755239	0
1.249	-0.249	0	0.23668	1	1	0.0756803	0
1.25	-0.25	0	0.236491	1	1	0.0758367	0
1.251	-0.251	0	0.236302	1	1	0.0759932	0
1.252	-0.252	0	0.236113	1	1	0.0761498	0
1.253	-0.253	0	0.235925	1	1	0.0763065	0
1.254	-0.254	0	0.235737	1	1	0.0764632	0
1.255	-0.255	0	0.235549	1	1	0.07662	0
1.256	-0.256	0	0.235361	1	1	0.0767769	0
1.257	-0.257	0	0.235174	1	1	0.0769338	0
1.258	-0.258	0	0.234987	1	1	0.0770908	0
1.259	-0.259	0	0.2348	1	1	0.0772479	0
1.26	-0.26	0	0.234614	1	1	0.0774051	0
1.261	-0.261	0	0.234428	1	1	0.0775623	0
1.262	-0.262	0	0.234242	1	1	0.0777196	0
1.263	-0.263	0	0.234057	1	1	0.0778769	0
1.264	-0.264	0	0.233872	1	1	0.0780344	0
1.265	-0.265	0	0.233687	1	1	0.0781919	0
1.266	-0.266	0	0.233502	1	1	0.0783494	0
1.267	-0.267	0	0.233318	1	1	0.0785071	0
1.268	-0.268	0	0.233134	1	1	0.0786648	0
1.269	-0.269	0	0.23295	1	1	0.0788225	0
1.27	-0.27	0	0.232767	1	1	0.0789804	0
1.271	-0.271	0	0.232584	1	1	0.0791383	0
1.272	-0.272	0	0.232401	1	1	0.0792963	0
1.273	-0.273	0	0.232218	1	1	0.0794543	0
1.274	-0.274	0	0.232036	1	1	0.0796124	0
1.275	-0.275	0	0.231854	1	1	0.0797706	0
1.276	-0.276	0	0.231672	1	1	0.0799288	0
1.277	-0.277	0	0.231491	1	1	0.0800871	0
1.278	-0.278	0	0.23131	1	1	0.0802455	0
1.279	-0.279	0	0.231129	1	1	0.0804039	0
1.28	-0.28	0	0.230948	1	1	0.0805624	0
1.281	-0.281	0	0.230768	1	1	0.0807209	0
1.282	-0.282	0	0.230588	1	1	0.0808796	0
1.283	-0.283	0	0.230408	1	1	0.0810383	0
1.284	-0.284	0	0.230229	1	1	0.081197	0
1.285	-0.285	0	0.23005	1	1	0.0813558	0
1.286	-0.286	0	0.229871	1	1	0.0815147	0
1.287	-0.287	0	0.229692	1	1	0.0816736	0
1.288	-0.288	0	0.229514	1	1	0.0818326	0
1.289	-0.289	0	0.229336	1	1	0.0819917	0
1.29	-0.29	0	0.229158	1	1	0.0821508	0
1.291	-0.291	0	0.22898	1	1	0.08231	0
1.292	-0.292	0	0.228803	1	1	0.0824693	0
1.293	-0.293	0	0.228626	1	1	0.0826286	0
1.294	-0.294	0	0.22845	1	1	0.0827879	0
1.295	-0.295	0	0.228273	1	1	0.0829474	0
1.296	-0.296	0	0.228097	1	1	0.0831069	0
1.297	-0.297	0	0.227921	1	1	0.0832664	0
1.298	-0.298	0	0.227746	1	1	0.083426	0
1.299	-0.299	0	0.22757	1	1	0.0835857	0
1.3	-0.3	0	0.227395	1	1	0.0837454	0
1.301	-0.301	0	0.22722	1	1	0.0839052	0
1.302	-0.302	0	0.227046	1	1	0.0840651	0
1.303	-0.303	0	0.226872	1	1	0.084225	0
1.304	-0.304	0	0.226698	1	1	0.0843849	0
1.305	-0.305	0	0.226524	1	1	0.0845449	0
1.306	-0.306	0	0.22635	1	1	0.084705	0
1.307	-0.307	0	0.226177	1	1	0.0848652	0
1.308	-0.308	0	0.226004	1	1	0.0850254	0
1.309	-0.309	0	0.225832	1	1	0.0851856	0
1.31	-0.31	0	0.225659	1	1	0.0853459	0
1.311	-0.311	0	0.225487	1	1	0.0855063	0
1.312	-0.312	0	0.225315	1	1	0.0856667	0
1.313	-0.313	0	0.225144	1	1	0.0858272	0
1.314	-0.314	0	0.224972	1	1	0.0859877	0
1.315	-0.315	0	0.224801	1	1	0.0861483	0
1.316	-0.316	0	0.22463	1	1	0.0863089	0
1.317	-0.317	0	0.22446	1	1	0.0864696	0
1.318	-0.318	0	0.22429	1	1	0.0866304	0
1.319	-0.319	0	0.22412	1	1	0.0867912	0
1.32	-0.32	0	0.22395	1	1	0.0869521	0
1.321	-0.321	0	0.22378	1	1	0.087113	0
1.322	-0.322	0	0.223611	1	1	0.0872739	0
1.323	-0.323	0	0.223442	1	1	0.087435	0
1.324	-0.324	0	0.223273	1	1	0.087596	0
1.325	-0.325	0	0.223105	1	1	0.0877572	0
1.326	-0.326	0	0.222936	1	1	0.0879183	0
1.327	-0.327	0	0.222768	1	1	0.0880796	0
1.328	-0.328	0	0.222601	1	1	0.0882409	0
1.329	-0.329	0	0.222433	1	1	0.0884022	0
1.33	-0.33	0	0.222266	1	1	0.0885636	0
1.331	-0.331	0	0.222099	1	1	0.088725	0
1.332	-0.332	0	0.221932	1	1	0.0888865	0
1.333	-0.333	0	0.221766	1	1	0.0890481	0
1.334	-0.334	0	0.221599	1	1	0.0892097	0
1.335	-0.335	0	0.221433	1	1	0.0893713	0
1.336	-0.336	0	0.221268	1	1	0.089533	0
1.337	-0.337	0	0.221102	1	1	0.0896947	0
1.338	-0.338	0	0.220937	1	1	0.0898565	0
1.339	-0.339	0	0.220772	1	1	0.0900184	0
1.34	-0.34	0	0.220607	1	1	0.0901803	0
1.341	-0.341	0	0.220443	1	1	0.0903422	0
1.342	-0.342	0	0.220278	1	1	0.0905042	0
1.343	-0.343	0	0.220114	1	1	0.0906662	0
1.344	-0.344	0	0.219951	1	1	0.0908283	0
1.345	-0.345	0	0.219787	1	1	0.0909905	0
1.346	-0.346	0	0.219624	1	1	0.0911526	0
1.347	-0.347	0	0.219461	1	1	0.0913149	0
1.348	-0.348	0	0.219298	1	1	0.0914771	0
1.349	-0.349	0	0.219135	1	1	0.0916395	0
1.35	-0.35	0	0.218973	1	1	0.0918018	0
1.351	-0.351	0	0.218811	1	1	0.0919643	0
1.352	-0.352	0	0.218649	1	1	0.0921267	0
1.353	-0.353	0	0.218488	1	1	0.0922892	0
1.354	-0.354	0	0.218326	1	1	0.0924518	0
1.355	-0.355	0	0.218165	1	1	0.0926144	0
1.356	-0.356	0	0.218004	1	1	0.092777	0
1.357	-0.357	0	0.217844	1	1	0.0929397	0
1.358	-0.358	0	0.217683	1	1	0.0931025	0
1.359	-0.359	0	0.217523	1	1	0.0932653	0
1.36	-0.36	0	0.217363	1	1	0.0934281	0
1.361	-0.361	0	0.217203	1	1	0.093591	0
1.362	-0.362	0	0.217044	1	1	0.0937539	0
1.363	-0.363	0	0.216885	1	1	0.0939168	0
1.364	-0.364	0	0.216726	1	1	0.0940799	0
1.365	-0.365	0	0.216567	1	1	0.0942429	0
1.366	-0.366	0	0.216408	1	1	0.094406	0
1.367	-0.367	0	0.21625	1	1	0.0945691	0
1.368	-0.368	0	0.216092	1	1	0.0947323	0
1.369	-0.369	0	0.215934	1	1	0.0948955	0
1.37	-0.37	0	0.215776	1	1	0.0950588	0
1.371	-0.371	0	0.215619	1	1	0.0952221	0
1.372	-0.372	0	0.215462	1	1	0.0953854	0
1.373	-0.373	0	0.215305	1	1	0.0955488	0
1.374	-0.374	0	0.215148	1	1	0.0957123	0
1.375	-0.375	0	0.214992	1	1	0.0958757	0
1.376	-0.376	0	0.214836	1	1	0.0960392	0
1.377	-0.377	0	0.21468	1	1	0.0962028	0
1.378	-0.378	0	0.214524	1	1	0.0963664	0
1.379	-0.379	0	0.214368	1	1	0.09653	0
1.38	-0.38	0	0.214213	1	1	0.0966937	0
1.381	-0.381	0	0.214058	1	1	0.0968574	0
1.382	-0.382	0	0.213903	1	1	0.0970212	0
1.383	-0.383	0	0.213748	1	1	0.0971849	0
1.384	-0.384	0	0.213594	1	1	0.0973488	0
1.385	-0.385	0	0.213439	1	1	0.0975126	0
1.386	-0.386	0	0.213285	1	1	0.0976766	0
1.387	-0.387	0	0.213132	1	1	0.0978405	0
1.388	-0.388	0	0.212978	1	1	0.0980045	0
1.389	-0.389	0	0.212825	1	1	0.0981685	0
1.39	-0.39	0	0.212672	1	1	0.0983326	0
1.391	-0.391	0	0.212519	1	1	0.0984967	0
1.392	-0.392	0	0.212366	1	1	0.0986608	0
1.393	-0.393	0	0.212214	1	1	0.098825	0
1.394	-0.394	0	0.212061	1	1	0.0989892	0
1.395	-0.395	0	0.211909	1	1	0.0991534	0
1.396	-0.396	0	0.211758	1	1	0.0993177	0
1.397	-0.397	0	0.211606	1	1	0.0994821	0
1.398	-0.398	0	0.211455	1	1	0.0996464	0
1.399	-0.399	0	0.211304	1	1	0.0998108	0
1.4	-0.4	0	0.211153	1	1	0.0999752	0
1.401	-0.401	0	0.211002	1	1	0.10014	0
1.402	-0.402	0	0.210851	1	1	0.100304	0
1.403	-0.403	0	0.210701	1	1	0.100469	0
1.404	-0.404	0	0.210551	1	1	0.100633	0
1.405	-0.405	0	0.210401	1	1	0.100798	0
1.406	-0.406	0	0.210252	1	1	0.100963	0
1.407	-0.407	0	0.210102	1	1	0.101127	0
1.408	-0.408	0	0.209953	1	1	0.101292	0
1.409	-0.409	0	0.209804	1	1	0.101457	0
1.41	-0.41	0	0.209655	1	1	0.101621	0
1.411	-0.411	0	0.209507	1	1	0.101786	0
1.412	-0.412	0	0.209358	1	1	0.101951	0
1.413	-0.413	0	0.20921	1	1	0.102116	0
1.414	-0.414	0	0.209062	1	1	0.102281	0
1.415	-0.415	0	0.208914	1	1	0.102446	0
1.416	-0.416	0	0.208767	1	1	0.102611	0
1.417	-0.417	0	0.208619	1	1	0.102776	0
1.418	-0.418	0	0.208472	1	1	0.102941	0
1.419	-0.419	0	0.208325	1	1	0.103106	0
1.42	-0.42	0	0.208179	1	1	0.103271	0
1.421	-0.421	0	0.208032	1	1	0.103436	0
1.422	-0.422	0	0.207886	1	1	0.103601	0
1.423	-0.423	0	0.20774	1	1	0.103767	0
1.424	-0.424	0	0.207594	1	1	0.103932	0
1.425	-0.425	0	0.207448	1	1	0.104097	0
1.426	-0.426	0	0.207303	1	1	0.104262	0
1.427	-0.427	0	0.207157	1	1	0.104428	0
1.428	-0.428	0	0.207012	1	1	0.104593	0
1.429	-0.429	0	0.206868	1	1	0.104758	0
1.43	-0.43	0	0.206723	1	1	0.104924	0
1.431	-0.431	0	0.206578	1	1	0.105089	0
1.432	-0.432	0	0.206434	1	1	0.105255	0
1.433	-0.433	0	0.20629	1	1	0.10542	0
1.434	-0.434	0	0.206146	1	1	0.105586	0
1.435	-0.435	0	0.206003	1	1	0.105751	0
1.436	-0.436	0	0.205859	1	1	0.105917	0
1.437	-0.437	0	0.205716	1	1	0.106082	0
1.438	-0.438	0	0.205573	1	1	0.106248	0
1.439	-0.439	0	0.20543	1	1	0.106414	0
1.44	-0.44	0	0.205287	1	1	0.106579	0
1.441	-0.441	0	0.205145	1	1	0.106745	0
1.442	-0.442	0	0.205003	1	1	0.106911	0
1.443	-0.443	0	0.20486	1	1	0.107077	0
1.444	-0.444	0	0.204719	1	1	0.107242	0
1.445	-0.445	0	0.204577	1	1	0.107408	0
1.446	-0.446	0	0.204435	1	1	0.107574	0
1.447	-0.447	0	0.204294	1	1	0.10774	0
1.448	-0.448	0	0.204153	1	1	0.107906	0
1.449	-0.449	0	0.204012	1	1	0.108072	0
1.45	-0.45	0	0.203872	1	1	0.108238	0
1.451	-0.451	0	0.203731	1	1	0.108404	0
1.452	-0.452	0	0.203591	1	1	0.10857	0
1.453	-0.453	0	0.203451	1	1	0.108736	0
1.454	-0.454	0	0.203311	1	1	0.108902	0
1.455	-0.455	0	0.203171	1	1	0.109068	0
1.456	-0.456	0	0.203031	1	1	0.109234	0
1.457	-0.457	0	0.202892	1	1	0.1094	0
1.458	-0.458	0	0.202753	1	1	0.109566	0
1.459	-0.459	0	0.202614	1	1	0.109733	0
1.46	-0.46	0	0.202475	1	1	0.109899	0
1.461	-0.461	0	0.202337	1	1	0.110065	0
1.462	-0.462	0	0.202198	1	1	0.110231	0
1.463	-0.463	0	0.20206	1	1	0.110398	0
1.464	-0.464	0	0.201922	1	1	0.110564	0
1.465	-0.465	0	0.201784	1	1	0.11073	0
1.466	-0.466	0	0.201646	1	1	0.110896	0
1.467	-0.467	0	0.201509	1	1	0.111063	0
1.468	-0.468	0	0.201372	1	1	0.111229	0
1.469	-0.469	0	0.201235	1	1	0.111396	0
1.47	-0.47	0	0.201098	1	1	0.111562	0
1.471	-0.471	0	0.200961	1	1	0.111729	0
1.472	-0.472	0	0.200825	1	1	0.111895	0
1.473	-0.473	0	0.200688	1	1	0.112062	0
1.474	-0.474	0	0.200552	1	1	0.112228	0
1.475	-0.475	0	0.200416	1	1	0.112395	0
1.476	-0.476	0	0.20028	1	1	0.112561	0
1.477	-0.477	0	0.200145	1	1	0.112728	0
1.478	-0.478	0	0.200009	1	1	0.112894	0
1.479	-0.479	0	0.199874	1	1	0.113061	0
1.48	-0.48	0	0.199739	1	1	0.113228	0
1.481	-0.481	0	0.199604	1	1	0.113394	0
1.482	-0.482	0	0.199469	1	1	0.113561	0
1.483	-0.483	0	0.199335	1	1	0.113728	0
1.484	-0.484	0	0.199201	1	1	0.113894	0
1.485	-0.485	0	0.199066	1	1	0.114061	0
1.486	-0.486	0	0.198932	1	1	0.114228	0
1.487	-0.487	0	0.198799	1	1	0.114395	0
1.488	-0.488	0	0.198665	1	1	0.114561	0
1.489	-0.489	0	0.198532	1	1	0.114728	0
1.49	-0.49	0	0.198398	1	1	0.114895	0
1.491	-0.491	0	0.198265	1	1	0.115062	0
1.492	-0.492	0	0.198133	1	1	0.115229	0
1.493	-0.493	0	0.198	1	1	0.115396	0
1.494	-0.494	0	0.197867	1	1	0.115563	0
1.495	-0.495	0	0.197735	1	1	0.11573	0
1.496	-0.496	0	0.197603	1	1	0.115897	0
1.497	-0.497	0	0.197471	1	1	0.116063	0
1.498	-0.498	0	0.197339	1	1	0.11623	0
1.499	-0.499	0	0.197207	1	1	0.116397	0
1.5	-0.5	0	0.197076	1	1	0.116564	0
1.501	-0.501	0	0.196945	1	1	0.116732	0
1.502	-0.502	0	0.196813	1	1	0.116899	0
1.503	-0.503	0	0.196682	1	1	0.117066	0
1.504	-0.504	0	0.196552	1	1	0.117233	0
1.505	-0.505	0	0.196421	1	1	0.1174	0
1.506	-0.506	0	0.196291	1	1	0.117567	0
1.507	-0.507	0	0.19616	1	1	0.117734	0
1.508	-0.508	0	0.19603	1	1	0.117901	0
1.509	-0.509	0	0.1959	1	1	0.118068	0
1.51	-0.51	0	0.195771	1	1	0.118236	0
1.511	-0.511	0	0.195641	1	1	0.118403	0
1.512	-0.512	0	0.195512	1	1	0.11857	0
1.513	-0.513	0	0.195382	1	1	0.118737	0
1.514	-0.514	0	0.195253	1	1	0.118904	0
1.515	-0.515	0	0.195125	1	1	0.119072	0
1.516	-0.516	0	0.194996	1	1	0.119239	0
1.517	-0.517	0	0.194867	1	1	0.119406	0
1.518	-0.518	0	0.194739	1	1	0.119573	0
1.519	-0.519	0	0.194611	1	1	0.119741	0
1.52	-0.52	0	0.194483	1	1	0.119908	0
1.521	-0.521	0	0.194355	1	1	0.120075	0
1.522	-0.522	0	0.194227	1	1	0.120243	0
1.523	-0.523	0	0.1941	1	1	0.12041	0
1.524	-0.524	0	0.193972	1	1	0.120577	0
1.525	-0.525	0	0.193845	1	1	0.120745	0
1.526	-0.526	0	0.193718	1	1	0.120912	0
1.527	-0.527	0	0.193591	1	1	0.12108	0
1.528	-0.528	0	0.193464	1	1	0.121247	0
1.529	-0.529	0	0.193338	1	1	0.121414	0
1.53	-0.53	0	0.193212	1	1	0.121582	0
1.531	-0.531	0	0.193085	1	1	0.121749	0
1.532	-0.532	0	0.192959	1	1	0.121917	0
1.533	-0.533	0	0.192833	1	1	0.122084	0
1.534	-0.534	0	0.192708	1	1	0.122252	0
1.535	-0.535	0	0.192582	1	1	0.122419	0
1.536	-0.536	0	0.192457	1	1	0.122587	0
1.537	-0.537	0	0.192332	1	1	0.122754	0
1.538	-0.538	0	0.192207	1	1	0.122922	0
1.539	-0.539	0	0.192082	1	1	0.123089	0
1.54	-0.54	0	0.191957	1	1	0.123257	0
1.541	-0.541	0	0.191832	1	1	0.123424	0
1.542	-0.542	0	0.191708	1	1	0.123592	0
1.543	-0.543	0	0.191584	1	1	0.12376	0
1.544	-0.544	0	0.19146	1	1	0.123927	0
1.545	-0.545	0	0.191336	1	1	0.124095	0
1.546	-0.546	0	0.191212	1	1	0.124262	0
1.547	-0.547	0	0.191088	1	1	0.12443	0
1.548	-0.548	0	0.190965	1	1	0.124598	0
1.549	-0.549	0	0.190842	1	1	0.124765	0
1.55	-0.55	0	0.190719	1	1	0.124933	0
1.551	-0.551	0	0.190596	1	1	0.125101	0
1.552	-0.552	0	0.190473	1	1	0.125268	0
1.553	-0.553	0	0.19035	1	1	0.125436	0
1.554	-0.554	0	0.190228	1	1	0.125604	0
1.555	-0.555	0	0.190105	1	1	0.125771	0
1.556	-0.556	0	0.189983	1	1	0.125939	0
1.557	-0.557	0	0.189861	1	1	0.126107	0
1.558	-0.558	0	0.189739	1	1	0.126274	0
1.559	-0.559	0	0.189618	1	1	0.126442	0
1.56	-0.56	0	0.189496	1	1	0.12661	0
1.561	-0.561	0	0.189375	1	1	0.126778	0
1.562	-0.562	0	0.189253	1	1	0.126945	0
1.563	-0.563	0	0.189132	1	1	0.127113	0
1.564	-0.564	0	0.189011	1	1	0.127281	0
1.565	-0.565	0	0.188891	1	1	0.127449	0
1.566	-0.566	0	0.18877	1	1	0.127616	0
1.567	-0.567	0	0.188649	1	1	0.127784	0
1.568	-0.568	0	0.188529	1	1	0.127952	0
1.569	-0.569	0	0.188409	1	1	0.12812	0
1.57	-0.57	0	0.188289	1	1	0.128287	0
1.571	-0.571	0	0.188169	1	1	0.128455	0
1.572	-0.572	0	0.188049	1	1	0.128623	0
1.573	-0.573	0	0.18793	1	1	0.128791	0
1.574	-0.574	0	0.18781	1	1	0.128959	0
1.575	-0.575	0	0.187691	1	1	0.129127	0
1.576	-0.576	0	0.187572	1	1	0.129294	0
1.577	-0.577	0	0.187453	1	1	0.129462	0
1.578	-0.578	0	0.187334	1	1	0.12963	0
1.579	-0.579	0	0.187216	1	1	0.129798	0
1.58	-0.58	0	0.187097	1	1	0.129966	0
1.581	-0.581	0	0.186979	1	1	0.130134	0
1.582	-0.582	0	0.186861	1	1	0.130301	0
1.583	-0.583	0	0.186743	1	1	0.130469	0
1.584	-0.584	0	0.186625	1	1	0.130637	0
1.585	-0.585	0	0.186507	1	1	0.130805	0
1.586	-0.586	0	0.186389	1	1	0.130973	0
1.587	-0.587	0	0.186272	1	1	0.131141	0
1.588	-0.588	0	0.186155	1	1	0.131309	0
1.589	-0.589	0	0.186038	1	1	0.131476	0
1.59	-0.59	0	0.185921	1	1	0.131644	0
1.591	-0.591	0	0.185804	1	1	0.131812	0
1.592	-0.592	0	0.185687	1	1	0.13198	0
1.593	-0.593	0	0.18557	1	1	0.132148	0
1.594	-0.594	0	0.185454	1	1	0.132316	0
1.595	-0.595	0	0.185338	1	1	0.132484	0
1.596	-0.596	0	0.185222	1	1	0.132652	0
1.597	-0.597	0	0.185106	1	1	0.13282	0
1.598	-0.598	0	0.18499	1	1	0.132987	0
1.599	-0.599	0	0.184874	1	1	0.133155	0
1.6	-0.6	0	0.184759	1	1	0.133323	0
1.601	-0.601	0	0.184643	1	1	0.133491	0
1.602	-0.602	0	0.184528	1	1	0.133659	0
1.603	-0.603	0	0.184413	1	1	0.133827	0
1.604	-0.604	0	0.184298	1	1	0.133995	0
1.605	-0.605	0	0.184183	1	1	0.134163	0
1.606	-0.606	0	0.184068	1	1	0.134331	0
1.607	-0.607	0	0.183954	1	1	0.134499	0
1.608	-0.608	0	0.183839	1	1	0.134666	0
1.609	-0.609	0	0.183725	1	1	0.134834	0
1.61	-0.61	0	0.183611	1	1	0.135002	0
1.611	-0.611	0	0.183497	1	1	0.13517	0
1.612	-0.612	0	0.183383	1	1	0.135338	0
1.613	-0.613	0	0.183269	1	1	0.135506	0
1.614	-0.614	0	0.183156	1	1	0.135674	0
1.615	-0.615	0	0.183043	1	1	0.135842	0
1.616	-0.616	0	0.182929	1	1	0.13601	0
1.617	-0.617	0	0.182816	1	1	0.136178	0
1.618	-0.618	0	0.182703	1	1	0.136346	0
1.619	-0.619	0	0.18259	1	1	0.136514	0
1.62	-0.62	0	0.182478	1	1	0.136681	0
1.621	-0.621	0	0.182365	1	1	0.136849	0
1.622	-0.622	0	0.182253	1	1	0.137017	0
1.623	-0.623	0	0.18214	1	1	0.137185	0
1.624	-0.624	0	0.182028	1	1	0.137353	0
1.625	-0.625	0	0.181916	1	1	0.137521	0
1.626	-0.626	0	0.181804	1	1	0.137689	0
1.627	-0.627	0	0.181692	1	1	0.137857	0
1.628	-0.628	0	0.181581	1	1	0.138025	0
1.629	-0.629	0	0.181469	1	1	0.138193	0
1.63	-0.63	0	0.181358	1	1	0.13836	0
1.631	-0.631	0	0.181247	1	1	0.138528	0
1.632	-0.632	0	0.181136	1	1	0.138696	0
1.633	-0.633	0	0.181025	1	1	0.138864	0
1.634	-0.634	0	0.180914	1	1	0.139032	0
1.635	-0.635	0	0.180803	1	1	0.1392	0
1.636	-0.636	0	0.180693	1	1	0.139368	0
1.637	-0.637	0	0.180583	1	1	0.139536	0
1.638	-0.638	0	0.180472	1	1	0.139703	0
1.639	-0.639	0	0.180362	1	1	0.139871	0
1.64	-0.64	0	0.180252	1	1	0.140039	0
1.641	-0.641	0	0.180142	1	1	0.140207	0
1.642	-0.642	0	0.180033	1	1	0.140375	0
1.643	-0.643	0	0.179923	1	1	0.140543	0
1.644	-0.644	0	0.179814	1	1	0.140711	0
1.645	-0.645	0	0.179704	1	1	0.140878	0
1.646	-0.646	0	0.179595	1	1	0.141046	0
1.647	-0.647	0	0.179486	1	1	0.141214	0
1.648	-0.648	0	0.179377	1	1	0.141382	0
1.649	-0.649	0	0.179268	1	1	0.14155	0
1.65	-0.65	0	0.17916	1	1	0.141718	0
1.651	-0.651	0	0.179051	1	1	0.141885	0
1.652	-0.652	0	0.178943	1	1	0.142053	0
1.653	-0.653	0	0.178835	1	1	0.142221	0
1.654	-0.654	0	0.178727	1	1	0.142389	0
1.655	-0.655	0	0.178619	1	1	0.142557	0
1.656	-0.656	0	0.178511	1	1	0.142724	0
1.657	-0.657	0	0.178403	1	1	0.142892	0
1.658	-0.658	0	0.178295	1	1	0.14306	0
1.659	-0.659	0	0.178188	1	1	0.143228	0
1.66	-0.66	0	0.178081	1	1	0.143396	0
1.661	-0.661	0	0.177973	1	1	0.143563	0
1.662	-0.662	0	0.177866	1	1	0.143731	0
1.663	-0.663	0	0.177759	1	1	0.143899	0
1.664	-0.664	0	0.177652	1	1	0.144067	0
1.665	-0.665	0	0.177546	1	1	0.144234	0
1.666	-0.666	0	0.177439	1	1	0.144402	0
1.667	-0.667	0	0.177333	1	1	0.14457	0
1.668	-0.668	0	0.177226	1	1	0.144738	0
1.669	-0.669	0	0.17712	1	1	0.144905	0
1.67	-0.67	0	0.177014	1	1	0.145073	0
1.671	-0.671	0	0.176908	1	1	0.145241	0
1.672	-0.672	0	0.176802	1	1	0.145408	0
1.673	-0.673	0	0.176697	1	1	0.145576	0
1.674	-0.674	0	0.176591	1	1	0.145744	0
1.675	-0.675	0	0.176486	1	1	0.145911	0
1.676	-0.676	0	0.17638	1	1	0.146079	0
1.677	-0.677	0	0.176275	1	1	0.146247	0
1.678	-0.678	0	0.17617	1	1	0.146414	0
1.679	-0.679	0	0.176065	1	1	0.146582	0
1.68	-0.68	0	0.175961	1	1	0.14675	0
1.681	-0.681	0	0.175856	1	1	0.146917	0
1.682	-0.682	0	0.175751	1	1	0.147085	0
1.683	-0.683	0	0.175647	1	1	0.147252	0
1.684	-0.684	0	0.175543	1	1	0.14742	0
1.685	-0.685	0	0.175438	1	1	0.147588	0
1.686	-0.686	0	0.175334	1	1	0.147755	0
1.687	-0.687	0	0.17523	1	1	0.147923	0
1.688	-0.688	0	0.175127	1	1	0.14809	0
1.689	-0.689	0	0.175023	1	1	0.148258	0
1.69	-0.69	0	0.174919	1	1	0.148425	0
1.691	-0.691	0	0.174816	1	1	0.148593	0
1.692	-0.692	0	0.174713	1	1	0.148761	0
1.693	-0.693	0	0.174609	1	1	0.148928	0
1.694	-0.694	0	0.174506	1	1	0.149096	0
1.695	-0.695	0	0.174403	1	1	0.149263	0
1.696	-0.696	0	0.174301	1	1	0.149431	0
1.697	-0.697	0	0.174198	1	1	0.149598	0
1.698	-0.698	0	0.174095	1	1	0.149766	0
1.699	-0.699	0	0.173993	1	1	0.149933	0
1.7	-0.7	0	0.17389	1	1	0.1501	0
1.701	-0.701	0	0.173788	1	1	0.150268	0
1.702	-0.702	0	0.173686	1	1	0.150435	0
1.703	-0.703	0	0.173584	1	1	0.150603	0
1.704	-0.704	0	0.173482	1	1	0.15077	0
1.705	-0.705	0	0.17338	1	1	0.150938	0
1.706	-0.706	0	0.173279	1	1	0.151105	0
1.707	-0.707	0	0.173177	1	1	0.151272	0
1.708	-0.708	0	0.173076	1	1	0.15144	0
1.709	-0.709	0	0.172975	1	1	0.151607	0
1.71	-0.71	0	0.172874	1	1	0.151774	0
1.711	-0.711	0	0.172772	1	1	0.151942	0
1.712	-0.712	0	0.172672	1	1	0.152109	0
1.713	-0.713	0	0.172571	1	1	0.152276	0
1.714	-0.714	0	0.17247	1	1	0.152444	0
1.715	-0.715	0	0.17237	1	1	0.152611	0
1.716	-0.716	0	0.172269	1	1	0.152778	0
1.717	-0.717	0	0.172169	1	1	0.152945	0
1.718	-0.718	0	0.172069	1	1	0.153113	0
1.719	-0.719	0	0.171968	1	1	0.15328	0
1.72	-0.72	0	0.171868	1	1	0.153447	0
1.721	-0.721	0	0.171769	1	1	0.153614	0
1.722	-0.722	0	0.171669	1	1	0.153782	0
1.723	-0.723	0	0.171569	1	1	0.153949	0
1.724	-0.724	0	0.17147	1	1	0.154116	0
1.725	-0.725	0	0.17137	1	1	0.154283	0
1.726	-0.726	0	0.171271	1	1	0.15445	0
1.727	-0.727	0	0.171172	1	1	0.154617	0
1.728	-0.728	0	0.171073	1	1	0.154785	0
1.729	-0.729	0	0.170974	1	1	0.154952	0
1.73	-0.73	0	0.170875	1	1	0.155119	0
1.731	-0.731	0	0.170776	1	1	0.155286	0
1.732	-0.732	0	0.170678	1	1	0.155453	0
1.733	-0.733	0	0.170579	1	1	0.15562	0
1.734	-0.734	0	0.170481	1	1	0.155787	0
1.735	-0.735	0	0.170383	1	1	0.155954	0
1.736	-0.736	0	0.170284	1	1	0.156121	0
1.737	-0.737	0	0.170186	1	1	0.156288	0
1.738	-0.738	0	0.170088	1	1	0.156455	0
1.739	-0.739	0	0.169991	1	1	0.156622	0
1.74	-0.74	0	0.169893	1	1	0.156789	0
1.741	-0.741	0	0.169795	1	1	0.156956	0
1.742	-0.742	0	0.169698	1	1	0.157123	0
1.743	-0.743	0	0.169601	1	1	0.15729	0
1.744	-0.744	0	0.169503	1	1	0.157457	0
1.745	-0.745	0	0.169406	1	1	0.157624	0
1.746	-0.746	0	0.169309	1	1	0.157791	0
1.747	-0.747	0	0.169212	1	1	0.157957	0
1.748	-0.748	0	0.169115	1	1	0.158124	0
1.749	-0.749	0	0.169019	1	1	0.158291	0
1.75	-0.75	0	0.168922	1	1	0.158458	0
1.751	-0.751	0	0.168826	1	1	0.158625	0
1.752	-0.752	0	0.168729	1	1	0.158792	0
1.753	-0.753	0	0.168633	1	1	0.158958	0
1.754	-0.754	0	0.168537	1	1	0.159125	0
1.755	-0.755	0	0.168441	1	1	0.159292	0
1.756	-0.756	0	0.168345	1	1	0.159459	0
1.757	-0.757	0	0.168249	1	1	0.159625	0
1.758	-0.758	0	0.168153	1	1	0.159792	0
1.759	-0.759	0	0.168058	1	1	0.159959	0
1.76	-0.76	0	0.167962	1	1	0.160125	0
1.761	-0.761	0	0.167867	1	1	0.160292	0
1.762	-0.762	0	0.167772	1	1	0.160459	0
1.763	-0.763	0	0.167677	1	1	0.160625	0
1.764	-0.764	0	0.167581	1	1	0.160792	0
1.765	-0.765	0	0.167487	1	1	0.160958	0
1.766	-0.766	0	0.167392	1	1	0.161125	0
1.767	-0.767	0	0.167297	1	1	0.161291	0
1.768	-0.768	0	0.167202	1	1	0.161458	0
1.769	-0.769	0	0.167108	1	1	0.161625	0
1.77	-0.77	0	0.167013	1	1	0.161791	0
1.771	-0.771	0	0.166919	1	1	0.161958	0
1.772	-0.772	0	0.166825	1	1	0.162124	0
1.773	-0.773	0	0.166731	1	1	0.16229	0
1.774	-0.774	0	0.166637	1	1	0.162457	0
1.775	-0.775	0	0.166543	1	1	0.162623	0
1.776	-0.776	0	0.166449	1	1	0.16279	0
1.777	-0.777	0	0.166355	1	1	0.162956	0
1.778	-0.778	0	0.166262	1	1	0.163122	0
1.779	-0.779	0	0.166168	1	1	0.163289	0
1.78	-0.78	0	0.166075	1	1	0.163455	0
1.781	-0.781	0	0.165982	1	1	0.163621	0
1.782	-0.782	0	0.165889	1	1	0.163788	0
1.783	-0.783	0	0.165796	1	1	0.163954	0
1.784	-0.784	0	0.165703	1	1	0.16412	0
1.785	-0.785	0	0.16561	1	1	0.164287	0
1.786	-0.786	0	0.165517	1	1	0.164453	0
1.787	-0.787	0	0.165425	1	1	0.164619	0
1.788	-0.788	0	0.165332	1	1	0.164785	0
1.789	-0.789	0	0.16524	1	1	0.164951	0
1.79	-0.79	0	0.165147	1	1	0.165117	0
1.791	-0.791	0	0.165055	1	1	0.165284	0
1.792	-0.792	0	0.164963	1	1	0.16545	0
1.793	-0.793	0	0.164871	1	1	0.165616	0
1.794	-0.794	0	0.164779	1	1	0.165782	0
1.795	-0.795	0	0.164687	1	1	0.165948	0
1.796	-0.796	0	0.164596	1	1	0.166114	0
1.797	-0.797	0	0.164504	1	1	0.16628	0
1.798	-0.798	0	0.164413	1	1	0.166446	0
1.799	-0.799	0	0.164321	1	1	0.166612	0
1.8	-0.8	0	0.16423	1	1	0.166778	0
1.801	-0.801	0	0.164139	1	1	0.166944	0
1.802	-0.802	0	0.164048	1	1	0.16711	0
1.803	-0.803	0	0.163957	1	1	0.167276	0
1.804	-0.804	0	0.163866	1	1	0.167442	0
1.805	-0.805	0	0.163775	1	1	0.167607	0
1.806	-0.806	0	0.163684	1	1	0.167773	0
1.807	-0.807	0	0.163594	1	1	0.167939	0
1.808	-0.808	0	0.163503	1	1	0.168105	0
1.809	-0.809	0	0.163413	1	1	0.168271	0
1.81	-0.81	0	0.163322	1	1	0.168436	0
1.811	-0.811	0	0.163232	1	1	0.168602	0
1.812	-0.812	0	0.163142	1	1	0.168768	0
1.813	-0.813	0	0.163052	1	1	0.168934	0
1.814	-0.814	0	0.162962	1	1	0.169099	0
1.815	-0.815	0	0.162873	1	1	0.169265	0
1.816	-0.816	0	0.162783	1	1	0.169431	0
1.817	-0.817	0	0.162693	1	1	0.169596	0
1.818	-0.818	0	0.162604	1	1	0.169762	0
1.819	-0.819	0	0.162514	1	1	0.169927	0
1.82	-0.82	0	0.162425	1	1	0.170093	0
1.821	-0.821	0	0.162336	1	1	0.170259	0
1.822	-0.822	0	0.162247	1	1	0.170424	0
1.823	-0.823	0	0.162158	1	1	0.17059	0
1.824	-0.824	0	0.162069	1	1	0.170755	0
1.825	-0.825	0	0.16198	1	1	0.170921	0
1.826	-0.826	0	0.161891	1	1	0.171086	0
1.827	-0.827	0	0.161803	1	1	0.171251	0
1.828	-0.828	0	0.161714	1	1	0.171417	0
1.829	-0.829	0	0.161626	1	1	0.171582	0
1.83	-0.83	0	0.161538	1	1	0.171747	0
1.831	-0.831	0	0.161449	1	1	0.171913	0
1.832	-0.832	0	0.161361	1	1	0.172078	0
1.833	-0.833	0	0.161273	1	1	0.172243	0
1.834	-0.834	0	0.161185	1	1	0.172409	0
1.835	-0.835	0	0.161097	1	1	0.172574	0
1.836	-0.836	0	0.16101	1	1	0.172739	0
1.837	-0.837	0	0.160922	1	1	0.172904	0
1.838	-0.838	0	0.160834	1	1	0.17307	0
1.839	-0.839	0	0.160747	1	1	0.173235	0
1.84	-0.84	0	0.16066	1	1	0.1734	0
1.841	-0.841	0	0.160572	1	1	0.173565	0
1.842	-0.842	0	0.160485	1	1	0.17373	0
1.843	-0.843	0	0.160398	1	1	0.173895	0
1.844	-0.844	0	0.160311	1	1	0.17406	0
1.845	-0.845	0	0.160224	1	1	0.174225	0
1.846	-0.846	0	0.160137	1	1	0.17439	0
1.847	-0.847	0	0.160051	1	1	0.174555	0
1.848	-0.848	0	0.159964	1	1	0.17472	0
1.849	-0.849	0	0.159878	1	1	0.174885	0
1.85	-0.85	0	0.159791	1	1	0.17505	0
1.851	-0.851	0	0.159705	1	1	0.175215	0
1.852	-0.852	0	0.159619	1	1	0.17538	0
1.853	-0.853	0	0.159532	1	1	0.175544	0
1.854	-0.854	0	0.159446	1	1	0.175709	0
1.855	-0.855	0	0.15936	1	1	0.175874	0
1.856	-0.856	0	0.159275	1	1	0.176039	0
1.857	-0.857	0	0.159189	1	1	0.176204	0
1.858	-0.858	0	0.159103	1	1	0.176368	0
1.859	-0.859	0	0.159018	1	1	0.176533	0
1.86	-0.86	0	0.158932	1	1	0.176698	0
1.861	-0.861	0	0.158847	1	1	0.176862	0
1.862	-0.862	0	0.158761	1	1	0.177027	0
1.863	-0.863	0	0.158676	1	1	0.177192	0
1.864	-0.864	0	0.158591	1	1	0.177356	0
1.865	-0.865	0	0.158506	1	1	0.177521	0
1.866	-0.866	0	0.158421	1	1	0.177685	0
1.867	-0.867	0	0.158336	1	1	0.17785	0
1.868	-0.868	0	0.158251	1	1	0.178014	0
1.869	-0.869	0	0.158167	1	1	0.178179	0
1.87	-0.87	0	0.158082	1	1	0.178343	0
1.871	-0.871	0	0.157998	1	1	0.178508	0
1.872	-0.872	0	0.157913	1	1	0.178672	0
1.873	-0.873	0	0.157829	1	1	0.178836	0
1.874	-0.874	0	0.157745	1	1	0.179001	0
1.875	-0.875	0	0.157661	1	1	0.179165	0
1.876	-0.876	0	0.157577	1	1	0.179329	0
1.877	-0.877	0	0.157493	1	1	0.179493	0
1.878	-0.878	0	0.157409	1	1	0.179658	0
1.879	-0.879	0	0.157325	1	1	0.179822	0
1.88	-0.88	0	0.157241	1	1	0.179986	0
1.881	-0.881	0	0.157158	1	1	0.18015	0
1.882	-0.882	0	0.157074	1	1	0.180314	0
1.883	-0.883	0	0.156991	1	1	0.180479	0
1.884	-0.884	0	0.156907	1	1	0.180643	0
1.885	-0.885	0	0.156824	1	1	0.180807	0
1.886	-0.886	0	0.156741	1	1	0.180971	0
1.887	-0.887	0	0.156658	1	1	0.181135	0
1.888	-0.888	0	0.156575	1	1	0.181299	0
1.889	-0.889	0	0.156492	1	1	0.181463	0
1.89	-0.89	0	0.156409	1	1	0.181627	0
1.891	-0.891	0	0.156327	1	1	0.181791	0
1.892	-0.892	0	0.156244	1	1	0.181954	0
1.893	-0.893	0	0.156161	1	1	0.182118	0
1.894	-0.894	0	0.156079	1	1	0.182282	0
1.895	-0.895	0	0.155997	1	1	0.182446	0
1.896	-0.896	0	0.155914	1	1	0.18261	0
1.897	-0.897	0	0.155832	1	1	0.182773	0
1.898	-0.898	0	0.15575	1	1	0.182937	0
1.899	-0.899	0	0.155668	1	1	0.183101	0
1.9	-0.9	0	0.155586	1	1	0.183265	0
1.901	-0.901	0	0.155504	1	1	0.183428	0
1.902	-0.902	0	0.155423	1	1	0.183592	0
1.903	-0.903	0	0.155341	1	1	0.183756	0
1.904	-0.904	0	0.155259	1	1	0.183919	0
1.905	-0.905	0	0.155178	1	1	0.184083	0
1.906	-0.906	0	0.155096	1	1	0.184246	0
1.907	-0.907	0	0.155015	1	1	0.18441	0
1.908	-0.908	0	0.154934	1	1	0.184573	0
1.909	-0.909	0	0.154853	1	1	0.184737	0
1.91	-0.91	0	0.154772	1	1	0.1849	0
1.911	-0.911	0	0.154691	1	1	0.185063	0
1.912	-0.912	0	0.15461	1	1	0.185227	0
1.913	-0.913	0	0.154529	1	1	0.18539	0
1.914	-0.914	0	0.154448	1	1	0.185553	0
1.915	-0.915	0	0.154367	1	1	0.185717	0
1.916	-0.916	0	0.154287	1	1	0.18588	0
1.917	-0.917	0	0.154206	1	1	0.186043	0
1.918	-0.918	0	0.154126	1	1	0.186206	0
1.919	-0.919	0	0.154046	1	1	0.18637	0
1.92	-0.92	0	0.153965	1	1	0.186533	0
1.921	-0.921	0	0.153885	1	1	0.186696	0
1.922	-0.922	0	0.153805	1	1	0.186859	0
1.923	-0.923	0	0.153725	1	1	0.187022	0
1.924	-0.924	0	0.153645	1	1	0.187185	0
1.925	-0.925	0	0.153566	1	1	0.187348	0
1.926	-0.926	0	0.153486	1	1	0.187511	0
1.927	-0.927	0	0.153406	1	1	0.187674	0
1.928	-0.928	0	0.153327	1	1	0.187837	0
1.929	-0.929	0	0.153247	1	1	0.188	0
1.93	-0.93	0	0.153168	1	1	0.188163	0
1.931	-0.931	0	0.153088	1	1	0.188325	0
1.932	-0.932	0	0.153009	1	1	0.188488	0
1.933	-0.933	0	0.15293	1	1	0.188651	0
1.934	-0.934	0	0.152851	1	1	0.188814	0
1.935	-0.935	0	0.152772	1	1	0.188977	0
1.936	-0.936	0	0.152693	1	1	0.189139	0
1.937	-0.937	0	0.152614	1	1	0.189302	0
1.938	-0.938	0	0.152535	1	1	0.189465	0
1.939	-0.939	0	0.152457	1	1	0.189627	0
1.94	-0.94	0	0.152378	1	1	0.18979	0
1.941	-0.941	0	0.1523	1	1	0.189952	0
1.942	-0.942	0	0.152221	1	1	0.190115	0
1.943	-0.943	0	0.152143	1	1	0.190277	0
1.944	-0.944	0	0.152065	1	1	0.19044	0
1.945	-0.945	0	0.151986	1	1	0.190602	0
1.946	-0.946	0	0.151908	1	1	0.190765	0
1.947	-0.947	0	0.15183	1	1	0.190927	0
1.948	-0.948	0	0.151752	1	1	0.19109	0
1.949	-0.949	0	0.151675	1	1	0.191252	0
1.95	-0.95	0	0.151597	1	1	0.191414	0
1.951	-0.951	0	0.151519	1	1	0.191576	0
1.952	-0.952	0	0.151441	1	1	0.191739	0
1.953	-0.953	0	0.151364	1	1	0.191901	0
1.954	-0.954	0	0.151286	1	1	0.192063	0
1.955	-0.955	0	0.151209	1	1	0.192225	0
1.956	-0.956	0	0.151132	1	1	0.192387	0
1.957	-0.957	0	0.151055	1	1	0.192549	0
1.958	-0.958	0	0.150977	1	1	0.192712	0
1.959	-0.959	0	0.1509	1	1	0.192874	0
1.96	-0.96	0	0.150823	1	1	0.193036	0
1.961	-0.961	0	0.150746	1	1	0.193198	0
1.962	-0.962	0	0.15067	1	1	0.19336	0
1.963	-0.963	0	0.150593	1	1	0.193521	0
1.964	-0.964	0	0.150516	1	1	0.193683	0
1.965	-0.965	0	0.15044	1	1	0.193845	0
1.966	-0.966	0	0.150363	1	1	0.194007	0
1.967	-0.967	0	0.150287	1	1	0.194169	0
1.968	-0.968	0	0.15021	1	1	0.194331	0
1.969	-0.969	0	0.150134	1	1	0.194492	0
1.97	-0.97	0	0.150058	1	1	0.194654	0
1.971	-0.971	0	0.149982	1	1	0.194816	0
1.972	-0.972	0	0.149906	1	1	0.194977	0
1.973	-0.973	0	0.14983	1	1	0.195139	0
1.974	-0.974	0	0.149754	1	1	0.195301	0
1.975	-0.975	0	0.149678	1	1	0.195462	0
1.976	-0.976	0	0.149602	1	1	0.195624	0
1.977	-0.977	0	0.149526	1	1	0.195785	0
1.978	-0.978	0	0.149451	1	1	0.195947	0
1.979	-0.979	0	0.149375	1	1	0.196108	0
1.98	-0.98	0	0.1493	1	1	0.19627	0
1.981	-0.981	0	0.149224	1	1	0.196431	0
1.982	-0.982	0	0.149149	1	1	0.196592	0
1.983	-0.983	0	0.149074	1	1	0.196754	0
1.984	-0.984	0	0.148999	1	1	0.196915	0
1.985	-0.985	0	0.148924	1	1	0.197076	0
1.986	-0.986	0	0.148849	1	1	0.197238	0
1.987	-0.987	0	0.148774	1	1	0.197399	0
1.988	-0.988	0	0.148699	1	1	0.19756	0
1.989	-0.989	0	0.148624	1	1	0.197721	0
1.99	-0.99	0	0.14855	1	1	0.197882	0
1.991	-0.991	0	0.148475	1	1	0.198043	0
1.992	-0.992	0	0.1484	1	1	0.198204	0
1.993	-0.993	0	0.148326	1	1	0.198365	0
1.994	-0.994	0	0.148252	1	1	0.198526	0
1.995	-0.995	0	0.148177	1	1	0.198687	0
1.996	-0.996	0	0.148103	1	1	0.198848	0
1.997	-0.997	0	0.148029	1	1	0.199009	0
1.998	-0.998	0	0.147955	1	1	0.19917	0
1.999	-0.999	0	0.147881	1	1	0.199331	0
2	-1	0	0.147807	1	1	0.199492	0
