# Filename: vlt_FPquench_v5_vsl_3_T_0.95_0.5_P_00.050_lmax10_dl8e-05_tmax100_dt00.0001_equil.dat
# Source: vlt_FPquench.c
# Source version: 5 (2011 Apr 05 - ...)
# Constant values: PI= 3.141592653589793116, PISQ=9.8696044010893579923, PICU=31.0062766802998162063, B=41.3417022403997549418, THETA=0.6
# Parameter values: iTfrac=0.95, qTfrac=0.5, P=0.05 (Cc=1.10501, K0c=0.295614), lmax=10, lsteps=125000, (dl=8e-05), lpts=125001, ldatamax=250, tmax=100, dt0=0.0001, a0=1, a03=1, a06=1, FPconst=0.6, Lconst=1

# time step n_t = 0	t = 0.000000e+00	(dt = 1.000000e-04)
# T/Tc	1-T/Tc	l	K	K/K0	Kr/K0	G
0.95	0.05	0	0.311173	1	1	0.033586
0.95	0.05	0.04	0.318176	1.02251	0.982412	0.027213
0.95	0.05	0.08	0.325041	1.04457	0.964258	0.0219838
0.95	0.05	0.12	0.331763	1.06617	0.945609	0.0177084
0.95	0.05	0.16	0.338338	1.0873	0.926536	0.0142247
0.95	0.05	0.2	0.344765	1.10795	0.907117	0.0113956
0.95	0.05	0.24	0.351047	1.12814	0.887428	0.00910536
0.95	0.05	0.28	0.357187	1.14788	0.867546	0.00725711
0.95	0.05	0.32	0.363194	1.16718	0.847546	0.00576993
0.95	0.05	0.36	0.369076	1.18608	0.827502	0.00457668
0.95	0.05	0.4	0.374846	1.20462	0.807483	0.00362188
0.95	0.05	0.44	0.380515	1.22284	0.787556	0.00285988
0.95	0.05	0.48	0.386101	1.24079	0.767782	0.00225328
0.95	0.05	0.52	0.391618	1.25852	0.748219	0.00177158
0.95	0.05	0.56	0.397087	1.2761	0.728918	0.00138995
0.95	0.05	0.6	0.402524	1.29357	0.709927	0.00108829
0.95	0.05	0.64	0.407952	1.31101	0.691288	0.000850377
0.95	0.05	0.68	0.413391	1.32849	0.673037	0.000663138
0.95	0.05	0.72	0.418863	1.34608	0.655206	0.000516091
0.95	0.05	0.76	0.424391	1.36384	0.637824	0.000400848
0.95	0.05	0.8	0.429999	1.38187	0.620912	0.000310714
0.95	0.05	0.84	0.435711	1.40022	0.604491	0.00024036
0.95	0.05	0.88	0.441552	1.41899	0.588574	0.000185556
0.95	0.05	0.92	0.447548	1.43826	0.573175	0.00014295
0.95	0.05	0.96	0.453725	1.45811	0.558301	0.000109894
0.95	0.05	1	0.46011	1.47863	0.543959	8.42985e-05
0.95	0.05	1.04	0.466731	1.49991	0.530151	6.45212e-05
0.95	0.05	1.08	0.473618	1.52204	0.516879	4.92712e-05
0.95	0.05	1.12	0.480799	1.54512	0.504142	3.75371e-05
0.95	0.05	1.16	0.488306	1.56924	0.491937	2.85281e-05
0.95	0.05	1.2	0.49617	1.59452	0.48026	2.16267e-05
0.95	0.05	1.24	0.504425	1.62105	0.469105	1.63522e-05
0.95	0.05	1.28	0.513105	1.64894	0.458466	1.23306e-05
0.95	0.05	1.32	0.522245	1.67831	0.448336	9.27194e-06
0.95	0.05	1.36	0.531882	1.70928	0.438706	6.95163e-06
0.95	0.05	1.4	0.542055	1.74198	0.429566	5.19613e-06
0.95	0.05	1.44	0.552805	1.77652	0.420907	3.87167e-06
0.95	0.05	1.48	0.564172	1.81305	0.412719	2.87531e-06
0.95	0.05	1.52	0.5762	1.85171	0.40499	2.12804e-06
0.95	0.05	1.56	0.588934	1.89263	0.39771	1.56937e-06
0.95	0.05	1.6	0.602422	1.93597	0.390866	1.15308e-06
0.95	0.05	1.64	0.61671	1.98189	0.384447	8.4395e-07
0.95	0.05	1.68	0.63185	2.03054	0.37844	6.15226e-07
0.95	0.05	1.72	0.647892	2.0821	0.372833	4.4663e-07
0.95	0.05	1.76	0.664891	2.13673	0.367613	3.22843e-07
0.95	0.05	1.8	0.6829	2.1946	0.362765	2.32328e-07
0.95	0.05	1.84	0.701975	2.2559	0.358277	1.66423e-07
0.95	0.05	1.88	0.722175	2.32082	0.354134	1.18649e-07
0.95	0.05	1.92	0.743556	2.38953	0.350321	8.41769e-08
0.95	0.05	1.96	0.766177	2.46223	0.346825	5.94217e-08
0.95	0.05	2	0.7901	2.5391	0.34363	4.17316e-08
0.95	0.05	2.04	0.815383	2.62035	0.340721	2.91543e-08
0.95	0.05	2.08	0.842087	2.70617	0.338083	2.02587e-08
0.95	0.05	2.12	0.870273	2.79675	0.335699	1.40009e-08
0.95	0.05	2.16	0.900002	2.89229	0.333554	9.62283e-09
0.95	0.05	2.2	0.931336	2.99299	0.331632	6.57696e-09
0.95	0.05	2.24	0.964334	3.09903	0.329918	4.47001e-09
0.95	0.05	2.28	0.999059	3.21063	0.328396	3.02095e-09
0.95	0.05	2.32	1.03558	3.32798	0.327052	2.02184e-09
0.95	0.05	2.36	1.07397	3.45138	0.32588	1.33331e-09
0.95	0.05	2.4	1.11434	3.58111	0.324871	8.65691e-10
0.95	0.05	2.44	1.15677	3.71746	0.324017	5.52966e-10
0.95	0.05	2.48	1.20133	3.86066	0.323304	3.47199e-10
0.95	0.05	2.52	1.2481	4.01094	0.322719	2.14107e-10
0.95	0.05	2.56	1.29713	4.16853	0.322247	1.2956e-10
0.95	0.05	2.6	1.34851	4.33364	0.321875	7.68604e-11
0.95	0.05	2.64	1.40228	4.50644	0.321585	4.46603e-11
0.95	0.05	2.68	1.45851	4.68715	0.321366	2.53929e-11
0.95	0.05	2.72	1.51726	4.87595	0.321202	1.41139e-11
0.95	0.05	2.76	1.5786	5.07307	0.321084	7.66103e-12
0.95	0.05	2.8	1.64259	5.27872	0.320999	4.05681e-12
0.95	0.05	2.84	1.70932	5.49315	0.320941	2.09352e-12
0.95	0.05	2.88	1.77886	5.71663	0.320902	1.05169e-12
0.95	0.05	2.92	1.85131	5.94946	0.320876	5.13725e-13
0.95	0.05	2.96	1.92676	6.19194	0.32086	2.43722e-13
0.95	0.05	3	2.00533	6.44443	0.320849	1.12165e-13
0.95	0.05	3.04	2.08713	6.70731	0.320843	5.00117e-14
0.95	0.05	3.08	2.17228	6.98096	0.32084	2.15763e-14
0.95	0.05	3.12	2.26092	7.26581	0.320838	8.99466e-15
0.95	0.05	3.16	2.35318	7.56231	0.320837	3.61815e-15
0.95	0.05	3.2	2.44922	7.87092	0.320836	1.40233e-15
0.95	0.05	3.24	2.54917	8.19213	0.320836	5.22895e-16
0.95	0.05	3.28	2.6532	8.52646	0.320836	1.87281e-16
0.95	0.05	3.32	2.76148	8.87443	0.320836	6.43243e-17
0.95	0.05	3.36	2.87418	9.2366	0.320836	2.11503e-17
0.95	0.05	3.4	2.99147	9.61355	0.320836	6.64572e-18
0.95	0.05	3.44	3.11356	10.0059	0.320836	1.99182e-18
0.95	0.05	3.48	3.24063	10.4142	0.320836	5.68332e-19
0.95	0.05	3.52	3.37288	10.8392	0.320836	1.54073e-19
0.95	0.05	3.56	3.51053	11.2816	0.320836	3.9602e-20
0.95	0.05	3.6	3.65379	11.742	0.320836	9.63003e-21
0.95	0.05	3.64	3.80291	12.2212	0.320836	2.21043e-21
0.95	0.05	3.68	3.95811	12.72	0.320836	4.77796e-22
0.95	0.05	3.72	4.11964	13.2391	0.320836	9.70196e-23
0.95	0.05	3.76	4.28777	13.7794	0.320836	1.84595e-23
0.95	0.05	3.8	4.46275	14.3417	0.320836	3.28224e-24
0.95	0.05	3.84	4.64488	14.927	0.320836	5.43888e-25
0.95	0.05	3.88	4.83444	15.5362	0.320836	8.37511e-26
0.95	0.05	3.92	5.03174	16.1703	0.320836	1.19485e-26
0.95	0.05	3.96	5.23709	16.8302	0.320836	1.57442e-27
0.95	0.05	4	5.45082	17.517	0.320836	1.90988e-28
0.95	0.05	4.04	5.67327	18.2319	0.320836	2.12572e-29
0.95	0.05	4.08	5.9048	18.976	0.320836	2.16318e-30
0.95	0.05	4.12	6.14578	19.7504	0.320836	2.0053e-31
0.95	0.05	4.16	6.3966	20.5564	0.320836	1.68698e-32
0.95	0.05	4.2	6.65765	21.3954	0.320836	1.28282e-33
0.95	0.05	4.24	6.92935	22.2685	0.320836	8.78132e-35
0.95	0.05	4.28	7.21214	23.1773	0.320836	5.38795e-36
0.95	0.05	4.32	7.50648	24.1232	0.320836	2.94998e-37
0.95	0.05	4.36	7.81282	25.1077	0.320836	1.43459e-38
0.95	0.05	4.4	8.13167	26.1323	0.320836	6.16662e-40
0.95	0.05	4.44	8.46353	27.1988	0.320836	2.33127e-41
0.95	0.05	4.48	8.80893	28.3088	0.320836	7.71054e-43
0.95	0.05	4.52	9.16843	29.4641	0.320836	2.219e-44
0.95	0.05	4.56	9.5426	30.6666	0.320836	5.52515e-46
0.95	0.05	4.6	9.93204	31.9181	0.320836	1.18325e-47
0.95	0.05	4.64	10.3374	33.2207	0.320836	2.16614e-49
0.95	0.05	4.68	10.7593	34.5765	0.320836	3.36815e-51
0.95	0.05	4.72	11.1983	35.9876	0.320836	4.41874e-53
0.95	0.05	4.76	11.6554	37.4563	0.320836	4.85731e-55
0.95	0.05	4.8	12.131	38.9849	0.320836	4.4417e-57
0.95	0.05	4.84	12.6261	40.5759	0.320836	3.35348e-59
0.95	0.05	4.88	13.1414	42.2318	0.320836	2.07414e-61
0.95	0.05	4.92	13.6777	43.9553	0.320836	1.04243e-63
0.95	0.05	4.96	14.2359	45.7492	0.320836	4.2212e-66
0.95	0.05	5	14.8169	47.6162	0.320836	1.36516e-68
0.95	0.05	5.04	15.4216	49.5595	0.320836	3.49382e-71
0.95	0.05	5.08	16.0509	51.582	0.320836	7.00876e-74
0.95	0.05	5.12	16.706	53.6871	0.320836	1.09116e-76
0.95	0.05	5.16	17.3878	55.8782	0.320836	1.30482e-79
0.95	0.05	5.2	18.0974	58.1586	0.320836	1.18562e-82
0.95	0.05	5.24	18.8359	60.5321	0.320836	8.09496e-86
0.95	0.05	5.28	19.6046	63.0025	0.320836	4.10475e-89
0.95	0.05	5.32	20.4047	65.5736	0.320836	1.52718e-92
0.95	0.05	5.36	21.2375	68.2497	0.320836	4.11658e-96
0.95	0.05	5.4	22.1042	71.0351	0.320836	7.93442e-100
0.95	0.05	5.44	23.0063	73.9341	0.320836	1.07865e-103
0.95	0.05	5.48	23.9452	76.9514	0.320836	1.01964e-107
0.95	0.05	5.52	24.9224	80.0918	0.320836	6.60346e-112
0.95	0.05	5.56	25.9395	83.3604	0.320836	2.88505e-116
0.95	0.05	5.6	26.9981	86.7624	0.320836	8.3679e-121
0.95	0.05	5.64	28.0999	90.3033	0.320836	1.58452e-125
0.95	0.05	5.68	29.2467	93.9886	0.320836	1.92506e-130
0.95	0.05	5.72	30.4403	97.8244	0.320836	1.47362e-135
0.95	0.05	5.76	31.6826	101.817	0.320836	6.97485e-141
0.95	0.05	5.8	32.9755	105.972	0.320836	2.00159e-146
0.95	0.05	5.84	34.3213	110.297	0.320836	3.4122e-152
0.95	0.05	5.88	35.722	114.798	0.320836	3.38285e-158
0.95	0.05	5.92	37.1798	119.483	0.320836	1.90772e-164
0.95	0.05	5.96	38.6972	124.359	0.320836	5.98038e-171
0.95	0.05	6	40.2764	129.434	0.320836	1.01746e-177
0.95	0.05	6.04	41.9201	134.717	0.320836	9.1633e-185
0.95	0.05	6.08	43.6309	140.215	0.320836	4.25652e-192
0.95	0.05	6.12	45.4115	145.937	0.320836	9.92639e-200
0.95	0.05	6.16	47.2648	151.893	0.320836	1.12993e-207
0.95	0.05	6.2	49.1937	158.091	0.320836	6.09702e-216
0.95	0.05	6.24	51.2014	164.543	0.320836	1.51274e-224
0.95	0.05	6.28	53.2909	171.258	0.320836	1.67194e-233
0.95	0.05	6.32	55.4658	178.248	0.320836	7.96443e-243
0.95	0.05	6.36	57.7294	185.522	0.320836	1.57996e-252
0.95	0.05	6.4	60.0854	193.093	0.320836	1.25943e-262
0.95	0.05	6.44	62.5375	200.974	0.320836	3.88661e-273
0.95	0.05	6.48	65.0897	209.176	0.320836	4.46709e-284
0.95	0.05	6.52	67.7461	217.712	0.320836	1.83665e-295
0.95	0.05	6.56	70.5108	226.597	0.320836	2.59035e-307
0.95	0.05	6.6	73.3884	235.845	0.320836	1.19964e-319
0.95	0.05	6.64	76.3835	245.47	0.320836	0
0.95	0.05	6.68	79.5007	255.488	0.320836	0
0.95	0.05	6.72	82.7452	265.914	0.320836	0
0.95	0.05	6.76	86.1221	276.766	0.320836	0
0.95	0.05	6.8	89.6368	288.061	0.320836	0
0.95	0.05	6.84	93.295	299.817	0.320836	0
0.95	0.05	6.88	97.1024	312.053	0.320836	0
0.95	0.05	6.92	101.065	324.788	0.320836	0
0.95	0.05	6.96	105.19	338.043	0.320836	0
0.95	0.05	7	109.483	351.839	0.320836	0
0.95	0.05	7.04	113.951	366.198	0.320836	0
0.95	0.05	7.08	118.601	381.143	0.320836	0
0.95	0.05	7.12	123.441	396.697	0.320836	0
0.95	0.05	7.16	128.479	412.887	0.320836	0
0.95	0.05	7.2	133.722	429.737	0.320836	0
0.95	0.05	7.24	139.18	447.275	0.320836	0
0.95	0.05	7.28	144.86	465.529	0.320836	0
0.95	0.05	7.32	150.772	484.527	0.320836	0
0.95	0.05	7.36	156.925	504.301	0.320836	0
0.95	0.05	7.4	163.329	524.882	0.320836	0
0.95	0.05	7.44	169.995	546.303	0.320836	0
0.95	0.05	7.48	176.932	568.598	0.320836	0
0.95	0.05	7.52	184.153	591.803	0.320836	0
0.95	0.05	7.56	191.668	615.955	0.320836	0
0.95	0.05	7.6	199.49	641.092	0.320836	0
0.95	0.05	7.64	207.632	667.256	0.320836	0
0.95	0.05	7.68	216.105	694.487	0.320836	0
0.95	0.05	7.72	224.925	722.83	0.320836	0
0.95	0.05	7.76	234.104	752.329	0.320836	0
0.95	0.05	7.8	243.658	783.032	0.320836	0
0.95	0.05	7.84	253.602	814.988	0.320836	0
0.95	0.05	7.88	263.952	848.249	0.320836	0
0.95	0.05	7.92	274.724	882.866	0.320836	0
0.95	0.05	7.96	285.935	918.897	0.320836	0
0.95	0.05	8	297.605	956.398	0.320836	0
0.95	0.05	8.04	309.75	995.429	0.320836	0
0.95	0.05	8.08	322.391	1036.05	0.320836	0
0.95	0.05	8.12	335.548	1078.34	0.320836	0
0.95	0.05	8.16	349.242	1122.34	0.320836	0
0.95	0.05	8.2	363.495	1168.15	0.320836	0
0.95	0.05	8.24	378.33	1215.82	0.320836	0
0.95	0.05	8.28	393.77	1265.44	0.320836	0
0.95	0.05	8.32	409.84	1317.08	0.320836	0
0.95	0.05	8.36	426.566	1370.83	0.320836	0
0.95	0.05	8.4	443.974	1426.78	0.320836	0
0.95	0.05	8.44	462.093	1485.01	0.320836	0
0.95	0.05	8.48	480.951	1545.61	0.320836	0
0.95	0.05	8.52	500.579	1608.69	0.320836	0
0.95	0.05	8.56	521.008	1674.34	0.320836	0
0.95	0.05	8.6	542.271	1742.67	0.320836	0
0.95	0.05	8.64	564.402	1813.79	0.320836	0
0.95	0.05	8.68	587.435	1887.81	0.320836	0
0.95	0.05	8.72	611.409	1964.85	0.320836	0
0.95	0.05	8.76	636.361	2045.04	0.320836	0
0.95	0.05	8.8	662.332	2128.5	0.320836	0
0.95	0.05	8.84	689.362	2215.37	0.320836	0
0.95	0.05	8.88	717.495	2305.78	0.320836	0
0.95	0.05	8.92	746.777	2399.88	0.320836	0
0.95	0.05	8.96	777.253	2497.82	0.320836	0
0.95	0.05	9	808.974	2599.76	0.320836	0
0.95	0.05	9.04	841.988	2705.86	0.320836	0
0.95	0.05	9.08	876.351	2816.28	0.320836	0
0.95	0.05	9.12	912.115	2931.22	0.320836	0
0.95	0.05	9.16	949.339	3050.84	0.320836	0
0.95	0.05	9.2	988.083	3175.35	0.320836	0
0.95	0.05	9.24	1028.41	3304.94	0.320836	0
0.95	0.05	9.28	1070.38	3439.82	0.320836	0
0.95	0.05	9.32	1114.06	3580.2	0.320836	0
0.95	0.05	9.36	1159.53	3726.31	0.320836	0
0.95	0.05	9.4	1206.85	3878.38	0.320836	0
0.95	0.05	9.44	1256.1	4036.66	0.320836	0
0.95	0.05	9.48	1307.36	4201.4	0.320836	0
0.95	0.05	9.52	1360.72	4372.86	0.320836	0
0.95	0.05	9.56	1416.25	4551.32	0.320836	0
0.95	0.05	9.6	1474.05	4737.07	0.320836	0
0.95	0.05	9.64	1534.2	4930.39	0.320836	0
0.95	0.05	9.68	1596.81	5131.6	0.320836	0
0.95	0.05	9.72	1661.98	5341.03	0.320836	0
0.95	0.05	9.76	1729.81	5559	0.320836	0
0.95	0.05	9.8	1800.4	5785.87	0.320836	0
0.95	0.05	9.84	1873.88	6021.99	0.320836	0
0.95	0.05	9.88	1950.35	6267.76	0.320836	0
0.95	0.05	9.92	2029.95	6523.55	0.320836	0
0.95	0.05	9.96	2112.79	6789.78	0.320836	0
0.95	0.05	10	2199.02	7066.87	0.320836	0
