# Filename: vlt_FPquench_v5_vsl_3_T_0.75_0.5_P_00.050_lmax10_dl8e-05_tmax100_dt00.0001_equil.dat
# Source: vlt_FPquench.c
# Source version: 5 (2011 Apr 05 - ...)
# Constant values: PI= 3.141592653589793116, PISQ=9.8696044010893579923, PICU=31.0062766802998162063, B=41.3417022403997549418, THETA=0.6
# Parameter values: iTfrac=0.75, qTfrac=0.5, P=0.05 (Cc=1.10501, K0c=0.295614), lmax=10, lsteps=125000, (dl=8e-05), lpts=125001, ldatamax=250, tmax=100, dt0=0.0001, a0=1, a03=1, a06=1, FPconst=0.6, Lconst=1

# time step n_t = 0	t = 0.000000e+00	(dt = 1.000000e-04)
# T/Tc	1-T/Tc	l	K	K/K0	Kr/K0	G
0.75	0.25	0	0.394152	1	1	0.0135873
0.75	0.25	0.04	0.406572	1.03151	0.991063	0.0106364
0.75	0.25	0.08	0.419292	1.06378	0.981995	0.00828765
0.75	0.25	0.12	0.432335	1.09687	0.97284	0.00642736
0.75	0.25	0.16	0.445725	1.13084	0.963642	0.00496121
0.75	0.25	0.2	0.459489	1.16577	0.954448	0.0038114
0.75	0.25	0.24	0.473658	1.20171	0.945302	0.00291411
0.75	0.25	0.28	0.488267	1.23878	0.936249	0.00221735
0.75	0.25	0.32	0.503352	1.27705	0.927328	0.00167901
0.75	0.25	0.36	0.518952	1.31663	0.918581	0.00126513
0.75	0.25	0.4	0.535111	1.35763	0.910045	0.000948542
0.75	0.25	0.44	0.551875	1.40016	0.901752	0.000707606
0.75	0.25	0.48	0.56929	1.44434	0.893734	0.000525183
0.75	0.25	0.52	0.587407	1.4903	0.886017	0.000387778
0.75	0.25	0.56	0.606278	1.53818	0.878625	0.000284824
0.75	0.25	0.6	0.625959	1.58812	0.871576	0.000208092
0.75	0.25	0.64	0.646505	1.64024	0.864887	0.000151212
0.75	0.25	0.68	0.667974	1.69471	0.858569	0.000109279
0.75	0.25	0.72	0.690425	1.75167	0.85263	7.85362e-05
0.75	0.25	0.76	0.713918	1.81128	0.847073	5.61246e-05
0.75	0.25	0.8	0.738516	1.87368	0.8419	3.988e-05
0.75	0.25	0.84	0.764279	1.93905	0.837107	2.81739e-05
0.75	0.25	0.88	0.791271	2.00753	0.832688	1.9788e-05
0.75	0.25	0.92	0.819555	2.07929	0.828636	1.38164e-05
0.75	0.25	0.96	0.849195	2.15449	0.824937	9.58986e-06
0.75	0.25	1	0.880254	2.23329	0.82158	6.61666e-06
0.75	0.25	1.04	0.912796	2.31585	0.818547	4.53804e-06
0.75	0.25	1.08	0.946886	2.40234	0.815823	3.09387e-06
0.75	0.25	1.12	0.982587	2.49291	0.813387	2.09676e-06
0.75	0.25	1.16	1.01997	2.58775	0.811223	1.41085e-06
0.75	0.25	1.2	1.0591	2.68703	0.809318	9.35998e-07
0.75	0.25	1.24	1.10007	2.79098	0.807666	6.1123e-07
0.75	0.25	1.28	1.14297	2.89981	0.806255	3.92595e-07
0.75	0.25	1.32	1.18786	3.01372	0.80507	2.47834e-07
0.75	0.25	1.36	1.23484	3.13289	0.804091	1.53639e-07
0.75	0.25	1.4	1.28396	3.25753	0.803297	9.34558e-08
0.75	0.25	1.44	1.33531	3.38781	0.802666	5.57311e-08
0.75	0.25	1.48	1.38895	3.5239	0.802173	3.25529e-08
0.75	0.25	1.52	1.44496	3.66599	0.801796	1.86073e-08
0.75	0.25	1.56	1.5034	3.81427	0.801515	1.03984e-08
0.75	0.25	1.6	1.56435	3.96891	0.801309	5.67566e-09
0.75	0.25	1.64	1.6279	4.13013	0.801162	3.02269e-09
0.75	0.25	1.68	1.69412	4.29813	0.80106	1.56909e-09
0.75	0.25	1.72	1.7631	4.47315	0.800991	7.93075e-10
0.75	0.25	1.76	1.83495	4.65544	0.800945	3.8986e-10
0.75	0.25	1.8	1.90977	4.84526	0.800915	1.86179e-10
0.75	0.25	1.84	1.98766	5.04288	0.800897	8.62707e-11
0.75	0.25	1.88	2.06875	5.24861	0.800886	3.87408e-11
0.75	0.25	1.92	2.15316	5.46277	0.80088	1.68379e-11
0.75	0.25	1.96	2.24102	5.68568	0.800876	7.07362e-12
0.75	0.25	2	2.33247	5.9177	0.800874	2.8683e-12
0.75	0.25	2.04	2.42766	6.1592	0.800873	1.12101e-12
0.75	0.25	2.08	2.52673	6.41056	0.800872	4.21643e-13
0.75	0.25	2.12	2.62985	6.67217	0.800872	1.52388e-13
0.75	0.25	2.16	2.73718	6.94447	0.800872	5.28342e-14
0.75	0.25	2.2	2.84888	7.22788	0.800872	1.75431e-14
0.75	0.25	2.24	2.96515	7.52285	0.800872	5.56875e-15
0.75	0.25	2.28	3.08616	7.82987	0.800872	1.68683e-15
0.75	0.25	2.32	3.21211	8.14941	0.800872	4.86649e-16
0.75	0.25	2.36	3.3432	8.48199	0.800872	1.33453e-16
0.75	0.25	2.4	3.47963	8.82815	0.800872	3.47145e-17
0.75	0.25	2.44	3.62164	9.18843	0.800872	8.54726e-18
0.75	0.25	2.48	3.76944	9.56342	0.800872	1.98747e-18
0.75	0.25	2.52	3.92328	9.95371	0.800872	4.35433e-19
0.75	0.25	2.56	4.08339	10.3599	0.800872	8.96666e-20
0.75	0.25	2.6	4.25003	10.7827	0.800872	1.73114e-20
0.75	0.25	2.64	4.42348	11.2228	0.800872	3.12524e-21
0.75	0.25	2.68	4.60401	11.6808	0.800872	5.26131e-22
0.75	0.25	2.72	4.7919	12.1575	0.800872	8.23616e-23
0.75	0.25	2.76	4.98746	12.6536	0.800872	1.19533e-23
0.75	0.25	2.8	5.191	13.1701	0.800872	1.6034e-24
0.75	0.25	2.84	5.40285	13.7075	0.800872	1.98149e-25
0.75	0.25	2.88	5.62335	14.2669	0.800872	2.24845e-26
0.75	0.25	2.92	5.85284	14.8492	0.800872	2.33455e-27
0.75	0.25	2.96	6.0917	15.4552	0.800872	2.20993e-28
0.75	0.25	3	6.34031	16.0859	0.800872	1.90007e-29
0.75	0.25	3.04	6.59906	16.7424	0.800872	1.478e-30
0.75	0.25	3.08	6.86837	17.4257	0.800872	1.03589e-31
0.75	0.25	3.12	7.14867	18.1368	0.800872	6.51398e-33
0.75	0.25	3.16	7.44042	18.877	0.800872	3.65885e-34
0.75	0.25	3.2	7.74407	19.6474	0.800872	1.82729e-35
0.75	0.25	3.24	8.06011	20.4492	0.800872	8.07524e-37
0.75	0.25	3.28	8.38905	21.2838	0.800872	3.14209e-38
0.75	0.25	3.32	8.73141	22.1524	0.800872	1.07088e-39
0.75	0.25	3.36	9.08775	23.0565	0.800872	3.17961e-41
0.75	0.25	3.4	9.45862	23.9974	0.800872	8.17851e-43
0.75	0.25	3.44	9.84464	24.9768	0.800872	1.81175e-44
0.75	0.25	3.48	10.2464	25.9961	0.800872	3.43555e-46
0.75	0.25	3.52	10.6646	27.057	0.800872	5.54134e-48
0.75	0.25	3.56	11.0998	28.1612	0.800872	7.5524e-50
0.75	0.25	3.6	11.5528	29.3105	0.800872	8.63816e-52
0.75	0.25	3.64	12.0243	30.5067	0.800872	8.23222e-54
0.75	0.25	3.68	12.515	31.7517	0.800872	6.4884e-56
0.75	0.25	3.72	13.0257	33.0475	0.800872	4.1968e-58
0.75	0.25	3.76	13.5573	34.3962	0.800872	2.20981e-60
0.75	0.25	3.8	14.1106	35.7999	0.800872	9.39294e-63
0.75	0.25	3.84	14.6865	37.2609	0.800872	3.19494e-65
0.75	0.25	3.88	15.2858	38.7816	0.800872	8.61768e-68
0.75	0.25	3.92	15.9097	40.3643	0.800872	1.82588e-70
0.75	0.25	3.96	16.559	42.0116	0.800872	3.00904e-73
0.75	0.25	4	17.2347	43.7261	0.800872	3.81774e-76
0.75	0.25	4.04	17.9381	45.5106	0.800872	3.68953e-79
0.75	0.25	4.08	18.6702	47.3679	0.800872	2.68595e-82
0.75	0.25	4.12	19.4321	49.3011	0.800872	1.45602e-85
0.75	0.25	4.16	20.2252	51.3131	0.800872	5.80696e-89
0.75	0.25	4.2	21.0506	53.4072	0.800872	1.6827e-92
0.75	0.25	4.24	21.9096	55.5868	0.800872	3.49687e-96
0.75	0.25	4.28	22.8038	57.8553	0.800872	5.1413e-100
0.75	0.25	4.32	23.7344	60.2165	0.800872	5.27296e-104
0.75	0.25	4.36	24.7031	62.6739	0.800872	3.71742e-108
0.75	0.25	4.4	25.7112	65.2317	0.800872	1.77415e-112
0.75	0.25	4.44	26.7605	67.8939	0.800872	5.64136e-117
0.75	0.25	4.48	27.8526	70.6647	0.800872	1.17551e-121
0.75	0.25	4.52	28.9893	73.5485	0.800872	1.57772e-126
0.75	0.25	4.56	30.1724	76.5501	0.800872	1.33966e-131
0.75	0.25	4.6	31.4037	79.6742	0.800872	7.06325e-137
0.75	0.25	4.64	32.6854	82.9257	0.800872	2.26786e-142
0.75	0.25	4.68	34.0193	86.31	0.800872	4.3455e-148
0.75	0.25	4.72	35.4076	89.8324	0.800872	4.86546e-154
0.75	0.25	4.76	36.8526	93.4985	0.800872	3.1142e-160
0.75	0.25	4.8	38.3566	97.3143	0.800872	1.11377e-166
0.75	0.25	4.84	39.922	101.286	0.800872	2.17349e-173
0.75	0.25	4.88	41.5512	105.419	0.800872	2.25784e-180
0.75	0.25	4.92	43.247	109.722	0.800872	1.21682e-187
0.75	0.25	4.96	45.0119	114.199	0.800872	3.31231e-195
0.75	0.25	5	46.8489	118.86	0.800872	4.42891e-203
0.75	0.25	5.04	48.7608	123.711	0.800872	2.8257e-211
0.75	0.25	5.08	50.7508	128.759	0.800872	8.34647e-220
0.75	0.25	5.12	52.822	134.014	0.800872	1.10606e-228
0.75	0.25	5.16	54.9777	139.483	0.800872	6.36429e-238
0.75	0.25	5.2	57.2213	145.176	0.800872	1.53684e-247
0.75	0.25	5.24	59.5566	151.101	0.800872	1.50322e-257
0.75	0.25	5.28	61.9871	157.267	0.800872	5.74008e-268
0.75	0.25	5.32	64.5169	163.685	0.800872	8.23461e-279
0.75	0.25	5.36	67.1499	170.365	0.800872	4.26428e-290
0.75	0.25	5.4	69.8903	177.318	0.800872	7.64655e-302
0.75	0.25	5.44	72.7426	184.555	0.800872	4.54682e-314
0.75	0.25	5.48	75.7113	192.086	0.800872	0
0.75	0.25	5.52	78.8011	199.926	0.800872	0
0.75	0.25	5.56	82.017	208.085	0.800872	0
0.75	0.25	5.6	85.3642	216.577	0.800872	0
0.75	0.25	5.64	88.848	225.416	0.800872	0
0.75	0.25	5.68	92.4739	234.615	0.800872	0
0.75	0.25	5.72	96.2479	244.19	0.800872	0
0.75	0.25	5.76	100.176	254.155	0.800872	0
0.75	0.25	5.8	104.264	264.528	0.800872	0
0.75	0.25	5.84	108.519	275.323	0.800872	0
0.75	0.25	5.88	112.948	286.559	0.800872	0
0.75	0.25	5.92	117.557	298.254	0.800872	0
0.75	0.25	5.96	122.355	310.426	0.800872	0
0.75	0.25	6	127.348	323.095	0.800872	0
0.75	0.25	6.04	132.546	336.28	0.800872	0
0.75	0.25	6.08	137.955	350.004	0.800872	0
0.75	0.25	6.12	143.585	364.288	0.800872	0
0.75	0.25	6.16	149.445	379.155	0.800872	0
0.75	0.25	6.2	155.544	394.629	0.800872	0
0.75	0.25	6.24	161.892	410.734	0.800872	0
0.75	0.25	6.28	168.499	427.496	0.800872	0
0.75	0.25	6.32	175.375	444.943	0.800872	0
0.75	0.25	6.36	182.532	463.101	0.800872	0
0.75	0.25	6.4	189.982	482.001	0.800872	0
0.75	0.25	6.44	197.735	501.672	0.800872	0
0.75	0.25	6.48	205.805	522.145	0.800872	0
0.75	0.25	6.52	214.204	543.454	0.800872	0
0.75	0.25	6.56	222.945	565.633	0.800872	0
0.75	0.25	6.6	232.044	588.717	0.800872	0
0.75	0.25	6.64	241.514	612.743	0.800872	0
0.75	0.25	6.68	251.37	637.75	0.800872	0
0.75	0.25	6.72	261.629	663.777	0.800872	0
0.75	0.25	6.76	272.306	690.866	0.800872	0
0.75	0.25	6.8	283.419	719.061	0.800872	0
0.75	0.25	6.84	294.986	748.406	0.800872	0
0.75	0.25	6.88	307.024	778.949	0.800872	0
0.75	0.25	6.92	319.554	810.739	0.800872	0
0.75	0.25	6.96	332.595	843.825	0.800872	0
0.75	0.25	7	346.169	878.263	0.800872	0
0.75	0.25	7.04	360.296	914.105	0.800872	0
0.75	0.25	7.08	375	951.41	0.800872	0
0.75	0.25	7.12	390.304	990.238	0.800872	0
0.75	0.25	7.16	406.233	1030.65	0.800872	0
0.75	0.25	7.2	422.812	1072.71	0.800872	0
0.75	0.25	7.24	440.067	1116.49	0.800872	0
0.75	0.25	7.28	458.026	1162.06	0.800872	0
0.75	0.25	7.32	476.719	1209.48	0.800872	0
0.75	0.25	7.36	496.174	1258.84	0.800872	0
0.75	0.25	7.4	516.423	1310.21	0.800872	0
0.75	0.25	7.44	537.499	1363.68	0.800872	0
0.75	0.25	7.48	559.435	1419.34	0.800872	0
0.75	0.25	7.52	582.266	1477.26	0.800872	0
0.75	0.25	7.56	606.028	1537.55	0.800872	0
0.75	0.25	7.6	630.761	1600.3	0.800872	0
0.75	0.25	7.64	656.503	1665.61	0.800872	0
0.75	0.25	7.68	683.295	1733.58	0.800872	0
0.75	0.25	7.72	711.181	1804.33	0.800872	0
0.75	0.25	7.76	740.205	1877.97	0.800872	0
0.75	0.25	7.8	770.413	1954.61	0.800872	0
0.75	0.25	7.84	801.854	2034.38	0.800872	0
0.75	0.25	7.88	834.579	2117.4	0.800872	0
0.75	0.25	7.92	868.638	2203.82	0.800872	0
0.75	0.25	7.96	904.088	2293.76	0.800872	0
0.75	0.25	8	940.985	2387.37	0.800872	0
0.75	0.25	8.04	979.387	2484.8	0.800872	0
0.75	0.25	8.08	1019.36	2586.2	0.800872	0
0.75	0.25	8.12	1060.96	2691.75	0.800872	0
0.75	0.25	8.16	1104.26	2801.6	0.800872	0
0.75	0.25	8.2	1149.32	2915.93	0.800872	0
0.75	0.25	8.24	1196.23	3034.94	0.800872	0
0.75	0.25	8.28	1245.05	3158.79	0.800872	0
0.75	0.25	8.32	1295.86	3287.71	0.800872	0
0.75	0.25	8.36	1348.74	3421.88	0.800872	0
0.75	0.25	8.4	1403.78	3561.53	0.800872	0
0.75	0.25	8.44	1461.07	3706.88	0.800872	0
0.75	0.25	8.48	1520.7	3858.16	0.800872	0
0.75	0.25	8.52	1582.76	4015.61	0.800872	0
0.75	0.25	8.56	1647.36	4179.49	0.800872	0
0.75	0.25	8.6	1714.59	4350.06	0.800872	0
0.75	0.25	8.64	1784.56	4527.59	0.800872	0
0.75	0.25	8.68	1857.39	4712.37	0.800872	0
0.75	0.25	8.72	1933.19	4904.68	0.800872	0
0.75	0.25	8.76	2012.09	5104.85	0.800872	0
0.75	0.25	8.8	2094.2	5313.18	0.800872	0
0.75	0.25	8.84	2179.67	5530.01	0.800872	0
0.75	0.25	8.88	2268.62	5755.7	0.800872	0
0.75	0.25	8.92	2361.2	5990.59	0.800872	0
0.75	0.25	8.96	2457.57	6235.07	0.800872	0
0.75	0.25	9	2557.86	6489.53	0.800872	0
0.75	0.25	9.04	2662.25	6754.37	0.800872	0
0.75	0.25	9.08	2770.9	7030.03	0.800872	0
0.75	0.25	9.12	2883.98	7316.93	0.800872	0
0.75	0.25	9.16	3001.68	7615.54	0.800872	0
0.75	0.25	9.2	3124.18	7926.33	0.800872	0
0.75	0.25	9.24	3251.68	8249.81	0.800872	0
0.75	0.25	9.28	3384.38	8586.49	0.800872	0
0.75	0.25	9.32	3522.5	8936.91	0.800872	0
0.75	0.25	9.36	3666.26	9301.64	0.800872	0
0.75	0.25	9.4	3815.88	9681.24	0.800872	0
0.75	0.25	9.44	3971.61	10076.3	0.800872	0
0.75	0.25	9.48	4133.7	10487.6	0.800872	0
0.75	0.25	9.52	4302.39	10915.6	0.800872	0
0.75	0.25	9.56	4477.98	11361	0.800872	0
0.75	0.25	9.6	4660.73	11824.7	0.800872	0
0.75	0.25	9.64	4850.94	12307.3	0.800872	0
0.75	0.25	9.68	5048.91	12809.5	0.800872	0
0.75	0.25	9.72	5254.96	13332.3	0.800872	0
0.75	0.25	9.76	5469.42	13876.4	0.800872	0
0.75	0.25	9.8	5692.63	14442.7	0.800872	0
0.75	0.25	9.84	5924.95	15032.1	0.800872	0
0.75	0.25	9.88	6166.75	15645.6	0.800872	0
0.75	0.25	9.92	6418.42	16284.1	0.800872	0
0.75	0.25	9.96	6680.36	16948.7	0.800872	0
0.75	0.25	10	6952.99	17640.4	0.800872	0
