# Filename: 3Dvlt_macro_Tv_Op42_Kth4.14677_Cc1.00_lmax10_dl1e-05.dat
# Source: 3Dvlt_macro.c
# Source version: 10 (2012 Jul 29 - ...)
# Constant values: PI= 3.141592653589793116, PISQ=9.8696044010893579923, PICU=31.0062766802998162063, A3=41.3417022403997549418, THETA=0.6
# Parameter values: OpA=4, OpB=2, N=3, Cc=1, K0c=0.315036006898573, lmax=10, lsteps=1000000, (dl=1e-05), lpts=1000001, a0=1, a03=1, a06=1
T/Tc	1-T/Tc	l	K	y	e	K/K0	Kr/K0	G
1	1e-08	10	0.39869	0.0581243	0	1.26554	5.74554e-05	5.08966e-28
1	1.25893e-08	10	0.401604	0.0570633	0	1.27479	5.78752e-05	4.99676e-28
1	1.58489e-08	10	0.405282	0.0557567	0	1.28646	5.84053e-05	4.88234e-28
1	1.99526e-08	10	0.409928	0.0541565	0	1.30121	5.90749e-05	4.74222e-28
1	2.51189e-08	10	0.415802	0.0522108	0	1.31986	5.99214e-05	4.57184e-28
1	3.16228e-08	10	0.423235	0.049866	0	1.34345	6.09926e-05	4.36652e-28
1	3.98107e-08	10	0.432651	0.0470719	0	1.37334	6.23494e-05	4.12186e-28
1	5.01187e-08	10	0.444591	0.0437891	0	1.41124	6.40701e-05	3.83439e-28
1	6.30957e-08	10	0.459749	0.0399996	0	1.45936	6.62546e-05	3.50257e-28
1	7.94328e-08	10	0.479017	0.035721	0	1.52052	6.90313e-05	3.12791e-28
1	1e-07	10	0.50353	0.0310213	0	1.59833	7.25639e-05	2.71638e-28
1	1.25893e-07	10	0.534728	0.0260323	0	1.69735	7.70598e-05	2.27952e-28
1	1.58489e-07	10	0.574414	0.0209546	0	1.82333	8.27789e-05	1.83489e-28
1	1.99526e-07	10	0.624801	0.0160452	0	1.98327	9.00402e-05	1.405e-28
1	2.51189e-07	10	0.688529	0.0115829	0	2.18556	9.92241e-05	1.01426e-28
1	3.16228e-07	10	0.768624	0.00781269	0	2.4398	0.000110767	6.84119e-29
1	3.98107e-07	10	0.868395	0.00488444	0	2.75649	0.000125145	4.27707e-29
0.999999	5.01187e-07	10	0.991298	0.00281438	0	3.14662	0.000142856	2.46442e-29
0.999999	6.30957e-07	10	1.14083	0.00149181	0	3.62128	0.000164406	1.30631e-29
0.999999	7.94328e-07	10	1.32058	0.000730128	0	4.19183	0.000190309	6.39337e-30
0.999999	1e-06	10	1.53441	0.000333488	0	4.87057	0.000221123	2.92019e-30
0.999999	1.25893e-06	10	1.7868	0.000144906	0	5.67172	0.000257496	1.26887e-30
0.999998	1.58489e-06	10	2.08318	6.16814e-05	0	6.61251	0.000300208	5.40114e-31
0.999998	1.99526e-06	10	2.43018	2.68121e-05	0	7.71396	0.000350213	2.3478e-31
0.999997	2.51189e-06	10	2.83578	1.25941e-05	0	9.00143	0.000408664	1.10281e-31
0.999997	3.16228e-06	10	3.3095	6.8908e-06	0	10.5051	0.000476932	6.03394e-32
0.999996	3.98107e-06	10	3.86257	4.84426e-06	0	12.2607	0.000556633	4.24188e-32
0.999995	5.01187e-06	9.91639	4.14677	4.63434e-06	0	13.1628	0.000649701	6.70174e-32
0.999994	6.30957e-06	9.76173	4.14678	4.63434e-06	0	13.1628	0.000758372	1.6951e-31
0.999992	7.94328e-06	9.60707	4.14679	4.63434e-06	0	13.1628	0.000885219	4.28749e-31
0.99999	1e-05	9.45241	4.1468	4.63434e-06	0	13.1628	0.00103328	1.08445e-30
0.999987	1.25893e-05	9.29774	4.14677	4.63434e-06	0	13.1627	0.00120611	2.74312e-30
0.999984	1.58489e-05	9.14308	4.14679	4.63434e-06	0	13.1627	0.00140785	6.9383e-30
0.99998	1.99526e-05	8.98842	4.1468	4.63434e-06	0	13.1627	0.00164332	1.75493e-29
0.999975	2.51189e-05	8.83375	4.14678	4.63434e-06	0	13.1625	0.00191819	4.4391e-29
0.999968	3.16228e-05	8.67909	4.1468	4.63434e-06	0	13.1625	0.00223902	1.1228e-28
0.99996	3.98107e-05	8.52442	4.14678	4.63434e-06	0	13.1624	0.00261352	2.84012e-28
0.99995	5.01187e-05	8.36975	4.14677	4.63434e-06	0	13.1622	0.00305065	7.18407e-28
0.999937	6.30957e-05	8.21509	4.1468	4.63434e-06	0	13.1621	0.00356088	1.8171e-27
0.999921	7.94328e-05	8.06042	4.1468	4.63434e-06	0	13.1619	0.00415645	4.59634e-27
0.9999	0.0001	7.90574	4.14677	4.63434e-06	0	13.1615	0.00485162	1.16271e-26
0.999874	0.000125893	7.75107	4.14679	4.63434e-06	0	13.1612	0.00566304	2.94108e-26
0.999842	0.000158489	7.59639	4.14677	4.63434e-06	0	13.1608	0.00661015	7.43988e-26
0.9998	0.000199526	7.44171	4.14678	4.63433e-06	0	13.1602	0.00771561	1.88203e-25
0.999749	0.000251189	7.28703	4.1468	4.63433e-06	0	13.1596	0.00900591	4.76086e-25
0.999684	0.000316228	7.13233	4.14677	4.63432e-06	0	13.1587	0.0105119	1.20447e-24
0.999602	0.000398107	6.97763	4.14678	4.63432e-06	0	13.1576	0.0122696	3.04725e-24
0.999499	0.000501187	6.82292	4.14678	4.6343e-06	0	13.1563	0.0143211	7.70984e-24
0.999369	0.000630957	6.6682	4.14679	4.63428e-06	0	13.1546	0.0167153	1.95078e-23
0.999206	0.000794328	6.51346	4.14678	4.63426e-06	0	13.1524	0.0195095	4.93653e-23
0.999	0.001	6.3587	4.14677	4.63421e-06	0	13.1497	0.0227702	1.24936e-22
0.998741	0.00125893	6.20392	4.14678	4.63415e-06	0	13.1463	0.0265752	3.16229e-22
0.998415	0.00158489	6.04911	4.1468	4.63406e-06	0	13.1421	0.0310148	8.00556e-22
0.998005	0.00199526	5.89425	4.14677	4.63393e-06	0	13.1366	0.0361945	2.02725e-21
0.997488	0.00251189	5.73935	4.14678	4.63374e-06	0	13.1298	0.0422367	5.1348e-21
0.996838	0.00316228	5.58439	4.14679	4.63346e-06	0	13.1213	0.049284	1.30103e-20
0.996019	0.00398107	5.42935	4.14679	4.63304e-06	0	13.1105	0.0575019	3.29796e-20
0.994988	0.00501187	5.27421	4.14677	4.63243e-06	0	13.0969	0.0670822	8.36464e-20
0.99369	0.00630957	5.11896	4.1468	4.63153e-06	0	13.0799	0.078247	2.12279e-19
0.992057	0.00794328	4.96355	4.14679	4.6302e-06	0	13.0583	0.0912527	5.39195e-19
