l	K	y

# DK0 = 2.5	(data set 1)
0	5	2.66237e-24

# DK0 = 0.0390625	(data set 2)
0	0.546875	0.00263945
0.0333	0.547752	0.00278799
0.0666	0.547642	0.0029446
0.0999	0.546522	0.00311049
0.1332	0.544377	0.00328707
0.1665	0.541193	0.00347599
0.1998	0.53696	0.00367923
0.2331	0.531671	0.00389906
0.2664	0.525322	0.00413818
0.2997	0.517911	0.00439979
0.333	0.50944	0.00468766
0.3663	0.499911	0.00500627
0.3996	0.489331	0.00536097
0.4329	0.47771	0.00575821
0.4662	0.46506	0.00620572
0.4995	0.451398	0.00671292
0.5328	0.436745	0.0072913
0.5661	0.421128	0.00795494
0.5994	0.404584	0.00872127
0.6327	0.387153	0.00961192
0.666	0.36889	0.010654
0.6993	0.34986	0.0118815
0.7326	0.330141	0.0133378
0.7659	0.309828	0.0150779
0.7992	0.289033	0.0171727
0.8325	0.267887	0.0197135
0.8658	0.24654	0.0228193
0.8991	0.225161	0.0266456
0.9324	0.203938	0.0313972
0.9657	0.183073	0.0373444
0.999	0.162776	0.0448469
1.0323	0.143262	0.0543845
1.0656	0.124739	0.0665995
1.0989	0.107395	0.0823551
1.1322	0.091394	0.102813
1.1655	0.0768584	0.129541
1.1988	0.0638661	0.164655
1.2321	0.0524443	0.211014
1.2654	0.0425693	0.272484
1.2987	0.0341719	0.354286
1.332	0.0271449	0.46348
1.3653	0.0213541	0.6096
1.3986	0.0166502	0.805525
1.4319	0.0128796	1.06864
1.4652	0.00989294	1.42243
1.4985	0.00755241	1.89857
1.5318	0.00573529	2.53982
1.5651	0.00433591	3.40391
1.5984	0.00326566	4.56871
1.6317	0.0024519	6.13933
1.665	0.00183617	8.2576
1.6983	0.00137217	11.1149
1.7316	0.00102366	14.9695
1.7649	0.000762608	20.17
1.7982	0.000567498	27.1867
1.8315	0.00042193	36.6542
1.8648	0.00031348	49.4291
1.8981	0.000232774	66.6671
1.9314	0.000172769	89.9278
1.9647	0.000128188	121.316
1.998	9.50843e-05	163.672
2.0313	7.05142e-05	220.828
2.0646	5.22844e-05	297.956
2.0979	3.87623e-05	402.037
2.1312	2.87345e-05	542.487
2.1645	2.12992e-05	732.017
2.1978	1.57868e-05	987.778
2.2311	1.17006e-05	1332.92
2.2644	8.67165e-06	1798.66
2.2977	6.42666e-06	2427.16
2.331	4.76276e-06	3275.29
2.3643	3.5296e-06	4419.81
2.3976	2.61569e-06	5964.27
2.4309	1.93839e-06	8048.46
2.4642	1.43646e-06	10861
2.4975	1.0645e-06	14656.3
2.5308	7.88848e-07	19778
2.5641	5.84575e-07	26689.4
2.5974	4.33197e-07	36016.1
2.6307	3.21019e-07	48602
2.664	2.37889e-07	65586.1
2.6973	1.76286e-07	88505.3
2.7306	1.30636e-07	119434
2.7639	9.68065e-08	161170
2.7972	7.17376e-08	217492
2.8305	5.31606e-08	293495
2.8638	3.93942e-08	396058
2.8971	2.91927e-08	534462
2.9304	2.1633e-08	721232
2.9637	1.60309e-08	973269
2.997	1.18796e-08	1.31338e+06
3.0303	8.80324e-09	1.77235e+06
3.0636	6.52356e-09	2.3917e+06
3.0969	4.83422e-09	3.22749e+06
3.1302	3.58236e-09	4.35535e+06
3.1635	2.65467e-09	5.87735e+06
3.1968	1.96722e-09	7.93121e+06
3.2301	1.45779e-09	1.07028e+07
3.2634	1.08028e-09	1.44429e+07
3.2967	8.00532e-10	1.94901e+07
3.33	5.93226e-10	2.6301e+07
3.3633	4.39605e-10	3.54919e+07
3.3966	3.25765e-10	4.78947e+07
3.4299	2.41405e-10	6.46317e+07
3.4632	1.78891e-10	8.72175e+07
3.4965	1.32565e-10	1.17696e+08
3.5298	9.82363e-11	1.58825e+08
3.5631	7.27971e-11	2.14328e+08
3.5964	5.39456e-11	2.89225e+08
3.6297	3.99759e-11	3.90296e+08
3.663	2.96237e-11	5.26686e+08
3.6963	2.19524e-11	7.10739e+08
3.7296	1.62676e-11	9.5911e+08
3.7629	1.2055e-11	1.29427e+09
3.7962	8.93321e-12	1.74656e+09
3.8295	6.61987e-12	2.35691e+09
3.8628	4.90559e-12	3.18054e+09
3.8961	3.63524e-12	4.29199e+09
3.9294	2.69386e-12	5.79184e+09
3.9627	1.99626e-12	7.81582e+09
3.996	1.47931e-12	1.05471e+10
4.0293	1.09623e-12	1.42328e+10
4.0626	8.1235e-13	1.92065e+10
4.0959	6.01984e-13	2.59183e+10
4.1292	4.46095e-13	3.49756e+10
4.1625	3.30574e-13	4.71979e+10
4.1958	2.44969e-13	6.36914e+10
4.2291	1.81532e-13	8.59487e+10
4.2624	1.34522e-13	1.15984e+11
4.2957	9.96866e-14	1.56515e+11
4.329	7.38718e-14	2.11209e+11
4.3623	5.4742e-14	2.85017e+11
4.3956	4.0566e-14	3.84618e+11
4.4289	3.00611e-14	5.19024e+11
4.4622	2.22765e-14	7.00399e+11
4.4955	1.65078e-14	9.45156e+11
4.5288	1.22329e-14	1.27544e+12
4.5621	9.0651e-15	1.72115e+12
4.5954	6.7176e-15	2.32262e+12
4.6287	4.97802e-15	3.13427e+12
4.662	3.68891e-15	4.22955e+12
4.6953	2.73363e-15	5.70758e+12
4.7286	2.02573e-15	7.70211e+12
4.7619	1.50115e-15	1.03936e+13
4.7952	1.11241e-15	1.40257e+13
4.8285	8.24343e-16	1.89271e+13
4.8618	6.10872e-16	2.55412e+13
4.8951	4.52681e-16	3.44667e+13
4.9284	3.35455e-16	4.65113e+13
4.9617	2.48585e-16	6.27648e+13
4.995	1.84212e-16	8.46982e+13
5.0283	1.36508e-16	1.14296e+14
5.0616	1.01158e-16	1.54238e+14
5.0949	7.49624e-17	2.08137e+14
5.1282	5.55502e-17	2.80871e+14
5.1615	4.11649e-17	3.79022e+14
5.1948	3.05049e-17	5.11473e+14
5.2281	2.26054e-17	6.90209e+14
5.2614	1.67515e-17	9.31406e+14
5.2947	1.24135e-17	1.25689e+15
5.328	9.19893e-18	1.69611e+15
5.3613	6.81678e-18	2.28883e+15
5.3946	5.05151e-18	3.08867e+15
5.4279	3.74337e-18	4.16801e+15
5.4612	2.77399e-18	5.62454e+15
5.4945	2.05564e-18	7.59006e+15
5.5278	1.52331e-18	1.02424e+16
5.5611	1.12884e-18	1.38217e+16
5.5944	8.36513e-19	1.86517e+16
5.6277	6.1989e-19	2.51697e+16
5.661	4.59364e-19	3.39653e+16
5.6943	3.40407e-19	4.58346e+16
5.7276	2.52255e-19	6.18517e+16
5.7609	1.86931e-19	8.3466e+16
5.7942	1.38524e-19	1.12634e+17
5.8275	1.02652e-19	1.51994e+17
5.8608	7.60691e-20	2.05109e+17
5.8941	5.63703e-20	2.76785e+17
5.9274	4.17727e-20	3.73508e+17
5.9607	3.09552e-20	5.04032e+17
5.994	2.29391e-20	6.80168e+17

# DK0 = 0.000610352	(data set 3)
0	0.621338	0.00117605
0.0333	0.632166	0.00121912
0.0666	0.642638	0.00126078
0.0999	0.652735	0.00130093
0.1332	0.662446	0.0013395
0.1665	0.67176	0.00137642
0.1998	0.68067	0.00141166
0.2331	0.689174	0.00144519
0.2664	0.69727	0.001477
0.2997	0.704961	0.0015071
0.333	0.712251	0.00153551
0.3663	0.719149	0.00156225
0.3996	0.725662	0.00158737
0.4329	0.731801	0.0016109
0.4662	0.737579	0.0016329
0.4995	0.743009	0.00165343
0.5328	0.748105	0.00167255
0.5661	0.752882	0.00169031
0.5994	0.757354	0.00170677
0.6327	0.761538	0.00172201
0.666	0.765449	0.00173609
0.6993	0.769103	0.00174906
0.7326	0.772514	0.00176099
0.7659	0.775698	0.00177193
0.7992	0.778669	0.00178195
0.8325	0.781443	0.00179109
0.8658	0.784031	0.00179941
0.8991	0.786448	0.00180696
0.9324	0.788707	0.00181378
0.9657	0.790819	0.00181992
0.999	0.792796	0.00182542
1.0323	0.794648	0.00183031
1.0656	0.796388	0.00183463
1.0989	0.798023	0.00183842
1.1322	0.799563	0.0018417
1.1655	0.801018	0.0018445
1.1988	0.802396	0.00184684
1.2321	0.803704	0.00184876
1.2654	0.80495	0.00185026
1.2987	0.806142	0.00185138
1.332	0.807285	0.00185212
1.3653	0.808386	0.00185249
1.3986	0.809451	0.00185252
1.4319	0.810485	0.00185222
1.4652	0.811495	0.00185158
1.4985	0.812485	0.00185063
1.5318	0.813461	0.00184936
1.5651	0.814427	0.00184779
1.5984	0.815387	0.00184591
1.6317	0.816346	0.00184373
1.665	0.817309	0.00184125
1.6983	0.818279	0.00183847
1.7316	0.819262	0.00183538
1.7649	0.820259	0.001832
1.7982	0.821277	0.0018283
1.8315	0.822319	0.00182429
1.8648	0.823388	0.00181997
1.8981	0.824489	0.00181532
1.9314	0.825625	0.00181033
1.9647	0.826801	0.00180501
1.998	0.828021	0.00179934
2.0313	0.829289	0.00179332
2.0646	0.830609	0.00178692
2.0979	0.831986	0.00178014
2.1312	0.833423	0.00177297
2.1645	0.834926	0.0017654
2.1978	0.836499	0.0017574
2.2311	0.838148	0.00174897
2.2644	0.839876	0.0017401
2.2977	0.841691	0.00173076
2.331	0.843596	0.00172094
2.3643	0.845598	0.00171062
2.3976	0.847704	0.0016998
2.4309	0.849918	0.00168844
2.4642	0.852248	0.00167654
2.4975	0.854701	0.00166407
2.5308	0.857284	0.00165102
2.5641	0.860004	0.00163737
2.5974	0.86287	0.0016231
2.6307	0.86589	0.00160819
2.664	0.869073	0.00159263
2.6973	0.872427	0.00157641
2.7306	0.875963	0.0015595
2.7639	0.879691	0.00154188
2.7972	0.883622	0.00152355
2.8305	0.887767	0.0015045
2.8638	0.892137	0.0014847
2.8971	0.896746	0.00146415
2.9304	0.901607	0.00144284
2.9637	0.906733	0.00142076
2.997	0.912139	0.00139791
3.0303	0.917841	0.00137428
3.0636	0.923854	0.00134989
3.0969	0.930196	0.00132472
3.1302	0.936883	0.00129878
3.1635	0.943936	0.0012721
3.1968	0.951374	0.00124467
3.2301	0.959217	0.00121652
3.2634	0.967486	0.00118767
3.2967	0.976205	0.00115815
3.33	0.985398	0.00112798
3.3633	0.995089	0.00109721
3.3966	1.0053	0.00106559
3.4299	1.0161	0.00103156
3.4632	1.02754	0.000994973
3.4965	1.03971	0.00095597
3.5298	1.0527	0.000914709
3.5631	1.06658	0.000871374
3.5964	1.08145	0.000826182
3.6297	1.0974	0.00077938
3.663	1.11451	0.000731248
3.6963	1.13288	0.000682101
3.7296	1.15262	0.000632286
3.7629	1.17382	0.000582181
3.7962	1.19659	0.000532188
3.8295	1.22102	0.000482731
3.8628	1.24722	0.000434244
3.8961	1.27529	0.00038716
3.9294	1.30531	0.000341902
3.9627	1.33738	0.000298871
3.996	1.37159	0.000258426
4.0293	1.408	0.000220876
4.0626	1.44669	0.000186467
4.0959	1.48771	0.000155371
4.1292	1.53111	0.000127677
4.1625	1.57692	0.000103392
4.1958	1.62516	8.24425e-05
4.2291	1.67586	6.46776e-05
4.2624	1.72902	4.98821e-05
4.2957	1.78465	3.77895e-05
4.329	1.84274	2.80984e-05
4.3623	1.9033	2.04892e-05
4.3956	1.96634	1.46402e-05
4.4289	2.03185	1.02422e-05
4.4622	2.09986	7.00995e-06
4.4955	2.17039	4.68972e-06
4.5288	2.24348	3.0643e-06
4.5621	2.31917	1.95388e-06
4.5954	2.39751	1.21471e-06
4.6287	2.47856	7.35651e-07
4.662	2.56241	4.33614e-07
4.6953	2.64913	2.48521e-07
4.7286	2.7388	1.38368e-07
4.7619	2.83152	7.47643e-08
4.7952	2.92738	3.91646e-08
4.8285	3.0265	1.98691e-08
4.8618	3.12898	9.75166e-09
4.8951	3.23493	4.62493e-09
4.9284	3.34446	2.11716e-09
4.9617	3.45771	9.34342e-10
4.995	3.57479	3.97028e-10
5.0283	3.69583	1.62235e-10
5.0616	3.82098	6.36646e-11
5.0949	3.95036	2.39601e-11
5.1282	4.08412	8.63581e-12
5.1615	4.22241	2.97648e-12
5.1948	4.36538	9.7956e-13
5.2281	4.5132	3.07333e-13
5.2614	4.66602	9.17769e-14
5.2947	4.82401	2.60422e-14
5.328	4.98736	7.00957e-15

# DK0 = 9.53674e-06	(data set 4)
0	0.620937	0.00118117
0.0333	0.631721	0.00122454
0.0666	0.642144	0.00126652
0.0999	0.65219	0.001307
0.1332	0.661846	0.00134592
0.1665	0.6711	0.0013832
0.1998	0.679948	0.00141882
0.2331	0.688384	0.00145275
0.2664	0.696409	0.00148498
0.2997	0.704024	0.00151551
0.333	0.711235	0.00154438
0.3663	0.718047	0.0015716
0.3996	0.724471	0.00159723
0.4329	0.730517	0.0016213
0.4662	0.736196	0.00164386
0.4995	0.741521	0.00166499
0.5328	0.746507	0.00168473
0.5661	0.751168	0.00170315
0.5994	0.755519	0.00172031
0.6327	0.759575	0.00173628
0.666	0.763351	0.00175113
0.6993	0.766863	0.00176492
0.7326	0.770125	0.00177771
0.7659	0.773152	0.00178956
0.7992	0.775959	0.00180053
0.8325	0.778559	0.00181069
0.8658	0.780966	0.00182007
0.8991	0.783191	0.00182875
0.9324	0.785248	0.00183675
0.9657	0.787148	0.00184414
0.999	0.788902	0.00185096
1.0323	0.79052	0.00185724
1.0656	0.792011	0.00186303
1.0989	0.793386	0.00186836
1.1322	0.794653	0.00187327
1.1655	0.795819	0.00187779
1.1988	0.796892	0.00188194
1.2321	0.79788	0.00188577
1.2654	0.798789	0.00188928
1.2987	0.799625	0.00189252
1.332	0.800393	0.00189549
1.3653	0.801099	0.00189822
1.3986	0.801748	0.00190073
1.4319	0.802344	0.00190303
1.4652	0.802892	0.00190515
1.4985	0.803395	0.0019071
1.5318	0.803856	0.00190888
1.5651	0.80428	0.00191053
1.5984	0.804669	0.00191203
1.6317	0.805026	0.00191342
1.665	0.805353	0.00191469
1.6983	0.805654	0.00191585
1.7316	0.805929	0.00191693
1.7649	0.806182	0.00191791
1.7982	0.806414	0.00191881
1.8315	0.806626	0.00191964
1.8648	0.806821	0.00192041
1.8981	0.806999	0.00192111
1.9314	0.807163	0.00192175
1.9647	0.807312	0.00192234
1.998	0.807449	0.00192289
2.0313	0.807575	0.00192339
2.0646	0.80769	0.00192385
2.0979	0.807795	0.00192427
2.1312	0.807891	0.00192466
2.1645	0.807979	0.00192502
2.1978	0.808059	0.00192535
2.2311	0.808132	0.00192566
2.2644	0.808199	0.00192594
2.2977	0.80826	0.0019262
2.331	0.808315	0.00192645
2.3643	0.808366	0.00192667
2.3976	0.808412	0.00192688
2.4309	0.808453	0.00192707
2.4642	0.808491	0.00192725
2.4975	0.808525	0.00192742
2.5308	0.808556	0.00192758
2.5641	0.808583	0.00192773
2.5974	0.808608	0.00192787
2.6307	0.80863	0.001928
2.664	0.80865	0.00192812
2.6973	0.808667	0.00192824
2.7306	0.808682	0.00192836
2.7639	0.808695	0.00192846
2.7972	0.808706	0.00192857
2.8305	0.808716	0.00192867
2.8638	0.808724	0.00192877
2.8971	0.80873	0.00192886
2.9304	0.808734	0.00192896
2.9637	0.808738	0.00192905
2.997	0.808739	0.00192914
3.0303	0.80874	0.00192923
3.0636	0.808739	0.00192932
3.0969	0.808737	0.00192942
3.1302	0.808734	0.00192951
3.1635	0.80873	0.0019296
3.1968	0.808724	0.0019297
3.2301	0.808718	0.0019298
3.2634	0.80871	0.0019299
3.2967	0.808701	0.00193
3.33	0.808691	0.00193011
3.3633	0.80868	0.00193022
3.3966	0.808667	0.00193033
3.4299	0.808654	0.00193045
3.4632	0.808639	0.00193057
3.4965	0.808623	0.0019307
3.5298	0.808606	0.00193083
3.5631	0.808587	0.00193097
3.5964	0.808567	0.00193112
3.6297	0.808546	0.00193127
3.663	0.808523	0.00193143
3.6963	0.808499	0.0019316
3.7296	0.808473	0.00193178
3.7629	0.808445	0.00193196
3.7962	0.808416	0.00193216
3.8295	0.808385	0.00193236
3.8628	0.808352	0.00193258
3.8961	0.808317	0.0019328
3.9294	0.808281	0.00193304
3.9627	0.808241	0.0019333
3.996	0.8082	0.00193356
4.0293	0.808157	0.00193384
4.0626	0.80811	0.00193414
4.0959	0.808062	0.00193445
4.1292	0.80801	0.00193477
4.1625	0.807955	0.00193512
4.1958	0.807898	0.00193548
4.2291	0.807837	0.00193587
4.2624	0.807773	0.00193628
4.2957	0.807705	0.0019367
4.329	0.807633	0.00193715
4.3623	0.807558	0.00193763
4.3956	0.807478	0.00193813
4.4289	0.807394	0.00193866
4.4622	0.807305	0.00193922
4.4955	0.807211	0.00193981
4.5288	0.807112	0.00194044
4.5621	0.807007	0.00194109
4.5954	0.806897	0.00194179
4.6287	0.80678	0.00194252
4.662	0.806658	0.00194329
4.6953	0.806528	0.00194411
4.7286	0.806391	0.00194497
4.7619	0.806247	0.00194588
4.7952	0.806094	0.00194684
4.8285	0.805934	0.00194786
4.8618	0.805764	0.00194893
4.8951	0.805585	0.00195006
4.9284	0.805396	0.00195125
4.9617	0.805197	0.00195251
4.995	0.804986	0.00195384
5.0283	0.804764	0.00195525
5.0616	0.80453	0.00195673
5.0949	0.804283	0.0019583
5.1282	0.804023	0.00195995
5.1615	0.803747	0.0019617
5.1948	0.803457	0.00196355
5.2281	0.803151	0.0019655
5.2614	0.802828	0.00196756
5.2947	0.802487	0.00196973
5.328	0.802127	0.00197204
5.3613	0.801748	0.00197447
5.3946	0.801347	0.00197703
5.4279	0.800925	0.00197975
5.4612	0.800479	0.00198262
5.4945	0.800008	0.00198565
5.5278	0.799512	0.00198886
5.5611	0.798988	0.00199225
5.5944	0.798436	0.00199583
5.6277	0.797853	0.00199962
5.661	0.797238	0.00200363
5.6943	0.796589	0.00200787
5.7276	0.795904	0.00201235
5.7609	0.795182	0.0020171
5.7942	0.79442	0.00202212
5.8275	0.793616	0.00202744
5.8608	0.792767	0.00203306
5.8941	0.791872	0.00203902
5.9274	0.790927	0.00204533
5.9607	0.789931	0.00205201
5.994	0.78888	0.00205909

# DK0 = 1.49012e-07	(data set 5)
0	0.620938	0.00118116
0.0333	0.631722	0.00122453
0.0666	0.642145	0.00126651
0.0999	0.652191	0.00130699
0.1332	0.661847	0.0013459
0.1665	0.671102	0.00138319
0.1998	0.679949	0.00141881
0.2331	0.688386	0.00145273
0.2664	0.696411	0.00148496
0.2997	0.704026	0.00151549
0.333	0.711237	0.00154436
0.3663	0.71805	0.00157158
0.3996	0.724474	0.00159721
0.4329	0.73052	0.00162127
0.4662	0.736199	0.00164384
0.4995	0.741525	0.00166496
0.5328	0.746511	0.0016847
0.5661	0.751172	0.00170312
0.5994	0.755523	0.00172028
0.6327	0.759579	0.00173625
0.666	0.763356	0.0017511
0.6993	0.766868	0.00176488
0.7326	0.77013	0.00177767
0.7659	0.773158	0.00178952
0.7992	0.775965	0.00180049
0.8325	0.778566	0.00181064
0.8658	0.780973	0.00182003
0.8991	0.783199	0.0018287
0.9324	0.785256	0.0018367
0.9657	0.787156	0.00184409
0.999	0.78891	0.0018509
1.0323	0.790529	0.00185718
1.0656	0.792021	0.00186296
1.0989	0.793396	0.00186829
1.1322	0.794664	0.0018732
1.1655	0.795831	0.00187771
1.1988	0.796905	0.00188186
1.2321	0.797893	0.00188568
1.2654	0.798803	0.0018892
1.2987	0.799639	0.00189242
1.332	0.800408	0.00189539
1.3653	0.801116	0.00189812
1.3986	0.801765	0.00190062
1.4319	0.802362	0.00190292
1.4652	0.802911	0.00190503
1.4985	0.803415	0.00190697
1.5318	0.803878	0.00190875
1.5651	0.804303	0.00191038
1.5984	0.804693	0.00191188
1.6317	0.805051	0.00191326
1.665	0.80538	0.00191452
1.6983	0.805682	0.00191568
1.7316	0.805959	0.00191674
1.7649	0.806213	0.00191771
1.7982	0.806447	0.00191861
1.8315	0.806661	0.00191942
1.8648	0.806858	0.00192017
1.8981	0.807038	0.00192086
1.9314	0.807204	0.00192149
1.9647	0.807356	0.00192207
1.998	0.807495	0.0019226
2.0313	0.807623	0.00192308
2.0646	0.807741	0.00192353
2.0979	0.807849	0.00192393
2.1312	0.807948	0.00192431
2.1645	0.808039	0.00192465
2.1978	0.808122	0.00192496
2.2311	0.808199	0.00192524
2.2644	0.80827	0.0019255
2.2977	0.808334	0.00192574
2.331	0.808394	0.00192595
2.3643	0.808449	0.00192615
2.3976	0.808499	0.00192633
2.4309	0.808546	0.0019265
2.4642	0.808589	0.00192664
2.4975	0.808628	0.00192678
2.5308	0.808664	0.0019269
2.5641	0.808698	0.00192701
2.5974	0.808729	0.00192711
2.6307	0.808758	0.0019272
2.664	0.808784	0.00192728
2.6973	0.808809	0.00192736
2.7306	0.808832	0.00192742
2.7639	0.808853	0.00192748
2.7972	0.808873	0.00192753
2.8305	0.808892	0.00192757
2.8638	0.80891	0.00192761
2.8971	0.808926	0.00192764
2.9304	0.808941	0.00192767
2.9637	0.808956	0.00192769
2.997	0.80897	0.00192771
3.0303	0.808983	0.00192772
3.0636	0.808996	0.00192773
3.0969	0.809008	0.00192773
3.1302	0.80902	0.00192773
3.1635	0.809031	0.00192772
3.1968	0.809043	0.00192772
3.2301	0.809053	0.00192771
3.2634	0.809064	0.00192769
3.2967	0.809075	0.00192767
3.33	0.809085	0.00192765
3.3633	0.809096	0.00192762
3.3966	0.809106	0.00192759
3.4299	0.809117	0.00192756
3.4632	0.809128	0.00192752
3.4965	0.809139	0.00192748
3.5298	0.80915	0.00192744
3.5631	0.809161	0.00192739
3.5964	0.809173	0.00192734
3.6297	0.809185	0.00192729
3.663	0.809198	0.00192723
3.6963	0.809211	0.00192716
3.7296	0.809224	0.0019271
3.7629	0.809238	0.00192702
3.7962	0.809252	0.00192695
3.8295	0.809267	0.00192686
3.8628	0.809283	0.00192678
3.8961	0.8093	0.00192668
3.9294	0.809317	0.00192658
3.9627	0.809335	0.00192648
3.996	0.809354	0.00192637
4.0293	0.809374	0.00192625
4.0626	0.809395	0.00192613
4.0959	0.809417	0.001926
4.1292	0.80944	0.00192586
4.1625	0.809465	0.00192571
4.1958	0.80949	0.00192556
4.2291	0.809517	0.0019254
4.2624	0.809546	0.00192522
4.2957	0.809575	0.00192504
4.329	0.809607	0.00192485
4.3623	0.80964	0.00192464
4.3956	0.809675	0.00192443
4.4289	0.809712	0.0019242
4.4622	0.809751	0.00192396
4.4955	0.809792	0.00192371
4.5288	0.809835	0.00192344
4.5621	0.809881	0.00192316
4.5954	0.809929	0.00192287
4.6287	0.80998	0.00192255
4.662	0.810033	0.00192222
4.6953	0.81009	0.00192187
4.7286	0.810149	0.00192151
4.7619	0.810212	0.00192112
4.7952	0.810278	0.00192071
4.8285	0.810348	0.00192028
4.8618	0.810422	0.00191982
4.8951	0.8105	0.00191934
4.9284	0.810582	0.00191883
4.9617	0.810668	0.0019183
4.995	0.810759	0.00191773
5.0283	0.810856	0.00191714
5.0616	0.810958	0.00191651
5.0949	0.811065	0.00191585
5.1282	0.811178	0.00191515
5.1615	0.811297	0.00191441
5.1948	0.811423	0.00191364
5.2281	0.811556	0.00191282
5.2614	0.811697	0.00191195
5.2947	0.811845	0.00191104
5.328	0.812001	0.00191008
5.3613	0.812165	0.00190907
5.3946	0.812339	0.001908
5.4279	0.812523	0.00190687
5.4612	0.812716	0.00190569
5.4945	0.81292	0.00190443
5.5278	0.813136	0.00190311
5.5611	0.813363	0.00190172
5.5944	0.813603	0.00190025
5.6277	0.813856	0.00189871
5.661	0.814123	0.00189708
5.6943	0.814405	0.00189536
5.7276	0.814703	0.00189355
5.7609	0.815016	0.00189164
5.7942	0.815347	0.00188963
5.8275	0.815697	0.00188751
5.8608	0.816065	0.00188528
5.8941	0.816454	0.00188292
5.9274	0.816864	0.00188044
5.9607	0.817297	0.00187783
5.994	0.817754	0.00187508
6.0273	0.818236	0.00187219
6.0606	0.818745	0.00186914
6.0939	0.819282	0.00186592
6.1272	0.819848	0.00186254
6.1605	0.820446	0.00185898
6.1938	0.821076	0.00185523
6.2271	0.821741	0.00185129
6.2604	0.822443	0.00184714
6.2937	0.823184	0.00184277
6.327	0.823966	0.00183818
6.3603	0.82479	0.00183334
6.3936	0.825661	0.00182826
6.4269	0.826579	0.00182291
6.4602	0.827548	0.0018173
6.4935	0.82857	0.00181139
6.5268	0.829649	0.00180518
6.5601	0.830787	0.00179866
6.5934	0.831988	0.00179181
6.6267	0.833256	0.00178462
6.66	0.834593	0.00177707
6.6933	0.836004	0.00176915
6.7266	0.837493	0.00176083
6.7599	0.839064	0.00175211
6.7932	0.840722	0.00174296
6.8265	0.842471	0.00173337
6.8598	0.844317	0.00172332
6.8931	0.846265	0.0017128
6.9264	0.84832	0.00170178
6.9597	0.850489	0.00169025
6.993	0.852777	0.00167818
7.0263	0.855192	0.00166556
7.0596	0.857739	0.00165237
7.0929	0.860428	0.00163859
7.1262	0.863264	0.00162421
7.1595	0.866257	0.00160919
7.1928	0.869415	0.00159354
7.2261	0.872747	0.00157722
7.2594	0.876263	0.00156022
7.2927	0.879973	0.00154253
7.326	0.883886	0.00152413
7.3593	0.888016	0.001505
7.3926	0.892373	0.00148514
7.4259	0.89697	0.00146453
7.4592	0.901819	0.00144317
7.4925	0.906935	0.00142104
7.5258	0.912333	0.00139815
7.5591	0.918026	0.00137448
7.5924	0.924033	0.00135004
7.6257	0.930368	0.00132483
7.659	0.937051	0.00129887
7.6923	0.9441	0.00127215
7.7256	0.951534	0.00124469
7.7589	0.959374	0.00121651
7.7922	0.967641	0.00118764
7.8255	0.976359	0.00115809
7.8588	0.985551	0.00112791
7.8921	0.995241	0.00109711
7.9254	1.00546	0.00106546
7.9587	1.01625	0.00103138
7.992	1.0277	0.000994748
8.0253	1.03988	0.000955704
8.0586	1.05287	0.000914405
8.0919	1.06676	0.000871036
8.1252	1.08163	0.000825813
8.1585	1.09758	0.000778984
8.1918	1.11471	0.00073083
8.2251	1.13309	0.000681665
8.2584	1.15285	0.000631837
8.2917	1.17406	0.000581723
8.325	1.19684	0.000531727
8.3583	1.22129	0.000482272
8.3916	1.24751	0.000433791
8.4249	1.27559	0.000386718
8.4582	1.30564	0.000341477
8.4915	1.33773	0.000298466
8.5248	1.37196	0.000258046
8.5581	1.40839	0.000220524
8.5914	1.4471	0.000186146
8.6247	1.48815	0.000155081
8.658	1.53157	0.00012742
8.6913	1.5774	0.000103168
8.7246	1.62567	8.22505e-05
8.7579	1.6764	6.45159e-05
8.7912	1.72958	4.97484e-05
8.8245	1.78523	3.76811e-05
8.8578	1.84335	2.80123e-05
8.8911	1.90394	2.04222e-05
8.9244	1.967	1.45893e-05
8.9577	2.03254	1.02044e-05
8.991	2.10057	6.98241e-06
9.0243	2.17113	4.67019e-06
9.0576	2.24424	3.05078e-06
9.0909	2.31996	1.94476e-06
9.1242	2.39832	1.20872e-06
9.1575	2.47941	7.31826e-07
9.1908	2.56329	4.31237e-07
9.2241	2.65003	2.47087e-07
9.2574	2.73973	1.37528e-07
9.2907	2.83249	7.4287e-08
9.324	2.92839	3.8902e-08
9.3573	3.02754	1.97293e-08
9.3906	3.13005	9.67969e-09
9.4239	3.23603	4.58915e-09
9.4572	3.34561	2.10001e-09
9.4905	3.45889	9.26418e-10
9.5238	3.57601	3.93505e-10
9.5571	3.6971	1.6073e-10
9.5904	3.82228	6.30474e-11
9.6237	3.95171	2.37175e-11
9.657	4.08551	8.5445e-12
9.6903	4.22385	2.94363e-12
9.7236	4.36688	9.68284e-13
9.7569	4.51474	3.03643e-13
9.7902	4.66761	9.06284e-14
9.8235	4.82566	2.57026e-14
9.8568	4.98906	6.91435e-15

# DK0 = 2.32831e-09	(data set 6)
0	0.620938	0.00118117
0.0333	0.631722	0.00122454
0.0666	0.642145	0.00126651
0.0999	0.652191	0.001307
0.1332	0.661846	0.00134591
0.1665	0.671101	0.00138319
0.1998	0.679949	0.00141881
0.2331	0.688385	0.00145274
0.2664	0.69641	0.00148496
0.2997	0.704025	0.0015155
0.333	0.711236	0.00154437
0.3663	0.718049	0.00157159
0.3996	0.724473	0.00159721
0.4329	0.730519	0.00162128
0.4662	0.736198	0.00164385
0.4995	0.741524	0.00166497
0.5328	0.74651	0.00168471
0.5661	0.751171	0.00170313
0.5994	0.755522	0.00172029
0.6327	0.759578	0.00173626
0.666	0.763354	0.00175111
0.6993	0.766866	0.00176489
0.7326	0.770129	0.00177768
0.7659	0.773156	0.00178953
0.7992	0.775963	0.00180051
0.8325	0.778564	0.00181066
0.8658	0.78097	0.00182004
0.8991	0.783196	0.00182871
0.9324	0.785254	0.00183672
0.9657	0.787154	0.0018441
0.999	0.788908	0.00185092
1.0323	0.790526	0.0018572
1.0656	0.792018	0.00186298
1.0989	0.793393	0.00186831
1.1322	0.79466	0.00187322
1.1655	0.795827	0.00187773
1.1988	0.796901	0.00188189
1.2321	0.797889	0.00188571
1.2654	0.798799	0.00188922
1.2987	0.799635	0.00189245
1.332	0.800404	0.00189542
1.3653	0.801111	0.00189815
1.3986	0.80176	0.00190065
1.4319	0.802357	0.00190295
1.4652	0.802905	0.00190507
1.4985	0.803409	0.00190701
1.5318	0.803871	0.00190879
1.5651	0.804296	0.00191043
1.5984	0.804686	0.00191193
1.6317	0.805043	0.00191331
1.665	0.805372	0.00191457
1.6983	0.805673	0.00191573
1.7316	0.80595	0.0019168
1.7649	0.806204	0.00191777
1.7982	0.806437	0.00191867
1.8315	0.80665	0.00191949
1.8648	0.806846	0.00192025
1.8981	0.807026	0.00192094
1.9314	0.807191	0.00192157
1.9647	0.807342	0.00192215
1.998	0.807481	0.00192269
2.0313	0.807608	0.00192318
2.0646	0.807725	0.00192363
2.0979	0.807832	0.00192404
2.1312	0.80793	0.00192441
2.1645	0.80802	0.00192476
2.1978	0.808103	0.00192508
2.2311	0.808179	0.00192537
2.2644	0.808248	0.00192564
2.2977	0.808312	0.00192588
2.331	0.80837	0.00192611
2.3643	0.808423	0.00192631
2.3976	0.808472	0.0019265
2.4309	0.808517	0.00192667
2.4642	0.808559	0.00192683
2.4975	0.808596	0.00192698
2.5308	0.808631	0.00192711
2.5641	0.808663	0.00192723
2.5974	0.808692	0.00192734
2.6307	0.808719	0.00192745
2.664	0.808743	0.00192754
2.6973	0.808765	0.00192763
2.7306	0.808786	0.00192771
2.7639	0.808805	0.00192778
2.7972	0.808822	0.00192785
2.8305	0.808838	0.00192791
2.8638	0.808852	0.00192796
2.8971	0.808866	0.00192802
2.9304	0.808878	0.00192806
2.9637	0.808889	0.00192811
2.997	0.808899	0.00192815
3.0303	0.808909	0.00192818
3.0636	0.808917	0.00192822
3.0969	0.808925	0.00192825
3.1302	0.808932	0.00192828
3.1635	0.808939	0.0019283
3.1968	0.808945	0.00192833
3.2301	0.80895	0.00192835
3.2634	0.808955	0.00192837
3.2967	0.80896	0.00192839
3.33	0.808964	0.0019284
3.3633	0.808968	0.00192842
3.3966	0.808971	0.00192843
3.4299	0.808975	0.00192845
3.4632	0.808978	0.00192846
3.4965	0.80898	0.00192847
3.5298	0.808983	0.00192848
3.5631	0.808985	0.00192849
3.5964	0.808987	0.0019285
3.6297	0.808989	0.00192851
3.663	0.80899	0.00192852
3.6963	0.808992	0.00192853
3.7296	0.808993	0.00192853
3.7629	0.808994	0.00192854
3.7962	0.808995	0.00192855
3.8295	0.808996	0.00192855
3.8628	0.808997	0.00192856
3.8961	0.808998	0.00192856
3.9294	0.808999	0.00192857
3.9627	0.808999	0.00192857
3.996	0.809	0.00192858
4.0293	0.809	0.00192858
4.0626	0.809	0.00192859
4.0959	0.809	0.00192859
4.1292	0.809001	0.00192859
4.1625	0.809001	0.0019286
4.1958	0.809001	0.0019286
4.2291	0.809001	0.00192861
4.2624	0.809001	0.00192861
4.2957	0.809001	0.00192862
4.329	0.809	0.00192862
4.3623	0.809	0.00192862
4.3956	0.809	0.00192863
4.4289	0.809	0.00192863
4.4622	0.808999	0.00192864
4.4955	0.808999	0.00192864
4.5288	0.808998	0.00192865
4.5621	0.808998	0.00192865
4.5954	0.808997	0.00192866
4.6287	0.808997	0.00192866
4.662	0.808996	0.00192867
4.6953	0.808995	0.00192867
4.7286	0.808994	0.00192868
4.7619	0.808993	0.00192869
4.7952	0.808992	0.00192869
4.8285	0.808991	0.0019287
4.8618	0.80899	0.00192871
4.8951	0.808989	0.00192872
4.9284	0.808988	0.00192873
4.9617	0.808987	0.00192873
4.995	0.808985	0.00192874
5.0283	0.808984	0.00192875
5.0616	0.808982	0.00192876
5.0949	0.808981	0.00192877
5.1282	0.808979	0.00192878
5.1615	0.808977	0.0019288
5.1948	0.808975	0.00192881
5.2281	0.808973	0.00192882
5.2614	0.808971	0.00192884
5.2947	0.808968	0.00192885
5.328	0.808966	0.00192887
5.3613	0.808963	0.00192888
5.3946	0.808961	0.0019289
5.4279	0.808958	0.00192892
5.4612	0.808955	0.00192894
5.4945	0.808952	0.00192896
5.5278	0.808948	0.00192898
5.5611	0.808945	0.001929
5.5944	0.808941	0.00192902
5.6277	0.808937	0.00192905
5.661	0.808933	0.00192907
5.6943	0.808928	0.0019291
5.7276	0.808924	0.00192913
5.7609	0.808919	0.00192916
5.7942	0.808914	0.00192919
5.8275	0.808908	0.00192923
5.8608	0.808902	0.00192927
5.8941	0.808896	0.0019293
5.9274	0.80889	0.00192934
5.9607	0.808883	0.00192939
5.994	0.808876	0.00192943

# DK0 = 3.63798e-11	(data set 7)
0	0.620938	0.00118117
0.0333	0.631722	0.00122454
0.0666	0.642145	0.00126651
0.0999	0.652191	0.001307
0.1332	0.661846	0.00134591
0.1665	0.671101	0.00138319
0.1998	0.679949	0.00141881
0.2331	0.688385	0.00145274
0.2664	0.69641	0.00148496
0.2997	0.704025	0.0015155
0.333	0.711236	0.00154437
0.3663	0.718049	0.00157159
0.3996	0.724473	0.00159721
0.4329	0.730519	0.00162128
0.4662	0.736198	0.00164385
0.4995	0.741524	0.00166497
0.5328	0.74651	0.00168471
0.5661	0.751171	0.00170313
0.5994	0.755522	0.00172029
0.6327	0.759578	0.00173626
0.666	0.763354	0.00175111
0.6993	0.766866	0.00176489
0.7326	0.770129	0.00177768
0.7659	0.773156	0.00178953
0.7992	0.775963	0.00180051
0.8325	0.778564	0.00181066
0.8658	0.78097	0.00182004
0.8991	0.783196	0.00182871
0.9324	0.785254	0.00183672
0.9657	0.787154	0.0018441
0.999	0.788908	0.00185092
1.0323	0.790526	0.0018572
1.0656	0.792018	0.00186298
1.0989	0.793393	0.00186831
1.1322	0.79466	0.00187322
1.1655	0.795827	0.00187773
1.1988	0.796901	0.00188189
1.2321	0.797889	0.00188571
1.2654	0.798799	0.00188922
1.2987	0.799635	0.00189245
1.332	0.800404	0.00189542
1.3653	0.801111	0.00189815
1.3986	0.80176	0.00190065
1.4319	0.802357	0.00190295
1.4652	0.802905	0.00190507
1.4985	0.803409	0.00190701
1.5318	0.803871	0.00190879
1.5651	0.804296	0.00191043
1.5984	0.804686	0.00191193
1.6317	0.805043	0.00191331
1.665	0.805372	0.00191457
1.6983	0.805673	0.00191573
1.7316	0.80595	0.0019168
1.7649	0.806204	0.00191777
1.7982	0.806437	0.00191867
1.8315	0.80665	0.00191949
1.8648	0.806847	0.00192024
1.8981	0.807026	0.00192094
1.9314	0.807191	0.00192157
1.9647	0.807343	0.00192215
1.998	0.807481	0.00192269
2.0313	0.807609	0.00192318
2.0646	0.807725	0.00192362
2.0979	0.807832	0.00192404
2.1312	0.807931	0.00192441
2.1645	0.808021	0.00192476
2.1978	0.808103	0.00192508
2.2311	0.808179	0.00192537
2.2644	0.808248	0.00192563
2.2977	0.808312	0.00192588
2.331	0.80837	0.0019261
2.3643	0.808424	0.00192631
2.3976	0.808473	0.0019265
2.4309	0.808518	0.00192667
2.4642	0.808559	0.00192683
2.4975	0.808597	0.00192697
2.5308	0.808632	0.00192711
2.5641	0.808663	0.00192723
2.5974	0.808692	0.00192734
2.6307	0.808719	0.00192744
2.664	0.808744	0.00192754
2.6973	0.808766	0.00192762
2.7306	0.808787	0.0019277
2.7639	0.808806	0.00192778
2.7972	0.808823	0.00192784
2.8305	0.808839	0.0019279
2.8638	0.808853	0.00192796
2.8971	0.808867	0.00192801
2.9304	0.808879	0.00192806
2.9637	0.80889	0.0019281
2.997	0.8089	0.00192814
3.0303	0.80891	0.00192818
3.0636	0.808918	0.00192821
3.0969	0.808926	0.00192824
3.1302	0.808934	0.00192827
3.1635	0.80894	0.00192829
3.1968	0.808946	0.00192832
3.2301	0.808952	0.00192834
3.2634	0.808957	0.00192836
3.2967	0.808962	0.00192838
3.33	0.808966	0.00192839
3.3633	0.80897	0.00192841
3.3966	0.808974	0.00192842
3.4299	0.808977	0.00192843
3.4632	0.80898	0.00192845
3.4965	0.808983	0.00192846
3.5298	0.808985	0.00192847
3.5631	0.808988	0.00192847
3.5964	0.80899	0.00192848
3.6297	0.808992	0.00192849
3.663	0.808994	0.0019285
3.6963	0.808995	0.0019285
3.7296	0.808997	0.00192851
3.7629	0.808998	0.00192852
3.7962	0.808999	0.00192852
3.8295	0.809001	0.00192852
3.8628	0.809002	0.00192853
3.8961	0.809003	0.00192853
3.9294	0.809003	0.00192854
3.9627	0.809004	0.00192854
3.996	0.809005	0.00192854
4.0293	0.809006	0.00192854
4.0626	0.809006	0.00192855
4.0959	0.809007	0.00192855
4.1292	0.809008	0.00192855
4.1625	0.809008	0.00192855
4.1958	0.809008	0.00192855
4.2291	0.809009	0.00192856
4.2624	0.809009	0.00192856
4.2957	0.80901	0.00192856
4.329	0.80901	0.00192856
4.3623	0.80901	0.00192856
4.3956	0.80901	0.00192856
4.4289	0.809011	0.00192856
4.4622	0.809011	0.00192856
4.4955	0.809011	0.00192856
4.5288	0.809011	0.00192857
4.5621	0.809012	0.00192857
4.5954	0.809012	0.00192857
4.6287	0.809012	0.00192857
4.662	0.809012	0.00192857
4.6953	0.809012	0.00192857
4.7286	0.809012	0.00192857
4.7619	0.809012	0.00192857
4.7952	0.809012	0.00192857
4.8285	0.809013	0.00192857
4.8618	0.809013	0.00192857
4.8951	0.809013	0.00192857
4.9284	0.809013	0.00192857
4.9617	0.809013	0.00192857
4.995	0.809013	0.00192857
5.0283	0.809013	0.00192857
5.0616	0.809013	0.00192857
5.0949	0.809013	0.00192857
5.1282	0.809013	0.00192857
5.1615	0.809013	0.00192857
5.1948	0.809013	0.00192857
5.2281	0.809013	0.00192857
5.2614	0.809013	0.00192857
5.2947	0.809013	0.00192857
5.328	0.809013	0.00192857
5.3613	0.809013	0.00192857
5.3946	0.809014	0.00192857
5.4279	0.809014	0.00192857
5.4612	0.809014	0.00192857
5.4945	0.809014	0.00192857
5.5278	0.809014	0.00192857
5.5611	0.809014	0.00192857
5.5944	0.809014	0.00192857
5.6277	0.809014	0.00192857
5.661	0.809014	0.00192857
5.6943	0.809014	0.00192857
5.7276	0.809014	0.00192857
5.7609	0.809014	0.00192857
5.7942	0.809014	0.00192857
5.8275	0.809014	0.00192857
5.8608	0.809014	0.00192857
5.8941	0.809014	0.00192857
5.9274	0.809014	0.00192857
5.9607	0.809014	0.00192857
5.994	0.809014	0.00192857
6.0273	0.809014	0.00192857
6.0606	0.809014	0.00192857
6.0939	0.809015	0.00192857
6.1272	0.809015	0.00192857
6.1605	0.809015	0.00192857
6.1938	0.809015	0.00192856
6.2271	0.809015	0.00192856
6.2604	0.809015	0.00192856
6.2937	0.809015	0.00192856
6.327	0.809015	0.00192856
6.3603	0.809015	0.00192856
6.3936	0.809015	0.00192856
6.4269	0.809015	0.00192856
6.4602	0.809016	0.00192856
6.4935	0.809016	0.00192856
6.5268	0.809016	0.00192856
6.5601	0.809016	0.00192856
6.5934	0.809016	0.00192856
6.6267	0.809016	0.00192856
6.66	0.809016	0.00192855
6.6933	0.809017	0.00192855
6.7266	0.809017	0.00192855
6.7599	0.809017	0.00192855
6.7932	0.809017	0.00192855
6.8265	0.809017	0.00192855
6.8598	0.809018	0.00192855
6.8931	0.809018	0.00192855
6.9264	0.809018	0.00192854
6.9597	0.809018	0.00192854
6.993	0.809019	0.00192854
7.0263	0.809019	0.00192854
7.0596	0.809019	0.00192854
7.0929	0.80902	0.00192853
7.1262	0.80902	0.00192853
7.1595	0.80902	0.00192853
7.1928	0.809021	0.00192853
7.2261	0.809021	0.00192853
7.2594	0.809022	0.00192852
7.2927	0.809022	0.00192852
7.326	0.809022	0.00192852
7.3593	0.809023	0.00192851
7.3926	0.809024	0.00192851
7.4259	0.809024	0.00192851
7.4592	0.809025	0.0019285
7.4925	0.809025	0.0019285
7.5258	0.809026	0.0019285
7.5591	0.809027	0.00192849
7.5924	0.809027	0.00192849
7.6257	0.809028	0.00192848
7.659	0.809029	0.00192848
7.6923	0.80903	0.00192847
7.7256	0.809031	0.00192847
7.7589	0.809032	0.00192846
7.7922	0.809033	0.00192845
7.8255	0.809034	0.00192845
7.8588	0.809035	0.00192844
7.8921	0.809036	0.00192843
7.9254	0.809037	0.00192842
7.9587	0.809039	0.00192842
7.992	0.80904	0.00192841
8.0253	0.809042	0.0019284
8.0586	0.809043	0.00192839
8.0919	0.809045	0.00192838
8.1252	0.809047	0.00192837
8.1585	0.809048	0.00192836
8.1918	0.80905	0.00192834
8.2251	0.809052	0.00192833
8.2584	0.809054	0.00192832
8.2917	0.809057	0.0019283
8.325	0.809059	0.00192829
8.3583	0.809062	0.00192827
8.3916	0.809064	0.00192826
8.4249	0.809067	0.00192824
8.4582	0.80907	0.00192822
8.4915	0.809073	0.0019282
8.5248	0.809077	0.00192818
8.5581	0.80908	0.00192816
8.5914	0.809084	0.00192814
8.6247	0.809088	0.00192811
8.658	0.809092	0.00192809
8.6913	0.809096	0.00192806
8.7246	0.809101	0.00192803
8.7579	0.809105	0.001928
8.7912	0.80911	0.00192797
8.8245	0.809116	0.00192794
8.8578	0.809121	0.0019279
8.8911	0.809127	0.00192786
8.9244	0.809134	0.00192783
8.9577	0.80914	0.00192778
8.991	0.809147	0.00192774
9.0243	0.809155	0.00192769
9.0576	0.809162	0.00192765
9.0909	0.809171	0.00192759
9.1242	0.809179	0.00192754
9.1575	0.809189	0.00192748
9.1908	0.809198	0.00192742
9.2241	0.809208	0.00192736
9.2574	0.809219	0.00192729
9.2907	0.80923	0.00192722
9.324	0.809242	0.00192715
9.3573	0.809255	0.00192707
9.3906	0.809268	0.00192699
9.4239	0.809282	0.0019269
9.4572	0.809297	0.00192681
9.4905	0.809313	0.00192671
9.5238	0.809329	0.00192661
9.5571	0.809347	0.0019265
9.5904	0.809365	0.00192638
9.6237	0.809385	0.00192626
9.657	0.809405	0.00192614
9.6903	0.809427	0.001926
9.7236	0.80945	0.00192586
9.7569	0.809474	0.00192571
9.7902	0.809499	0.00192555
9.8235	0.809526	0.00192539
9.8568	0.809554	0.00192521
9.8901	0.809584	0.00192503
9.9234	0.809615	0.00192483
9.9567	0.809649	0.00192462
9.99	0.809684	0.00192441
10.0233	0.80972	0.00192418
10.0566	0.809759	0.00192394
10.0899	0.809801	0.00192368
10.1232	0.809844	0.00192341
10.1565	0.80989	0.00192313
10.1898	0.809938	0.00192283
10.2231	0.809989	0.00192251
10.2564	0.810043	0.00192218
10.2897	0.8101	0.00192183
10.323	0.81016	0.00192145
10.3563	0.810223	0.00192106
10.3896	0.810289	0.00192065
10.4229	0.81036	0.00192021
10.4562	0.810434	0.00191975
10.4895	0.810512	0.00191927
10.5228	0.810595	0.00191876
10.5561	0.810682	0.00191822
10.5894	0.810774	0.00191765
10.6227	0.810871	0.00191705
10.656	0.810974	0.00191642
10.6893	0.811082	0.00191575
10.7226	0.811196	0.00191504
10.7559	0.811316	0.0019143
10.7892	0.811443	0.00191352
10.8225	0.811577	0.00191269
10.8558	0.811719	0.00191182
10.8891	0.811868	0.0019109
10.9224	0.812025	0.00190993
10.9557	0.812191	0.00190891
10.989	0.812367	0.00190783
11.0223	0.812552	0.0019067
11.0556	0.812747	0.0019055
11.0889	0.812953	0.00190424
11.1222	0.81317	0.00190291
11.1555	0.813399	0.00190151
11.1888	0.813641	0.00190003
11.2221	0.813896	0.00189847
11.2554	0.814165	0.00189682
11.2887	0.814449	0.00189509
11.322	0.814749	0.00189327
11.3553	0.815065	0.00189134
11.3886	0.815399	0.00188932
11.4219	0.815751	0.00188718
11.4552	0.816123	0.00188493
11.4885	0.816515	0.00188256
11.5218	0.816929	0.00188006
11.5551	0.817365	0.00187743
11.5884	0.817826	0.00187465
11.6217	0.818312	0.00187173
11.655	0.818824	0.00186866
11.6883	0.819365	0.00186542
11.7216	0.819936	0.00186201
11.7549	0.820539	0.00185843
11.7882	0.821174	0.00185465
11.8215	0.821845	0.00185067
11.8548	0.822553	0.00184649
11.8881	0.8233	0.00184209
11.9214	0.824088	0.00183746
11.9547	0.824919	0.00183259
11.988	0.825796	0.00182747
12.0213	0.826722	0.00182208
12.0546	0.827699	0.00181642
12.0879	0.82873	0.00181047
12.1212	0.829817	0.00180422
12.1545	0.830965	0.00179765
12.1878	0.832176	0.00179075
12.2211	0.833454	0.0017835
12.2544	0.834802	0.0017759
12.2877	0.836224	0.00176791
12.321	0.837726	0.00175954
12.3543	0.83931	0.00175075
12.3876	0.840981	0.00174154
12.4209	0.842745	0.00173188
12.4542	0.844605	0.00172176
12.4875	0.846569	0.00171116
12.5208	0.848641	0.00170007
12.5541	0.850827	0.00168845
12.5874	0.853134	0.0016763
12.6207	0.855569	0.0016636
12.654	0.858137	0.00165032
12.6873	0.860847	0.00163645
12.7206	0.863707	0.00162197
12.7539	0.866724	0.00160687
12.7872	0.869908	0.00159111
12.8205	0.873267	0.00157469
12.8538	0.876812	0.00155759
12.8871	0.880552	0.00153979
12.9204	0.884497	0.00152128
12.9537	0.888661	0.00150204
12.987	0.893053	0.00148207
13.0203	0.897687	0.00146135
13.0536	0.902576	0.00143987
13.0869	0.907734	0.00141763
13.1202	0.913175	0.00139461
13.1535	0.918915	0.00137083
13.1868	0.92497	0.00134627
13.2201	0.931357	0.00132095
13.2534	0.938094	0.00129487
13.2867	0.9452	0.00126804
13.32	0.952694	0.00124047
13.3533	0.960597	0.00121219
13.3866	0.968931	0.00118321
13.4199	0.977719	0.00115356
13.4532	0.986985	0.00112328
13.4865	0.996753	0.0010924
13.5198	1.00705	0.00106047
13.5531	1.01794	0.00102599
13.5864	1.02949	0.00098899
13.6197	1.04179	0.000949594
13.653	1.05491	0.000907968
13.6863	1.06894	0.000864304
13.7196	1.08398	0.000818822
13.7529	1.1001	0.000771773
13.7862	1.11741	0.000723445
13.8195	1.13599	0.000674157
13.8528	1.15596	0.00062426
13.8861	1.17741	0.000574138
13.9194	1.20043	0.000524196
13.9527	1.22515	0.00047486
13.986	1.25164	0.000426565
14.0193	1.28001	0.000379743
14.0526	1.31036	0.000334814
14.0859	1.34277	0.000292174
14.1192	1.37733	0.000252173
14.1525	1.4141	0.000215114
14.1858	1.45316	0.000181228
14.2191	1.49457	0.000150675
14.2524	1.53835	0.000123531
14.2857	1.58455	9.97908e-05
14.319	1.63319	7.93664e-05
14.3523	1.68429	6.20962e-05
14.3856	1.73785	4.77556e-05
14.4189	1.79387	3.60714e-05
14.4522	1.85236	2.6738e-05
14.4855	1.91332	1.94344e-05
14.5188	1.97676	1.38399e-05
14.5521	2.04267	9.64864e-06
14.5854	2.11109	6.57979e-06
14.6187	2.18203	4.38544e-06
14.652	2.25553	2.85434e-06
14.6853	2.33165	1.81268e-06
14.7186	2.41042	1.12223e-06
14.7519	2.49192	6.76719e-07
14.7852	2.57623	3.971e-07
14.8185	2.66342	2.26545e-07
14.8518	2.75357	1.25532e-07
14.8851	2.8468	6.74942e-08
14.9184	2.94318	3.51762e-08
14.9517	3.04283	1.77518e-08
14.985	3.14586	8.66504e-09
15.0183	3.25238	4.08645e-09
15.0516	3.36251	1.85978e-09
15.0849	3.47637	8.15818e-10
15.1182	3.59408	3.44509e-10
15.1515	3.71578	1.3987e-10
15.1848	3.8416	5.45234e-11
15.2181	3.97167	2.0379e-11
15.2514	4.10616	7.29292e-12
15.2847	4.2452	2.49518e-12
15.318	4.38894	8.14936e-13
15.3513	4.53755	2.53678e-13
15.3846	4.6912	7.51401e-14
15.4179	4.85004	2.11428e-14

# DK0 = 5.68434e-13	(data set 8)
0	0.620938	0.00118117
0.0333	0.631722	0.00122454
0.0666	0.642145	0.00126651
0.0999	0.652191	0.001307
0.1332	0.661846	0.00134591
0.1665	0.671101	0.00138319
0.1998	0.679949	0.00141881
0.2331	0.688385	0.00145274
0.2664	0.69641	0.00148496
0.2997	0.704025	0.0015155
0.333	0.711236	0.00154437
0.3663	0.718049	0.00157159
0.3996	0.724473	0.00159721
0.4329	0.730519	0.00162128
0.4662	0.736198	0.00164385
0.4995	0.741524	0.00166497
0.5328	0.74651	0.00168471
0.5661	0.751171	0.00170313
0.5994	0.755522	0.00172029
0.6327	0.759578	0.00173626
0.666	0.763354	0.00175111
0.6993	0.766866	0.00176489
0.7326	0.770129	0.00177768
0.7659	0.773156	0.00178953
0.7992	0.775963	0.00180051
0.8325	0.778564	0.00181066
0.8658	0.78097	0.00182004
0.8991	0.783196	0.00182871
0.9324	0.785254	0.00183672
0.9657	0.787154	0.0018441
0.999	0.788908	0.00185092
1.0323	0.790526	0.0018572
1.0656	0.792018	0.00186298
1.0989	0.793393	0.00186831
1.1322	0.79466	0.00187322
1.1655	0.795827	0.00187773
1.1988	0.796901	0.00188189
1.2321	0.797889	0.00188571
1.2654	0.798799	0.00188922
1.2987	0.799635	0.00189245
1.332	0.800404	0.00189542
1.3653	0.801111	0.00189815
1.3986	0.80176	0.00190065
1.4319	0.802357	0.00190295
1.4652	0.802905	0.00190507
1.4985	0.803409	0.00190701
1.5318	0.803871	0.00190879
1.5651	0.804296	0.00191043
1.5984	0.804686	0.00191193
1.6317	0.805043	0.00191331
1.665	0.805372	0.00191457
1.6983	0.805673	0.00191573
1.7316	0.80595	0.0019168
1.7649	0.806204	0.00191777
1.7982	0.806437	0.00191867
1.8315	0.80665	0.00191949
1.8648	0.806847	0.00192024
1.8981	0.807026	0.00192094
1.9314	0.807191	0.00192157
1.9647	0.807343	0.00192215
1.998	0.807481	0.00192269
2.0313	0.807609	0.00192318
2.0646	0.807725	0.00192362
2.0979	0.807832	0.00192404
2.1312	0.807931	0.00192441
2.1645	0.808021	0.00192476
2.1978	0.808103	0.00192508
2.2311	0.808179	0.00192537
2.2644	0.808248	0.00192563
2.2977	0.808312	0.00192588
2.331	0.80837	0.0019261
2.3643	0.808424	0.00192631
2.3976	0.808473	0.0019265
2.4309	0.808518	0.00192667
2.4642	0.808559	0.00192683
2.4975	0.808597	0.00192697
2.5308	0.808632	0.00192711
2.5641	0.808663	0.00192723
2.5974	0.808692	0.00192734
2.6307	0.808719	0.00192744
2.664	0.808744	0.00192754
2.6973	0.808766	0.00192762
2.7306	0.808787	0.0019277
2.7639	0.808806	0.00192778
2.7972	0.808823	0.00192784
2.8305	0.808839	0.0019279
2.8638	0.808853	0.00192796
2.8971	0.808867	0.00192801
2.9304	0.808879	0.00192806
2.9637	0.80889	0.0019281
2.997	0.8089	0.00192814
3.0303	0.80891	0.00192818
3.0636	0.808918	0.00192821
3.0969	0.808926	0.00192824
3.1302	0.808934	0.00192827
3.1635	0.80894	0.00192829
3.1968	0.808946	0.00192832
3.2301	0.808952	0.00192834
3.2634	0.808957	0.00192836
3.2967	0.808962	0.00192838
3.33	0.808966	0.00192839
3.3633	0.80897	0.00192841
3.3966	0.808974	0.00192842
3.4299	0.808977	0.00192843
3.4632	0.80898	0.00192845
3.4965	0.808983	0.00192846
3.5298	0.808985	0.00192847
3.5631	0.808988	0.00192848
3.5964	0.80899	0.00192848
3.6297	0.808992	0.00192849
3.663	0.808993	0.0019285
3.6963	0.808995	0.0019285
3.7296	0.808997	0.00192851
3.7629	0.808998	0.00192852
3.7962	0.808999	0.00192852
3.8295	0.809	0.00192852
3.8628	0.809002	0.00192853
3.8961	0.809003	0.00192853
3.9294	0.809003	0.00192854
3.9627	0.809004	0.00192854
3.996	0.809005	0.00192854
4.0293	0.809006	0.00192854
4.0626	0.809006	0.00192855
4.0959	0.809007	0.00192855
4.1292	0.809007	0.00192855
4.1625	0.809008	0.00192855
4.1958	0.809008	0.00192856
4.2291	0.809009	0.00192856
4.2624	0.809009	0.00192856
4.2957	0.80901	0.00192856
4.329	0.80901	0.00192856
4.3623	0.80901	0.00192856
4.3956	0.80901	0.00192856
4.4289	0.809011	0.00192856
4.4622	0.809011	0.00192856
4.4955	0.809011	0.00192857
4.5288	0.809011	0.00192857
4.5621	0.809011	0.00192857
4.5954	0.809012	0.00192857
4.6287	0.809012	0.00192857
4.662	0.809012	0.00192857
4.6953	0.809012	0.00192857
4.7286	0.809012	0.00192857
4.7619	0.809012	0.00192857
4.7952	0.809012	0.00192857
4.8285	0.809012	0.00192857
4.8618	0.809012	0.00192857
4.8951	0.809013	0.00192857
4.9284	0.809013	0.00192857
4.9617	0.809013	0.00192857
4.995	0.809013	0.00192857
5.0283	0.809013	0.00192857
5.0616	0.809013	0.00192857
5.0949	0.809013	0.00192857
5.1282	0.809013	0.00192857
5.1615	0.809013	0.00192857
5.1948	0.809013	0.00192857
5.2281	0.809013	0.00192857
5.2614	0.809013	0.00192857
5.2947	0.809013	0.00192857
5.328	0.809013	0.00192857
5.3613	0.809013	0.00192857
5.3946	0.809013	0.00192857
5.4279	0.809013	0.00192857
5.4612	0.809013	0.00192857
5.4945	0.809013	0.00192857
5.5278	0.809013	0.00192857
5.5611	0.809013	0.00192857
5.5944	0.809013	0.00192857
5.6277	0.809013	0.00192857
5.661	0.809013	0.00192857
5.6943	0.809013	0.00192857
5.7276	0.809013	0.00192857
5.7609	0.809013	0.00192857
5.7942	0.809013	0.00192857
5.8275	0.809013	0.00192857
5.8608	0.809013	0.00192857
5.8941	0.809013	0.00192857
5.9274	0.809013	0.00192857
5.9607	0.809013	0.00192857
5.994	0.809013	0.00192857
6.0273	0.809013	0.00192857
6.0606	0.809013	0.00192857
6.0939	0.809013	0.00192857
6.1272	0.809013	0.00192857
6.1605	0.809013	0.00192857
6.1938	0.809013	0.00192857
6.2271	0.809013	0.00192857
6.2604	0.809013	0.00192857
6.2937	0.809013	0.00192857
6.327	0.809013	0.00192857
6.3603	0.809013	0.00192857
6.3936	0.809013	0.00192857
6.4269	0.809013	0.00192857
6.4602	0.809013	0.00192857
6.4935	0.809013	0.00192857
6.5268	0.809013	0.00192857
6.5601	0.809013	0.00192857
6.5934	0.809013	0.00192857
6.6267	0.809013	0.00192857
6.66	0.809013	0.00192857
6.6933	0.809013	0.00192857
6.7266	0.809013	0.00192857
6.7599	0.809013	0.00192857
6.7932	0.809013	0.00192857
6.8265	0.809013	0.00192857
6.8598	0.809013	0.00192857
6.8931	0.809013	0.00192857
6.9264	0.809013	0.00192857
6.9597	0.809013	0.00192857
6.993	0.809013	0.00192857
7.0263	0.809013	0.00192857
7.0596	0.809013	0.00192857
7.0929	0.809013	0.00192857
7.1262	0.809013	0.00192857
7.1595	0.809013	0.00192857
7.1928	0.809013	0.00192857
7.2261	0.809013	0.00192857
7.2594	0.809013	0.00192857
7.2927	0.809013	0.00192857
7.326	0.809013	0.00192857
7.3593	0.809013	0.00192857
7.3926	0.809013	0.00192857
7.4259	0.809013	0.00192857
7.4592	0.809013	0.00192857
7.4925	0.809013	0.00192857
7.5258	0.809013	0.00192857
7.5591	0.809013	0.00192857
7.5924	0.809013	0.00192857
7.6257	0.809013	0.00192857
7.659	0.809013	0.00192857
7.6923	0.809013	0.00192857
7.7256	0.809013	0.00192857
7.7589	0.809013	0.00192857
7.7922	0.809013	0.00192857
7.8255	0.809013	0.00192857
7.8588	0.809013	0.00192857
7.8921	0.809013	0.00192857
7.9254	0.809013	0.00192857
7.9587	0.809013	0.00192857
7.992	0.809013	0.00192857
8.0253	0.809013	0.00192857
8.0586	0.809013	0.00192857
8.0919	0.809013	0.00192857
8.1252	0.809013	0.00192857
8.1585	0.809013	0.00192857
8.1918	0.809013	0.00192857
8.2251	0.809014	0.00192857
8.2584	0.809014	0.00192857
8.2917	0.809014	0.00192857
8.325	0.809014	0.00192857
8.3583	0.809014	0.00192857
8.3916	0.809014	0.00192857
8.4249	0.809014	0.00192857
8.4582	0.809014	0.00192857
8.4915	0.809014	0.00192857
8.5248	0.809014	0.00192857
8.5581	0.809014	0.00192857
8.5914	0.809014	0.00192857
8.6247	0.809014	0.00192857
8.658	0.809014	0.00192857
8.6913	0.809014	0.00192857
8.7246	0.809014	0.00192857
8.7579	0.809014	0.00192857
8.7912	0.809014	0.00192857
8.8245	0.809014	0.00192857
8.8578	0.809014	0.00192857
8.8911	0.809014	0.00192857
8.9244	0.809014	0.00192857
8.9577	0.809014	0.00192857
8.991	0.809014	0.00192857
9.0243	0.809014	0.00192857
9.0576	0.809014	0.00192857
9.0909	0.809014	0.00192857
9.1242	0.809014	0.00192857
9.1575	0.809014	0.00192857
9.1908	0.809014	0.00192857
9.2241	0.809014	0.00192857
9.2574	0.809014	0.00192857
9.2907	0.809014	0.00192857
9.324	0.809014	0.00192857
9.3573	0.809014	0.00192857
9.3906	0.809014	0.00192857
9.4239	0.809014	0.00192857
9.4572	0.809015	0.00192857
9.4905	0.809015	0.00192857
9.5238	0.809015	0.00192857
9.5571	0.809015	0.00192857
9.5904	0.809015	0.00192857
9.6237	0.809015	0.00192856
9.657	0.809015	0.00192856
9.6903	0.809015	0.00192856
9.7236	0.809015	0.00192856
9.7569	0.809015	0.00192856
9.7902	0.809015	0.00192856
9.8235	0.809015	0.00192856
9.8568	0.809016	0.00192856
9.8901	0.809016	0.00192856
9.9234	0.809016	0.00192856
9.9567	0.809016	0.00192856
9.99	0.809016	0.00192856
10.0233	0.809016	0.00192856
10.0566	0.809016	0.00192856
10.0899	0.809017	0.00192855
10.1232	0.809017	0.00192855
10.1565	0.809017	0.00192855
10.1898	0.809017	0.00192855
10.2231	0.809017	0.00192855
10.2564	0.809018	0.00192855
10.2897	0.809018	0.00192855
10.323	0.809018	0.00192854
10.3563	0.809018	0.00192854
10.3896	0.809019	0.00192854
10.4229	0.809019	0.00192854
10.4562	0.809019	0.00192854
10.4895	0.809019	0.00192854
10.5228	0.80902	0.00192853
10.5561	0.80902	0.00192853
10.5894	0.809021	0.00192853
10.6227	0.809021	0.00192853
10.656	0.809021	0.00192852
10.6893	0.809022	0.00192852
10.7226	0.809022	0.00192852
10.7559	0.809023	0.00192852
10.7892	0.809023	0.00192851
10.8225	0.809024	0.00192851
10.8558	0.809024	0.00192851
10.8891	0.809025	0.0019285
10.9224	0.809026	0.0019285
10.9557	0.809026	0.00192849
10.989	0.809027	0.00192849
11.0223	0.809028	0.00192848
11.0556	0.809029	0.00192848
11.0889	0.809029	0.00192847
11.1222	0.80903	0.00192847
11.1555	0.809031	0.00192846
11.1888	0.809032	0.00192846
11.2221	0.809033	0.00192845
11.2554	0.809034	0.00192844
11.2887	0.809036	0.00192844
11.322	0.809037	0.00192843
11.3553	0.809038	0.00192842
11.3886	0.80904	0.00192841
11.4219	0.809041	0.0019284
11.4552	0.809042	0.00192839
11.4885	0.809044	0.00192838
11.5218	0.809046	0.00192837
11.5551	0.809048	0.00192836
11.5884	0.809049	0.00192835
11.6217	0.809051	0.00192834
11.655	0.809054	0.00192832
11.6883	0.809056	0.00192831
11.7216	0.809058	0.0019283
11.7549	0.809061	0.00192828
11.7882	0.809063	0.00192826
11.8215	0.809066	0.00192825
11.8548	0.809069	0.00192823
11.8881	0.809072	0.00192821
11.9214	0.809075	0.00192819
11.9547	0.809079	0.00192817
11.988	0.809082	0.00192815
12.0213	0.809086	0.00192812
12.0546	0.80909	0.0019281
12.0879	0.809094	0.00192807
12.1212	0.809099	0.00192804
12.1545	0.809103	0.00192801
12.1878	0.809108	0.00192798
12.2211	0.809114	0.00192795
12.2544	0.809119	0.00192792
12.2877	0.809125	0.00192788
12.321	0.809131	0.00192784
12.3543	0.809138	0.0019278
12.3876	0.809144	0.00192776
12.4209	0.809152	0.00192771
12.4542	0.809159	0.00192767
12.4875	0.809167	0.00192762
12.5208	0.809176	0.00192756
12.5541	0.809185	0.00192751
12.5874	0.809194	0.00192745
12.6207	0.809204	0.00192739
12.654	0.809215	0.00192732
12.6873	0.809226	0.00192725
12.7206	0.809237	0.00192718
12.7539	0.80925	0.0019271
12.7872	0.809263	0.00192702
12.8205	0.809277	0.00192694
12.8538	0.809291	0.00192685
12.8871	0.809306	0.00192675
12.9204	0.809323	0.00192665
12.9537	0.80934	0.00192654
12.987	0.809358	0.00192643
13.0203	0.809377	0.00192631
13.0536	0.809397	0.00192619
13.0869	0.809418	0.00192606
13.1202	0.80944	0.00192592
13.1535	0.809464	0.00192577
13.1868	0.809488	0.00192562
13.2201	0.809515	0.00192546
13.2534	0.809542	0.00192528
13.2867	0.809571	0.0019251
13.32	0.809602	0.00192491
13.3533	0.809635	0.00192471
13.3866	0.809669	0.0019245
13.4199	0.809705	0.00192427
13.4532	0.809743	0.00192404
13.4865	0.809783	0.00192379
13.5198	0.809826	0.00192352
13.5531	0.809871	0.00192325
13.5864	0.809918	0.00192295
13.6197	0.809968	0.00192264
13.653	0.81002	0.00192232
13.6863	0.810076	0.00192197
13.7196	0.810135	0.00192161
13.7529	0.810196	0.00192123
13.7862	0.810262	0.00192082
13.8195	0.81033	0.0019204
13.8528	0.810403	0.00191995
13.8861	0.81048	0.00191947
13.9194	0.810561	0.00191897
13.9527	0.810646	0.00191844
13.986	0.810736	0.00191789
14.0193	0.810831	0.0019173
14.0526	0.810931	0.00191668
14.0859	0.811037	0.00191603
14.1192	0.811148	0.00191534
14.1525	0.811266	0.00191461
14.1858	0.81139	0.00191385
14.2191	0.811521	0.00191304
14.2524	0.81166	0.00191218
14.2857	0.811806	0.00191129
14.319	0.811959	0.00191034
14.3523	0.812122	0.00190934
14.3856	0.812293	0.00190829
14.4189	0.812474	0.00190717
14.4522	0.812665	0.001906
14.4855	0.812866	0.00190477
14.5188	0.813079	0.00190347
14.5521	0.813303	0.00190209
14.5854	0.81354	0.00190064
14.6187	0.813789	0.00189912
14.652	0.814053	0.00189751
14.6853	0.81433	0.00189582
14.7186	0.814624	0.00189403
14.7519	0.814933	0.00189215
14.7852	0.815259	0.00189016
14.8185	0.815604	0.00188807
14.8518	0.815967	0.00188587
14.8851	0.816351	0.00188355
14.9184	0.816755	0.0018811
14.9517	0.817182	0.00187853
14.985	0.817633	0.00187581
15.0183	0.818108	0.00187296
15.0516	0.81861	0.00186995
15.0849	0.819139	0.00186678
15.1182	0.819698	0.00186344
15.1515	0.820287	0.00185993
15.1848	0.820909	0.00185623
15.2181	0.821565	0.00185234
15.2514	0.822257	0.00184824
15.2847	0.822987	0.00184393
15.318	0.823758	0.00183939
15.3513	0.824571	0.00183462
15.3846	0.825429	0.00182961
15.4179	0.826335	0.00182433
15.4512	0.82729	0.00181879
15.4845	0.828298	0.00181296
15.5178	0.829362	0.00180683
15.5511	0.830485	0.00180039
15.5844	0.831669	0.00179363
15.6177	0.832919	0.00178653
15.651	0.834238	0.00177907
15.6843	0.835629	0.00177125
15.7176	0.837098	0.00176303
15.7509	0.838647	0.00175442
15.7842	0.840282	0.00174538
15.8175	0.842007	0.00173591
15.8508	0.843827	0.00172599
15.8841	0.845748	0.00171559
15.9174	0.847774	0.0017047
15.9507	0.849913	0.0016933
15.984	0.852169	0.00168137
16.0173	0.85455	0.0016689
16.0506	0.857062	0.00165586
16.0839	0.859713	0.00164224
16.1172	0.862511	0.00162801
16.1505	0.865462	0.00161317
16.1838	0.868576	0.00159768
16.2171	0.871862	0.00158153
16.2504	0.875329	0.00156471
16.2837	0.878987	0.00154721
16.317	0.882847	0.00152899
16.3503	0.886919	0.00151006
16.3836	0.891215	0.00149039
16.4169	0.895748	0.00146998
16.4502	0.900531	0.00144881
16.4835	0.905576	0.00142688
16.5168	0.910899	0.00140418
16.5501	0.916514	0.00138072
16.5834	0.922437	0.00135648
16.6167	0.928685	0.00133147
16.65	0.935276	0.0013057
16.6833	0.942228	0.00127918
16.7166	0.949559	0.00125191
16.7499	0.957291	0.00122392
16.7832	0.965445	0.00119523
16.8165	0.974044	0.00116585
16.8498	0.983109	0.00113583
16.8831	0.992667	0.00110519
16.9164	1.00274	0.0010739
16.9497	1.01338	0.0010405
16.983	1.02465	0.00100453
17.0163	1.03663	0.000966098
17.0496	1.0494	0.00092537
17.0829	1.06305	0.000882521
17.1162	1.07766	0.000837758
17.1495	1.09332	0.000791322
17.1828	1.11013	0.000743484
17.2161	1.12818	0.00069455
17.2494	1.14756	0.00064486
17.2827	1.16839	0.000594782
17.316	1.19075	0.000544716
17.3493	1.21476	0.000495078
17.3826	1.2405	0.000446301
17.4159	1.26809	0.00039882
17.4492	1.29762	0.000353062
17.4825	1.32917	0.000309434
17.5158	1.36283	0.000268307
17.5491	1.39868	0.000230004
17.5824	1.4368	0.000194787
17.6157	1.47723	0.000162847
17.649	1.52003	0.000134295
17.6823	1.56523	0.00010916
17.7156	1.61286	8.73853e-05
17.7489	1.66295	6.88399e-05
17.7822	1.71549	5.33235e-05
17.8155	1.7705	4.05808e-05
17.8488	1.82798	3.03176e-05
17.8821	1.88792	2.22172e-05
17.9154	1.95033	1.5957e-05
17.9487	2.01522	1.12235e-05
17.982	2.08261	7.72443e-06
18.0153	2.1525	5.19765e-06
18.0486	2.22495	3.41656e-06
18.0819	2.29998	2.19203e-06
18.1152	2.37765	1.37154e-06
18.1485	2.45802	8.36162e-07
18.1818	2.54116	4.96254e-07
18.2151	2.62715	2.8645e-07
18.2484	2.71608	1.60661e-07
18.2817	2.80803	8.74714e-08
18.315	2.9031	4.61823e-08
18.3483	3.00139	2.36203e-08
18.3816	3.10302	1.16904e-08
18.4149	3.20808	5.59274e-09
18.4482	3.31671	2.58327e-09
18.4815	3.42902	1.15067e-09
18.5148	3.54513	4.93661e-10
18.5481	3.66517	2.03731e-10
18.5814	3.78927	8.07722e-11
18.6147	3.91758	3.07224e-11
18.648	4.05023	1.1195e-11
18.6813	4.18737	3.90251e-12
18.7146	4.32916	1.29945e-12
18.7479	4.47575	4.12661e-13
18.7812	4.6273	1.24782e-13
18.8145	4.78398	3.58688e-14
18.8478	4.94597	9.78452e-15

# DK0 = 8.88178e-15	(data set 9)
0	0.620938	0.00118117
0.0333	0.631722	0.00122454
0.0666	0.642145	0.00126651
0.0999	0.652191	0.001307
0.1332	0.661846	0.00134591
0.1665	0.671101	0.00138319
0.1998	0.679949	0.00141881
0.2331	0.688385	0.00145274
0.2664	0.69641	0.00148496
0.2997	0.704025	0.0015155
0.333	0.711236	0.00154437
0.3663	0.718049	0.00157159
0.3996	0.724473	0.00159721
0.4329	0.730519	0.00162128
0.4662	0.736198	0.00164385
0.4995	0.741524	0.00166497
0.5328	0.74651	0.00168471
0.5661	0.751171	0.00170313
0.5994	0.755522	0.00172029
0.6327	0.759578	0.00173626
0.666	0.763354	0.00175111
0.6993	0.766866	0.00176489
0.7326	0.770129	0.00177768
0.7659	0.773156	0.00178953
0.7992	0.775963	0.00180051
0.8325	0.778564	0.00181066
0.8658	0.78097	0.00182004
0.8991	0.783196	0.00182871
0.9324	0.785254	0.00183672
0.9657	0.787154	0.0018441
0.999	0.788908	0.00185092
1.0323	0.790526	0.0018572
1.0656	0.792018	0.00186298
1.0989	0.793393	0.00186831
1.1322	0.79466	0.00187322
1.1655	0.795827	0.00187773
1.1988	0.796901	0.00188189
1.2321	0.797889	0.00188571
1.2654	0.798799	0.00188922
1.2987	0.799635	0.00189245
1.332	0.800404	0.00189542
1.3653	0.801111	0.00189815
1.3986	0.80176	0.00190065
1.4319	0.802357	0.00190295
1.4652	0.802905	0.00190507
1.4985	0.803409	0.00190701
1.5318	0.803871	0.00190879
1.5651	0.804296	0.00191043
1.5984	0.804686	0.00191193
1.6317	0.805043	0.00191331
1.665	0.805372	0.00191457
1.6983	0.805673	0.00191573
1.7316	0.80595	0.0019168
1.7649	0.806204	0.00191777
1.7982	0.806437	0.00191867
1.8315	0.80665	0.00191949
1.8648	0.806847	0.00192024
1.8981	0.807026	0.00192094
1.9314	0.807191	0.00192157
1.9647	0.807343	0.00192215
1.998	0.807481	0.00192269
2.0313	0.807609	0.00192318
2.0646	0.807725	0.00192362
2.0979	0.807832	0.00192404
2.1312	0.807931	0.00192441
2.1645	0.808021	0.00192476
2.1978	0.808103	0.00192508
2.2311	0.808179	0.00192537
2.2644	0.808248	0.00192563
2.2977	0.808312	0.00192588
2.331	0.80837	0.0019261
2.3643	0.808424	0.00192631
2.3976	0.808473	0.0019265
2.4309	0.808518	0.00192667
2.4642	0.808559	0.00192683
2.4975	0.808597	0.00192697
2.5308	0.808632	0.00192711
2.5641	0.808663	0.00192723
2.5974	0.808692	0.00192734
2.6307	0.808719	0.00192744
2.664	0.808744	0.00192754
2.6973	0.808766	0.00192762
2.7306	0.808787	0.0019277
2.7639	0.808806	0.00192778
2.7972	0.808823	0.00192784
2.8305	0.808839	0.0019279
2.8638	0.808853	0.00192796
2.8971	0.808867	0.00192801
2.9304	0.808879	0.00192806
2.9637	0.80889	0.0019281
2.997	0.8089	0.00192814
3.0303	0.80891	0.00192818
3.0636	0.808918	0.00192821
3.0969	0.808926	0.00192824
3.1302	0.808934	0.00192827
3.1635	0.80894	0.00192829
3.1968	0.808946	0.00192832
3.2301	0.808952	0.00192834
3.2634	0.808957	0.00192836
3.2967	0.808962	0.00192838
3.33	0.808966	0.00192839
3.3633	0.80897	0.00192841
3.3966	0.808974	0.00192842
3.4299	0.808977	0.00192843
3.4632	0.80898	0.00192845
3.4965	0.808983	0.00192846
3.5298	0.808985	0.00192847
3.5631	0.808988	0.00192848
3.5964	0.80899	0.00192848
3.6297	0.808992	0.00192849
3.663	0.808993	0.0019285
3.6963	0.808995	0.0019285
3.7296	0.808997	0.00192851
3.7629	0.808998	0.00192852
3.7962	0.808999	0.00192852
3.8295	0.809	0.00192852
3.8628	0.809002	0.00192853
3.8961	0.809003	0.00192853
3.9294	0.809003	0.00192854
3.9627	0.809004	0.00192854
3.996	0.809005	0.00192854
4.0293	0.809006	0.00192854
4.0626	0.809006	0.00192855
4.0959	0.809007	0.00192855
4.1292	0.809007	0.00192855
4.1625	0.809008	0.00192855
4.1958	0.809008	0.00192856
4.2291	0.809009	0.00192856
4.2624	0.809009	0.00192856
4.2957	0.80901	0.00192856
4.329	0.80901	0.00192856
4.3623	0.80901	0.00192856
4.3956	0.80901	0.00192856
4.4289	0.809011	0.00192856
4.4622	0.809011	0.00192856
4.4955	0.809011	0.00192857
4.5288	0.809011	0.00192857
4.5621	0.809011	0.00192857
4.5954	0.809012	0.00192857
4.6287	0.809012	0.00192857
4.662	0.809012	0.00192857
4.6953	0.809012	0.00192857
4.7286	0.809012	0.00192857
4.7619	0.809012	0.00192857
4.7952	0.809012	0.00192857
4.8285	0.809012	0.00192857
4.8618	0.809012	0.00192857
4.8951	0.809013	0.00192857
4.9284	0.809013	0.00192857
4.9617	0.809013	0.00192857
4.995	0.809013	0.00192857
5.0283	0.809013	0.00192857
5.0616	0.809013	0.00192857
5.0949	0.809013	0.00192857
5.1282	0.809013	0.00192857
5.1615	0.809013	0.00192857
5.1948	0.809013	0.00192857
5.2281	0.809013	0.00192857
5.2614	0.809013	0.00192857
5.2947	0.809013	0.00192857
5.328	0.809013	0.00192857
5.3613	0.809013	0.00192857
5.3946	0.809013	0.00192857
5.4279	0.809013	0.00192857
5.4612	0.809013	0.00192857
5.4945	0.809013	0.00192857
5.5278	0.809013	0.00192857
5.5611	0.809013	0.00192857
5.5944	0.809013	0.00192857
5.6277	0.809013	0.00192857
5.661	0.809013	0.00192857
5.6943	0.809013	0.00192857
5.7276	0.809013	0.00192857
5.7609	0.809013	0.00192857
5.7942	0.809013	0.00192857
5.8275	0.809013	0.00192857
5.8608	0.809013	0.00192857
5.8941	0.809013	0.00192857
5.9274	0.809013	0.00192857
5.9607	0.809013	0.00192857
5.994	0.809013	0.00192857
6.0273	0.809013	0.00192857
6.0606	0.809013	0.00192857
6.0939	0.809013	0.00192857
6.1272	0.809013	0.00192857
6.1605	0.809013	0.00192857
6.1938	0.809013	0.00192857
6.2271	0.809013	0.00192857
6.2604	0.809013	0.00192857
6.2937	0.809013	0.00192857
6.327	0.809013	0.00192857
6.3603	0.809013	0.00192857
6.3936	0.809013	0.00192857
6.4269	0.809013	0.00192857
6.4602	0.809013	0.00192857
6.4935	0.809013	0.00192857
6.5268	0.809013	0.00192857
6.5601	0.809013	0.00192857
6.5934	0.809013	0.00192857
6.6267	0.809013	0.00192857
6.66	0.809013	0.00192857
6.6933	0.809013	0.00192857
6.7266	0.809013	0.00192857
6.7599	0.809013	0.00192857
6.7932	0.809013	0.00192857
6.8265	0.809013	0.00192857
6.8598	0.809013	0.00192857
6.8931	0.809013	0.00192857
6.9264	0.809013	0.00192857
6.9597	0.809013	0.00192857
6.993	0.809013	0.00192857
7.0263	0.809013	0.00192857
7.0596	0.809013	0.00192857
7.0929	0.809013	0.00192857
7.1262	0.809013	0.00192857
7.1595	0.809013	0.00192857
7.1928	0.809013	0.00192857
7.2261	0.809013	0.00192857
7.2594	0.809013	0.00192857
7.2927	0.809013	0.00192857
7.326	0.809013	0.00192857
7.3593	0.809013	0.00192857
7.3926	0.809013	0.00192857
7.4259	0.809013	0.00192857
7.4592	0.809013	0.00192857
7.4925	0.809013	0.00192857
7.5258	0.809013	0.00192857
7.5591	0.809013	0.00192857
7.5924	0.809013	0.00192857
7.6257	0.809013	0.00192857
7.659	0.809013	0.00192857
7.6923	0.809013	0.00192857
7.7256	0.809013	0.00192857
7.7589	0.809013	0.00192857
7.7922	0.809013	0.00192857
7.8255	0.809013	0.00192857
7.8588	0.809013	0.00192857
7.8921	0.809013	0.00192857
7.9254	0.809013	0.00192857
7.9587	0.809013	0.00192857
7.992	0.809013	0.00192857
8.0253	0.809013	0.00192857
8.0586	0.809013	0.00192857
8.0919	0.809013	0.00192857
8.1252	0.809013	0.00192857
8.1585	0.809013	0.00192857
8.1918	0.809013	0.00192857
8.2251	0.809013	0.00192857
8.2584	0.809013	0.00192857
8.2917	0.809013	0.00192857
8.325	0.809013	0.00192857
8.3583	0.809013	0.00192857
8.3916	0.809013	0.00192857
8.4249	0.809013	0.00192857
8.4582	0.809013	0.00192857
8.4915	0.809013	0.00192857
8.5248	0.809013	0.00192857
8.5581	0.809013	0.00192857
8.5914	0.809013	0.00192857
8.6247	0.809013	0.00192857
8.658	0.809013	0.00192857
8.6913	0.809013	0.00192857
8.7246	0.809013	0.00192857
8.7579	0.809013	0.00192857
8.7912	0.809013	0.00192857
8.8245	0.809013	0.00192857
8.8578	0.809013	0.00192857
8.8911	0.809013	0.00192857
8.9244	0.809013	0.00192857
8.9577	0.809013	0.00192857
8.991	0.809013	0.00192857
9.0243	0.809013	0.00192857
9.0576	0.809013	0.00192857
9.0909	0.809013	0.00192857
9.1242	0.809013	0.00192857
9.1575	0.809013	0.00192857
9.1908	0.809013	0.00192857
9.2241	0.809013	0.00192857
9.2574	0.809013	0.00192857
9.2907	0.809013	0.00192857
9.324	0.809013	0.00192857
9.3573	0.809013	0.00192857
9.3906	0.809013	0.00192857
9.4239	0.809013	0.00192857
9.4572	0.809013	0.00192857
9.4905	0.809013	0.00192857
9.5238	0.809013	0.00192857
9.5571	0.809013	0.00192857
9.5904	0.809013	0.00192857
9.6237	0.809013	0.00192857
9.657	0.809013	0.00192857
9.6903	0.809013	0.00192857
9.7236	0.809013	0.00192857
9.7569	0.809013	0.00192857
9.7902	0.809014	0.00192857
9.8235	0.809014	0.00192857
9.8568	0.809014	0.00192857
9.8901	0.809014	0.00192857
9.9234	0.809014	0.00192857
9.9567	0.809014	0.00192857
9.99	0.809014	0.00192857
10.0233	0.809014	0.00192857
10.0566	0.809014	0.00192857
10.0899	0.809014	0.00192857
10.1232	0.809014	0.00192857
10.1565	0.809014	0.00192857
10.1898	0.809014	0.00192857
10.2231	0.809014	0.00192857
10.2564	0.809014	0.00192857
10.2897	0.809014	0.00192857
10.323	0.809014	0.00192857
10.3563	0.809014	0.00192857
10.3896	0.809014	0.00192857
10.4229	0.809014	0.00192857
10.4562	0.809014	0.00192857
10.4895	0.809014	0.00192857
10.5228	0.809014	0.00192857
10.5561	0.809014	0.00192857
10.5894	0.809014	0.00192857
10.6227	0.809014	0.00192857
10.656	0.809014	0.00192857
10.6893	0.809014	0.00192857
10.7226	0.809014	0.00192857
10.7559	0.809014	0.00192857
10.7892	0.809014	0.00192857
10.8225	0.809014	0.00192857
10.8558	0.809014	0.00192857
10.8891	0.809014	0.00192857
10.9224	0.809014	0.00192857
10.9557	0.809014	0.00192857
10.989	0.809014	0.00192857
11.0223	0.809014	0.00192857
11.0556	0.809015	0.00192857
11.0889	0.809015	0.00192857
11.1222	0.809015	0.00192857
11.1555	0.809015	0.00192857
11.1888	0.809015	0.00192856
11.2221	0.809015	0.00192856
11.2554	0.809015	0.00192856
11.2887	0.809015	0.00192856
11.322	0.809015	0.00192856
11.3553	0.809015	0.00192856
11.3886	0.809015	0.00192856
11.4219	0.809016	0.00192856
11.4552	0.809016	0.00192856
11.4885	0.809016	0.00192856
11.5218	0.809016	0.00192856
11.5551	0.809016	0.00192856
11.5884	0.809016	0.00192856
11.6217	0.809016	0.00192856
11.655	0.809017	0.00192855
11.6883	0.809017	0.00192855
11.7216	0.809017	0.00192855
11.7549	0.809017	0.00192855
11.7882	0.809017	0.00192855
11.8215	0.809017	0.00192855
11.8548	0.809018	0.00192855
11.8881	0.809018	0.00192855
11.9214	0.809018	0.00192854
11.9547	0.809018	0.00192854
11.988	0.809019	0.00192854
12.0213	0.809019	0.00192854
12.0546	0.809019	0.00192854
12.0879	0.80902	0.00192853
12.1212	0.80902	0.00192853
12.1545	0.80902	0.00192853
12.1878	0.809021	0.00192853
12.2211	0.809021	0.00192853
12.2544	0.809022	0.00192852
12.2877	0.809022	0.00192852
12.321	0.809023	0.00192852
12.3543	0.809023	0.00192851
12.3876	0.809024	0.00192851
12.4209	0.809024	0.00192851
12.4542	0.809025	0.0019285
12.4875	0.809025	0.0019285
12.5208	0.809026	0.00192849
12.5541	0.809027	0.00192849
12.5874	0.809028	0.00192849
12.6207	0.809028	0.00192848
12.654	0.809029	0.00192848
12.6873	0.80903	0.00192847
12.7206	0.809031	0.00192846
12.7539	0.809032	0.00192846
12.7872	0.809033	0.00192845
12.8205	0.809034	0.00192845
12.8538	0.809035	0.00192844
12.8871	0.809036	0.00192843
12.9204	0.809038	0.00192842
12.9537	0.809039	0.00192841
12.987	0.80904	0.00192841
13.0203	0.809042	0.0019284
13.0536	0.809044	0.00192839
13.0869	0.809045	0.00192838
13.1202	0.809047	0.00192837
13.1535	0.809049	0.00192835
13.1868	0.809051	0.00192834
13.2201	0.809053	0.00192833
13.2534	0.809055	0.00192831
13.2867	0.809057	0.0019283
13.32	0.80906	0.00192829
13.3533	0.809062	0.00192827
13.3866	0.809065	0.00192825
13.4199	0.809068	0.00192824
13.4532	0.809071	0.00192822
13.4865	0.809074	0.0019282
13.5198	0.809077	0.00192818
13.5531	0.809081	0.00192815
13.5864	0.809085	0.00192813
13.6197	0.809088	0.00192811
13.653	0.809093	0.00192808
13.6863	0.809097	0.00192805
13.7196	0.809102	0.00192802
13.7529	0.809106	0.00192799
13.7862	0.809112	0.00192796
13.8195	0.809117	0.00192793
13.8528	0.809123	0.00192789
13.8861	0.809129	0.00192786
13.9194	0.809135	0.00192782
13.9527	0.809142	0.00192777
13.986	0.809149	0.00192773
14.0193	0.809156	0.00192768
14.0526	0.809164	0.00192763
14.0859	0.809173	0.00192758
14.1192	0.809181	0.00192753
14.1525	0.809191	0.00192747
14.1858	0.8092	0.00192741
14.2191	0.809211	0.00192735
14.2524	0.809222	0.00192728
14.2857	0.809233	0.00192721
14.319	0.809245	0.00192713
14.3523	0.809258	0.00192705
14.3856	0.809272	0.00192697
14.4189	0.809286	0.00192688
14.4522	0.809301	0.00192679
14.4855	0.809317	0.00192669
14.5188	0.809333	0.00192658
14.5521	0.809351	0.00192647
14.5854	0.80937	0.00192636
14.6187	0.809389	0.00192624
14.652	0.80941	0.00192611
14.6853	0.809432	0.00192597
14.7186	0.809455	0.00192583
14.7519	0.809479	0.00192568
14.7852	0.809505	0.00192552
14.8185	0.809532	0.00192535
14.8518	0.809561	0.00192517
14.8851	0.809591	0.00192498
14.9184	0.809623	0.00192478
14.9517	0.809656	0.00192458
14.985	0.809692	0.00192436
15.0183	0.809729	0.00192412
15.0516	0.809769	0.00192388
15.0849	0.80981	0.00192362
15.1182	0.809854	0.00192335
15.1515	0.809901	0.00192306
15.1848	0.80995	0.00192276
15.2181	0.810001	0.00192244
15.2514	0.810056	0.0019221
15.2847	0.810113	0.00192174
15.318	0.810174	0.00192137
15.3513	0.810238	0.00192097
15.3846	0.810305	0.00192055
15.4179	0.810376	0.00192011
15.4512	0.810452	0.00191965
15.4845	0.810531	0.00191915
15.5178	0.810615	0.00191864
15.5511	0.810703	0.00191809
15.5844	0.810796	0.00191751
15.6177	0.810894	0.00191691
15.651	0.810998	0.00191627
15.6843	0.811107	0.00191559
15.7176	0.811223	0.00191488
15.7509	0.811345	0.00191413
15.7842	0.811473	0.00191333
15.8175	0.811609	0.0019125
15.8508	0.811752	0.00191162
15.8841	0.811903	0.00191069
15.9174	0.812062	0.00190971
15.9507	0.81223	0.00190867
15.984	0.812408	0.00190758
16.0173	0.812595	0.00190643
16.0506	0.812793	0.00190522
16.0839	0.813001	0.00190394
16.1172	0.813221	0.0019026
16.1505	0.813453	0.00190118
16.1838	0.813698	0.00189968
16.2171	0.813956	0.0018981
16.2504	0.814228	0.00189644
16.2837	0.814516	0.00189468
16.317	0.81482	0.00189284
16.3503	0.81514	0.00189089
16.3836	0.815478	0.00188884
16.4169	0.815834	0.00188668
16.4502	0.81621	0.0018844
16.4835	0.816607	0.001882
16.5168	0.817026	0.00187947
16.5501	0.817468	0.00187681
16.5834	0.817934	0.001874
16.6167	0.818426	0.00187105
16.65	0.818945	0.00186794
16.6833	0.819493	0.00186466
16.7166	0.820071	0.00186121
16.7499	0.82068	0.00185758
16.7832	0.821324	0.00185376
16.8165	0.822003	0.00184974
16.8498	0.822719	0.00184551
16.8831	0.823475	0.00184106
16.9164	0.824273	0.00183637
16.9497	0.825115	0.00183145
16.983	0.826003	0.00182627
17.0163	0.82694	0.00182082
17.0496	0.827929	0.00181509
17.0829	0.828972	0.00180907
17.1162	0.830073	0.00180275
17.1495	0.831235	0.00179611
17.1828	0.83246	0.00178913
17.2161	0.833754	0.0017818
17.2494	0.835119	0.00177411
17.2827	0.836559	0.00176604
17.316	0.838078	0.00175757
17.3493	0.839682	0.00174869
17.3826	0.841374	0.00173938
17.4159	0.843159	0.00172962
17.4492	0.845043	0.00171939
17.4825	0.847031	0.00170868
17.5158	0.849128	0.00169747
17.5491	0.851341	0.00168574
17.5824	0.853677	0.00167346
17.6157	0.856141	0.00166063
17.649	0.858741	0.00164722
17.6823	0.861484	0.00163321
17.7156	0.864379	0.00161859
17.7489	0.867434	0.00160334
17.7822	0.870657	0.00158743
17.8155	0.874057	0.00157086
17.8488	0.877645	0.0015536
17.8821	0.881431	0.00153564
17.9154	0.885425	0.00151697
17.9487	0.889639	0.00149757
17.982	0.894085	0.00147742
18.0153	0.898776	0.00145653
18.0486	0.903725	0.00143488
18.0819	0.908946	0.00141246
18.1152	0.914454	0.00138927
18.1485	0.920264	0.00136531
18.1818	0.926393	0.00134058
18.2151	0.932858	0.00131509
18.2484	0.939678	0.00128883
18.2817	0.94687	0.00126183
18.315	0.954455	0.0012341
18.3483	0.962455	0.00120566
18.3816	0.97089	0.00117652
18.4149	0.979784	0.00114673
18.4482	0.989162	0.00111631
18.4815	0.999048	0.0010853
18.5148	1.00947	0.00105285
18.5481	1.02051	0.00101779
18.5814	1.03222	0.000980232
18.6147	1.0447	0.000940313
18.648	1.05802	0.000898206
18.6813	1.07227	0.000854108
18.7146	1.08755	0.000808246
18.7479	1.10393	0.00076088
18.7812	1.12152	0.000712304
18.8145	1.14041	0.000662845
18.8478	1.16071	0.000612863
18.8811	1.1825	0.000562745
18.9144	1.2059	0.000512904
18.9477	1.23101	0.000463766
18.981	1.25792	0.000415768
19.0143	1.28674	0.00036934
19.0476	1.31755	0.000324899
19.0809	1.35044	0.00028283
19.1142	1.3855	0.000243474
19.1475	1.42279	0.000207119
19.1808	1.46238	0.00017398
19.2141	1.50432	0.000144199
19.2474	1.54865	0.000117833
19.2807	1.5954	9.48575e-05
19.314	1.6446	7.51674e-05
19.3473	1.69626	5.85854e-05
19.3806	1.75038	4.48746e-05
19.4139	1.80696	3.37529e-05
19.4472	1.86602	2.49097e-05
19.4805	1.92754	1.80227e-05
19.5138	1.99153	1.27737e-05
19.5471	2.05802	8.86131e-06
19.5804	2.127	6.01192e-06
19.6137	2.19853	3.98566e-06
19.647	2.27262	2.57986e-06
19.6803	2.34933	1.62904e-06
19.7136	2.42872	1.0026e-06
19.7469	2.51085	6.00888e-07
19.7802	2.59581	3.50379e-07
19.8135	2.68366	1.98587e-07
19.8468	2.77451	1.09297e-07
19.8801	2.86844	5.83558e-08
19.9134	2.96556	3.01943e-08
19.9467	3.06597	1.51241e-08
19.98	3.16979	7.32554e-09
20.0133	3.27712	3.42723e-09
20.0466	3.38808	1.54692e-09
20.0799	3.5028	6.72806e-10
20.1132	3.62141	2.81618e-10
20.1465	3.74403	1.13296e-10
20.1798	3.87081	4.37496e-11
20.2131	4.00188	1.61932e-11
20.2464	4.13738	5.73679e-12
20.2797	4.27748	1.9424e-12
20.313	4.42232	6.27587e-13
20.3463	4.57206	1.93192e-13
20.3796	4.72687	5.65678e-14
20.4129	4.88693	1.57283e-14

# DK0 = 1.38778e-16	(data set 10)
0	0.620938	0.00118117
0.0333	0.631722	0.00122454
0.0666	0.642145	0.00126651
0.0999	0.652191	0.001307
0.1332	0.661846	0.00134591
0.1665	0.671101	0.00138319
0.1998	0.679949	0.00141881
0.2331	0.688385	0.00145274
0.2664	0.69641	0.00148496
0.2997	0.704025	0.0015155
0.333	0.711236	0.00154437
0.3663	0.718049	0.00157159
0.3996	0.724473	0.00159721
0.4329	0.730519	0.00162128
0.4662	0.736198	0.00164385
0.4995	0.741524	0.00166497
0.5328	0.74651	0.00168471
0.5661	0.751171	0.00170313
0.5994	0.755522	0.00172029
0.6327	0.759578	0.00173626
0.666	0.763354	0.00175111
0.6993	0.766866	0.00176489
0.7326	0.770129	0.00177768
0.7659	0.773156	0.00178953
0.7992	0.775963	0.00180051
0.8325	0.778564	0.00181066
0.8658	0.78097	0.00182004
0.8991	0.783196	0.00182871
0.9324	0.785254	0.00183672
0.9657	0.787154	0.0018441
0.999	0.788908	0.00185092
1.0323	0.790526	0.0018572
1.0656	0.792018	0.00186298
1.0989	0.793393	0.00186831
1.1322	0.79466	0.00187322
1.1655	0.795827	0.00187773
1.1988	0.796901	0.00188189
1.2321	0.797889	0.00188571
1.2654	0.798799	0.00188922
1.2987	0.799635	0.00189245
1.332	0.800404	0.00189542
1.3653	0.801111	0.00189815
1.3986	0.80176	0.00190065
1.4319	0.802357	0.00190295
1.4652	0.802905	0.00190507
1.4985	0.803409	0.00190701
1.5318	0.803871	0.00190879
1.5651	0.804296	0.00191043
1.5984	0.804686	0.00191193
1.6317	0.805043	0.00191331
1.665	0.805372	0.00191457
1.6983	0.805673	0.00191573
1.7316	0.80595	0.0019168
1.7649	0.806204	0.00191777
1.7982	0.806437	0.00191867
1.8315	0.80665	0.00191949
1.8648	0.806847	0.00192024
1.8981	0.807026	0.00192094
1.9314	0.807191	0.00192157
1.9647	0.807343	0.00192215
1.998	0.807481	0.00192269
2.0313	0.807609	0.00192318
2.0646	0.807725	0.00192362
2.0979	0.807832	0.00192404
2.1312	0.807931	0.00192441
2.1645	0.808021	0.00192476
2.1978	0.808103	0.00192508
2.2311	0.808179	0.00192537
2.2644	0.808248	0.00192563
2.2977	0.808312	0.00192588
2.331	0.80837	0.0019261
2.3643	0.808424	0.00192631
2.3976	0.808473	0.0019265
2.4309	0.808518	0.00192667
2.4642	0.808559	0.00192683
2.4975	0.808597	0.00192697
2.5308	0.808632	0.00192711
2.5641	0.808663	0.00192723
2.5974	0.808692	0.00192734
2.6307	0.808719	0.00192744
2.664	0.808744	0.00192754
2.6973	0.808766	0.00192762
2.7306	0.808787	0.0019277
2.7639	0.808806	0.00192778
2.7972	0.808823	0.00192784
2.8305	0.808839	0.0019279
2.8638	0.808853	0.00192796
2.8971	0.808867	0.00192801
2.9304	0.808879	0.00192806
2.9637	0.80889	0.0019281
2.997	0.8089	0.00192814
3.0303	0.80891	0.00192818
3.0636	0.808918	0.00192821
3.0969	0.808926	0.00192824
3.1302	0.808934	0.00192827
3.1635	0.80894	0.00192829
3.1968	0.808946	0.00192832
3.2301	0.808952	0.00192834
3.2634	0.808957	0.00192836
3.2967	0.808962	0.00192838
3.33	0.808966	0.00192839
3.3633	0.80897	0.00192841
3.3966	0.808974	0.00192842
3.4299	0.808977	0.00192843
3.4632	0.80898	0.00192845
3.4965	0.808983	0.00192846
3.5298	0.808985	0.00192847
3.5631	0.808988	0.00192848
3.5964	0.80899	0.00192848
3.6297	0.808992	0.00192849
3.663	0.808993	0.0019285
3.6963	0.808995	0.0019285
3.7296	0.808997	0.00192851
3.7629	0.808998	0.00192852
3.7962	0.808999	0.00192852
3.8295	0.809	0.00192852
3.8628	0.809002	0.00192853
3.8961	0.809003	0.00192853
3.9294	0.809003	0.00192854
3.9627	0.809004	0.00192854
3.996	0.809005	0.00192854
4.0293	0.809006	0.00192854
4.0626	0.809006	0.00192855
4.0959	0.809007	0.00192855
4.1292	0.809007	0.00192855
4.1625	0.809008	0.00192855
4.1958	0.809008	0.00192856
4.2291	0.809009	0.00192856
4.2624	0.809009	0.00192856
4.2957	0.80901	0.00192856
4.329	0.80901	0.00192856
4.3623	0.80901	0.00192856
4.3956	0.80901	0.00192856
4.4289	0.809011	0.00192856
4.4622	0.809011	0.00192856
4.4955	0.809011	0.00192857
4.5288	0.809011	0.00192857
4.5621	0.809011	0.00192857
4.5954	0.809012	0.00192857
4.6287	0.809012	0.00192857
4.662	0.809012	0.00192857
4.6953	0.809012	0.00192857
4.7286	0.809012	0.00192857
4.7619	0.809012	0.00192857
4.7952	0.809012	0.00192857
4.8285	0.809012	0.00192857
4.8618	0.809012	0.00192857
4.8951	0.809013	0.00192857
4.9284	0.809013	0.00192857
4.9617	0.809013	0.00192857
4.995	0.809013	0.00192857
5.0283	0.809013	0.00192857
5.0616	0.809013	0.00192857
5.0949	0.809013	0.00192857
5.1282	0.809013	0.00192857
5.1615	0.809013	0.00192857
5.1948	0.809013	0.00192857
5.2281	0.809013	0.00192857
5.2614	0.809013	0.00192857
5.2947	0.809013	0.00192857
5.328	0.809013	0.00192857
5.3613	0.809013	0.00192857
5.3946	0.809013	0.00192857
5.4279	0.809013	0.00192857
5.4612	0.809013	0.00192857
5.4945	0.809013	0.00192857
5.5278	0.809013	0.00192857
5.5611	0.809013	0.00192857
5.5944	0.809013	0.00192857
5.6277	0.809013	0.00192857
5.661	0.809013	0.00192857
5.6943	0.809013	0.00192857
5.7276	0.809013	0.00192857
5.7609	0.809013	0.00192857
5.7942	0.809013	0.00192857
5.8275	0.809013	0.00192857
5.8608	0.809013	0.00192857
5.8941	0.809013	0.00192857
5.9274	0.809013	0.00192857
5.9607	0.809013	0.00192857
5.994	0.809013	0.00192857
6.0273	0.809013	0.00192857
6.0606	0.809013	0.00192857
6.0939	0.809013	0.00192857
6.1272	0.809013	0.00192857
6.1605	0.809013	0.00192857
6.1938	0.809013	0.00192857
6.2271	0.809013	0.00192857
6.2604	0.809013	0.00192857
6.2937	0.809013	0.00192857
6.327	0.809013	0.00192857
6.3603	0.809013	0.00192857
6.3936	0.809013	0.00192857
6.4269	0.809013	0.00192857
6.4602	0.809013	0.00192857
6.4935	0.809013	0.00192857
6.5268	0.809013	0.00192857
6.5601	0.809013	0.00192857
6.5934	0.809013	0.00192857
6.6267	0.809013	0.00192857
6.66	0.809013	0.00192857
6.6933	0.809013	0.00192857
6.7266	0.809013	0.00192857
6.7599	0.809013	0.00192857
6.7932	0.809013	0.00192857
6.8265	0.809013	0.00192857
6.8598	0.809013	0.00192857
6.8931	0.809013	0.00192857
6.9264	0.809013	0.00192857
6.9597	0.809013	0.00192857
6.993	0.809013	0.00192857
7.0263	0.809013	0.00192857
7.0596	0.809013	0.00192857
7.0929	0.809013	0.00192857
7.1262	0.809013	0.00192857
7.1595	0.809013	0.00192857
7.1928	0.809013	0.00192857
7.2261	0.809013	0.00192857
7.2594	0.809013	0.00192857
7.2927	0.809013	0.00192857
7.326	0.809013	0.00192857
7.3593	0.809013	0.00192857
7.3926	0.809013	0.00192857
7.4259	0.809013	0.00192857
7.4592	0.809013	0.00192857
7.4925	0.809013	0.00192857
7.5258	0.809013	0.00192857
7.5591	0.809013	0.00192857
7.5924	0.809013	0.00192857
7.6257	0.809013	0.00192857
7.659	0.809013	0.00192857
7.6923	0.809013	0.00192857
7.7256	0.809013	0.00192857
7.7589	0.809013	0.00192857
7.7922	0.809013	0.00192857
7.8255	0.809013	0.00192857
7.8588	0.809013	0.00192857
7.8921	0.809013	0.00192857
7.9254	0.809013	0.00192857
7.9587	0.809013	0.00192857
7.992	0.809013	0.00192857
8.0253	0.809013	0.00192857
8.0586	0.809013	0.00192857
8.0919	0.809013	0.00192857
8.1252	0.809013	0.00192857
8.1585	0.809013	0.00192857
8.1918	0.809013	0.00192857
8.2251	0.809013	0.00192857
8.2584	0.809013	0.00192857
8.2917	0.809013	0.00192857
8.325	0.809013	0.00192857
8.3583	0.809013	0.00192857
8.3916	0.809013	0.00192857
8.4249	0.809013	0.00192857
8.4582	0.809013	0.00192857

