l	K	y

# DK0 = 2.5	(data set 1)
0	5	1.91475e-26

# DK0 = 0.0390625	(data set 2)
0	0.546875	0.00153853
0.0333	0.554978	0.00162366
0.0666	0.562476	0.0017102
0.0999	0.56933	0.00179818
0.1332	0.575502	0.0018877
0.1665	0.58096	0.0019789
0.1998	0.585675	0.002072
0.2331	0.58962	0.00216725
0.2664	0.592775	0.00226498
0.2997	0.595121	0.00236559
0.333	0.596643	0.00246955
0.3663	0.597328	0.00257742
0.3996	0.597167	0.00268983
0.4329	0.596153	0.00280753
0.4662	0.594278	0.00293136
0.4995	0.59154	0.00306232
0.5328	0.587933	0.00320151
0.5661	0.583457	0.00335022
0.5994	0.578108	0.00350994
0.6327	0.571886	0.00368237
0.666	0.564788	0.0038695
0.6993	0.556813	0.00407363
0.7326	0.547959	0.00429745
0.7659	0.538227	0.00454412
0.7992	0.527615	0.00481737
0.8325	0.516123	0.00512161
0.8658	0.503753	0.00546211
0.8991	0.490507	0.00584518
0.9324	0.476392	0.00627845
0.9657	0.461416	0.00677113
0.999	0.445592	0.0073345
1.0323	0.428937	0.00798238
1.0656	0.411478	0.00873183
1.0989	0.393247	0.00960408
1.1322	0.374288	0.0106257
1.1655	0.354655	0.01183
1.1988	0.334418	0.0132593
1.2321	0.313661	0.0149677
1.2654	0.292487	0.0170243
1.2987	0.271017	0.0195186
1.332	0.249391	0.0225668
1.3653	0.227771	0.026321
1.3986	0.206335	0.030981
1.4319	0.185278	0.036811
1.4652	0.164804	0.0441619
1.4985	0.145123	0.0535016
1.5318	0.126438	0.065457
1.5651	0.108935	0.0808695
1.5984	0.0927768	0.100872
1.6317	0.0780862	0.126993
1.665	0.0649425	0.161295
1.6983	0.053375	0.206565
1.7316	0.0433625	0.26657
1.7649	0.034838	0.346403
1.7982	0.0276962	0.452942
1.8315	0.0218041	0.595483
1.8648	0.0170127	0.786579
1.8981	0.013168	1.04318
1.9314	0.01012	1.38818
1.9647	0.00772935	1.85246
1.998	0.00587204	2.47771
2.0313	0.00444081	3.32019
2.0646	0.00334563	4.45584
2.0979	0.00251254	5.98712
2.1312	0.00188195	8.0523
2.1645	0.0014066	10.838
2.1978	0.00104949	14.5959
2.2311	0.000781931	19.666
2.2644	0.000581926	26.5066
2.2977	0.000432687	35.7365
2.331	0.000321489	48.1908
2.3643	0.000238731	64.9961
2.3976	0.000177197	87.673
2.4309	0.000131476	118.273
2.4642	9.75255e-05	159.566
2.4975	7.23258e-05	215.288
2.5308	5.36283e-05	290.48
2.5641	3.9759e-05	391.948
2.5974	2.94736e-05	528.872
2.6307	2.18471e-05	713.645
2.664	1.61931e-05	962.986
2.6973	1.20017e-05	1299.46
2.7306	8.89485e-06	1753.51
2.7639	6.59209e-06	2366.24
2.7972	4.88537e-06	3193.08
2.8305	3.62046e-06	4308.86
2.8638	2.68303e-06	5814.56
2.8971	1.9883e-06	7846.43
2.9304	1.47345e-06	10588.3
2.9637	1.09191e-06	14288.4
2.997	8.09159e-07	19281.5
3.0303	5.99626e-07	26019.5
3.0636	4.44351e-07	35112
3.0969	3.29285e-07	47382
3.1302	2.44014e-07	63939.7
3.1635	1.80825e-07	86283.6
3.1968	1.33999e-07	116436
3.2301	9.92991e-08	157125
3.2634	7.35848e-08	212032
3.2967	5.45294e-08	286128
3.33	4.04085e-08	386116
3.3633	2.99444e-08	521046
3.3966	2.219e-08	703127
3.4299	1.64437e-08	948838
3.4632	1.21854e-08	1.28041e+06
3.4965	9.02991e-09	1.72786e+06
3.5298	6.69153e-09	2.33167e+06
3.5631	4.9587e-09	3.14647e+06
3.5964	3.6746e-09	4.24602e+06
3.6297	2.72302e-09	5.72981e+06
3.663	2.01787e-09	7.73212e+06
3.6963	1.49532e-09	1.04341e+07
3.7296	1.1081e-09	1.40804e+07
3.7629	8.21144e-10	1.90008e+07
3.7962	6.08501e-10	2.56407e+07
3.8295	4.50924e-10	3.4601e+07
3.8628	3.34153e-10	4.66925e+07
3.8961	2.47621e-10	6.30093e+07
3.9294	1.83497e-10	8.50282e+07
3.9627	1.35979e-10	1.14742e+08
3.996	1.00766e-10	1.54838e+08
4.0293	7.46715e-11	2.08947e+08
4.0626	5.53346e-11	2.81965e+08
4.0959	4.10052e-11	3.80499e+08
4.1292	3.03865e-11	5.13465e+08
4.1625	2.25176e-11	6.92898e+08
4.1958	1.66865e-11	9.35034e+08
4.2291	1.23654e-11	1.26178e+09
4.2624	9.16323e-12	1.70272e+09
4.2957	6.79033e-12	2.29774e+09
4.329	5.03191e-12	3.1007e+09
4.3623	3.72885e-12	4.18425e+09
4.3956	2.76323e-12	5.64645e+09
4.4289	2.04766e-12	7.61963e+09
4.4622	1.5174e-12	1.02823e+10
4.4955	1.12446e-12	1.38755e+10
4.5288	8.33267e-13	1.87244e+10
4.5621	6.17485e-13	2.52677e+10
4.5954	4.57581e-13	3.40976e+10
4.6287	3.39086e-13	4.60132e+10
4.662	2.51277e-13	6.20926e+10
4.6953	1.86206e-13	8.37911e+10
4.7286	1.37986e-13	1.13072e+11
4.7619	1.02253e-13	1.52586e+11
4.7952	7.57739e-14	2.05908e+11
4.8285	5.61515e-14	2.77863e+11
4.8618	4.16106e-14	3.74963e+11
4.8951	3.08351e-14	5.05995e+11
4.9284	2.28501e-14	6.82817e+11
4.9617	1.69328e-14	9.2143e+11
4.995	1.25479e-14	1.24343e+12
5.0283	9.29851e-15	1.67795e+12
5.0616	6.89057e-15	2.26431e+12
5.0949	5.10619e-15	3.05559e+12
5.1282	3.7839e-15	4.12338e+12
5.1615	2.80402e-15	5.5643e+12
5.1948	2.07789e-15	7.50877e+12
5.2281	1.5398e-15	1.01327e+13
5.2614	1.14106e-15	1.36737e+13
5.2947	8.45569e-16	1.8452e+13
5.328	6.26601e-16	2.49001e+13
5.3613	4.64336e-16	3.36015e+13
5.3946	3.44092e-16	4.53437e+13
5.4279	2.54986e-16	6.11893e+13
5.4612	1.88955e-16	8.25721e+13
5.4945	1.40023e-16	1.11427e+14
5.5278	1.03763e-16	1.50366e+14
5.5611	7.68926e-17	2.02912e+14
5.5944	5.69805e-17	2.7382e+14
5.6277	4.22249e-17	3.69508e+14
5.661	3.12903e-17	4.98634e+14
5.6943	2.31874e-17	6.72883e+14
5.7276	1.71828e-17	9.08025e+14
5.7609	1.27332e-17	1.22534e+15
5.7942	9.43579e-18	1.65354e+15
5.8275	6.9923e-18	2.23137e+15
5.8608	5.18158e-18	3.01113e+15
5.8941	3.83976e-18	4.06339e+15
5.9274	2.84542e-18	5.48335e+15
5.9607	2.10857e-18	7.39953e+15
5.994	1.56253e-18	9.98533e+15

# DK0 = 0.000610352	(data set 3)
0	0.582275	0.00101163
0.0333	0.59422	0.001058
0.0666	0.605895	0.00110343
0.0999	0.617273	0.00114777
0.1332	0.62833	0.00119085
0.1665	0.639044	0.00123256
0.1998	0.649399	0.00127278
0.2331	0.659378	0.00131141
0.2664	0.668972	0.0013484
0.2997	0.678172	0.00138368
0.333	0.686973	0.00141724
0.3663	0.695374	0.00144904
0.3996	0.703377	0.00147909
0.4329	0.710985	0.0015074
0.4662	0.718205	0.00153398
0.4995	0.725045	0.00155888
0.5328	0.731516	0.00158213
0.5661	0.73763	0.00160378
0.5994	0.743399	0.00162387
0.6327	0.748838	0.00164247
0.666	0.753962	0.00165963
0.6993	0.758786	0.0016754
0.7326	0.763327	0.00168986
0.7659	0.7676	0.00170305
0.7992	0.771621	0.00171504
0.8325	0.775407	0.00172589
0.8658	0.778973	0.00173564
0.8991	0.782336	0.00174436
0.9324	0.785509	0.00175209
0.9657	0.788509	0.00175888
0.999	0.791349	0.00176478
1.0323	0.794043	0.00176983
1.0656	0.796604	0.00177407
1.0989	0.799046	0.00177754
1.1322	0.80138	0.00178027
1.1655	0.803619	0.00178228
1.1988	0.805773	0.00178362
1.2321	0.807855	0.0017843
1.2654	0.809873	0.00178434
1.2987	0.811839	0.00178377
1.332	0.813761	0.00178261
1.3653	0.81565	0.00178085
1.3986	0.817513	0.00177853
1.4319	0.819361	0.00177565
1.4652	0.821201	0.00177221
1.4985	0.823041	0.00176823
1.5318	0.824889	0.00176371
1.5651	0.826754	0.00175864
1.5984	0.828642	0.00175303
1.6317	0.830563	0.00174688
1.665	0.832522	0.00174018
1.6983	0.834528	0.00173293
1.7316	0.836587	0.00172513
1.7649	0.838709	0.00171676
1.7982	0.8409	0.00170782
1.8315	0.843167	0.00169831
1.8648	0.845519	0.0016882
1.8981	0.847964	0.00167749
1.9314	0.85051	0.00166616
1.9647	0.853164	0.00165421
1.998	0.855936	0.00164162
2.0313	0.858835	0.00162838
2.0646	0.861868	0.00161447
2.0979	0.865047	0.00159988
2.1312	0.86838	0.0015846
2.1645	0.871879	0.00156861
2.1978	0.875552	0.0015519
2.2311	0.879412	0.00153446
2.2644	0.88347	0.00151627
2.2977	0.887738	0.00149732
2.331	0.892228	0.00147761
2.3643	0.896954	0.00145712
2.3976	0.90193	0.00143586
2.4309	0.907169	0.00141381
2.4642	0.912688	0.00139096
2.4975	0.918501	0.00136733
2.5308	0.924626	0.00134292
2.5641	0.931079	0.00131772
2.5974	0.93788	0.00129175
2.6307	0.945047	0.00126501
2.664	0.952601	0.00123753
2.6973	0.960562	0.00120933
2.7306	0.968952	0.00118042
2.7639	0.977795	0.00115083
2.7972	0.987115	0.00112061
2.8305	0.996936	0.00108978
2.8638	1.00729	0.00105786
2.8971	1.01823	0.00102338
2.9304	1.02984	0.00098637
2.9637	1.04219	0.000946962
2.997	1.05537	0.000905324
3.0303	1.06947	0.000861648
3.0636	1.08456	0.000816157
3.0969	1.10075	0.000769106
3.1302	1.11812	0.000720782
3.1635	1.13678	0.000671509
3.1968	1.15683	0.000621639
3.2301	1.17835	0.000571558
3.2634	1.20146	0.000521671
3.2967	1.22626	0.000472407
3.33	1.25284	0.000424199
3.3633	1.28131	0.000377482
3.3966	1.31175	0.000332674
3.4299	1.34426	0.000290168
3.4632	1.37893	0.000250315
3.4965	1.41581	0.000213413
3.5298	1.45498	0.000179691
3.5631	1.49649	0.000149305
3.5964	1.54038	0.000122329
3.6297	1.5867	9.87517e-05
3.663	1.63545	7.84831e-05
3.6963	1.68666	6.13584e-05
3.7296	1.74033	4.71505e-05
3.7629	1.79647	3.55846e-05
3.7962	1.85508	2.63541e-05
3.8295	1.91615	1.91379e-05
3.8628	1.9797	1.36159e-05
3.8961	2.04572	9.48313e-06
3.9294	2.11425	6.46032e-06
3.9627	2.18531	4.30125e-06
3.996	2.25893	2.79647e-06
4.0293	2.33516	1.77391e-06
4.0626	2.41406	1.09694e-06
4.0959	2.49569	6.60663e-07
4.1292	2.58012	3.87191e-07
4.1625	2.66745	2.20604e-07
4.1958	2.75774	1.22075e-07
4.2291	2.8511	6.55445e-08
4.2624	2.94764	3.41109e-08
4.2957	3.04744	1.71886e-08
4.329	3.15062	8.37723e-09
4.3623	3.25731	3.94444e-09
4.3956	3.3676	1.7922e-09
4.4289	3.48163	7.84837e-10
4.4622	3.59952	3.30844e-10
4.4955	3.7214	1.34078e-10
4.5288	3.84741	5.21675e-11
4.5621	3.97769	1.94605e-11
4.5954	4.11237	6.95028e-12
4.6287	4.25162	2.37302e-12
4.662	4.39558	7.73375e-13
4.6953	4.54442	2.40207e-13
4.7286	4.6983	7.09868e-14
4.7619	4.85738	1.99268e-14

# DK0 = 9.53674e-06	(data set 4)
0	0.581341	0.00102289
0.0333	0.593192	0.00107002
0.0666	0.604766	0.00111625
0.0999	0.616034	0.00116142
0.1332	0.626972	0.00120537
0.1665	0.637558	0.00124797
0.1998	0.647774	0.00128913
0.2331	0.657606	0.00132875
0.2664	0.66704	0.00136676
0.2997	0.67607	0.00140312
0.333	0.68469	0.0014378
0.3663	0.692898	0.00147078
0.3996	0.700696	0.00150206
0.4329	0.708087	0.00153166
0.4662	0.715076	0.00155961
0.4995	0.721673	0.00158593
0.5328	0.727886	0.00161068
0.5661	0.733727	0.0016339
0.5994	0.739209	0.00165566
0.6327	0.744346	0.001676
0.666	0.74915	0.00169499
0.6993	0.753638	0.0017127
0.7326	0.757825	0.00172918
0.7659	0.761725	0.00174452
0.7992	0.765354	0.00175876
0.8325	0.768727	0.00177198
0.8658	0.771858	0.00178423
0.8991	0.774763	0.00179558
0.9324	0.777455	0.00180608
0.9657	0.779947	0.00181579
0.999	0.782254	0.00182477
1.0323	0.784386	0.00183305
1.0656	0.786357	0.0018407
1.0989	0.788176	0.00184775
1.1322	0.789855	0.00185425
1.1655	0.791404	0.00186024
1.1988	0.792833	0.00186575
1.2321	0.794149	0.00187083
1.2654	0.795361	0.0018755
1.2987	0.796478	0.0018798
1.332	0.797506	0.00188375
1.3653	0.798453	0.00188738
1.3986	0.799324	0.00189072
1.4319	0.800125	0.00189378
1.4652	0.800862	0.00189659
1.4985	0.80154	0.00189917
1.5318	0.802163	0.00190154
1.5651	0.802736	0.00190371
1.5984	0.803263	0.00190571
1.6317	0.803747	0.00190753
1.665	0.804192	0.0019092
1.6983	0.804602	0.00191074
1.7316	0.804979	0.00191214
1.7649	0.805325	0.00191342
1.7982	0.805643	0.00191459
1.8315	0.805936	0.00191566
1.8648	0.806206	0.00191664
1.8981	0.806454	0.00191753
1.9314	0.806683	0.00191835
1.9647	0.806894	0.00191909
1.998	0.807088	0.00191976
2.0313	0.807267	0.00192037
2.0646	0.807433	0.00192093
2.0979	0.807586	0.00192143
2.1312	0.807727	0.00192188
2.1645	0.807858	0.00192229
2.1978	0.807979	0.00192265
2.2311	0.808092	0.00192298
2.2644	0.808197	0.00192327
2.2977	0.808295	0.00192352
2.331	0.808386	0.00192375
2.3643	0.808471	0.00192394
2.3976	0.808551	0.00192411
2.4309	0.808627	0.00192425
2.4642	0.808698	0.00192437
2.4975	0.808765	0.00192446
2.5308	0.80883	0.00192453
2.5641	0.808891	0.00192458
2.5974	0.808949	0.00192461
2.6307	0.809006	0.00192463
2.664	0.80906	0.00192462
2.6973	0.809113	0.00192459
2.7306	0.809165	0.00192455
2.7639	0.809216	0.00192449
2.7972	0.809266	0.00192442
2.8305	0.809315	0.00192433
2.8638	0.809364	0.00192422
2.8971	0.809414	0.00192409
2.9304	0.809463	0.00192395
2.9637	0.809513	0.00192379
2.997	0.809564	0.00192362
3.0303	0.809615	0.00192342
3.0636	0.809668	0.00192322
3.0969	0.809722	0.00192299
3.1302	0.809777	0.00192274
3.1635	0.809834	0.00192248
3.1968	0.809893	0.0019222
3.2301	0.809954	0.00192189
3.2634	0.810017	0.00192157
3.2967	0.810083	0.00192123
3.33	0.810152	0.00192086
3.3633	0.810223	0.00192047
3.3966	0.810298	0.00192005
3.4299	0.810377	0.00191961
3.4632	0.810459	0.00191915
3.4965	0.810545	0.00191865
3.5298	0.810635	0.00191813
3.5631	0.810729	0.00191758
3.5964	0.810829	0.00191699
3.6297	0.810933	0.00191637
3.663	0.811043	0.00191572
3.6963	0.811159	0.00191503
3.7296	0.811281	0.00191429
3.7629	0.811409	0.00191352
3.7962	0.811544	0.00191271
3.8295	0.811686	0.00191185
3.8628	0.811836	0.00191094
3.8961	0.811994	0.00190998
3.9294	0.81216	0.00190897
3.9627	0.812335	0.0019079
3.996	0.81252	0.00190678
4.0293	0.812715	0.00190559
4.0626	0.812921	0.00190434
4.0959	0.813138	0.00190302
4.1292	0.813366	0.00190163
4.1625	0.813607	0.00190016
4.1958	0.813862	0.00189861
4.2291	0.81413	0.00189698
4.2624	0.814413	0.00189526
4.2957	0.814711	0.00189344
4.329	0.815026	0.00189153
4.3623	0.815359	0.00188952
4.3956	0.815709	0.00188739
4.4289	0.816079	0.00188516
4.4622	0.816469	0.0018828
4.4955	0.816881	0.00188032
4.5288	0.817315	0.0018777
4.5621	0.817773	0.00187494
4.5954	0.818257	0.00187204
4.6287	0.818767	0.00186898
4.662	0.819305	0.00186576
4.6953	0.819873	0.00186238
4.7286	0.820472	0.00185881
4.7619	0.821104	0.00185505
4.7952	0.821771	0.0018511
4.8285	0.822475	0.00184694
4.8618	0.823218	0.00184256
4.8951	0.824001	0.00183795
4.9284	0.824828	0.00183311
4.9617	0.825701	0.00182802
4.995	0.826621	0.00182266
5.0283	0.827593	0.00181703
5.0616	0.828618	0.00181111
5.0949	0.829699	0.00180489
5.1282	0.83084	0.00179835
5.1615	0.832044	0.00179149
5.1948	0.833315	0.00178428
5.2281	0.834656	0.00177671
5.2614	0.83607	0.00176877
5.2947	0.837563	0.00176044
5.328	0.839138	0.0017517
5.3613	0.8408	0.00174253
5.3946	0.842554	0.00173292
5.4279	0.844404	0.00172285
5.4612	0.846357	0.0017123
5.4945	0.848417	0.00170126
5.5278	0.850591	0.0016897
5.5611	0.852885	0.00167761
5.5944	0.855305	0.00166497
5.6277	0.857859	0.00165175
5.661	0.860554	0.00163795
5.6943	0.863398	0.00162353
5.7276	0.866398	0.00160849
5.7609	0.869564	0.0015928
5.7942	0.872904	0.00157645
5.8275	0.876429	0.00155942
5.8608	0.880147	0.0015417
5.8941	0.884071	0.00152327
5.9274	0.888211	0.00150411
5.9607	0.892578	0.00148421
5.994	0.897186	0.00146357
6.0273	0.902048	0.00144217
6.0606	0.907176	0.00142001
6.0939	0.912587	0.00139708
6.1272	0.918295	0.00137338
6.1605	0.924316	0.0013489
6.1938	0.930667	0.00132366
6.2271	0.937366	0.00129766
6.2604	0.944432	0.0012709
6.2937	0.951884	0.00124341
6.327	0.959743	0.00121521
6.3603	0.968031	0.0011863
6.3936	0.97677	0.00115672
6.4269	0.985984	0.00112651
6.4602	0.995698	0.00109569
6.4935	1.00594	0.00106395
6.5268	1.01676	0.00102975
6.5601	1.02824	0.00099301
6.5934	1.04045	0.000953859
6.6267	1.05348	0.00091246
6.66	1.06742	0.000869002
6.6933	1.08234	0.0008237
6.7266	1.09834	0.000776803
6.7599	1.11552	0.000728596
6.7932	1.13397	0.000679392
6.8265	1.15379	0.000629543
6.8598	1.17507	0.000579425
6.8931	1.19793	0.000529445
6.9264	1.22246	0.000480025
6.9597	1.24876	0.000431599
6.993	1.27693	0.000384601
7.0263	1.30706	0.000339454
7.0596	1.33925	0.000296554
7.0929	1.37358	0.00025626
7.1262	1.41012	0.000218878
7.1595	1.44893	0.000184648
7.1928	1.49008	0.000153738
7.2261	1.53362	0.000126234
7.2594	1.57956	0.000102137
7.2927	1.62794	8.13693e-05
7.326	1.67878	6.37759e-05
7.3593	1.73208	4.91384e-05
7.3926	1.78784	3.71879e-05
7.4259	1.84608	2.76214e-05
7.4592	1.90678	2.01189e-05
7.4925	1.96995	1.43589e-05
7.5258	2.0356	1.00333e-05
7.5591	2.10375	6.85832e-06
7.5924	2.17442	4.58231e-06
7.6257	2.24766	2.99008e-06
7.659	2.32349	1.90389e-06
7.6923	2.40198	1.18192e-06
7.7256	2.48319	7.14725e-07
7.7589	2.5672	4.20628e-07
7.7922	2.65408	2.40693e-07
7.8255	2.74392	1.33788e-07
7.8588	2.83681	7.21659e-08
7.8921	2.93286	3.77367e-08
7.9254	3.03216	1.91097e-08
7.9587	3.13483	9.36122e-09
7.992	3.24098	4.43108e-09
8.0253	3.35072	2.02433e-09
8.0586	3.46417	8.91507e-10
8.0919	3.58147	3.78008e-10
8.1252	3.70274	1.54118e-10
8.1585	3.82812	6.034e-11
8.1918	3.95774	2.26548e-11
8.2251	4.09176	8.14519e-12
8.2584	4.23031	2.80022e-12
8.2917	4.37355	9.19126e-13
8.325	4.52164	2.87586e-13
8.3583	4.67474	8.56381e-14
8.3916	4.83303	2.42295e-14
8.4249	4.99668	6.50204e-15

# DK0 = 1.49012e-07	(data set 5)
0	0.581338	0.00102292
0.0333	0.593189	0.00107005
0.0666	0.604763	0.00111629
0.0999	0.616031	0.00116146
0.1332	0.626968	0.00120541
0.1665	0.637554	0.00124802
0.1998	0.64777	0.00128918
0.2331	0.6576	0.0013288
0.2664	0.667035	0.00136681
0.2997	0.676064	0.00140318
0.333	0.684683	0.00143786
0.3663	0.692891	0.00147084
0.3996	0.700688	0.00150213
0.4329	0.708078	0.00153173
0.4662	0.715067	0.00155968
0.4995	0.721663	0.00158601
0.5328	0.727876	0.00161076
0.5661	0.733716	0.00163399
0.5994	0.739197	0.00165575
0.6327	0.744333	0.00167609
0.666	0.749136	0.00169509
0.6993	0.753624	0.0017128
0.7326	0.757809	0.0017293
0.7659	0.761708	0.00174464
0.7992	0.765336	0.00175889
0.8325	0.768707	0.00177211
0.8658	0.771838	0.00178437
0.8991	0.774741	0.00179573
0.9324	0.777432	0.00180624
0.9657	0.779923	0.00181596
0.999	0.782228	0.00182494
1.0323	0.784359	0.00183324
1.0656	0.786327	0.00184089
1.0989	0.788145	0.00184796
1.1322	0.789822	0.00185447
1.1655	0.791369	0.00186047
1.1988	0.792795	0.001866
1.2321	0.794109	0.00187109
1.2654	0.79532	0.00187577
1.2987	0.796434	0.00188008
1.332	0.79746	0.00188405
1.3653	0.798403	0.0018877
1.3986	0.799271	0.00189105
1.4319	0.80007	0.00189413
1.4652	0.800803	0.00189696
1.4985	0.801478	0.00189957
1.5318	0.802097	0.00190196
1.5651	0.802667	0.00190415
1.5984	0.80319	0.00190617
1.6317	0.80367	0.00190802
1.665	0.804111	0.00190972
1.6983	0.804516	0.00191128
1.7316	0.804888	0.00191271
1.7649	0.805229	0.00191402
1.7982	0.805542	0.00191523
1.8315	0.80583	0.00191633
1.8648	0.806093	0.00191735
1.8981	0.806335	0.00191828
1.9314	0.806557	0.00191914
1.9647	0.806761	0.00191992
1.998	0.806948	0.00192064
2.0313	0.807119	0.0019213
2.0646	0.807276	0.0019219
2.0979	0.807421	0.00192246
2.1312	0.807553	0.00192297
2.1645	0.807674	0.00192343
2.1978	0.807785	0.00192386
2.2311	0.807887	0.00192425
2.2644	0.807981	0.00192461
2.2977	0.808067	0.00192494
2.331	0.808145	0.00192525
2.3643	0.808217	0.00192552
2.3976	0.808283	0.00192578
2.4309	0.808344	0.00192601
2.4642	0.8084	0.00192623
2.4975	0.808451	0.00192642
2.5308	0.808497	0.0019266
2.5641	0.80854	0.00192677
2.5974	0.808579	0.00192692
2.6307	0.808615	0.00192706
2.664	0.808648	0.00192718
2.6973	0.808678	0.0019273
2.7306	0.808706	0.00192741
2.7639	0.808732	0.00192751
2.7972	0.808755	0.0019276
2.8305	0.808776	0.00192768
2.8638	0.808796	0.00192776
2.8971	0.808814	0.00192782
2.9304	0.80883	0.00192789
2.9637	0.808845	0.00192795
2.997	0.808859	0.001928
3.0303	0.808871	0.00192805
3.0636	0.808883	0.0019281
3.0969	0.808893	0.00192814
3.1302	0.808903	0.00192818
3.1635	0.808912	0.00192821
3.1968	0.80892	0.00192824
3.2301	0.808927	0.00192827
3.2634	0.808934	0.0019283
3.2967	0.80894	0.00192833
3.33	0.808946	0.00192835
3.3633	0.808951	0.00192837
3.3966	0.808955	0.00192839
3.4299	0.80896	0.00192841
3.4632	0.808964	0.00192843
3.4965	0.808967	0.00192845
3.5298	0.80897	0.00192846
3.5631	0.808973	0.00192847
3.5964	0.808976	0.00192849
3.6297	0.808978	0.0019285
3.663	0.80898	0.00192851
3.6963	0.808982	0.00192852
3.7296	0.808984	0.00192853
3.7629	0.808985	0.00192854
3.7962	0.808987	0.00192855
3.8295	0.808988	0.00192856
3.8628	0.808989	0.00192857
3.8961	0.80899	0.00192858
3.9294	0.80899	0.00192858
3.9627	0.808991	0.00192859
3.996	0.808991	0.0019286
4.0293	0.808992	0.00192861
4.0626	0.808992	0.00192861
4.0959	0.808992	0.00192862
4.1292	0.808992	0.00192863
4.1625	0.808992	0.00192863
4.1958	0.808992	0.00192864
4.2291	0.808991	0.00192865
4.2624	0.808991	0.00192866
4.2957	0.808991	0.00192866
4.329	0.80899	0.00192867
4.3623	0.808989	0.00192868
4.3956	0.808989	0.00192869
4.4289	0.808988	0.0019287
4.4622	0.808987	0.0019287
4.4955	0.808986	0.00192871
4.5288	0.808985	0.00192872
4.5621	0.808984	0.00192873
4.5954	0.808982	0.00192874
4.6287	0.808981	0.00192875
4.662	0.80898	0.00192876
4.6953	0.808978	0.00192878
4.7286	0.808976	0.00192879
4.7619	0.808974	0.0019288
4.7952	0.808973	0.00192881
4.8285	0.80897	0.00192883
4.8618	0.808968	0.00192884
4.8951	0.808966	0.00192886
4.9284	0.808963	0.00192887
4.9617	0.808961	0.00192889
4.995	0.808958	0.00192891
5.0283	0.808955	0.00192893
5.0616	0.808952	0.00192895
5.0949	0.808949	0.00192897
5.1282	0.808945	0.00192899
5.1615	0.808942	0.00192902
5.1948	0.808938	0.00192904
5.2281	0.808934	0.00192907
5.2614	0.808929	0.00192909
5.2947	0.808925	0.00192912
5.328	0.80892	0.00192915
5.3613	0.808915	0.00192918
5.3946	0.808909	0.00192922
5.4279	0.808904	0.00192925
5.4612	0.808898	0.00192929
5.4945	0.808891	0.00192933
5.5278	0.808885	0.00192937
5.5611	0.808878	0.00192942
5.5944	0.80887	0.00192946
5.6277	0.808862	0.00192951
5.661	0.808854	0.00192956
5.6943	0.808845	0.00192962
5.7276	0.808836	0.00192968
5.7609	0.808826	0.00192974
5.7942	0.808816	0.0019298
5.8275	0.808805	0.00192987
5.8608	0.808794	0.00192994
5.8941	0.808782	0.00193002
5.9274	0.808769	0.0019301
5.9607	0.808755	0.00193018
5.994	0.808741	0.00193027

# DK0 = 2.32831e-09	(data set 6)
0	0.581338	0.00102292
0.0333	0.593189	0.00107005
0.0666	0.604763	0.00111629
0.0999	0.616031	0.00116146
0.1332	0.626968	0.00120541
0.1665	0.637554	0.00124802
0.1998	0.64777	0.00128918
0.2331	0.6576	0.0013288
0.2664	0.667035	0.00136681
0.2997	0.676064	0.00140318
0.333	0.684683	0.00143786
0.3663	0.692891	0.00147084
0.3996	0.700688	0.00150212
0.4329	0.708078	0.00153173
0.4662	0.715067	0.00155968
0.4995	0.721663	0.00158601
0.5328	0.727876	0.00161076
0.5661	0.733716	0.00163399
0.5994	0.739197	0.00165575
0.6327	0.744333	0.00167609
0.666	0.749137	0.00169509
0.6993	0.753624	0.0017128
0.7326	0.757809	0.0017293
0.7659	0.761708	0.00174464
0.7992	0.765336	0.00175889
0.8325	0.768707	0.00177211
0.8658	0.771838	0.00178437
0.8991	0.774741	0.00179573
0.9324	0.777432	0.00180624
0.9657	0.779923	0.00181596
0.999	0.782228	0.00182494
1.0323	0.784359	0.00183324
1.0656	0.786327	0.00184089
1.0989	0.788145	0.00184796
1.1322	0.789822	0.00185447
1.1655	0.791369	0.00186047
1.1988	0.792795	0.001866
1.2321	0.79411	0.00187109
1.2654	0.79532	0.00187577
1.2987	0.796434	0.00188008
1.332	0.79746	0.00188405
1.3653	0.798404	0.0018877
1.3986	0.799272	0.00189105
1.4319	0.80007	0.00189413
1.4652	0.800803	0.00189696
1.4985	0.801478	0.00189956
1.5318	0.802098	0.00190196
1.5651	0.802667	0.00190415
1.5984	0.80319	0.00190617
1.6317	0.80367	0.00190802
1.665	0.804111	0.00190972
1.6983	0.804516	0.00191128
1.7316	0.804888	0.00191271
1.7649	0.805229	0.00191402
1.7982	0.805542	0.00191523
1.8315	0.80583	0.00191633
1.8648	0.806094	0.00191735
1.8981	0.806335	0.00191828
1.9314	0.806558	0.00191913
1.9647	0.806761	0.00191992
1.998	0.806948	0.00192064
2.0313	0.807119	0.0019213
2.0646	0.807277	0.0019219
2.0979	0.807421	0.00192246
2.1312	0.807553	0.00192296
2.1645	0.807674	0.00192343
2.1978	0.807786	0.00192386
2.2311	0.807888	0.00192425
2.2644	0.807981	0.00192461
2.2977	0.808067	0.00192494
2.331	0.808146	0.00192524
2.3643	0.808218	0.00192552
2.3976	0.808284	0.00192577
2.4309	0.808345	0.00192601
2.4642	0.8084	0.00192622
2.4975	0.808451	0.00192642
2.5308	0.808498	0.0019266
2.5641	0.808541	0.00192676
2.5974	0.80858	0.00192691
2.6307	0.808616	0.00192705
2.664	0.808649	0.00192718
2.6973	0.808679	0.0019273
2.7306	0.808707	0.0019274
2.7639	0.808732	0.0019275
2.7972	0.808756	0.00192759
2.8305	0.808777	0.00192767
2.8638	0.808797	0.00192775
2.8971	0.808815	0.00192782
2.9304	0.808831	0.00192788
2.9637	0.808846	0.00192794
2.997	0.80886	0.00192799
3.0303	0.808873	0.00192804
3.0636	0.808884	0.00192809
3.0969	0.808895	0.00192813
3.1302	0.808904	0.00192817
3.1635	0.808913	0.0019282
3.1968	0.808922	0.00192823
3.2301	0.808929	0.00192826
3.2634	0.808936	0.00192829
3.2967	0.808942	0.00192832
3.33	0.808948	0.00192834
3.3633	0.808953	0.00192836
3.3966	0.808958	0.00192838
3.4299	0.808962	0.0019284
3.4632	0.808966	0.00192841
3.4965	0.80897	0.00192843
3.5298	0.808973	0.00192844
3.5631	0.808976	0.00192846
3.5964	0.808979	0.00192847
3.6297	0.808981	0.00192848
3.663	0.808984	0.00192849
3.6963	0.808986	0.0019285
3.7296	0.808988	0.00192851
3.7629	0.808989	0.00192852
3.7962	0.808991	0.00192852
3.8295	0.808992	0.00192853
3.8628	0.808994	0.00192854
3.8961	0.808995	0.00192854
3.9294	0.808996	0.00192855
3.9627	0.808997	0.00192856
3.996	0.808997	0.00192856
4.0293	0.808998	0.00192857
4.0626	0.808999	0.00192857
4.0959	0.808999	0.00192858
4.1292	0.809	0.00192858
4.1625	0.809	0.00192858
4.1958	0.809	0.00192859
4.2291	0.809	0.00192859
4.2624	0.809	0.0019286
4.2957	0.809001	0.0019286
4.329	0.809001	0.00192861
4.3623	0.809	0.00192861
4.3956	0.809	0.00192862
4.4289	0.809	0.00192862
4.4622	0.809	0.00192862
4.4955	0.809	0.00192863
4.5288	0.808999	0.00192863
4.5621	0.808999	0.00192864
4.5954	0.808999	0.00192864
4.6287	0.808998	0.00192865
4.662	0.808997	0.00192865
4.6953	0.808997	0.00192866
4.7286	0.808996	0.00192866
4.7619	0.808996	0.00192867
4.7952	0.808995	0.00192868
4.8285	0.808994	0.00192868
4.8618	0.808993	0.00192869
4.8951	0.808992	0.0019287
4.9284	0.808991	0.0019287
4.9617	0.80899	0.00192871
4.995	0.808989	0.00192872
5.0283	0.808988	0.00192873
5.0616	0.808986	0.00192874
5.0949	0.808985	0.00192875
5.1282	0.808983	0.00192876
5.1615	0.808982	0.00192877
5.1948	0.80898	0.00192878
5.2281	0.808978	0.00192879
5.2614	0.808976	0.0019288
5.2947	0.808974	0.00192881
5.328	0.808972	0.00192883
5.3613	0.80897	0.00192884
5.3946	0.808968	0.00192885
5.4279	0.808965	0.00192887
5.4612	0.808963	0.00192889
5.4945	0.80896	0.0019289
5.5278	0.808957	0.00192892
5.5611	0.808954	0.00192894
5.5944	0.808951	0.00192896
5.6277	0.808947	0.00192898
5.661	0.808944	0.00192901
5.6943	0.80894	0.00192903
5.7276	0.808936	0.00192906
5.7609	0.808932	0.00192908
5.7942	0.808927	0.00192911
5.8275	0.808922	0.00192914
5.8608	0.808917	0.00192917
5.8941	0.808912	0.0019292
5.9274	0.808906	0.00192924
5.9607	0.808901	0.00192928
5.994	0.808894	0.00192931

# DK0 = 3.63798e-11	(data set 7)
0	0.581338	0.00102292
0.0333	0.593189	0.00107005
0.0666	0.604763	0.00111629
0.0999	0.616031	0.00116146
0.1332	0.626968	0.00120541
0.1665	0.637554	0.00124802
0.1998	0.64777	0.00128918
0.2331	0.6576	0.0013288
0.2664	0.667035	0.00136681
0.2997	0.676064	0.00140318
0.333	0.684683	0.00143786
0.3663	0.692891	0.00147084
0.3996	0.700688	0.00150212
0.4329	0.708078	0.00153173
0.4662	0.715067	0.00155968
0.4995	0.721663	0.00158601
0.5328	0.727876	0.00161076
0.5661	0.733716	0.00163399
0.5994	0.739197	0.00165575
0.6327	0.744333	0.00167609
0.666	0.749137	0.00169509
0.6993	0.753624	0.0017128
0.7326	0.757809	0.0017293
0.7659	0.761708	0.00174464
0.7992	0.765336	0.00175889
0.8325	0.768707	0.00177211
0.8658	0.771838	0.00178437
0.8991	0.774741	0.00179573
0.9324	0.777432	0.00180624
0.9657	0.779923	0.00181596
0.999	0.782228	0.00182494
1.0323	0.784359	0.00183324
1.0656	0.786327	0.00184089
1.0989	0.788145	0.00184796
1.1322	0.789822	0.00185447
1.1655	0.791369	0.00186047
1.1988	0.792795	0.001866
1.2321	0.79411	0.00187109
1.2654	0.79532	0.00187577
1.2987	0.796434	0.00188008
1.332	0.79746	0.00188405
1.3653	0.798404	0.0018877
1.3986	0.799272	0.00189105
1.4319	0.80007	0.00189413
1.4652	0.800804	0.00189696
1.4985	0.801478	0.00189956
1.5318	0.802098	0.00190195
1.5651	0.802667	0.00190415
1.5984	0.80319	0.00190617
1.6317	0.80367	0.00190802
1.665	0.804111	0.00190972
1.6983	0.804516	0.00191128
1.7316	0.804888	0.00191271
1.7649	0.805229	0.00191402
1.7982	0.805542	0.00191523
1.8315	0.80583	0.00191633
1.8648	0.806094	0.00191735
1.8981	0.806336	0.00191828
1.9314	0.806558	0.00191913
1.9647	0.806761	0.00191992
1.998	0.806948	0.00192064
2.0313	0.80712	0.00192129
2.0646	0.807277	0.0019219
2.0979	0.807421	0.00192245
2.1312	0.807553	0.00192296
2.1645	0.807675	0.00192343
2.1978	0.807786	0.00192386
2.2311	0.807888	0.00192425
2.2644	0.807982	0.00192461
2.2977	0.808067	0.00192494
2.331	0.808146	0.00192524
2.3643	0.808218	0.00192552
2.3976	0.808284	0.00192577
2.4309	0.808345	0.00192601
2.4642	0.808401	0.00192622
2.4975	0.808452	0.00192642
2.5308	0.808498	0.0019266
2.5641	0.808541	0.00192676
2.5974	0.80858	0.00192691
2.6307	0.808616	0.00192705
2.664	0.80865	0.00192718
2.6973	0.80868	0.00192729
2.7306	0.808708	0.0019274
2.7639	0.808733	0.0019275
2.7972	0.808756	0.00192759
2.8305	0.808778	0.00192767
2.8638	0.808797	0.00192774
2.8971	0.808815	0.00192781
2.9304	0.808832	0.00192788
2.9637	0.808847	0.00192793
2.997	0.808861	0.00192799
3.0303	0.808874	0.00192804
3.0636	0.808885	0.00192808
3.0969	0.808896	0.00192812
3.1302	0.808906	0.00192816
3.1635	0.808915	0.00192819
3.1968	0.808923	0.00192823
3.2301	0.80893	0.00192826
3.2634	0.808937	0.00192828
3.2967	0.808944	0.00192831
3.33	0.808949	0.00192833
3.3633	0.808955	0.00192835
3.3966	0.80896	0.00192837
3.4299	0.808964	0.00192839
3.4632	0.808968	0.0019284
3.4965	0.808972	0.00192842
3.5298	0.808975	0.00192843
3.5631	0.808979	0.00192844
3.5964	0.808981	0.00192845
3.6297	0.808984	0.00192846
3.663	0.808987	0.00192847
3.6963	0.808989	0.00192848
3.7296	0.808991	0.00192849
3.7629	0.808993	0.0019285
3.7962	0.808994	0.0019285
3.8295	0.808996	0.00192851
3.8628	0.808997	0.00192851
3.8961	0.808999	0.00192852
3.9294	0.809	0.00192852
3.9627	0.809001	0.00192853
3.996	0.809002	0.00192853
4.0293	0.809003	0.00192853
4.0626	0.809004	0.00192854
4.0959	0.809005	0.00192854
4.1292	0.809005	0.00192854
4.1625	0.809006	0.00192855
4.1958	0.809007	0.00192855
4.2291	0.809007	0.00192855
4.2624	0.809008	0.00192855
4.2957	0.809008	0.00192856
4.329	0.809009	0.00192856
4.3623	0.809009	0.00192856
4.3956	0.809009	0.00192856
4.4289	0.80901	0.00192856
4.4622	0.80901	0.00192856
4.4955	0.80901	0.00192856
4.5288	0.80901	0.00192856
4.5621	0.809011	0.00192857
4.5954	0.809011	0.00192857
4.6287	0.809011	0.00192857
4.662	0.809011	0.00192857
4.6953	0.809011	0.00192857
4.7286	0.809011	0.00192857
4.7619	0.809012	0.00192857
4.7952	0.809012	0.00192857
4.8285	0.809012	0.00192857
4.8618	0.809012	0.00192857
4.8951	0.809012	0.00192857
4.9284	0.809012	0.00192857
4.9617	0.809012	0.00192857
4.995	0.809012	0.00192857
5.0283	0.809012	0.00192857
5.0616	0.809012	0.00192857
5.0949	0.809012	0.00192857
5.1282	0.809012	0.00192857
5.1615	0.809012	0.00192857
5.1948	0.809012	0.00192857
5.2281	0.809012	0.00192858
5.2614	0.809012	0.00192858
5.2947	0.809012	0.00192858
5.328	0.809012	0.00192858
5.3613	0.809012	0.00192858
5.3946	0.809012	0.00192858
5.4279	0.809012	0.00192858
5.4612	0.809012	0.00192858
5.4945	0.809012	0.00192858
5.5278	0.809012	0.00192858
5.5611	0.809012	0.00192858
5.5944	0.809012	0.00192858
5.6277	0.809012	0.00192858
5.661	0.809012	0.00192858
5.6943	0.809012	0.00192858
5.7276	0.809012	0.00192858
5.7609	0.809012	0.00192858
5.7942	0.809012	0.00192858
5.8275	0.809012	0.00192858
5.8608	0.809012	0.00192858
5.8941	0.809012	0.00192858
5.9274	0.809012	0.00192858
5.9607	0.809012	0.00192858
5.994	0.809012	0.00192858

# DK0 = 5.68434e-13	(data set 8)
0	0.581338	0.00102292
0.0333	0.593189	0.00107005
0.0666	0.604763	0.00111629
0.0999	0.616031	0.00116146
0.1332	0.626968	0.00120541
0.1665	0.637554	0.00124802
0.1998	0.64777	0.00128918
0.2331	0.6576	0.0013288
0.2664	0.667035	0.00136681
0.2997	0.676064	0.00140318
0.333	0.684683	0.00143786
0.3663	0.692891	0.00147084
0.3996	0.700688	0.00150212
0.4329	0.708078	0.00153173
0.4662	0.715067	0.00155968
0.4995	0.721663	0.00158601
0.5328	0.727876	0.00161076
0.5661	0.733716	0.00163399
0.5994	0.739197	0.00165575
0.6327	0.744333	0.00167609
0.666	0.749137	0.00169509
0.6993	0.753624	0.0017128
0.7326	0.757809	0.0017293
0.7659	0.761708	0.00174464
0.7992	0.765336	0.00175889
0.8325	0.768707	0.00177211
0.8658	0.771838	0.00178437
0.8991	0.774741	0.00179573
0.9324	0.777432	0.00180624
0.9657	0.779923	0.00181596
0.999	0.782228	0.00182494
1.0323	0.784359	0.00183324
1.0656	0.786327	0.00184089
1.0989	0.788145	0.00184796
1.1322	0.789822	0.00185447
1.1655	0.791369	0.00186047
1.1988	0.792795	0.001866
1.2321	0.79411	0.00187109
1.2654	0.79532	0.00187577
1.2987	0.796434	0.00188008
1.332	0.79746	0.00188405
1.3653	0.798404	0.0018877
1.3986	0.799272	0.00189105
1.4319	0.80007	0.00189413
1.4652	0.800804	0.00189696
1.4985	0.801478	0.00189956
1.5318	0.802098	0.00190195
1.5651	0.802667	0.00190415
1.5984	0.80319	0.00190617
1.6317	0.80367	0.00190802
1.665	0.804111	0.00190972
1.6983	0.804516	0.00191128
1.7316	0.804888	0.00191271
1.7649	0.805229	0.00191402
1.7982	0.805542	0.00191523
1.8315	0.80583	0.00191633
1.8648	0.806094	0.00191735
1.8981	0.806336	0.00191828
1.9314	0.806558	0.00191913
1.9647	0.806761	0.00191992
1.998	0.806948	0.00192064
2.0313	0.80712	0.00192129
2.0646	0.807277	0.0019219
2.0979	0.807421	0.00192245
2.1312	0.807553	0.00192296
2.1645	0.807675	0.00192343
2.1978	0.807786	0.00192386
2.2311	0.807888	0.00192425
2.2644	0.807982	0.00192461
2.2977	0.808067	0.00192494
2.331	0.808146	0.00192524
2.3643	0.808218	0.00192552
2.3976	0.808284	0.00192577
2.4309	0.808345	0.00192601
2.4642	0.808401	0.00192622
2.4975	0.808452	0.00192642
2.5308	0.808498	0.0019266
2.5641	0.808541	0.00192676
2.5974	0.80858	0.00192691
2.6307	0.808616	0.00192705
2.664	0.80865	0.00192718
2.6973	0.80868	0.00192729
2.7306	0.808708	0.0019274
2.7639	0.808733	0.0019275
2.7972	0.808756	0.00192759
2.8305	0.808778	0.00192767
2.8638	0.808797	0.00192774
2.8971	0.808815	0.00192781
2.9304	0.808832	0.00192788
2.9637	0.808847	0.00192793
2.997	0.808861	0.00192799
3.0303	0.808874	0.00192804
3.0636	0.808885	0.00192808
3.0969	0.808896	0.00192812
3.1302	0.808906	0.00192816
3.1635	0.808915	0.00192819
3.1968	0.808923	0.00192823
3.2301	0.80893	0.00192826
3.2634	0.808937	0.00192828
3.2967	0.808944	0.00192831
3.33	0.808949	0.00192833
3.3633	0.808955	0.00192835
3.3966	0.80896	0.00192837
3.4299	0.808964	0.00192838
3.4632	0.808968	0.0019284
3.4965	0.808972	0.00192842
3.5298	0.808975	0.00192843
3.5631	0.808979	0.00192844
3.5964	0.808981	0.00192845
3.6297	0.808984	0.00192846
3.663	0.808987	0.00192847
3.6963	0.808989	0.00192848
3.7296	0.808991	0.00192849
3.7629	0.808993	0.00192849
3.7962	0.808994	0.0019285
3.8295	0.808996	0.00192851
3.8628	0.808997	0.00192851
3.8961	0.808999	0.00192852
3.9294	0.809	0.00192852
3.9627	0.809001	0.00192853
3.996	0.809002	0.00192853
4.0293	0.809003	0.00192853
4.0626	0.809004	0.00192854
4.0959	0.809005	0.00192854
4.1292	0.809005	0.00192854
4.1625	0.809006	0.00192855
4.1958	0.809007	0.00192855
4.2291	0.809007	0.00192855
4.2624	0.809008	0.00192855
4.2957	0.809008	0.00192855
4.329	0.809009	0.00192856
4.3623	0.809009	0.00192856
4.3956	0.809009	0.00192856
4.4289	0.80901	0.00192856
4.4622	0.80901	0.00192856
4.4955	0.80901	0.00192856
4.5288	0.809011	0.00192856
4.5621	0.809011	0.00192856
4.5954	0.809011	0.00192857
4.6287	0.809011	0.00192857
4.662	0.809011	0.00192857
4.6953	0.809012	0.00192857
4.7286	0.809012	0.00192857
4.7619	0.809012	0.00192857
4.7952	0.809012	0.00192857
4.8285	0.809012	0.00192857
4.8618	0.809012	0.00192857
4.8951	0.809012	0.00192857
4.9284	0.809012	0.00192857
4.9617	0.809012	0.00192857
4.995	0.809013	0.00192857
5.0283	0.809013	0.00192857
5.0616	0.809013	0.00192857
5.0949	0.809013	0.00192857
5.1282	0.809013	0.00192857
5.1615	0.809013	0.00192857
5.1948	0.809013	0.00192857
5.2281	0.809013	0.00192857
5.2614	0.809013	0.00192857
5.2947	0.809013	0.00192857
5.328	0.809013	0.00192857
5.3613	0.809013	0.00192857
5.3946	0.809013	0.00192857
5.4279	0.809013	0.00192857
5.4612	0.809013	0.00192857
5.4945	0.809013	0.00192857
5.5278	0.809013	0.00192857
5.5611	0.809013	0.00192857
5.5944	0.809013	0.00192857
5.6277	0.809013	0.00192857
5.661	0.809013	0.00192857
5.6943	0.809013	0.00192857
5.7276	0.809013	0.00192857
5.7609	0.809013	0.00192857
5.7942	0.809013	0.00192857
5.8275	0.809013	0.00192857
5.8608	0.809013	0.00192857
5.8941	0.809013	0.00192857
5.9274	0.809013	0.00192857
5.9607	0.809013	0.00192857
5.994	0.809013	0.00192857
6.0273	0.809013	0.00192857
6.0606	0.809013	0.00192857
6.0939	0.809013	0.00192857
6.1272	0.809013	0.00192857
6.1605	0.809013	0.00192857
6.1938	0.809013	0.00192857
6.2271	0.809013	0.00192857
6.2604	0.809013	0.00192857
6.2937	0.809013	0.00192857
6.327	0.809013	0.00192857
6.3603	0.809013	0.00192857
6.3936	0.809013	0.00192857
6.4269	0.809013	0.00192857

# DK0 = 8.88178e-15	(data set 9)
0	0.581338	0.00102292
0.0333	0.593189	0.00107005
0.0666	0.604763	0.00111629
0.0999	0.616031	0.00116146
0.1332	0.626968	0.00120541
0.1665	0.637554	0.00124802
0.1998	0.64777	0.00128918
0.2331	0.6576	0.0013288
0.2664	0.667035	0.00136681
0.2997	0.676064	0.00140318
0.333	0.684683	0.00143786
0.3663	0.692891	0.00147084
0.3996	0.700688	0.00150212
0.4329	0.708078	0.00153173
0.4662	0.715067	0.00155968
0.4995	0.721663	0.00158601
0.5328	0.727876	0.00161076
0.5661	0.733716	0.00163399
0.5994	0.739197	0.00165575
0.6327	0.744333	0.00167609
0.666	0.749137	0.00169509
0.6993	0.753624	0.0017128
0.7326	0.757809	0.0017293
0.7659	0.761708	0.00174464
0.7992	0.765336	0.00175889
0.8325	0.768707	0.00177211
0.8658	0.771838	0.00178437
0.8991	0.774741	0.00179573
0.9324	0.777432	0.00180624
0.9657	0.779923	0.00181596
0.999	0.782228	0.00182494
1.0323	0.784359	0.00183324
1.0656	0.786327	0.00184089
1.0989	0.788145	0.00184796
1.1322	0.789822	0.00185447
1.1655	0.791369	0.00186047
1.1988	0.792795	0.001866
1.2321	0.79411	0.00187109
1.2654	0.79532	0.00187577
1.2987	0.796434	0.00188008
1.332	0.79746	0.00188405
1.3653	0.798404	0.0018877
1.3986	0.799272	0.00189105
1.4319	0.80007	0.00189413
1.4652	0.800804	0.00189696
1.4985	0.801478	0.00189956
1.5318	0.802098	0.00190195
1.5651	0.802667	0.00190415
1.5984	0.80319	0.00190617
1.6317	0.80367	0.00190802
1.665	0.804111	0.00190972
1.6983	0.804516	0.00191128
1.7316	0.804888	0.00191271
1.7649	0.805229	0.00191402
1.7982	0.805542	0.00191523
1.8315	0.80583	0.00191633
1.8648	0.806094	0.00191735
1.8981	0.806336	0.00191828
1.9314	0.806558	0.00191913
1.9647	0.806761	0.00191992
1.998	0.806948	0.00192064
2.0313	0.80712	0.00192129
2.0646	0.807277	0.0019219
2.0979	0.807421	0.00192245
2.1312	0.807553	0.00192296
2.1645	0.807675	0.00192343
2.1978	0.807786	0.00192386
2.2311	0.807888	0.00192425
2.2644	0.807982	0.00192461
2.2977	0.808067	0.00192494
2.331	0.808146	0.00192524
2.3643	0.808218	0.00192552
2.3976	0.808284	0.00192577
2.4309	0.808345	0.00192601
2.4642	0.808401	0.00192622
2.4975	0.808452	0.00192642
2.5308	0.808498	0.0019266
2.5641	0.808541	0.00192676
2.5974	0.80858	0.00192691
2.6307	0.808616	0.00192705
2.664	0.80865	0.00192718
2.6973	0.80868	0.00192729
2.7306	0.808708	0.0019274
2.7639	0.808733	0.0019275
2.7972	0.808756	0.00192759
2.8305	0.808778	0.00192767
2.8638	0.808797	0.00192774
2.8971	0.808815	0.00192781
2.9304	0.808832	0.00192788
2.9637	0.808847	0.00192793
2.997	0.808861	0.00192799
3.0303	0.808874	0.00192804
3.0636	0.808885	0.00192808
3.0969	0.808896	0.00192812
3.1302	0.808906	0.00192816
3.1635	0.808915	0.00192819
3.1968	0.808923	0.00192823
3.2301	0.80893	0.00192826
3.2634	0.808937	0.00192828
3.2967	0.808944	0.00192831
3.33	0.808949	0.00192833
3.3633	0.808955	0.00192835
3.3966	0.80896	0.00192837
3.4299	0.808964	0.00192838
3.4632	0.808968	0.0019284
3.4965	0.808972	0.00192842
3.5298	0.808975	0.00192843
3.5631	0.808979	0.00192844
3.5964	0.808981	0.00192845
3.6297	0.808984	0.00192846
3.663	0.808987	0.00192847
3.6963	0.808989	0.00192848
3.7296	0.808991	0.00192849
3.7629	0.808993	0.00192849
3.7962	0.808994	0.0019285
3.8295	0.808996	0.00192851
3.8628	0.808997	0.00192851
3.8961	0.808999	0.00192852
3.9294	0.809	0.00192852
3.9627	0.809001	0.00192853
3.996	0.809002	0.00192853
4.0293	0.809003	0.00192853
4.0626	0.809004	0.00192854
4.0959	0.809005	0.00192854
4.1292	0.809005	0.00192854
4.1625	0.809006	0.00192855
4.1958	0.809007	0.00192855
4.2291	0.809007	0.00192855
4.2624	0.809008	0.00192855
4.2957	0.809008	0.00192855
4.329	0.809009	0.00192856
4.3623	0.809009	0.00192856
4.3956	0.809009	0.00192856
4.4289	0.80901	0.00192856
4.4622	0.80901	0.00192856
4.4955	0.80901	0.00192856
4.5288	0.809011	0.00192856
4.5621	0.809011	0.00192856
4.5954	0.809011	0.00192857
4.6287	0.809011	0.00192857
4.662	0.809011	0.00192857
4.6953	0.809012	0.00192857
4.7286	0.809012	0.00192857
4.7619	0.809012	0.00192857
4.7952	0.809012	0.00192857
4.8285	0.809012	0.00192857
4.8618	0.809012	0.00192857
4.8951	0.809012	0.00192857
4.9284	0.809012	0.00192857
4.9617	0.809012	0.00192857
4.995	0.809013	0.00192857
5.0283	0.809013	0.00192857
5.0616	0.809013	0.00192857
5.0949	0.809013	0.00192857
5.1282	0.809013	0.00192857
5.1615	0.809013	0.00192857
5.1948	0.809013	0.00192857
5.2281	0.809013	0.00192857
5.2614	0.809013	0.00192857
5.2947	0.809013	0.00192857
5.328	0.809013	0.00192857
5.3613	0.809013	0.00192857
5.3946	0.809013	0.00192857
5.4279	0.809013	0.00192857
5.4612	0.809013	0.00192857
5.4945	0.809013	0.00192857
5.5278	0.809013	0.00192857
5.5611	0.809013	0.00192857
5.5944	0.809013	0.00192857
5.6277	0.809013	0.00192857
5.661	0.809013	0.00192857
5.6943	0.809013	0.00192857
5.7276	0.809013	0.00192857
5.7609	0.809013	0.00192857
5.7942	0.809013	0.00192857
5.8275	0.809013	0.00192857
5.8608	0.809013	0.00192857
5.8941	0.809013	0.00192857
5.9274	0.809013	0.00192857
5.9607	0.809013	0.00192857
5.994	0.809013	0.00192857
6.0273	0.809013	0.00192857
6.0606	0.809013	0.00192857
6.0939	0.809013	0.00192857
6.1272	0.809013	0.00192857
6.1605	0.809013	0.00192857
6.1938	0.809013	0.00192857
6.2271	0.809013	0.00192857
6.2604	0.809013	0.00192857
6.2937	0.809013	0.00192857
6.327	0.809013	0.00192857
6.3603	0.809013	0.00192857
6.3936	0.809013	0.00192857
6.4269	0.809013	0.00192857
6.4602	0.809013	0.00192857
6.4935	0.809013	0.00192857
6.5268	0.809013	0.00192857
6.5601	0.809013	0.00192857
6.5934	0.809013	0.00192857
6.6267	0.809013	0.00192857
6.66	0.809013	0.00192857
6.6933	0.809013	0.00192857
6.7266	0.809013	0.00192857
6.7599	0.809013	0.00192857
6.7932	0.809013	0.00192857
6.8265	0.809013	0.00192857
6.8598	0.809013	0.00192857
6.8931	0.809013	0.00192857
6.9264	0.809013	0.00192857
6.9597	0.809013	0.00192857
6.993	0.809013	0.00192857
7.0263	0.809013	0.00192857
7.0596	0.809013	0.00192857
7.0929	0.809013	0.00192857
7.1262	0.809013	0.00192857
7.1595	0.809013	0.00192857
7.1928	0.809013	0.00192857
7.2261	0.809013	0.00192857
7.2594	0.809013	0.00192857
7.2927	0.809013	0.00192857
7.326	0.809013	0.00192857
7.3593	0.809013	0.00192857
7.3926	0.809013	0.00192857
7.4259	0.809013	0.00192857
7.4592	0.809013	0.00192857
7.4925	0.809013	0.00192857
7.5258	0.809013	0.00192857
7.5591	0.809013	0.00192857
7.5924	0.809013	0.00192857
7.6257	0.809013	0.00192857
7.659	0.809013	0.00192857
7.6923	0.809013	0.00192857
7.7256	0.809013	0.00192857
7.7589	0.809013	0.00192857
7.7922	0.809013	0.00192857
7.8255	0.809013	0.00192857
7.8588	0.809013	0.00192857
7.8921	0.809013	0.00192857
7.9254	0.809013	0.00192857
7.9587	0.809013	0.00192857
7.992	0.809013	0.00192857
8.0253	0.809013	0.00192857
8.0586	0.809013	0.00192857
8.0919	0.809013	0.00192857
8.1252	0.809013	0.00192857
8.1585	0.809013	0.00192857
8.1918	0.809013	0.00192857
8.2251	0.809013	0.00192857
8.2584	0.809013	0.00192857
8.2917	0.809013	0.00192857
8.325	0.809013	0.00192857
8.3583	0.809013	0.00192857
8.3916	0.809013	0.00192857
8.4249	0.809013	0.00192857
8.4582	0.809013	0.00192857
8.4915	0.809013	0.00192857
8.5248	0.809013	0.00192857
8.5581	0.809013	0.00192857
8.5914	0.809013	0.00192857
8.6247	0.809013	0.00192857
8.658	0.809013	0.00192857
8.6913	0.809013	0.00192857
8.7246	0.809013	0.00192857
8.7579	0.809013	0.00192857
8.7912	0.809013	0.00192857
8.8245	0.809013	0.00192857
8.8578	0.809013	0.00192857
8.8911	0.809013	0.00192857
8.9244	0.809013	0.00192857
8.9577	0.809013	0.00192857
8.991	0.809013	0.00192857
9.0243	0.809013	0.00192857
9.0576	0.809013	0.00192857
9.0909	0.809013	0.00192857
9.1242	0.809013	0.00192857
9.1575	0.809013	0.00192857
9.1908	0.809013	0.00192857
9.2241	0.809013	0.00192857
9.2574	0.809013	0.00192857
9.2907	0.809013	0.00192857
9.324	0.809013	0.00192857
9.3573	0.809013	0.00192857
9.3906	0.809013	0.00192857
9.4239	0.809013	0.00192857
9.4572	0.809013	0.00192857
9.4905	0.809013	0.00192857
9.5238	0.809013	0.00192857
9.5571	0.809013	0.00192857
9.5904	0.809013	0.00192857
9.6237	0.809014	0.00192857
9.657	0.809014	0.00192857
9.6903	0.809014	0.00192857
9.7236	0.809014	0.00192857
9.7569	0.809014	0.00192857
9.7902	0.809014	0.00192857
9.8235	0.809014	0.00192857
9.8568	0.809014	0.00192857
9.8901	0.809014	0.00192857
9.9234	0.809014	0.00192857
9.9567	0.809014	0.00192857
9.99	0.809014	0.00192857
10.0233	0.809014	0.00192857
10.0566	0.809014	0.00192857
10.0899	0.809014	0.00192857
10.1232	0.809014	0.00192857
10.1565	0.809014	0.00192857
10.1898	0.809014	0.00192857
10.2231	0.809014	0.00192857
10.2564	0.809014	0.00192857
10.2897	0.809014	0.00192857
10.323	0.809014	0.00192857
10.3563	0.809014	0.00192857
10.3896	0.809014	0.00192857
10.4229	0.809014	0.00192857
10.4562	0.809014	0.00192857
10.4895	0.809014	0.00192857
10.5228	0.809014	0.00192857
10.5561	0.809014	0.00192857
10.5894	0.809014	0.00192857
10.6227	0.809014	0.00192857
10.656	0.809014	0.00192857
10.6893	0.809014	0.00192857
10.7226	0.809014	0.00192857
10.7559	0.809014	0.00192857
10.7892	0.809014	0.00192857
10.8225	0.809014	0.00192857
10.8558	0.809015	0.00192857
10.8891	0.809015	0.00192857
10.9224	0.809015	0.00192857
10.9557	0.809015	0.00192857
10.989	0.809015	0.00192857
11.0223	0.809015	0.00192856
11.0556	0.809015	0.00192856
11.0889	0.809015	0.00192856
11.1222	0.809015	0.00192856
11.1555	0.809015	0.00192856
11.1888	0.809015	0.00192856
11.2221	0.809015	0.00192856
11.2554	0.809016	0.00192856
11.2887	0.809016	0.00192856
11.322	0.809016	0.00192856
11.3553	0.809016	0.00192856
11.3886	0.809016	0.00192856
11.4219	0.809016	0.00192856
11.4552	0.809016	0.00192856
11.4885	0.809017	0.00192855
11.5218	0.809017	0.00192855
11.5551	0.809017	0.00192855
11.5884	0.809017	0.00192855
11.6217	0.809017	0.00192855
11.655	0.809018	0.00192855
11.6883	0.809018	0.00192855
11.7216	0.809018	0.00192855
11.7549	0.809018	0.00192854
11.7882	0.809019	0.00192854
11.8215	0.809019	0.00192854
11.8548	0.809019	0.00192854
11.8881	0.809019	0.00192854
11.9214	0.80902	0.00192853
11.9547	0.80902	0.00192853
11.988	0.809021	0.00192853
12.0213	0.809021	0.00192853
12.0546	0.809021	0.00192852
12.0879	0.809022	0.00192852
12.1212	0.809022	0.00192852
12.1545	0.809023	0.00192852
12.1878	0.809023	0.00192851
12.2211	0.809024	0.00192851
12.2544	0.809024	0.00192851
12.2877	0.809025	0.0019285
12.321	0.809026	0.0019285
12.3543	0.809026	0.00192849
12.3876	0.809027	0.00192849
12.4209	0.809028	0.00192848
12.4542	0.809029	0.00192848
12.4875	0.809029	0.00192847
12.5208	0.80903	0.00192847
12.5541	0.809031	0.00192846
12.5874	0.809032	0.00192846
12.6207	0.809033	0.00192845
12.654	0.809034	0.00192844
12.6873	0.809035	0.00192844
12.7206	0.809037	0.00192843
12.7539	0.809038	0.00192842
12.7872	0.809039	0.00192841
12.8205	0.809041	0.0019284
12.8538	0.809042	0.00192839
12.8871	0.809044	0.00192838
12.9204	0.809046	0.00192837
12.9537	0.809047	0.00192836
12.987	0.809049	0.00192835
13.0203	0.809051	0.00192834
13.0536	0.809053	0.00192833
13.0869	0.809055	0.00192831
13.1202	0.809058	0.0019283
13.1535	0.80906	0.00192828
13.1868	0.809063	0.00192827
13.2201	0.809066	0.00192825
13.2534	0.809068	0.00192823
13.2867	0.809071	0.00192821
13.32	0.809075	0.00192819
13.3533	0.809078	0.00192817
13.3866	0.809082	0.00192815
13.4199	0.809085	0.00192813
13.4532	0.809089	0.0019281
13.4865	0.809094	0.00192807
13.5198	0.809098	0.00192805
13.5531	0.809103	0.00192802
13.5864	0.809108	0.00192799
13.6197	0.809113	0.00192796
13.653	0.809118	0.00192792
13.6863	0.809124	0.00192789
13.7196	0.80913	0.00192785
13.7529	0.809137	0.00192781
13.7862	0.809143	0.00192776
13.8195	0.809151	0.00192772
13.8528	0.809158	0.00192767
13.8861	0.809166	0.00192762
13.9194	0.809175	0.00192757
13.9527	0.809183	0.00192752
13.986	0.809193	0.00192746
14.0193	0.809203	0.0019274
14.0526	0.809213	0.00192733
14.0859	0.809224	0.00192726
14.1192	0.809236	0.00192719
14.1525	0.809248	0.00192711
14.1858	0.809261	0.00192703
14.2191	0.809275	0.00192695
14.2524	0.809289	0.00192686
14.2857	0.809304	0.00192676
14.319	0.80932	0.00192666
14.3523	0.809337	0.00192656
14.3856	0.809355	0.00192645
14.4189	0.809374	0.00192633
14.4522	0.809394	0.00192621
14.4855	0.809415	0.00192608
14.5188	0.809437	0.00192594
14.5521	0.80946	0.00192579
14.5854	0.809485	0.00192564
14.6187	0.809511	0.00192548
14.652	0.809538	0.00192531
14.6853	0.809567	0.00192513
14.7186	0.809598	0.00192494
14.7519	0.80963	0.00192474
14.7852	0.809664	0.00192453
14.8185	0.8097	0.00192431
14.8518	0.809738	0.00192407
14.8851	0.809778	0.00192382
14.9184	0.80982	0.00192356
14.9517	0.809864	0.00192329
14.985	0.809911	0.00192299
15.0183	0.809961	0.00192269
15.0516	0.810013	0.00192236
15.0849	0.810068	0.00192202
15.1182	0.810126	0.00192166
15.1515	0.810187	0.00192128
15.1848	0.810252	0.00192088
15.2181	0.81032	0.00192046
15.2514	0.810393	0.00192001
15.2847	0.810469	0.00191954
15.318	0.810549	0.00191904
15.3513	0.810634	0.00191852
15.3846	0.810723	0.00191797
15.4179	0.810817	0.00191738
15.4512	0.810917	0.00191677
15.4845	0.811022	0.00191612
15.5178	0.811132	0.00191544
15.5511	0.811249	0.00191472
15.5844	0.811372	0.00191396
15.6177	0.811502	0.00191315
15.651	0.81164	0.00191231
15.6843	0.811784	0.00191142
15.7176	0.811937	0.00191047
15.7509	0.812099	0.00190948
15.7842	0.812269	0.00190844
15.8175	0.812448	0.00190733
15.8508	0.812638	0.00190617
15.8841	0.812837	0.00190495
15.9174	0.813048	0.00190365
15.9507	0.813271	0.00190229
15.984	0.813506	0.00190085
16.0173	0.813753	0.00189934
16.0506	0.814015	0.00189774
16.0839	0.81429	0.00189606
16.1172	0.814581	0.00189429
16.1505	0.814888	0.00189242
16.1838	0.815212	0.00189045
16.2171	0.815554	0.00188837
16.2504	0.815915	0.00188619
16.2837	0.816296	0.00188388
16.317	0.816697	0.00188146
16.3503	0.817121	0.0018789
16.3836	0.817568	0.0018762
16.4169	0.81804	0.00187337
16.4502	0.818538	0.00187038
16.4835	0.819063	0.00186723
16.5168	0.819617	0.00186392
16.5501	0.820202	0.00186043
16.5834	0.820819	0.00185676
16.6167	0.82147	0.0018529
16.65	0.822157	0.00184883
16.6833	0.822882	0.00184455
16.7166	0.823647	0.00184005
16.7499	0.824454	0.00183531
16.7832	0.825306	0.00183033
16.8165	0.826204	0.00182509
16.8498	0.827153	0.00181958
16.8831	0.828153	0.0018138
16.9164	0.829209	0.00180771
16.9497	0.830323	0.00180132
16.983	0.831498	0.0017946
17.0163	0.832739	0.00178755
17.0496	0.834048	0.00178015
17.0829	0.835429	0.00177237
17.1162	0.836886	0.00176422
17.1495	0.838423	0.00175566
17.1828	0.840046	0.00174668
17.2161	0.841758	0.00173727
17.2494	0.843565	0.00172741
17.2827	0.845471	0.00171708
17.316	0.847482	0.00170626
17.3493	0.849604	0.00169494
17.3826	0.851844	0.00168309
17.4159	0.854207	0.00167069
17.4492	0.8567	0.00165773
17.4825	0.859331	0.00164419
17.5158	0.862107	0.00163005
17.5491	0.865036	0.0016153
17.5824	0.868127	0.0015999
17.6157	0.871388	0.00158385
17.649	0.874829	0.00156713
17.6823	0.87846	0.00154971
17.7156	0.88229	0.0015316
17.7489	0.886332	0.00151277
17.7822	0.890596	0.0014932
17.8155	0.895095	0.0014729
17.8488	0.899841	0.00145184
17.8821	0.904849	0.00143002
17.9154	0.910132	0.00140743
17.9487	0.915704	0.00138407
17.982	0.921583	0.00135994
18.0153	0.927785	0.00133504
18.0486	0.934326	0.00130938
18.0819	0.941226	0.00128296
18.1152	0.948502	0.0012558
18.1485	0.956177	0.00122791
18.1818	0.96427	0.00119931
18.2151	0.972804	0.00117003
18.2484	0.981803	0.0011401
18.2817	0.99129	0.00110954
18.315	1.00129	0.00107839
18.3483	1.01184	0.00104537
18.3816	1.02302	0.00100975
18.4149	1.0349	0.000971656
18.4482	1.04755	0.000931241
18.4815	1.06107	0.000888679
18.5148	1.07554	0.000844172
18.5481	1.09105	0.000797956
18.5814	1.10769	0.000750298
18.6147	1.12555	0.000701498
18.648	1.14475	0.000651893
18.6813	1.16536	0.000601846
18.7146	1.1875	0.000551753
18.7479	1.21127	0.000502029
18.7812	1.23677	0.000453105
18.8145	1.26409	0.000405415
18.8478	1.29334	0.000359389
18.8811	1.3246	0.000315438
18.9144	1.35796	0.000273937
18.9477	1.3935	0.000235219
18.981	1.43129	0.000199554
19.0143	1.47139	0.000167144
19.0476	1.51385	0.000138111
19.0809	1.55871	0.000112496
19.1142	1.606	9.02538e-05
19.1475	1.65574	7.12642e-05
19.1808	1.70794	5.53354e-05
19.2141	1.7626	4.2219e-05
19.2474	1.81973	3.16253e-05
19.2807	1.87932	2.32397e-05
19.314	1.94139	1.67396e-05
19.3473	2.00593	1.18093e-05
19.3806	2.07296	8.15291e-06
19.4139	2.1425	5.5037e-06
19.4472	2.21459	3.62986e-06
19.4805	2.28925	2.33697e-06
19.5138	2.36655	1.46748e-06
19.5471	2.44653	8.97981e-07
19.5804	2.52928	5.34994e-07
19.6137	2.61486	3.1004e-07
19.647	2.70337	1.74608e-07
19.6803	2.79488	9.54695e-08
19.7136	2.88951	5.06269e-08
19.7469	2.98734	2.60114e-08
19.7802	3.08849	1.29344e-08
19.8135	3.19307	6.21799e-09
19.8468	3.30119	2.88652e-09
19.8801	3.41297	1.29243e-09
19.9134	3.52853	5.57462e-10
19.9467	3.64801	2.3134e-10
19.98	3.77153	9.22459e-11
20.0133	3.89924	3.52951e-11
20.0466	4.03127	1.29404e-11
20.0799	4.16777	4.53959e-12
20.1132	4.3089	1.52151e-12
20.1465	4.4548	4.86464e-13
20.1798	4.60564	1.48133e-13
20.2131	4.76159	4.28902e-14
20.2464	4.92282	1.17878e-14

# DK0 = 1.38778e-16	(data set 10)
0	0.581338	0.00102292
0.0333	0.593189	0.00107005
0.0666	0.604763	0.00111629
0.0999	0.616031	0.00116146
0.1332	0.626968	0.00120541
0.1665	0.637554	0.00124802
0.1998	0.64777	0.00128918
0.2331	0.6576	0.0013288
0.2664	0.667035	0.00136681
0.2997	0.676064	0.00140318
0.333	0.684683	0.00143786
0.3663	0.692891	0.00147084
0.3996	0.700688	0.00150212
0.4329	0.708078	0.00153173
0.4662	0.715067	0.00155968
0.4995	0.721663	0.00158601
0.5328	0.727876	0.00161076
0.5661	0.733716	0.00163399
0.5994	0.739197	0.00165575
0.6327	0.744333	0.00167609
0.666	0.749137	0.00169509
0.6993	0.753624	0.0017128
0.7326	0.757809	0.0017293
0.7659	0.761708	0.00174464
0.7992	0.765336	0.00175889
0.8325	0.768707	0.00177211
0.8658	0.771838	0.00178437
0.8991	0.774741	0.00179573
0.9324	0.777432	0.00180624
0.9657	0.779923	0.00181596
0.999	0.782228	0.00182494
1.0323	0.784359	0.00183324
1.0656	0.786327	0.00184089
1.0989	0.788145	0.00184796
1.1322	0.789822	0.00185447
1.1655	0.791369	0.00186047
1.1988	0.792795	0.001866
1.2321	0.79411	0.00187109
1.2654	0.79532	0.00187577
1.2987	0.796434	0.00188008
1.332	0.79746	0.00188405
1.3653	0.798404	0.0018877
1.3986	0.799272	0.00189105
1.4319	0.80007	0.00189413
1.4652	0.800804	0.00189696
1.4985	0.801478	0.00189956
1.5318	0.802098	0.00190195
1.5651	0.802667	0.00190415
1.5984	0.80319	0.00190617
1.6317	0.80367	0.00190802
1.665	0.804111	0.00190972
1.6983	0.804516	0.00191128
1.7316	0.804888	0.00191271
1.7649	0.805229	0.00191402
1.7982	0.805542	0.00191523
1.8315	0.80583	0.00191633
1.8648	0.806094	0.00191735
1.8981	0.806336	0.00191828
1.9314	0.806558	0.00191913
1.9647	0.806761	0.00191992
1.998	0.806948	0.00192064
2.0313	0.80712	0.00192129
2.0646	0.807277	0.0019219
2.0979	0.807421	0.00192245
2.1312	0.807553	0.00192296
2.1645	0.807675	0.00192343
2.1978	0.807786	0.00192386
2.2311	0.807888	0.00192425
2.2644	0.807982	0.00192461
2.2977	0.808067	0.00192494
2.331	0.808146	0.00192524
2.3643	0.808218	0.00192552
2.3976	0.808284	0.00192577
2.4309	0.808345	0.00192601
2.4642	0.808401	0.00192622
2.4975	0.808452	0.00192642
2.5308	0.808498	0.0019266
2.5641	0.808541	0.00192676
2.5974	0.80858	0.00192691
2.6307	0.808616	0.00192705
2.664	0.80865	0.00192718
2.6973	0.80868	0.00192729
2.7306	0.808708	0.0019274
2.7639	0.808733	0.0019275
2.7972	0.808756	0.00192759
2.8305	0.808778	0.00192767
2.8638	0.808797	0.00192774
2.8971	0.808815	0.00192781
2.9304	0.808832	0.00192788
2.9637	0.808847	0.00192793
2.997	0.808861	0.00192799
3.0303	0.808874	0.00192804
3.0636	0.808885	0.00192808
3.0969	0.808896	0.00192812
3.1302	0.808906	0.00192816
3.1635	0.808915	0.00192819
3.1968	0.808923	0.00192823
3.2301	0.80893	0.00192826
3.2634	0.808937	0.00192828
3.2967	0.808944	0.00192831
3.33	0.808949	0.00192833
3.3633	0.808955	0.00192835
3.3966	0.80896	0.00192837
3.4299	0.808964	0.00192838
3.4632	0.808968	0.0019284
3.4965	0.808972	0.00192842
3.5298	0.808975	0.00192843
3.5631	0.808979	0.00192844
3.5964	0.808981	0.00192845
3.6297	0.808984	0.00192846
3.663	0.808987	0.00192847
3.6963	0.808989	0.00192848
3.7296	0.808991	0.00192849
3.7629	0.808993	0.00192849
3.7962	0.808994	0.0019285
3.8295	0.808996	0.00192851
3.8628	0.808997	0.00192851
3.8961	0.808999	0.00192852
3.9294	0.809	0.00192852
3.9627	0.809001	0.00192853
3.996	0.809002	0.00192853
4.0293	0.809003	0.00192853
4.0626	0.809004	0.00192854
4.0959	0.809005	0.00192854
4.1292	0.809005	0.00192854
4.1625	0.809006	0.00192855
4.1958	0.809007	0.00192855
4.2291	0.809007	0.00192855
4.2624	0.809008	0.00192855
4.2957	0.809008	0.00192855
4.329	0.809009	0.00192856
4.3623	0.809009	0.00192856
4.3956	0.809009	0.00192856
4.4289	0.80901	0.00192856
4.4622	0.80901	0.00192856
4.4955	0.80901	0.00192856
4.5288	0.809011	0.00192856
4.5621	0.809011	0.00192856
4.5954	0.809011	0.00192857
4.6287	0.809011	0.00192857
4.662	0.809011	0.00192857
4.6953	0.809012	0.00192857
4.7286	0.809012	0.00192857
4.7619	0.809012	0.00192857
4.7952	0.809012	0.00192857
4.8285	0.809012	0.00192857
4.8618	0.809012	0.00192857
4.8951	0.809012	0.00192857
4.9284	0.809012	0.00192857
4.9617	0.809012	0.00192857
4.995	0.809013	0.00192857
5.0283	0.809013	0.00192857
5.0616	0.809013	0.00192857
5.0949	0.809013	0.00192857
5.1282	0.809013	0.00192857
5.1615	0.809013	0.00192857
5.1948	0.809013	0.00192857
5.2281	0.809013	0.00192857
5.2614	0.809013	0.00192857
5.2947	0.809013	0.00192857
5.328	0.809013	0.00192857
5.3613	0.809013	0.00192857
5.3946	0.809013	0.00192857
5.4279	0.809013	0.00192857
5.4612	0.809013	0.00192857
5.4945	0.809013	0.00192857
5.5278	0.809013	0.00192857
5.5611	0.809013	0.00192857
5.5944	0.809013	0.00192857
5.6277	0.809013	0.00192857
5.661	0.809013	0.00192857
5.6943	0.809013	0.00192857
5.7276	0.809013	0.00192857
5.7609	0.809013	0.00192857
5.7942	0.809013	0.00192857
5.8275	0.809013	0.00192857
5.8608	0.809013	0.00192857
5.8941	0.809013	0.00192857
5.9274	0.809013	0.00192857
5.9607	0.809013	0.00192857
5.994	0.809013	0.00192857
6.0273	0.809013	0.00192857
6.0606	0.809013	0.00192857
6.0939	0.809013	0.00192857
6.1272	0.809013	0.00192857
6.1605	0.809013	0.00192857
6.1938	0.809013	0.00192857
6.2271	0.809013	0.00192857
6.2604	0.809013	0.00192857
6.2937	0.809013	0.00192857
6.327	0.809013	0.00192857
6.3603	0.809013	0.00192857
6.3936	0.809013	0.00192857
6.4269	0.809013	0.00192857
6.4602	0.809013	0.00192857
6.4935	0.809013	0.00192857
6.5268	0.809013	0.00192857
6.5601	0.809013	0.00192857
6.5934	0.809013	0.00192857
6.6267	0.809013	0.00192857
6.66	0.809013	0.00192857
6.6933	0.809013	0.00192857
6.7266	0.809013	0.00192857
6.7599	0.809013	0.00192857
6.7932	0.809013	0.00192857
6.8265	0.809013	0.00192857
6.8598	0.809013	0.00192857
6.8931	0.809013	0.00192857
6.9264	0.809013	0.00192857
6.9597	0.809013	0.00192857
6.993	0.809013	0.00192857
7.0263	0.809013	0.00192857
7.0596	0.809013	0.00192857
7.0929	0.809013	0.00192857
7.1262	0.809013	0.00192857
7.1595	0.809013	0.00192857
7.1928	0.809013	0.00192857
7.2261	0.809013	0.00192857
7.2594	0.809013	0.00192857
7.2927	0.809013	0.00192857
7.326	0.809013	0.00192857
7.3593	0.809013	0.00192857
7.3926	0.809013	0.00192857
7.4259	0.809013	0.00192857
7.4592	0.809013	0.00192857
7.4925	0.809013	0.00192857
7.5258	0.809013	0.00192857
7.5591	0.809013	0.00192857
7.5924	0.809013	0.00192857
7.6257	0.809013	0.00192857
7.659	0.809013	0.00192857
7.6923	0.809013	0.00192857
7.7256	0.809013	0.00192857
7.7589	0.809013	0.00192857
7.7922	0.809013	0.00192857
7.8255	0.809013	0.00192857
7.8588	0.809013	0.00192857
7.8921	0.809013	0.00192857
7.9254	0.809013	0.00192857
7.9587	0.809013	0.00192857
7.992	0.809013	0.00192857
8.0253	0.809013	0.00192857
8.0586	0.809013	0.00192857
8.0919	0.809013	0.00192857
8.1252	0.809013	0.00192857
8.1585	0.809013	0.00192857
8.1918	0.809013	0.00192857
8.2251	0.809013	0.00192857
8.2584	0.809013	0.00192857
8.2917	0.809013	0.00192857
8.325	0.809013	0.00192857
8.3583	0.809013	0.00192857
8.3916	0.809013	0.00192857
8.4249	0.809013	0.00192857
8.4582	0.809013	0.00192857
8.4915	0.809013	0.00192857
8.5248	0.809013	0.00192857
8.5581	0.809013	0.00192857
8.5914	0.809013	0.00192857
8.6247	0.809013	0.00192857
8.658	0.809013	0.00192857
8.6913	0.809013	0.00192857
8.7246	0.809013	0.00192857
8.7579	0.809013	0.00192857
8.7912	0.809013	0.00192857
8.8245	0.809013	0.00192857
8.8578	0.809013	0.00192857
8.8911	0.809013	0.00192857
8.9244	0.809013	0.00192857
8.9577	0.809013	0.00192857
8.991	0.809013	0.00192857
9.0243	0.809013	0.00192857
9.0576	0.809013	0.00192857
9.0909	0.809013	0.00192857
9.1242	0.809013	0.00192857
9.1575	0.809013	0.00192857
9.1908	0.809013	0.00192857
9.2241	0.809013	0.00192857
9.2574	0.809013	0.00192857
9.2907	0.809013	0.00192857
9.324	0.809013	0.00192857
9.3573	0.809013	0.00192857
9.3906	0.809013	0.00192857
9.4239	0.809013	0.00192857
9.4572	0.809013	0.00192857
9.4905	0.809013	0.00192857
9.5238	0.809013	0.00192857
9.5571	0.809013	0.00192857
9.5904	0.809013	0.00192857
9.6237	0.809013	0.00192857
9.657	0.809013	0.00192857
9.6903	0.809013	0.00192857
9.7236	0.809013	0.00192857
9.7569	0.809013	0.00192857
9.7902	0.809013	0.00192857
9.8235	0.809013	0.00192857
9.8568	0.809013	0.00192857
9.8901	0.809013	0.00192857
9.9234	0.809013	0.00192857
9.9567	0.809013	0.00192857
9.99	0.809013	0.00192857
10.0233	0.809013	0.00192857
10.0566	0.809013	0.00192857
10.0899	0.809013	0.00192857
10.1232	0.809013	0.00192857
10.1565	0.809013	0.00192857
10.1898	0.809013	0.00192857
10.2231	0.809013	0.00192857
10.2564	0.809013	0.00192857
10.2897	0.809013	0.00192857
10.323	0.809013	0.00192857
10.3563	0.809013	0.00192857
10.3896	0.809013	0.00192857
10.4229	0.809013	0.00192857
10.4562	0.809013	0.00192857
10.4895	0.809013	0.00192857
10.5228	0.809013	0.00192857
10.5561	0.809013	0.00192857
10.5894	0.809013	0.00192857
10.6227	0.809013	0.00192857
10.656	0.809013	0.00192857
10.6893	0.809013	0.00192857
10.7226	0.809013	0.00192857
10.7559	0.809013	0.00192857
10.7892	0.809013	0.00192857
10.8225	0.809013	0.00192857
10.8558	0.809013	0.00192857
10.8891	0.809013	0.00192857
10.9224	0.809013	0.00192857
10.9557	0.809013	0.00192857
10.989	0.809013	0.00192857
11.0223	0.809013	0.00192857
11.0556	0.809013	0.00192857
11.0889	0.809013	0.00192857
11.1222	0.809013	0.00192857
11.1555	0.809013	0.00192857
11.1888	0.809013	0.00192857
11.2221	0.809013	0.00192857
11.2554	0.809013	0.00192857
11.2887	0.809013	0.00192857
11.322	0.809013	0.00192857
11.3553	0.809013	0.00192857
11.3886	0.809013	0.00192857
11.4219	0.809013	0.00192857
11.4552	0.809013	0.00192857
11.4885	0.809013	0.00192857
11.5218	0.809013	0.00192857
11.5551	0.809013	0.00192857
11.5884	0.809013	0.00192857
11.6217	0.809013	0.00192857
11.655	0.809013	0.00192857
11.6883	0.809013	0.00192857
11.7216	0.809013	0.00192857
11.7549	0.809013	0.00192857
11.7882	0.809013	0.00192857
11.8215	0.809013	0.00192857
11.8548	0.809013	0.00192857
11.8881	0.809013	0.00192857
11.9214	0.809013	0.00192857
11.9547	0.809013	0.00192857
11.988	0.809013	0.00192857
12.0213	0.809014	0.00192857
12.0546	0.809014	0.00192857
12.0879	0.809014	0.00192857
12.1212	0.809014	0.00192857
12.1545	0.809014	0.00192857
12.1878	0.809014	0.00192857
12.2211	0.809014	0.00192857
12.2544	0.809014	0.00192857
12.2877	0.809014	0.00192857
12.321	0.809014	0.00192857
12.3543	0.809014	0.00192857
12.3876	0.809014	0.00192857
12.4209	0.809014	0.00192857
12.4542	0.809014	0.00192857
12.4875	0.809014	0.00192857
12.5208	0.809014	0.00192857
12.5541	0.809014	0.00192857
12.5874	0.809014	0.00192857
12.6207	0.809014	0.00192857
12.654	0.809014	0.00192857
12.6873	0.809014	0.00192857
12.7206	0.809014	0.00192857
12.7539	0.809014	0.00192857
12.7872	0.809014	0.00192857
12.8205	0.809014	0.00192857
12.8538	0.809014	0.00192857
12.8871	0.809014	0.00192857
12.9204	0.809014	0.00192857
12.9537	0.809014	0.00192857
12.987	0.809014	0.00192857
13.0203	0.809014	0.00192857
13.0536	0.809014	0.00192857
13.0869	0.809014	0.00192857
13.1202	0.809014	0.00192857
13.1535	0.809014	0.00192857
13.1868	0.809014	0.00192857
13.2201	0.809014	0.00192857
13.2534	0.809015	0.00192857
13.2867	0.809015	0.00192857
13.32	0.809015	0.00192857
13.3533	0.809015	0.00192857
13.3866	0.809015	0.00192856
13.4199	0.809015	0.00192856
13.4532	0.809015	0.00192856
13.4865	0.809015	0.00192856
13.5198	0.809015	0.00192856
13.5531	0.809015	0.00192856
13.5864	0.809015	0.00192856
13.6197	0.809015	0.00192856
13.653	0.809016	0.00192856
13.6863	0.809016	0.00192856
13.7196	0.809016	0.00192856
13.7529	0.809016	0.00192856
13.7862	0.809016	0.00192856
13.8195	0.809016	0.00192856
13.8528	0.809016	0.00192855
13.8861	0.809017	0.00192855
13.9194	0.809017	0.00192855
13.9527	0.809017	0.00192855
13.986	0.809017	0.00192855
14.0193	0.809017	0.00192855
14.0526	0.809018	0.00192855
14.0859	0.809018	0.00192855
14.1192	0.809018	0.00192854
14.1525	0.809018	0.00192854
14.1858	0.809019	0.00192854
14.2191	0.809019	0.00192854
14.2524	0.809019	0.00192854
14.2857	0.80902	0.00192854
14.319	0.80902	0.00192853
14.3523	0.80902	0.00192853
14.3856	0.809021	0.00192853
14.4189	0.809021	0.00192853
14.4522	0.809022	0.00192852
14.4855	0.809022	0.00192852
14.5188	0.809022	0.00192852
14.5521	0.809023	0.00192851
14.5854	0.809024	0.00192851
14.6187	0.809024	0.00192851
14.652	0.809025	0.0019285
14.6853	0.809025	0.0019285
14.7186	0.809026	0.0019285
14.7519	0.809027	0.00192849
14.7852	0.809027	0.00192849
14.8185	0.809028	0.00192848
14.8518	0.809029	0.00192848
14.8851	0.80903	0.00192847
14.9184	0.809031	0.00192847
14.9517	0.809032	0.00192846
14.985	0.809033	0.00192845
15.0183	0.809034	0.00192845
15.0516	0.809035	0.00192844
15.0849	0.809036	0.00192843
15.1182	0.809037	0.00192842
15.1515	0.809039	0.00192842
15.1848	0.80904	0.00192841
15.2181	0.809042	0.0019284
15.2514	0.809043	0.00192839
15.2847	0.809045	0.00192838
15.318	0.809046	0.00192837
15.3513	0.809048	0.00192836
15.3846	0.80905	0.00192834
15.4179	0.809052	0.00192833
15.4512	0.809054	0.00192832
15.4845	0.809057	0.0019283
15.5178	0.809059	0.00192829
15.5511	0.809062	0.00192827
15.5844	0.809064	0.00192826
15.6177	0.809067	0.00192824
15.651	0.80907	0.00192822
15.6843	0.809073	0.0019282
15.7176	0.809076	0.00192818
15.7509	0.80908	0.00192816
15.7842	0.809084	0.00192814
15.8175	0.809087	0.00192811
15.8508	0.809092	0.00192809
15.8841	0.809096	0.00192806
15.9174	0.8091	0.00192803
15.9507	0.809105	0.001928
15.984	0.80911	0.00192797
16.0173	0.809116	0.00192794
16.0506	0.809121	0.0019279
16.0839	0.809127	0.00192787
16.1172	0.809133	0.00192783
16.1505	0.80914	0.00192779
16.1838	0.809147	0.00192774
16.2171	0.809154	0.0019277
16.2504	0.809162	0.00192765
16.2837	0.80917	0.0019276
16.317	0.809179	0.00192754
16.3503	0.809188	0.00192749
16.3836	0.809198	0.00192743
16.4169	0.809208	0.00192736
16.4502	0.809219	0.0019273
16.4835	0.80923	0.00192722
16.5168	0.809242	0.00192715
16.5501	0.809255	0.00192707
16.5834	0.809268	0.00192699
16.6167	0.809282	0.0019269
16.65	0.809297	0.00192681
16.6833	0.809313	0.00192671
16.7166	0.809329	0.00192661
16.7499	0.809346	0.0019265
16.7832	0.809365	0.00192639
16.8165	0.809384	0.00192627
16.8498	0.809405	0.00192614
16.8831	0.809426	0.00192601
16.9164	0.809449	0.00192586
16.9497	0.809473	0.00192571
16.983	0.809498	0.00192556
17.0163	0.809525	0.00192539
17.0496	0.809553	0.00192522
17.0829	0.809583	0.00192503
17.1162	0.809614	0.00192484
17.1495	0.809648	0.00192463
17.1828	0.809683	0.00192441
17.2161	0.80972	0.00192418
17.2494	0.809758	0.00192394
17.2827	0.8098	0.00192369
17.316	0.809843	0.00192342
17.3493	0.809889	0.00192313
17.3826	0.809937	0.00192283
17.4159	0.809988	0.00192252
17.4492	0.810042	0.00192219
17.4825	0.810098	0.00192183
17.5158	0.810158	0.00192146
17.5491	0.810221	0.00192107
17.5824	0.810288	0.00192066
17.6157	0.810358	0.00192022
17.649	0.810432	0.00191977
17.6823	0.81051	0.00191928
17.7156	0.810593	0.00191877
17.7489	0.81068	0.00191823
17.7822	0.810772	0.00191766
17.8155	0.810869	0.00191706
17.8488	0.810971	0.00191643
17.8821	0.811079	0.00191577
17.9154	0.811193	0.00191506
17.9487	0.811313	0.00191432
17.982	0.81144	0.00191354
18.0153	0.811574	0.00191271
18.0486	0.811715	0.00191184
18.0819	0.811864	0.00191093
18.1152	0.812021	0.00190996
18.1485	0.812187	0.00190894
18.1818	0.812362	0.00190786
18.2151	0.812547	0.00190673
18.2484	0.812742	0.00190553
18.2817	0.812947	0.00190427
18.315	0.813164	0.00190294
18.3483	0.813393	0.00190154
18.3816	0.813634	0.00190007
18.4149	0.813889	0.00189851
18.4482	0.814158	0.00189687
18.4815	0.814442	0.00189514
18.5148	0.814741	0.00189331
18.5481	0.815057	0.00189139
18.5814	0.81539	0.00188937
18.6147	0.815742	0.00188723
18.648	0.816113	0.00188499
18.6813	0.816505	0.00188262
18.7146	0.816918	0.00188012
18.7479	0.817354	0.0018775
18.7812	0.817814	0.00187473
18.8145	0.818299	0.00187181
18.8478	0.818811	0.00186874
18.8811	0.819351	0.00186551
18.9144	0.819921	0.0018621
18.9477	0.820523	0.00185852
18.981	0.821158	0.00185475
19.0143	0.821828	0.00185078
19.0476	0.822534	0.0018466
19.0809	0.82328	0.0018422
19.1142	0.824067	0.00183758
19.1475	0.824897	0.00183272
19.1808	0.825774	0.0018276
19.2141	0.826698	0.00182222
19.2474	0.827673	0.00181657
19.2807	0.828703	0.00181063
19.314	0.829789	0.00180438
19.3473	0.830935	0.00179782
19.3806	0.832144	0.00179093
19.4139	0.83342	0.00178369
19.4472	0.834766	0.00177609
19.4805	0.836187	0.00176812
19.5138	0.837686	0.00175975
19.5471	0.839268	0.00175098
19.5804	0.840937	0.00174178
19.6137	0.842698	0.00173213
19.647	0.844557	0.00172203
19.6803	0.846518	0.00171144
19.7136	0.848587	0.00170036
19.7469	0.85077	0.00168876
19.7802	0.853074	0.00167662
19.8135	0.855505	0.00166393
19.8468	0.85807	0.00165067
19.8801	0.860776	0.00163681
19.9134	0.863632	0.00162235
19.9467	0.866645	0.00160726
19.98	0.869825	0.00159152
20.0133	0.87318	0.00157512
20.0466	0.876719	0.00155803
20.0799	0.880454	0.00154025
20.1132	0.884394	0.00152176
20.1465	0.888552	0.00150254
20.1798	0.892938	0.00148259
20.2131	0.897566	0.00146189
20.2464	0.902448	0.00144043
20.2797	0.907599	0.0014182
20.313	0.913033	0.00139521
20.3463	0.918765	0.00137144
20.3796	0.924812	0.00134691
20.4129	0.93119	0.00132161
20.4462	0.937918	0.00129554
20.4795	0.945014	0.00126873
20.5128	0.952498	0.00124118
20.5461	0.960391	0.00121292
20.5794	0.968714	0.00118396
20.6127	0.97749	0.00115433
20.646	0.986743	0.00112406
20.6793	0.996498	0.0010932
20.7126	1.00678	0.00106131
20.7459	1.01765	0.0010269
20.7792	1.02919	0.000989963
20.8125	1.04147	0.000950625
20.8458	1.05457	0.000909055
20.8791	1.06857	0.00086544
20.9124	1.08358	0.000820001
20.9457	1.09967	0.000772989
20.979	1.11695	0.000724689
21.0123	1.1355	0.000675421
21.0456	1.15543	0.000625536
21.0789	1.17684	0.000575414
21.1122	1.19983	0.000525463
21.1455	1.22449	0.000476106
21.1788	1.25094	0.000427778
21.2121	1.27926	0.000380913
21.2454	1.30956	0.000335932
21.2787	1.34192	0.000293228
21.312	1.37642	0.000253157
21.3453	1.41314	0.000216019
21.3786	1.45214	0.00018205
21.4119	1.49348	0.000151411
21.4452	1.5372	0.00012418
21.4785	1.58334	0.000100354
21.5118	1.63192	7.98467e-05
21.5451	1.68296	6.24987e-05
21.5784	1.73645	4.80867e-05
21.6117	1.79241	3.63385e-05
21.645	1.85084	2.69492e-05
21.6783	1.91174	1.95978e-05
21.7116	1.97511	1.39637e-05
21.7449	2.04096	9.74034e-06
21.7782	2.10931	6.64613e-06
21.8115	2.18019	4.43228e-06
21.8448	2.25363	2.8866e-06
21.8781	2.32967	1.83434e-06
21.9114	2.40838	1.13639e-06
21.9447	2.48981	6.85723e-07
21.978	2.57405	4.02668e-07
22.0113	2.66116	2.29889e-07
22.0446	2.75124	1.27481e-07
22.0779	2.84438	6.85956e-08
22.1112	2.94069	3.5779e-08
22.1445	3.04025	1.80711e-08
22.1778	3.1432	8.8285e-09
22.2111	3.24963	4.16725e-09
22.2444	3.35966	1.8983e-09
22.2777	3.47342	8.33511e-10
22.311	3.59103	3.52327e-10
22.3443	3.71263	1.43189e-10
22.3776	3.83834	5.58764e-11
22.4109	3.96831	2.09074e-11
22.4442	4.10268	7.49045e-12
22.4775	4.2416	2.56575e-12
22.5108	4.38522	8.38992e-13
22.5441	4.53371	2.61491e-13
22.5774	4.68722	7.7554e-14
22.6107	4.84593	2.1851e-14

