# Filename: 2Dvpt_constT_0.9_lmax100_dl0.01_Op1.dat
# Source: 2Dvpt_constT.c
# Source version: 2 (2011 Jun 16 - ...)
# Constant values: PI= 3.141592653589793116, PISQ=9.8696044010893579923, PICU=31.0062766802998162063, B=124.025106721199264825
# Parameter values: lmax=100, lsteps=10000, (dl=0.01), lpts=10001, ldatamax=250, a0=1, a02=1, a04=1, K0c=0.747853
# Option values: Op=1
T/Tc	1-T/Tc	l	K	K/K0	y	G
0.9	0.1	0.4	0.823629	0.991192	0.0130393	3.43273e-05
0.9	0.1	0.8	0.819125	0.985772	0.01034	4.35813e-06
0.9	0.1	1.2	0.816305	0.982379	0.00823659	5.58317e-07
0.9	0.1	1.6	0.814521	0.980231	0.00657972	7.19333e-08
0.9	0.1	2	0.813384	0.978864	0.00526564	9.30135e-09
0.9	0.1	2.4	0.812657	0.977989	0.00421886	1.20549e-09
0.9	0.1	2.8	0.812191	0.977427	0.00338266	1.56466e-10
0.9	0.1	3.2	0.811891	0.977067	0.00271349	2.03277e-11
0.9	0.1	3.6	0.811698	0.976835	0.00217736	2.64253e-12
0.9	0.1	4	0.811574	0.976685	0.0017475	3.43656e-13
0.9	0.1	4.4	0.811494	0.976589	0.00140268	4.47029e-14
0.9	0.1	4.8	0.811443	0.976527	0.001126	5.81593e-15
0.9	0.1	5.2	0.81141	0.976487	0.000903933	7.56742e-16
0.9	0.1	5.6	0.811388	0.976461	0.00072569	9.84704e-17
0.9	0.1	6	0.811375	0.976445	0.000582606	1.28139e-17
0.9	0.1	6.4	0.811366	0.976434	0.000467741	1.66752e-18
0.9	0.1	6.8	0.81136	0.976427	0.000375525	2.17004e-19
0.9	0.1	7.2	0.811356	0.976423	0.000301492	2.82404e-20
0.9	0.1	7.6	0.811354	0.97642	0.000242055	3.67515e-21
0.9	0.1	8	0.811352	0.976418	0.000194336	4.7828e-22
0.9	0.1	8.4	0.811351	0.976417	0.000156025	6.22431e-23
0.9	0.1	8.8	0.811351	0.976416	0.000125266	8.10029e-24
0.9	0.1	9.2	0.81135	0.976416	0.000100571	1.05417e-24
0.9	0.1	9.6	0.81135	0.976415	8.07448e-05	1.3719e-25
0.9	0.1	10	0.81135	0.976415	6.48269e-05	1.78538e-26
0.9	0.1	10.4	0.81135	0.976415	5.20471e-05	2.3235e-27
0.9	0.1	10.8	0.81135	0.976415	4.17867e-05	3.0238e-28
0.9	0.1	11.2	0.81135	0.976415	3.35489e-05	3.93518e-29
0.9	0.1	11.6	0.81135	0.976415	2.69352e-05	5.12125e-30
0.9	0.1	12	0.81135	0.976415	2.16252e-05	6.66479e-31
0.9	0.1	12.4	0.81135	0.976415	1.73621e-05	8.67357e-32
0.9	0.1	12.8	0.81135	0.976415	1.39394e-05	1.12878e-32
0.9	0.1	13.2	0.81135	0.976415	1.11914e-05	1.46899e-33
0.9	0.1	13.6	0.81135	0.976415	8.98515e-06	1.91175e-34
0.9	0.1	14	0.81135	0.976415	7.21384e-06	2.48795e-35
0.9	0.1	14.4	0.81135	0.976415	5.79172e-06	3.23782e-36
0.9	0.1	14.8	0.81135	0.976415	4.64995e-06	4.2137e-37
0.9	0.1	15.2	0.81135	0.976415	3.73327e-06	5.48372e-38
0.9	0.1	15.6	0.81135	0.976415	2.99731e-06	7.13652e-39
0.9	0.1	16	0.81135	0.976415	2.40642e-06	9.28747e-40
0.9	0.1	16.4	0.81135	0.976415	1.93203e-06	1.20867e-40
0.9	0.1	16.8	0.81135	0.976415	1.55115e-06	1.57297e-41
0.9	0.1	17.2	0.81135	0.976415	1.24536e-06	2.04706e-42
0.9	0.1	17.6	0.81135	0.976415	9.99854e-07	2.66405e-43
0.9	0.1	18	0.81135	0.976415	8.02745e-07	3.46699e-44
0.9	0.1	18.4	0.81135	0.976415	6.44494e-07	4.51194e-45
0.9	0.1	18.8	0.81135	0.976415	5.1744e-07	5.87185e-46
0.9	0.1	19.2	0.81135	0.976415	4.15433e-07	7.64163e-47
0.9	0.1	19.6	0.81135	0.976415	3.33536e-07	9.94482e-48
0.9	0.1	20	0.81135	0.976415	2.67783e-07	1.29422e-48
0.9	0.1	20.4	0.81135	0.976415	2.14993e-07	1.6843e-49
0.9	0.1	20.8	0.81135	0.976415	1.7261e-07	2.19195e-50
0.9	0.1	21.2	0.81135	0.976415	1.38582e-07	2.8526e-51
0.9	0.1	21.6	0.81135	0.976415	1.11262e-07	3.71238e-52
0.9	0.1	22	0.81135	0.976415	8.93283e-08	4.83129e-53
0.9	0.1	22.4	0.81135	0.976415	7.17183e-08	6.28745e-54
0.9	0.1	22.8	0.81135	0.976415	5.75799e-08	8.18249e-55
0.9	0.1	23.2	0.81135	0.976415	4.62288e-08	1.06487e-55
0.9	0.1	23.6	0.81135	0.976415	3.71153e-08	1.38582e-56
0.9	0.1	24	0.81135	0.976415	2.97985e-08	1.80351e-57
0.9	0.1	24.4	0.81135	0.976415	2.39241e-08	2.34709e-58
0.9	0.1	24.8	0.81135	0.976415	1.92078e-08	3.05451e-59
0.9	0.1	25.2	0.81135	0.976415	1.54212e-08	3.97514e-60
0.9	0.1	25.6	0.81135	0.976415	1.23811e-08	5.17325e-61
0.9	0.1	26	0.81135	0.976415	9.94032e-09	6.73247e-62
0.9	0.1	26.4	0.81135	0.976415	7.98071e-09	8.76164e-63
0.9	0.1	26.8	0.81135	0.976415	6.40741e-09	1.14024e-63
0.9	0.1	27.2	0.81135	0.976415	5.14427e-09	1.48391e-64
0.9	0.1	27.6	0.81135	0.976415	4.13014e-09	1.93116e-65
0.9	0.1	28	0.81135	0.976415	3.31593e-09	2.51322e-66
0.9	0.1	28.4	0.81135	0.976415	2.66224e-09	3.2707e-67
0.9	0.1	28.8	0.81135	0.976415	2.13741e-09	4.25649e-68
0.9	0.1	29.2	0.81135	0.976415	1.71605e-09	5.5394e-69
0.9	0.1	29.6	0.81135	0.976415	1.37775e-09	7.20898e-70
0.9	0.1	30	0.81135	0.976415	1.10614e-09	9.38178e-71
0.9	0.1	30.4	0.81135	0.976415	8.88081e-10	1.22095e-71
0.9	0.1	30.8	0.81135	0.976415	7.13007e-10	1.58894e-72
0.9	0.1	31.2	0.81135	0.976415	5.72446e-10	2.06785e-73
0.9	0.1	31.6	0.81135	0.976415	4.59596e-10	2.6911e-74
0.9	0.1	32	0.81135	0.976415	3.68992e-10	3.5022e-75
0.9	0.1	32.4	0.81135	0.976415	2.9625e-10	4.55776e-76
0.9	0.1	32.8	0.81135	0.976415	2.37848e-10	5.93147e-77
0.9	0.1	33.2	0.81135	0.976415	1.90959e-10	7.71922e-78
0.9	0.1	33.6	0.81135	0.976415	1.53314e-10	1.00458e-78
0.9	0.1	34	0.81135	0.976415	1.2309e-10	1.30736e-79
0.9	0.1	34.4	0.81135	0.976415	9.88243e-11	1.7014e-80
0.9	0.1	34.8	0.81135	0.976415	7.93423e-11	2.21421e-81
0.9	0.1	35.2	0.81135	0.976415	6.3701e-11	2.88157e-82
0.9	0.1	35.6	0.81135	0.976415	5.11431e-11	3.75008e-83
0.9	0.1	36	0.81135	0.976415	4.10609e-11	4.88035e-84
0.9	0.1	36.4	0.81135	0.976415	3.29662e-11	6.3513e-85
0.9	0.1	36.8	0.81135	0.976415	2.64674e-11	8.26558e-86
0.9	0.1	37.2	0.81135	0.976415	2.12496e-11	1.07568e-86
0.9	0.1	37.6	0.81135	0.976415	1.70605e-11	1.3999e-87
0.9	0.1	38	0.81135	0.976415	1.36973e-11	1.82182e-88
0.9	0.1	38.4	0.81135	0.976415	1.0997e-11	2.37092e-89
0.9	0.1	38.8	0.81135	0.976415	8.82909e-12	3.08552e-90
0.9	0.1	39.2	0.81135	0.976415	7.08855e-12	4.0155e-91
0.9	0.1	39.6	0.81135	0.976415	5.69113e-12	5.22578e-92
0.9	0.1	40	0.81135	0.976415	4.56919e-12	6.80083e-93
0.9	0.1	40.4	0.81135	0.976415	3.66843e-12	8.85061e-94
0.9	0.1	40.8	0.81135	0.976415	2.94525e-12	1.15182e-94
0.9	0.1	41.2	0.81135	0.976415	2.36463e-12	1.49898e-95
0.9	0.1	41.6	0.81135	0.976415	1.89847e-12	1.95077e-96
0.9	0.1	42	0.81135	0.976415	1.52421e-12	2.53874e-97
0.9	0.1	42.4	0.81135	0.976415	1.22373e-12	3.30391e-98
0.9	0.1	42.8	0.81135	0.976415	9.82488e-13	4.29971e-99
0.9	0.1	43.2	0.81135	0.976415	7.88803e-13	5.59565e-100
0.9	0.1	43.6	0.81135	0.976415	6.333e-13	7.28219e-101
0.9	0.1	44	0.81135	0.976415	5.08453e-13	9.47704e-102
0.9	0.1	44.4	0.81135	0.976415	4.08218e-13	1.23334e-102
0.9	0.1	44.8	0.81135	0.976415	3.27743e-13	1.60507e-103
0.9	0.1	45.2	0.81135	0.976415	2.63132e-13	2.08884e-104
0.9	0.1	45.6	0.81135	0.976415	2.11259e-13	2.71842e-105
0.9	0.1	46	0.81135	0.976415	1.69612e-13	3.53776e-106
0.9	0.1	46.4	0.81135	0.976415	1.36175e-13	4.60404e-107
0.9	0.1	46.8	0.81135	0.976415	1.0933e-13	5.9917e-108
0.9	0.1	47.2	0.81135	0.976415	8.77768e-14	7.79761e-109
0.9	0.1	47.6	0.81135	0.976415	7.04727e-14	1.01478e-109
0.9	0.1	48	0.81135	0.976415	5.65799e-14	1.32064e-110
0.9	0.1	48.4	0.81135	0.976415	4.54259e-14	1.71868e-111
0.9	0.1	48.8	0.81135	0.976415	3.64707e-14	2.23669e-112
0.9	0.1	49.2	0.81135	0.976415	2.9281e-14	2.91083e-113
0.9	0.1	49.6	0.81135	0.976415	2.35086e-14	3.78816e-114
0.9	0.1	50	0.81135	0.976415	1.88742e-14	4.92991e-115
0.9	0.1	50.4	0.81135	0.976415	1.51534e-14	6.41579e-116
0.9	0.1	50.8	0.81135	0.976415	1.21661e-14	8.34951e-117
0.9	0.1	51.2	0.81135	0.976415	9.76767e-15	1.08661e-117
0.9	0.1	51.6	0.81135	0.976415	7.8421e-15	1.41411e-118
0.9	0.1	52	0.81135	0.976415	6.29612e-15	1.84032e-119
0.9	0.1	52.4	0.81135	0.976415	5.05492e-15	2.395e-120
0.9	0.1	52.8	0.81135	0.976415	4.05841e-15	3.11685e-121
0.9	0.1	53.2	0.81135	0.976415	3.25834e-15	4.05628e-122
0.9	0.1	53.6	0.81135	0.976415	2.616e-15	5.27884e-123
0.9	0.1	54	0.81135	0.976415	2.10029e-15	6.86989e-124
0.9	0.1	54.4	0.81135	0.976415	1.68624e-15	8.94048e-125
0.9	0.1	54.8	0.81135	0.976415	1.35382e-15	1.16351e-125
0.9	0.1	55.2	0.81135	0.976415	1.08693e-15	1.5142e-126
0.9	0.1	55.6	0.81135	0.976415	8.72657e-16	1.97058e-127
0.9	0.1	56	0.81135	0.976415	7.00623e-16	2.56451e-128
0.9	0.1	56.4	0.81135	0.976415	5.62504e-16	3.33746e-129
0.9	0.1	56.8	0.81135	0.976415	4.51613e-16	4.34338e-130
0.9	0.1	57.2	0.81135	0.976415	3.62583e-16	5.65247e-131
0.9	0.1	57.6	0.81135	0.976415	2.91105e-16	7.35613e-132
0.9	0.1	58	0.81135	0.976415	2.33717e-16	9.57328e-133
0.9	0.1	58.4	0.81135	0.976415	1.87643e-16	1.24587e-133
0.9	0.1	58.8	0.81135	0.976415	1.50651e-16	1.62137e-134
0.9	0.1	59.2	0.81135	0.976415	1.20952e-16	2.11006e-135
0.9	0.1	59.6	0.81135	0.976415	9.71079e-17	2.74603e-136
0.9	0.1	60	0.81135	0.976415	7.79643e-17	3.57368e-137
0.9	0.1	60.4	0.81135	0.976415	6.25946e-17	4.65079e-138
0.9	0.1	60.8	0.81135	0.976415	5.02549e-17	6.05255e-139
0.9	0.1	61.2	0.81135	0.976415	4.03477e-17	7.87679e-140
0.9	0.1	61.6	0.81135	0.976415	3.23937e-17	1.02509e-140
0.9	0.1	62	0.81135	0.976415	2.60077e-17	1.33405e-141
0.9	0.1	62.4	0.81135	0.976415	2.08806e-17	1.73613e-142
0.9	0.1	62.8	0.81135	0.976415	1.67642e-17	2.2594e-143
0.9	0.1	63.2	0.81135	0.976415	1.34594e-17	2.94039e-144
0.9	0.1	63.6	0.81135	0.976415	1.0806e-17	3.82662e-145
0.9	0.1	64	0.81135	0.976415	8.67575e-18	4.97997e-146
0.9	0.1	64.4	0.81135	0.976415	6.96543e-18	6.48094e-147
0.9	0.1	64.8	0.81135	0.976415	5.59229e-18	8.4343e-148
0.9	0.1	65.2	0.81135	0.976415	4.48984e-18	1.09764e-148
0.9	0.1	65.6	0.81135	0.976415	3.60472e-18	1.42847e-149
0.9	0.1	66	0.81135	0.976415	2.89409e-18	1.85901e-150
0.9	0.1	66.4	0.81135	0.976415	2.32356e-18	2.41932e-151
0.9	0.1	66.8	0.81135	0.976415	1.8655e-18	3.1485e-152
0.9	0.1	67.2	0.81135	0.976415	1.49774e-18	4.09747e-153
0.9	0.1	67.6	0.81135	0.976415	1.20248e-18	5.33245e-154
0.9	0.1	68	0.81135	0.976415	9.65424e-19	6.93965e-155
0.9	0.1	68.4	0.81135	0.976415	7.75103e-19	9.03127e-156
0.9	0.1	68.8	0.81135	0.976415	6.22301e-19	1.17533e-156
0.9	0.1	69.2	0.81135	0.976415	4.99622e-19	1.52957e-157
0.9	0.1	69.6	0.81135	0.976415	4.01128e-19	1.99059e-158
0.9	0.1	70	0.81135	0.976415	3.2205e-19	2.59056e-159
0.9	0.1	70.4	0.81135	0.976415	2.58562e-19	3.37135e-160
0.9	0.1	70.8	0.81135	0.976415	2.0759e-19	4.38748e-161
0.9	0.1	71.2	0.81135	0.976415	1.66666e-19	5.70987e-162
0.9	0.1	71.6	0.81135	0.976415	1.3381e-19	7.43083e-163
0.9	0.1	72	0.81135	0.976415	1.07431e-19	9.67049e-164
0.9	0.1	72.4	0.81135	0.976415	8.62523e-20	1.25852e-164
0.9	0.1	72.8	0.81135	0.976415	6.92487e-20	1.63784e-165
0.9	0.1	73.2	0.81135	0.976415	5.55972e-20	2.13148e-166
0.9	0.1	73.6	0.81135	0.976415	4.46369e-20	2.77391e-167
0.9	0.1	74	0.81135	0.976415	3.58373e-20	3.60997e-168
0.9	0.1	74.4	0.81135	0.976415	2.87724e-20	4.69802e-169
0.9	0.1	74.8	0.81135	0.976415	2.31003e-20	6.11401e-170
0.9	0.1	75.2	0.81135	0.976415	1.85464e-20	7.95677e-171
0.9	0.1	75.6	0.81135	0.976415	1.48902e-20	1.0355e-171
0.9	0.1	76	0.81135	0.976415	1.19548e-20	1.34759e-172
0.9	0.1	76.4	0.81135	0.976415	9.59803e-21	1.75376e-173
0.9	0.1	76.8	0.81135	0.976415	7.70589e-21	2.28234e-174
0.9	0.1	77.2	0.81135	0.976415	6.18677e-21	2.97025e-175
0.9	0.1	77.6	0.81135	0.976415	4.96713e-21	3.86548e-176
0.9	0.1	78	0.81135	0.976415	3.98792e-21	5.03054e-177
0.9	0.1	78.4	0.81135	0.976415	3.20175e-21	6.54675e-178
0.9	0.1	78.8	0.81135	0.976415	2.57057e-21	8.51994e-179
0.9	0.1	79.2	0.81135	0.976415	2.06381e-21	1.10879e-179
0.9	0.1	79.6	0.81135	0.976415	1.65696e-21	1.44298e-180
0.9	0.1	80	0.81135	0.976415	1.33031e-21	1.87789e-181
0.9	0.1	80.4	0.81135	0.976415	1.06805e-21	2.44389e-182
0.9	0.1	80.8	0.81135	0.976415	8.575e-22	3.18048e-183
0.9	0.1	81.2	0.81135	0.976415	6.88455e-22	4.13907e-184
0.9	0.1	81.6	0.81135	0.976415	5.52734e-22	5.38659e-185
0.9	0.1	82	0.81135	0.976415	4.4377e-22	7.01012e-186
0.9	0.1	82.4	0.81135	0.976415	3.56286e-22	9.12297e-187
0.9	0.1	82.8	0.81135	0.976415	2.86049e-22	1.18726e-187
0.9	0.1	83.2	0.81135	0.976415	2.29658e-22	1.54511e-188
0.9	0.1	83.6	0.81135	0.976415	1.84384e-22	2.0108e-189
0.9	0.1	84	0.81135	0.976415	1.48035e-22	2.61686e-190
0.9	0.1	84.4	0.81135	0.976415	1.18851e-22	3.40559e-191
0.9	0.1	84.8	0.81135	0.976415	9.54213e-23	4.43203e-192
0.9	0.1	85.2	0.81135	0.976415	7.66102e-23	5.76785e-193
0.9	0.1	85.6	0.81135	0.976415	6.15075e-23	7.50628e-194
0.9	0.1	86	0.81135	0.976415	4.9382e-23	9.76868e-195
0.9	0.1	86.4	0.81135	0.976415	3.9647e-23	1.2713e-195
0.9	0.1	86.8	0.81135	0.976415	3.18311e-23	1.65447e-196
0.9	0.1	87.2	0.81135	0.976415	2.5556e-23	2.15313e-197
0.9	0.1	87.6	0.81135	0.976415	2.05179e-23	2.80208e-198
0.9	0.1	88	0.81135	0.976415	1.64731e-23	3.64663e-199
0.9	0.1	88.4	0.81135	0.976415	1.32256e-23	4.74572e-200
0.9	0.1	88.8	0.81135	0.976415	1.06183e-23	6.17609e-201
0.9	0.1	89.2	0.81135	0.976415	8.52507e-24	8.03757e-202
0.9	0.1	89.6	0.81135	0.976415	6.84446e-24	1.04601e-202
0.9	0.1	90	0.81135	0.976415	5.49516e-24	1.36128e-203
0.9	0.1	90.4	0.81135	0.976415	4.41186e-24	1.77157e-204
0.9	0.1	90.8	0.81135	0.976415	3.54211e-24	2.30552e-205
0.9	0.1	91.2	0.81135	0.976415	2.84383e-24	3.00041e-206
0.9	0.1	91.6	0.81135	0.976415	2.2832e-24	3.90473e-207
0.9	0.1	92	0.81135	0.976415	1.8331e-24	5.08162e-208
0.9	0.1	92.4	0.81135	0.976415	1.47173e-24	6.61323e-209
0.9	0.1	92.8	0.81135	0.976415	1.18159e-24	8.60646e-210
0.9	0.1	93.2	0.81135	0.976415	9.48657e-25	1.12005e-210
0.9	0.1	93.6	0.81135	0.976415	7.61641e-25	1.45763e-211
0.9	0.1	94	0.81135	0.976415	6.11493e-25	1.89696e-212
0.9	0.1	94.4	0.81135	0.976415	4.90945e-25	2.4687e-213
0.9	0.1	94.8	0.81135	0.976415	3.94161e-25	3.21277e-214
0.9	0.1	95.2	0.81135	0.976415	3.16457e-25	4.1811e-215
0.9	0.1	95.6	0.81135	0.976415	2.54071e-25	5.44129e-216
0.9	0.1	96	0.81135	0.976415	2.03984e-25	7.0813e-217
0.9	0.1	96.4	0.81135	0.976415	1.63771e-25	9.21561e-218
0.9	0.1	96.8	0.81135	0.976415	1.31486e-25	1.19932e-218
0.9	0.1	97.2	0.81135	0.976415	1.05565e-25	1.5608e-219
0.9	0.1	97.6	0.81135	0.976415	8.47543e-26	2.03122e-220
0.9	0.1	98	0.81135	0.976415	6.8046e-26	2.64343e-221
0.9	0.1	98.4	0.81135	0.976415	5.46316e-26	3.44017e-222
0.9	0.1	98.8	0.81135	0.976415	4.38616e-26	4.47704e-223
0.9	0.1	99.2	0.81135	0.976415	3.52149e-26	5.82642e-224
0.9	0.1	99.6	0.81135	0.976415	2.82727e-26	7.58251e-225
0.9	0.1	100	0.81135	0.976415	2.26991e-26	9.86788e-226
