# Filename: 3Dvlt_macro_Tv_Cc1.05_lmax100_dl0.001_Op2.dat
# Source: 3Dvlt_macro.c
# Source version: 9 (2011 Aug 17 - ...)
# Constant values: PI= 3.141592653589793116, PISQ=9.8696044010893579923, PICU=31.0062766802998162063, B=0.00204013123190187588979, THETA=0.6918
# Parameter values: N=3, Cc=1.05, K0c=0.107947, lmax=100, lsteps=100000, (dl=0.001), lpts=100001, ldatamax=10, a0=1, a03=1, a06=1
# Option values: Op=2
T/Tc	1-T/Tc	l	K	K/K0	Kr/K0	G	e
1	1e-08	100	4.97994e+37	4.61331e+38	1.71619e-05	0	-12.7162
1	1.25893e-08	100	5.81253e+37	5.3846e+38	2.00311e-05	0	-12.7162
1	1.58489e-08	100	6.78441e+37	6.28493e+38	2.33804e-05	0	-12.7162
1	1.99526e-08	100	7.91888e+37	7.33587e+38	2.729e-05	0	-12.7162
1	2.51189e-08	100	9.24313e+37	8.56263e+38	3.18536e-05	0	-12.7162
1	3.16228e-08	100	1.07889e+38	9.99459e+38	3.71807e-05	0	-12.7162
1	3.98107e-08	100	1.25932e+38	1.16661e+39	4.33988e-05	0	-12.7162
1	5.01187e-08	100	1.46994e+38	1.36172e+39	5.06571e-05	0	-12.7162
1	6.30957e-08	100	1.71579e+38	1.58947e+39	5.91295e-05	0	-12.7162
1	7.94328e-08	100	2.00276e+38	1.85531e+39	6.90191e-05	0	-12.7162
1	1e-07	100	2.33773e+38	2.16562e+39	8.05629e-05	0	-12.7162
1	1.25893e-07	100	2.72874e+38	2.52784e+39	9.40377e-05	0	-12.7162
1	1.58489e-07	100	3.18515e+38	2.95065e+39	0.000109766	0	-12.7162
1	1.99526e-07	100	3.7179e+38	3.44417e+39	0.000128126	0	-12.7162
1	2.51189e-07	100	4.33976e+38	4.02025e+39	0.000149556	0	-12.7162
1	3.16228e-07	100	5.06564e+38	4.69269e+39	0.000174572	0	-12.7162
1	3.98107e-07	100	5.91293e+38	5.4776e+39	0.000203771	0	-12.7161
0.999999	5.01187e-07	100	6.90195e+38	6.39381e+39	0.000237854	0	-12.7161
0.999999	6.30957e-07	100	8.05639e+38	7.46326e+39	0.000277639	0	-12.7161
0.999999	7.94328e-07	100	9.40394e+38	8.71159e+39	0.000324078	0	-12.7161
0.999999	1e-06	100	1.09769e+39	1.01687e+40	0.000378285	0	-12.7161
0.999999	1.25893e-06	100	1.28129e+39	1.18696e+40	0.000441558	0	-12.7161
0.999998	1.58489e-06	100	1.49561e+39	1.3855e+40	0.000515415	0	-12.7161
0.999998	1.99526e-06	100	1.74577e+39	1.61724e+40	0.000601626	0	-12.716
0.999997	2.51189e-06	100	2.03778e+39	1.88775e+40	0.000702257	0	-12.716
0.999997	3.16228e-06	100	2.37863e+39	2.2035e+40	0.00081972	0	-12.7159
0.999996	3.98107e-06	100	2.77649e+39	2.57207e+40	0.00095683	0	-12.7159
0.999995	5.01187e-06	100	3.24091e+39	3.00229e+40	0.00111687	0	-12.7158
0.999994	6.30957e-06	100	3.783e+39	3.50447e+40	0.00130369	0	-12.7157
0.999992	7.94328e-06	100	4.41577e+39	4.09064e+40	0.00152175	0	-12.7156
0.99999	1e-05	100	5.15438e+39	4.77486e+40	0.00177628	0	-12.7154
0.999987	1.25893e-05	100	6.01654e+39	5.57352e+40	0.00207339	0	-12.7153
0.999984	1.58489e-05	100	7.02291e+39	6.50577e+40	0.00242019	0	-12.715
0.99998	1.99526e-05	100	8.19762e+39	7.59394e+40	0.002825	0	-12.7147
0.999975	2.51189e-05	100	9.56883e+39	8.86413e+40	0.00329752	0	-12.7144
0.999968	3.16228e-05	100	1.11694e+40	1.03468e+41	0.00384907	0	-12.7139
0.99996	3.98107e-05	100	1.30377e+40	1.20774e+41	0.00449287	0	-12.7133
0.99995	5.01187e-05	100	1.52186e+40	1.40974e+41	0.00524435	0	-12.7125
0.999937	6.30957e-05	100	1.77642e+40	1.64553e+41	0.00612151	0	-12.7116
0.999921	7.94328e-05	100	2.07358e+40	1.92076e+41	0.00714538	0	-12.7104
0.9999	0.0001	100	2.42044e+40	2.24202e+41	0.00834047	0	-12.7089
0.999874	0.000125893	100	2.82533e+40	2.617e+41	0.00973543	0	-12.707
0.999842	0.000158489	100	3.29797e+40	3.05468e+41	0.0113636	0	-12.7047
0.9998	0.000199526	100	3.84969e+40	3.56555e+41	0.0132641	0	-12.7017
0.999749	0.000251189	100	4.49372e+40	4.16183e+41	0.0154823	0	-12.698
0.999684	0.000316228	100	5.24552e+40	4.8578e+41	0.0180714	0	-12.6933
0.999602	0.000398107	100	6.12314e+40	5.67008e+41	0.0210931	0	-12.6874
0.999499	0.000501187	100	7.14765e+40	6.6181e+41	0.0246198	0	-12.68
0.999369	0.000630957	100	8.34364e+40	7.72448e+41	0.0287357	0	-12.6706
0.999206	0.000794328	100	9.73983e+40	9.01559e+41	0.0335387	0	-12.6589
0.999	0.001	100	1.13697e+41	1.05221e+42	0.0391432	0	-12.6442
0.998741	0.00125893	100	1.32725e+41	1.22799e+42	0.0456821	0	-12.6257
0.998415	0.00158489	100	1.54938e+41	1.43303e+42	0.0533099	0	-12.6025
0.998005	0.00199526	100	1.80867e+41	1.67217e+42	0.0622059	0	-12.5734
0.997488	0.00251189	100	2.11133e+41	1.95097e+42	0.0725776	0	-12.5371
0.996838	0.00316228	100	2.46454e+41	2.27587e+42	0.0846642	0	-12.4915
0.996019	0.00398107	100	2.87665e+41	2.65425e+42	0.0987403	0	-12.4346
0.994988	0.00501187	100	3.35728e+41	3.09452e+42	0.115118	0	-12.3637
0.99369	0.00630957	100	3.91744e+41	3.60613e+42	0.134151	0	-12.2753
0.992057	0.00794328	100	4.56965e+41	4.1996e+42	0.156228	0	-12.1654
