T/Tc	1-T/Tc	l	a	K	y	Kr	Kr/K0	a0/Kr
2	-1	0.2	3.09015	0.292221	0.191272	0.292221	0.781494	8.65782
2	-1	0.4	3.77432	0.218443	0.243145	0.218443	0.584187	11.582
2	-1	0.6	4.60996	0.152942	0.322943	0.152942	0.409015	16.5423
2	-1	0.8	5.63062	0.0985379	0.445474	0.0985379	0.263522	25.6754
2	-1	1	6.87725	0.0579373	0.63317	0.0579373	0.154943	43.6679
2	-1	1.2	8.3999	0.0312586	0.919101	0.0312586	0.0835956	80.9377
2	-1	1.4	10.2597	0.0157413	1.35169	0.0157413	0.0420973	160.724
2	-1	1.6	12.5312	0.00755584	2.00237	0.00755584	0.0202068	334.84
2	-1	1.8	15.3056	0.00352025	2.97726	0.00352025	0.00941427	718.7
2	-1	2	18.6943	0.00161225	4.43473	0.00161225	0.00431168	1569.23
2	-1	2.2	22.8333	0.000731572	6.61121	0.000731572	0.00195646	3458.31
2	-1	2.4	27.8886	0.000330345	9.85963	0.000330345	0.000883449	7658.66
2	-1	2.6	34.0633	0.000148799	14.7067	0.000148799	0.000397936	17002.8
2	-1	2.8	41.605	6.69404e-05	21.9385	6.69404e-05	0.00017902	37794.8
2	-1	3	50.8164	3.0096e-05	32.7274	3.0096e-05	8.04865e-05	84064.3
2	-1	3.2	62.0673	1.35269e-05	48.8229	1.35269e-05	3.61752e-05	187035
2	-1	3.4	75.8092	6.07886e-06	72.8348	6.07886e-06	1.62568e-05	416197
2	-1	3.6	92.5935	2.73159e-06	108.656	2.73159e-06	7.30515e-06	926201
2	-1	3.8	113.094	1.22742e-06	162.096	1.22742e-06	3.28252e-06	2.06123e+06
2	-1	4	138.133	5.51524e-07	241.819	5.51524e-07	1.47495e-06	4.58729e+06
2	-1	4.2	168.716	2.47817e-07	360.751	2.47817e-07	6.62744e-07	1.02091e+07
2	-1	4.4	206.071	1.11352e-07	538.178	1.11352e-07	2.97791e-07	2.27208e+07
2	-1	4.6	251.695	5.00337e-08	802.867	5.00337e-08	1.33806e-07	5.05659e+07
2	-1	4.8	307.421	2.24816e-08	1197.74	2.24816e-08	6.01231e-08	1.12536e+08
2	-1	5	375.485	1.01016e-08	1786.81	1.01016e-08	2.70151e-08	2.50454e+08
2	-1	5.2	458.619	4.53896e-09	2665.61	4.53896e-09	1.21387e-08	5.57396e+08
2	-1	5.4	560.158	2.03949e-09	3976.62	2.03949e-09	5.45425e-09	1.24051e+09
2	-1	5.6	684.179	9.16401e-10	5932.43	9.16401e-10	2.45075e-09	2.7608e+09
2	-1	5.8	835.658	4.11765e-10	8850.14	4.11765e-10	1.10119e-09	6.14427e+09
2	-1	6	1020.67	1.85018e-10	13202.9	1.85018e-10	4.94798e-10	1.36743e+10
2	-1	6.2	1246.66	8.3134e-11	19696.4	8.3134e-11	2.22327e-10	3.04328e+10
2	-1	6.4	1522.67	3.73545e-11	29383.5	3.73545e-11	9.9898e-11	6.77294e+10
2	-1	6.6	1859.79	1.67845e-11	43835	1.67845e-11	4.48871e-11	1.50735e+11
2	-1	6.8	2271.55	7.54175e-12	65394.2	7.54175e-12	2.01691e-11	3.35466e+11
2	-1	7	2774.48	3.38873e-12	97556.7	3.38873e-12	9.06255e-12	7.46593e+11
2	-1	7.2	3388.76	1.52265e-12	145537	1.52265e-12	4.07206e-12	1.66157e+12
2	-1	7.4	4139.04	6.84172e-13	217116	6.84172e-13	1.8297e-12	3.6979e+12
2	-1	7.6	5055.44	3.07418e-13	323900	3.07418e-13	8.22136e-13	8.22983e+12
2	-1	7.8	6174.72	1.38132e-13	483201	1.38132e-13	3.69409e-13	1.83158e+13
2	-1	8	7541.82	6.20667e-14	720852	6.20667e-14	1.65986e-13	4.07626e+13
2	-1	8.2	9211.6	2.78884e-14	1.07538e+06	2.78884e-14	7.45825e-14	9.07189e+13
2	-1	8.4	11251.1	1.2531e-14	1.60428e+06	1.2531e-14	3.35121e-14	2.01899e+14
2	-1	8.6	13742.1	5.63056e-15	2.39331e+06	5.63056e-15	1.50579e-14	4.49333e+14
2	-1	8.8	16784.6	2.52997e-15	3.5704e+06	2.52997e-15	6.76597e-15	1.00001e+15
2	-1	9	20500.8	1.13679e-15	5.32641e+06	1.13679e-15	3.04015e-15	2.22556e+15
2	-1	9.2	25039.7	5.10793e-16	7.94608e+06	5.10793e-16	1.36603e-15	4.95308e+15
2	-1	9.4	30583.6	2.29514e-16	1.18542e+07	2.29514e-16	6.13795e-16	1.10233e+16
2	-1	9.6	37354.9	1.03127e-16	1.76843e+07	1.03127e-16	2.75796e-16	2.45328e+16
2	-1	9.8	45625.4	4.63381e-17	2.63819e+07	4.63381e-17	1.23923e-16	5.45987e+16
2	-1	10	55727	2.08211e-17	3.93572e+07	2.08211e-17	5.56822e-17	1.21512e+17
2	-1	10.2001	68071.9	9.35176e-18	5.87257e+07	9.35176e-18	2.50096e-17	2.70537e+17
2	-1	10.4001	83143.2	4.20202e-18	8.76085e+07	4.20202e-18	1.12375e-17	6.02092e+17
2	-1	10.6001	101551	1.88809e-18	1.30697e+08	1.88809e-18	5.04936e-18	1.33998e+18
2	-1	10.8001	124035	8.48373e-19	1.94976e+08	8.48373e-19	2.26882e-18	2.98218e+18
2	-1	11.0001	151497	3.81198e-19	2.90871e+08	3.81198e-19	1.01945e-18	6.63696e+18
2	-1	11.2001	185039	1.71283e-19	4.33928e+08	1.71283e-19	4.58067e-19	1.47708e+19
2	-1	11.4001	226007	7.69626e-20	6.47344e+08	7.69626e-20	2.05823e-19	3.28731e+19
2	-1	11.6001	276045	3.45815e-20	9.65724e+08	3.45815e-20	9.24822e-20	7.31604e+19
2	-1	11.8001	337162	1.55385e-20	1.44069e+09	1.55385e-20	4.15549e-20	1.62822e+20
2	-1	12.0001	411811	6.98189e-21	2.14926e+09	6.98189e-21	1.86718e-20	3.62366e+20
2	-1	12.2001	502987	3.13717e-21	3.20632e+09	3.13717e-21	8.38979e-21	8.0646e+20
2	-1	12.4001	614350	1.40962e-21	4.78326e+09	1.40962e-21	3.76978e-21	1.79481e+21
2	-1	12.6001	750368	6.33383e-22	7.13579e+09	6.33383e-22	1.69387e-21	3.99442e+21
2	-1	12.8001	916502	2.84597e-22	1.06453e+10	2.84597e-22	7.61105e-22	8.88975e+21
2	-1	13.0001	1.11942e+06	1.27878e-22	1.5881e+10	1.27878e-22	3.41986e-22	1.97845e+22
2	-1	13.2001	1.36726e+06	5.74592e-23	2.36917e+10	5.74592e-23	1.53664e-22	4.40312e+22
2	-1	13.4001	1.66998e+06	2.58181e-23	3.53438e+10	2.58181e-23	6.90459e-23	9.79933e+22
2	-1	13.6001	2.03971e+06	1.16008e-23	5.27267e+10	1.16008e-23	3.10243e-23	2.18088e+23
2	-1	13.8001	2.49131e+06	5.21258e-24	7.86591e+10	5.21258e-24	1.39401e-23	4.85364e+23
2	-1	14.0001	3.04289e+06	2.34216e-24	1.17346e+11	2.34216e-24	6.2637e-24	1.0802e+24
2	-1	14.2001	3.7166e+06	1.0524e-24	1.75059e+11	1.0524e-24	2.81446e-24	2.40402e+24
2	-1	14.4001	4.53946e+06	4.72875e-25	2.61157e+11	4.72875e-25	1.26462e-24	5.35025e+24
2	-1	14.6001	5.54451e+06	2.12476e-25	3.89601e+11	2.12476e-25	5.6823e-25	1.19072e+25
2	-1	14.8001	6.77208e+06	9.54717e-26	5.81216e+11	9.54717e-26	2.55322e-25	2.65e+25
2	-1	15.0001	8.27144e+06	4.28982e-26	8.67073e+11	4.28982e-26	1.14724e-25	5.89768e+25
2	-1	15.2001	1.01028e+07	1.92754e-26	1.29352e+12	1.92754e-26	5.15487e-26	1.31255e+26
2	-1	15.4001	1.23395e+07	8.661e-27	1.92971e+12	8.661e-27	2.31623e-26	2.92114e+26
2	-1	15.6001	1.50715e+07	3.89164e-27	2.87878e+12	3.89164e-27	1.04075e-26	6.50112e+26
2	-1	15.8001	1.84084e+07	1.74863e-27	4.29464e+12	1.74863e-27	4.67639e-27	1.44685e+27
2	-1	16.0001	2.24841e+07	7.85708e-28	6.40685e+12	7.85708e-28	2.10124e-27	3.22002e+27
2	-1	16.2001	2.74622e+07	3.53042e-28	9.5579e+12	3.53042e-28	9.44147e-28	7.1663e+27
2	-1	16.4001	3.35423e+07	1.58632e-28	1.42587e+13	1.58632e-28	4.24233e-28	1.59489e+28
2	-1	16.6001	4.09687e+07	7.12779e-29	2.12715e+13	7.12779e-29	1.9062e-28	3.54949e+28
2	-1	16.8001	5.00393e+07	3.20272e-29	3.17333e+13	3.20272e-29	8.56511e-29	7.89953e+28
2	-1	17.0001	6.11181e+07	1.43908e-29	4.73406e+13	1.43908e-29	3.84855e-29	1.75807e+29
2	-1	17.2001	7.46499e+07	6.46618e-30	7.06238e+13	6.46618e-30	1.72927e-29	3.91266e+29
2	-1	17.4001	9.11776e+07	2.90544e-30	1.05358e+14	2.90544e-30	7.77009e-30	8.7078e+29
2	-1	17.6001	1.11365e+08	1.3055e-30	1.57176e+14	1.3055e-30	3.49133e-30	1.93796e+30
2	-1	17.8001	1.36021e+08	5.86599e-31	2.34479e+14	5.86599e-31	1.56875e-30	4.313e+30
2	-1	18.0001	1.66136e+08	2.63576e-31	3.49802e+14	2.63576e-31	7.04887e-31	9.59876e+30
2	-1	18.2001	2.02919e+08	1.18432e-31	5.21843e+14	1.18432e-31	3.16726e-31	2.13624e+31
2	-1	18.4001	2.47846e+08	5.3215e-32	7.78499e+14	5.3215e-32	1.42314e-31	4.7543e+31
2	-1	18.6001	3.0272e+08	2.39111e-32	1.16138e+15	2.39111e-32	6.39459e-32	1.05809e+32
2	-1	18.8001	3.69743e+08	1.07439e-32	1.73258e+15	1.07439e-32	2.87327e-32	2.35482e+32
2	-1	19.0001	4.51605e+08	4.82756e-33	2.58471e+15	4.82756e-33	1.29104e-32	5.24074e+32
2	-1	19.2001	5.51592e+08	2.16916e-33	3.85593e+15	2.16916e-33	5.80104e-33	1.16635e+33
2	-1	19.4001	6.73716e+08	9.74667e-34	5.75237e+15	9.74667e-34	2.60657e-33	2.59576e+33
2	-1	19.6001	8.22879e+08	4.37946e-34	8.58153e+15	4.37946e-34	1.17121e-33	5.77696e+33
2	-1	19.8001	1.00507e+09	1.96782e-34	1.28021e+16	1.96782e-34	5.26258e-34	1.28569e+34
2	-1	20.0001	1.22759e+09	8.84198e-35	1.90985e+16	8.84198e-35	2.36463e-34	2.86135e+34
2	-1	20.2002	1.49953e+09	3.97137e-35	2.84974e+16	3.97137e-35	1.06207e-34	6.3706e+34
2	-1	20.4002	1.83153e+09	1.78445e-35	4.25131e+16	1.78445e-35	4.7722e-35	1.4178e+35
2	-1	20.6002	2.23704e+09	8.01806e-36	6.34221e+16	8.01806e-36	2.14429e-35	3.15538e+35
2	-1	20.8002	2.73233e+09	3.60275e-36	9.46147e+16	3.60275e-36	9.6349e-36	7.02242e+35
2	-1	21.0002	3.33727e+09	1.61882e-36	1.41148e+17	1.61882e-36	4.32924e-36	1.56287e+36
2	-1	21.2002	4.07615e+09	7.27382e-37	2.10569e+17	7.27382e-37	1.94525e-36	3.47823e+36
2	-1	21.4002	4.97862e+09	3.26834e-37	3.14132e+17	3.26834e-37	8.74059e-37	7.74094e+36
2	-1	21.6002	6.0809e+09	1.46856e-37	4.68629e+17	1.46856e-37	3.9274e-37	1.72278e+37
2	-1	21.8002	7.42723e+09	6.59866e-38	6.99113e+17	6.59866e-38	1.76469e-37	3.83411e+37
2	-1	22.0002	9.07164e+09	2.96497e-38	1.04295e+18	2.96497e-38	7.92928e-38	8.53297e+37
2	-1	22.2002	1.10801e+10	1.33225e-38	1.5559e+18	1.33225e-38	3.56286e-38	1.89905e+38
2	-1	22.4002	1.35333e+10	5.98617e-39	2.32114e+18	5.98617e-39	1.60089e-38	4.22641e+38
2	-1	22.6002	1.65296e+10	2.68976e-39	3.46273e+18	2.68976e-39	7.19328e-39	9.40605e+38
2	-1	22.8002	2.01893e+10	1.20859e-39	5.16578e+18	1.20859e-39	3.23215e-39	2.09335e+39
2	-1	23.0002	2.46593e+10	5.43053e-40	7.70645e+18	5.43053e-40	1.4523e-39	4.65885e+39
2	-1	23.2002	3.01189e+10	2.44009e-40	1.14967e+19	2.44009e-40	6.5256e-40	1.03685e+40
2	-1	23.4002	3.67873e+10	1.0964e-40	1.7151e+19	1.0964e-40	2.93214e-40	2.30754e+40
2	-1	23.6002	4.49321e+10	4.92647e-41	2.55863e+19	4.92647e-41	1.3175e-40	5.13553e+40
2	-1	23.8002	5.48802e+10	2.2136e-41	3.81703e+19	2.2136e-41	5.91989e-41	1.14293e+41
2	-1	24.0002	6.70309e+10	9.94636e-42	5.69434e+19	9.94636e-42	2.65998e-41	2.54364e+41
2	-1	24.2002	8.18717e+10	4.46919e-42	8.49495e+19	4.46919e-42	1.1952e-41	5.66098e+41
2	-1	24.4002	9.99983e+10	2.00814e-42	1.2673e+20	2.00814e-42	5.3704e-42	1.25988e+42
2	-1	24.6002	1.22138e+11	9.02314e-43	1.89059e+20	9.02314e-43	2.41308e-42	2.8039e+42
2	-1	24.8002	1.4918e+11	4.05436e-43	2.82042e+20	4.05436e-43	1.08427e-42	6.2402e+42
2	-1	25.0002	1.82209e+11	1.82174e-43	4.20758e+20	1.82174e-43	4.87192e-43	1.38878e+43
2	-1	25.2002	2.2255e+11	8.1856e-44	6.27697e+20	8.1856e-44	2.18909e-43	3.09079e+43
2	-1	25.4002	2.71824e+11	3.67803e-44	9.36413e+20	3.67803e-44	9.83623e-44	6.87868e+43
2	-1	25.6002	3.32006e+11	1.65264e-44	1.39696e+21	1.65264e-44	4.41971e-44	1.53088e+44
2	-1	25.8002	4.05513e+11	7.42581e-45	2.08403e+21	7.42581e-45	1.9859e-44	3.40703e+44
2	-1	26.0002	4.95295e+11	3.33663e-45	3.109e+21	3.33663e-45	8.92323e-45	7.5825e+44
2	-1	26.2002	6.04955e+11	1.49925e-45	4.63809e+21	1.49925e-45	4.00947e-45	1.68752e+45
2	-1	26.4002	7.38893e+11	6.73654e-46	6.91921e+21	6.73654e-46	1.80157e-45	3.75563e+45
2	-1	26.6002	9.02486e+11	3.02692e-46	1.03223e+22	3.02692e-46	8.09497e-46	8.35832e+45
2	-1	26.8002	1.1023e+12	1.36008e-46	1.5399e+22	1.36008e-46	3.63731e-46	1.86018e+46
2	-1	27.0002	1.34635e+12	6.11126e-47	2.29726e+22	6.11126e-47	1.63435e-46	4.1399e+46
2	-1	27.2002	1.64444e+12	2.74596e-47	3.42711e+22	2.74596e-47	7.34359e-47	9.21352e+46
2	-1	27.4002	2.00852e+12	1.23384e-47	5.11264e+22	1.23384e-47	3.29969e-47	2.05051e+47
2	-1	27.6002	2.45321e+12	5.54401e-48	7.62717e+22	5.54401e-48	1.48265e-47	4.56349e+47
2	-1	27.8002	2.99636e+12	2.49108e-48	1.13784e+23	2.49108e-48	6.66196e-48	1.01562e+48
2	-1	28.0002	3.65976e+12	1.11932e-48	1.69746e+23	1.11932e-48	2.99341e-48	2.26031e+48
2	-1	28.2002	4.47004e+12	5.02941e-49	2.53231e+23	5.02941e-49	1.34503e-48	5.03041e+48
2	-1	28.4002	5.45972e+12	2.25986e-49	3.77776e+23	2.25986e-49	6.04359e-49	1.11954e+49
2	-1	28.6002	6.66852e+12	1.01542e-49	5.63576e+23	1.01542e-49	2.71556e-49	2.49158e+49
2	-1	28.8002	8.14495e+12	4.56258e-50	8.40756e+23	4.56258e-50	1.22018e-49	5.54511e+49
2	-1	29.0002	9.94827e+12	2.0501e-50	1.25426e+24	2.0501e-50	5.48262e-50	1.23409e+50
2	-1	29.2002	1.21508e+13	9.21168e-51	1.87114e+24	9.21168e-51	2.4635e-50	2.74651e+50
2	-1	29.4002	1.48411e+13	4.13908e-51	2.79141e+24	4.13908e-51	1.10692e-50	6.11248e+50
2	-1	29.6002	1.81269e+13	1.85981e-51	4.16429e+24	1.85981e-51	4.97372e-51	1.36036e+51
2	-1	29.8002	2.21403e+13	8.35665e-52	6.2124e+24	8.35665e-52	2.23484e-51	3.02753e+51
2	-1	30.0002	2.70422e+13	3.75489e-52	9.2678e+24	3.75489e-52	1.00418e-51	6.73789e+51
2	-1	30.2003	3.30327e+13	1.6865e-52	1.38287e+25	1.6865e-52	4.51026e-52	1.50014e+52
2	-1	30.4003	4.03462e+13	7.57795e-53	2.063e+25	7.57795e-53	2.02659e-52	3.33863e+52
2	-1	30.6003	4.9279e+13	3.40499e-53	3.07763e+25	3.40499e-53	9.10605e-53	7.43027e+52
2	-1	30.8003	6.01895e+13	1.52996e-53	4.59129e+25	1.52996e-53	4.09161e-53	1.65364e+53
2	-1	31.0003	7.35156e+13	6.87456e-54	6.8494e+25	6.87456e-54	1.83848e-53	3.68023e+53
2	-1	31.2003	8.97922e+13	3.08894e-54	1.02181e+26	3.08894e-54	8.26082e-54	8.19051e+53
2	-1	31.4003	1.09672e+14	1.38795e-54	1.52436e+26	1.38795e-54	3.71183e-54	1.82283e+54
2	-1	31.6003	1.33954e+14	6.23646e-55	2.27408e+26	6.23646e-55	1.66783e-54	4.05679e+54
2	-1	31.8003	1.63612e+14	2.80222e-55	3.39253e+26	2.80222e-55	7.49405e-55	9.02855e+54
2	-1	32.0003	1.99836e+14	1.25912e-55	5.06106e+26	1.25912e-55	3.36729e-55	2.00934e+55
2	-1	32.2003	2.44081e+14	5.65759e-56	7.55022e+26	5.65759e-56	1.51302e-55	4.47187e+55
2	-1	32.4003	2.98121e+14	2.54212e-56	1.12636e+27	2.54212e-56	6.79845e-56	9.95233e+55
2	-1	32.6003	3.64125e+14	1.14225e-56	1.68033e+27	1.14225e-56	3.05474e-56	2.21493e+56
2	-1	32.8003	4.44744e+14	5.13245e-57	2.50676e+27	5.13245e-57	1.37258e-56	4.92942e+56
2	-1	33.0003	5.43211e+14	2.30616e-57	3.73965e+27	2.30616e-57	6.16741e-57	1.09706e+57
2	-1	33.2003	6.6348e+14	1.03622e-57	5.5789e+27	1.03622e-57	2.7712e-57	2.44156e+57
2	-1	33.4003	8.10376e+14	4.65605e-58	8.32274e+27	4.65605e-58	1.24518e-57	5.43379e+57
2	-1	33.6003	9.89795e+14	2.0921e-58	1.24161e+28	2.0921e-58	5.59495e-58	1.20931e+58
2	-1	33.8003	1.20894e+15	9.40041e-59	1.85226e+28	9.40041e-59	2.51397e-58	2.69137e+58
2	-1	34.0003	1.4766e+15	4.22388e-59	2.76325e+28	4.22388e-59	1.1296e-58	5.98976e+58
2	-1	34.2003	1.80352e+15	1.89791e-59	4.12228e+28	1.89791e-59	5.07562e-59	1.33305e+59
2	-1	34.4003	2.20283e+15	8.52786e-60	6.14972e+28	8.52786e-60	2.28062e-59	2.96675e+59
2	-1	34.6003	2.69054e+15	3.83181e-60	9.1743e+28	3.83181e-60	1.02475e-59	6.60262e+59
2	-1	34.8003	3.28624e+15	1.72175e-60	1.36864e+29	1.72175e-60	4.6045e-60	1.46944e+60
2	-1	35.0003	4.01382e+15	7.7363e-61	2.04178e+29	7.7363e-61	2.06894e-60	3.2703e+60
2	-1	35.2003	4.90249e+15	3.47614e-61	3.04597e+29	3.47614e-61	9.29633e-61	7.27818e+60
2	-1	35.4003	5.98791e+15	1.56193e-61	4.54406e+29	1.56193e-61	4.17711e-61	1.61979e+61
2	-1	35.6003	7.31365e+15	7.01821e-62	6.77894e+29	7.01821e-62	1.8769e-61	3.60491e+61
2	-1	35.8003	8.93292e+15	3.15349e-62	1.0113e+30	3.15349e-62	8.43344e-62	8.02287e+61
2	-1	36.0003	1.09107e+16	1.41695e-62	1.50868e+30	1.41695e-62	3.78939e-62	1.78552e+62
2	-1	36.2003	1.33263e+16	6.36678e-63	2.25069e+30	6.36678e-63	1.70268e-62	3.97375e+62
2	-1	36.4003	1.62768e+16	2.86078e-63	3.35763e+30	2.86078e-63	7.65064e-63	8.84375e+62
2	-1	36.6003	1.98806e+16	1.28543e-63	5.009e+30	1.28543e-63	3.43766e-63	1.96821e+63
2	-1	36.8003	2.42822e+16	5.77581e-64	7.47255e+30	5.77581e-64	1.54464e-63	4.38034e+63
2	-1	37.0003	2.96583e+16	2.59524e-64	1.11477e+31	2.59524e-64	6.94051e-64	9.74862e+63
2	-1	37.2003	3.62248e+16	1.16612e-64	1.66305e+31	1.16612e-64	3.11857e-64	2.16959e+64
2	-1	37.4003	4.4245e+16	5.2397e-65	2.48097e+31	5.2397e-65	1.40126e-64	4.82852e+64
2	-1	37.6003	5.4041e+16	2.35435e-65	3.70118e+31	2.35435e-65	6.29629e-65	1.07461e+65
2	-1	37.8003	6.60058e+16	1.05788e-65	5.52151e+31	1.05788e-65	2.8291e-65	2.39158e+65
2	-1	38.0003	8.06197e+16	4.75335e-66	8.23712e+31	4.75335e-66	1.2712e-65	5.32257e+65
2	-1	38.2003	9.84691e+16	2.13582e-66	1.22883e+32	2.13582e-66	5.71186e-66	1.18456e+66
2	-1	38.4003	1.2027e+17	9.59684e-67	1.8332e+32	9.59684e-67	2.5665e-66	2.63628e+66
2	-1	38.6003	1.46899e+17	4.31214e-67	2.73482e+32	4.31214e-67	1.15321e-66	5.86716e+66
2	-1	38.8003	1.79422e+17	1.93757e-67	4.07987e+32	1.93757e-67	5.18168e-67	1.30576e+67
2	-1	39.0003	2.19147e+17	8.70606e-68	6.08645e+32	8.70606e-68	2.32828e-67	2.90602e+67
2	-1	39.2003	2.67667e+17	3.91188e-68	9.07992e+32	3.91188e-68	1.04616e-67	6.46747e+67
2	-1	39.4003	3.26929e+17	1.75772e-68	1.35457e+33	1.75772e-68	4.70072e-68	1.43936e+68
2	-1	39.6003	3.99312e+17	7.89796e-69	2.02077e+33	7.89796e-69	2.11217e-68	3.20336e+68
2	-1	39.8003	4.87721e+17	3.54878e-69	3.01464e+33	3.54878e-69	9.49059e-69	7.12921e+68
2	-1	40.0003	5.95703e+17	1.59457e-69	4.49732e+33	1.59457e-69	4.2644e-69	1.58663e+69
2	-1	40.2004	7.27667e+17	7.162e-70	6.71055e+33	7.162e-70	1.91535e-69	3.53253e+69
2	-1	40.4004	8.88774e+17	3.21809e-70	1.0011e+34	3.21809e-70	8.60622e-70	7.8618e+69
2	-1	40.6004	1.08555e+18	1.44598e-70	1.49346e+34	1.44598e-70	3.86702e-70	1.74967e+70
2	-1	40.8004	1.32589e+18	6.49722e-71	2.22798e+34	6.49722e-71	1.73757e-70	3.89397e+70
2	-1	41.0004	1.61945e+18	2.91939e-71	3.32376e+34	2.91939e-71	7.80739e-71	8.6662e+70
2	-1	41.2004	1.978e+18	1.31177e-71	4.95846e+34	1.31177e-71	3.50809e-71	1.9287e+71
2	-1	41.4004	2.41594e+18	5.89415e-72	7.39716e+34	5.89415e-72	1.57628e-71	4.29239e+71
2	-1	41.6004	2.95083e+18	2.64841e-72	1.10353e+35	2.64841e-72	7.0827e-72	9.5529e+71
2	-1	41.8004	3.60416e+18	1.19001e-72	1.64627e+35	1.19001e-72	3.18246e-72	2.12604e+72
2	-1	42.0004	4.40213e+18	5.34705e-73	2.45594e+35	5.34705e-73	1.42997e-72	4.73158e+72
2	-1	42.2004	5.37677e+18	2.40258e-73	3.66384e+35	2.40258e-73	6.42528e-73	1.05303e+73
2	-1	42.4004	6.5672e+18	1.07955e-73	5.4658e+35	1.07955e-73	2.88707e-73	2.34357e+73
2	-1	42.6004	8.0212e+18	4.85073e-74	8.15402e+35	4.85073e-74	1.29724e-73	5.21571e+73
2	-1	42.8004	9.79711e+18	2.17957e-74	1.21644e+36	2.17957e-74	5.82889e-74	1.16078e+74
2	-1	43.0004	1.19662e+19	9.79346e-75	1.81471e+36	9.79346e-75	2.61909e-74	2.58336e+74
2	-1	43.2004	1.46156e+19	4.40049e-75	2.70723e+36	4.40049e-75	1.17683e-74	5.74937e+74
2	-1	43.4004	1.78515e+19	1.97727e-75	4.03871e+36	1.97727e-75	5.28785e-75	1.27954e+75
2	-1	43.6004	2.18039e+19	8.88443e-76	6.02505e+36	8.88443e-76	2.37598e-75	2.84768e+75
2	-1	43.8004	2.66313e+19	3.99203e-76	8.98831e+36	3.99203e-76	1.0676e-75	6.33763e+75
2	-1	44.0004	3.25276e+19	1.79373e-76	1.3409e+37	1.79373e-76	4.79703e-76	1.41046e+76
2	-1	44.2004	3.97292e+19	8.05977e-77	2.00039e+37	8.05977e-77	2.15544e-76	3.13905e+76
2	-1	44.4004	4.85254e+19	3.62149e-77	2.98423e+37	3.62149e-77	9.68503e-77	6.98608e+76
2	-1	44.6004	5.92691e+19	1.62724e-77	4.45194e+37	1.62724e-77	4.35176e-77	1.55478e+77
2	-1	44.8004	7.23914e+19	7.31166e-78	6.64152e+37	7.31166e-78	1.95537e-77	3.46023e+77
2	-1	45.0004	8.84191e+19	3.28534e-78	9.90798e+37	3.28534e-78	8.78606e-78	7.70088e+77
2	-1	45.2004	1.07995e+20	1.4762e-78	1.4781e+38	1.4762e-78	3.94783e-78	1.71386e+78
2	-1	45.4004	1.31906e+20	6.63299e-79	2.20506e+38	6.63299e-79	1.77387e-78	3.81427e+78
2	-1	45.6004	1.6111e+20	2.98039e-79	3.28956e+38	2.98039e-79	7.97053e-79	8.48881e+78
2	-1	45.8004	1.9678e+20	1.33918e-79	4.90745e+38	1.33918e-79	3.58139e-79	1.88922e+79
2	-1	46.0004	2.40348e+20	6.01731e-80	7.32106e+38	6.01731e-80	1.60922e-79	4.20454e+79
2	-1	46.2004	2.93562e+20	2.70375e-80	1.09217e+39	2.70375e-80	7.2307e-80	9.35737e+79
2	-1	46.4004	3.58557e+20	1.21487e-80	1.62933e+39	1.21487e-80	3.24896e-80	2.08252e+80
2	-1	46.6004	4.37943e+20	5.45878e-81	2.43068e+39	5.45878e-81	1.45985e-80	4.63473e+80
2	-1	46.8004	5.34904e+20	2.45279e-81	3.62615e+39	2.45279e-81	6.55955e-81	1.03148e+81
2	-1	47.0004	6.53333e+20	1.10211e-81	5.40957e+39	1.10211e-81	2.94739e-81	2.2956e+81
2	-1	47.2004	7.97983e+20	4.95209e-82	8.07013e+39	4.95209e-82	1.32435e-81	5.10895e+81
2	-1	47.4004	9.74659e+20	2.22512e-82	1.20392e+40	2.22512e-82	5.95069e-82	1.13702e+82
2	-1	47.6004	1.19045e+21	9.99811e-83	1.79604e+40	9.99811e-83	2.67382e-82	2.53048e+82
2	-1	47.8004	1.45402e+21	4.49244e-83	2.67938e+40	4.49244e-83	1.20142e-82	5.63169e+82
2	-1	48.0004	1.77594e+21	2.01858e-83	3.99716e+40	2.01858e-83	5.39834e-83	1.25335e+83
2	-1	48.2004	2.16914e+21	9.07008e-84	5.96307e+40	9.07008e-84	2.42563e-83	2.78939e+83
2	-1	48.4004	2.6494e+21	4.07545e-84	8.89585e+40	4.07545e-84	1.08991e-83	6.20791e+83
2	-1	48.6004	3.23598e+21	1.83122e-84	1.32711e+41	1.83122e-84	4.89726e-84	1.38159e+84
2	-1	48.8004	3.95244e+21	8.22819e-85	1.97981e+41	8.22819e-85	2.20048e-84	3.0748e+84
2	-1	49.0004	4.82752e+21	3.69716e-85	2.95353e+41	3.69716e-85	9.88741e-85	6.84308e+84
2	-1	49.2004	5.89634e+21	1.66124e-85	4.40614e+41	1.66124e-85	4.4427e-85	1.52296e+85
2	-1	49.4004	7.20181e+21	7.46444e-86	6.57319e+41	7.46444e-86	1.99623e-85	3.3894e+85
2	-1	49.6004	8.79631e+21	3.35399e-86	9.80605e+41	3.35399e-86	8.96965e-86	7.54325e+85
2	-1	49.8004	1.07438e+22	1.50705e-86	1.46289e+42	1.50705e-86	4.03032e-86	1.67878e+86
2	-1	50.0004	1.31226e+22	6.77159e-87	2.18238e+42	6.77159e-87	1.81094e-86	3.7362e+86
2	-1	50.2005	1.60295e+22	3.04145e-87	3.25638e+42	3.04145e-87	8.13383e-87	8.31839e+86
2	-1	50.4005	1.95785e+22	1.36661e-87	4.85794e+42	1.36661e-87	3.65477e-87	1.85129e+87
2	-1	50.6005	2.39132e+22	6.14059e-88	7.2472e+42	6.14059e-88	1.64219e-87	4.12012e+87
2	-1	50.8005	2.92077e+22	2.75915e-88	1.08115e+43	2.75915e-88	7.37884e-88	9.16951e+87
2	-1	51.0005	3.56744e+22	1.23976e-88	1.61289e+43	1.23976e-88	3.31553e-88	2.04071e+88
2	-1	51.2005	4.35728e+22	5.57062e-89	2.40615e+43	5.57062e-89	1.48976e-88	4.54169e+88
2	-1	51.4005	5.32199e+22	2.50304e-89	3.58956e+43	2.50304e-89	6.69394e-89	1.01077e+89
2	-1	51.6005	6.50029e+22	1.12469e-89	5.35499e+43	1.12469e-89	3.00778e-89	2.24951e+89
2	-1	51.8005	7.93948e+22	5.05355e-90	7.98871e+43	5.05355e-90	1.35148e-89	5.00638e+89
2	-1	52.0005	9.6973e+22	2.27071e-90	1.19178e+44	2.27071e-90	6.0726e-90	1.11419e+90
2	-1	52.2005	1.18443e+23	1.02029e-90	1.77792e+44	1.02029e-90	2.7286e-90	2.47968e+90
2	-1	52.4005	1.44667e+23	4.58448e-91	2.65235e+44	4.58448e-91	1.22604e-90	5.51862e+90
2	-1	52.6005	1.76696e+23	2.05994e-91	3.95684e+44	2.05994e-91	5.50894e-91	1.22819e+91
2	-1	52.8005	2.15817e+23	9.2559e-92	5.90291e+44	9.2559e-92	2.47533e-91	2.73339e+91
2	-1	53.0005	2.636e+23	4.15894e-92	8.8061e+44	4.15894e-92	1.11224e-91	6.08327e+91
2	-1	53.2005	3.21962e+23	1.86873e-92	1.31372e+45	1.86873e-92	4.9976e-92	1.35386e+92
2	-1	53.4005	3.93245e+23	8.39677e-93	1.95983e+45	8.39677e-93	2.24557e-92	3.01307e+92
2	-1	53.6005	4.8031e+23	3.77291e-93	2.92373e+45	3.77291e-93	1.009e-92	6.7057e+92
2	-1	53.8005	5.86652e+23	1.69528e-93	4.36169e+45	1.69528e-93	4.53372e-93	1.49238e+93
2	-1	54.0005	7.16539e+23	7.61737e-94	6.50688e+45	7.61737e-94	2.03713e-93	3.32135e+93
2	-1	54.2005	8.75182e+23	3.42271e-94	9.70712e+45	3.42271e-94	9.15342e-94	7.39181e+93
2	-1	54.4005	1.06895e+24	1.53792e-94	1.44813e+46	1.53792e-94	4.1129e-94	1.64508e+94
2	-1	54.6005	1.30562e+24	6.91033e-95	2.16036e+46	6.91033e-95	1.84804e-94	3.66119e+94
2	-1	54.8005	1.59469e+24	3.10501e-95	3.22288e+46	3.10501e-95	8.3038e-95	8.14812e+94
2	-1	55.0005	1.94775e+24	1.39517e-95	4.80797e+46	1.39517e-95	3.73114e-95	1.8134e+95
2	-1	55.2005	2.37899e+24	6.26891e-96	7.17264e+46	6.26891e-96	1.67651e-95	4.03579e+95
2	-1	55.4005	2.90571e+24	2.8168e-96	1.07003e+47	2.8168e-96	7.53303e-96	8.98182e+95
2	-1	55.6005	3.54904e+24	1.26567e-96	1.5963e+47	1.26567e-96	3.38481e-96	1.99894e+96
2	-1	55.8005	4.33481e+24	5.68702e-97	2.3814e+47	5.68702e-97	1.52089e-96	4.44872e+96
2	-1	56.0005	5.29455e+24	2.55534e-97	3.55263e+47	2.55534e-97	6.83381e-97	9.90082e+96
2	-1	56.2005	6.46677e+24	1.14819e-97	5.29991e+47	1.14819e-97	3.07063e-97	2.20347e+97
2	-1	56.4005	7.89853e+24	5.15915e-98	7.90653e+47	5.15915e-98	1.37972e-97	4.90391e+97
2	-1	56.6005	9.64729e+24	2.31816e-98	1.17952e+48	2.31816e-98	6.1995e-98	1.09138e+98
2	-1	56.8005	1.17832e+25	1.04161e-98	1.75963e+48	1.04161e-98	2.78561e-98	2.42892e+98
2	-1	57.0005	1.43921e+25	4.68028e-99	2.62506e+48	4.68028e-99	1.25166e-98	5.40566e+98
2	-1	57.2005	1.75785e+25	2.10298e-99	3.91613e+48	2.10298e-99	5.62406e-99	1.20305e+99
2	-1	57.4005	2.14704e+25	9.44931e-100	5.84218e+48	9.44931e-100	2.52705e-99	2.67744e+99
2	-1	57.6005	2.62241e+25	4.24585e-100	8.71551e+48	4.24585e-100	1.13548e-99	5.95876e+99
2	-1	57.8005	3.20301e+25	1.90778e-100	1.3002e+49	1.90778e-100	5.10203e-100	1.32615e+100
2	-1	58.0005	3.91217e+25	8.57222e-101	1.93967e+49	8.57222e-101	2.29249e-100	2.95139e+100
2	-1	58.2005	4.77833e+25	3.85175e-101	2.89365e+49	3.85175e-101	1.03008e-100	6.56845e+100
2	-1	58.4005	5.83627e+25	1.7307e-101	4.31682e+49	1.7307e-101	4.62846e-101	1.46183e+101
2	-1	58.6005	7.12844e+25	7.77655e-102	6.43994e+49	7.77655e-102	2.0797e-101	3.25337e+101
2	-1	58.8005	8.70669e+25	3.49423e-102	9.60726e+49	3.49423e-102	9.34469e-102	7.24051e+101
2	-1	59.0005	1.06344e+26	1.57006e-102	1.43323e+50	1.57006e-102	4.19884e-102	1.61141e+102
2	-1	59.2005	1.29889e+26	7.05472e-103	2.13814e+50	7.05472e-103	1.88666e-102	3.58625e+102
2	-1	59.4005	1.58646e+26	3.16989e-103	3.18972e+50	3.16989e-103	8.47731e-103	7.98134e+102
2	-1	59.6005	1.93771e+26	1.42432e-103	4.75851e+50	1.42432e-103	3.8091e-103	1.77628e+103
2	-1	59.8005	2.36672e+26	6.3999e-104	7.09886e+50	6.3999e-104	1.71154e-103	3.95319e+103
2	-1	60.0005	2.89072e+26	2.87566e-104	1.05903e+51	2.87566e-104	7.69044e-104	8.79798e+103
2	-1	60.2006	3.53109e+26	1.2916e-104	1.5802e+51	1.2916e-104	3.45416e-104	1.95881e+104
2	-1	60.4006	4.31288e+26	5.80354e-105	2.35738e+51	5.80354e-105	1.55205e-104	4.35941e+104
2	-1	60.6006	5.26777e+26	2.6077e-105	3.51679e+51	2.6077e-105	6.97382e-105	9.70205e+104
2	-1	60.8006	6.43407e+26	1.17171e-105	5.24644e+51	1.17171e-105	3.13354e-105	2.15923e+105
2	-1	61.0006	7.85859e+26	5.26485e-106	7.82676e+51	5.26485e-106	1.40799e-105	4.80545e+105
2	-1	61.2006	9.5985e+26	2.36565e-106	1.16762e+52	2.36565e-106	6.32651e-106	1.06947e+106
2	-1	61.4006	1.17236e+27	1.06295e-106	1.74188e+52	1.06295e-106	2.84268e-106	2.38016e+106
2	-1	61.6006	1.43193e+27	4.77616e-107	2.59858e+52	4.77616e-107	1.2773e-106	5.29714e+106
2	-1	61.8006	1.74896e+27	2.14607e-107	3.87662e+52	2.14607e-107	5.73928e-107	1.1789e+107
2	-1	62.0006	2.13619e+27	9.64291e-108	5.78324e+52	9.64291e-108	2.57882e-107	2.62369e+107
2	-1	62.2006	2.60914e+27	4.33284e-108	8.62758e+52	4.33284e-108	1.15874e-107	5.83913e+107
2	-1	62.4006	3.18681e+27	1.94687e-108	1.28708e+53	1.94687e-108	5.20656e-108	1.29952e+108
2	-1	62.6006	3.89238e+27	8.74785e-109	1.9201e+53	8.74785e-109	2.33946e-108	2.89214e+108
2	-1	62.8006	4.75417e+27	3.93066e-109	2.86446e+53	3.93066e-109	1.05119e-108	6.43657e+108
2	-1	63.0006	5.80675e+27	1.76616e-109	4.27327e+53	1.76616e-109	4.72328e-109	1.43249e+109
2	-1	63.2006	7.09239e+27	7.93587e-110	6.37497e+53	7.93587e-110	2.12231e-109	3.18806e+109
2	-1	63.4006	8.66266e+27	3.56582e-110	9.51033e+53	3.56582e-110	9.53614e-110	7.09515e+109
2	-1	63.6006	1.05806e+28	1.60222e-110	1.41877e+54	1.60222e-110	4.28487e-110	1.57905e+110
2	-1	63.8006	1.29232e+28	7.19926e-111	2.11656e+54	7.19926e-111	1.92531e-110	3.51425e+110
2	-1	64.0006	1.57844e+28	3.23484e-111	3.15754e+54	3.23484e-111	8.65099e-111	7.82111e+110
2	-1	64.2006	1.92791e+28	1.45351e-111	4.7105e+54	1.45351e-111	3.88714e-111	1.74062e+111
2	-1	64.4006	2.35476e+28	6.53102e-112	7.02724e+54	6.53102e-112	1.74661e-111	3.87382e+111
2	-1	64.6006	2.8761e+28	2.93458e-112	1.04834e+55	2.93458e-112	7.848e-112	8.62134e+111
2	-1	64.8006	3.51288e+28	1.31859e-112	1.56394e+55	1.31859e-112	3.52634e-112	1.91872e+112
2	-1	65.0006	4.29064e+28	5.92481e-113	2.33313e+55	5.92481e-113	1.58448e-112	4.27018e+112
2	-1	65.2006	5.2406e+28	2.66219e-113	3.48061e+55	2.66219e-113	7.11955e-113	9.50346e+112
2	-1	65.4006	6.40089e+28	1.1962e-113	5.19247e+55	1.1962e-113	3.19902e-113	2.11503e+113
2	-1	65.6006	7.81806e+28	5.37487e-114	7.74625e+55	5.37487e-114	1.43741e-113	4.70709e+113
2	-1	65.8006	9.549e+28	2.41508e-114	1.1556e+56	2.41508e-114	6.45871e-114	1.04758e+114
2	-1	66.0006	1.16632e+29	1.08517e-114	1.72396e+56	1.08517e-114	2.90209e-114	2.33144e+114
2	-1	66.2006	1.42454e+29	4.87597e-115	2.57184e+56	4.87597e-115	1.30399e-114	5.18871e+114
2	-1	66.4006	1.73994e+29	2.19091e-115	3.83674e+56	2.19091e-115	5.85921e-115	1.15477e+115
2	-1	66.6006	2.12517e+29	9.84441e-116	5.72375e+56	9.84441e-116	2.63271e-115	2.56999e+115
2	-1	66.8006	2.59569e+29	4.42338e-116	8.53883e+56	4.42338e-116	1.18295e-115	5.71961e+115
2	-1	67.0006	3.17038e+29	1.98755e-116	1.27384e+57	1.98755e-116	5.31535e-116	1.27292e+116
2	-1	67.2006	3.87231e+29	8.93065e-117	1.90035e+57	8.93065e-117	2.38834e-116	2.83294e+116
2	-1	67.4006	4.72965e+29	4.0128e-117	2.83499e+57	4.0128e-117	1.07315e-116	6.30483e+116
2	-1	67.6006	5.77681e+29	1.80307e-117	4.22931e+57	1.80307e-117	4.82198e-117	1.40317e+117
2	-1	67.8006	7.05581e+29	8.1017e-118	6.30939e+57	8.1017e-118	2.16666e-117	3.1228e+117
2	-1	68.0006	8.61799e+29	3.64033e-118	9.4125e+57	3.64033e-118	9.73541e-118	6.94992e+117
2	-1	68.2006	1.0526e+30	1.6357e-118	1.40418e+58	1.6357e-118	4.3744e-118	1.54673e+118
2	-1	68.4006	1.28565e+30	7.3497e-119	2.09479e+58	7.3497e-119	1.96555e-118	3.44232e+118
2	-1	68.6006	1.5703e+30	3.30243e-119	3.12506e+58	3.30243e-119	8.83177e-119	7.66102e+118
2	-1	68.8006	1.91797e+30	1.48388e-119	4.66204e+58	1.48388e-119	3.96837e-119	1.70499e+119
2	-1	69.0006	2.34261e+30	6.66749e-120	6.95495e+58	6.66749e-120	1.7831e-119	3.79453e+119
2	-1	69.2006	2.86127e+30	2.9959e-120	1.03756e+59	2.9959e-120	8.012e-120	8.44488e+119
2	-1	69.4006	3.49477e+30	1.34614e-120	1.54785e+59	1.34614e-120	3.60002e-120	1.87944e+120
2	-1	69.6006	4.26852e+30	6.04861e-121	2.30912e+59	6.04861e-121	1.61759e-120	4.18278e+120
2	-1	69.8006	5.21358e+30	2.71782e-121	3.44481e+59	2.71782e-121	7.26832e-121	9.30894e+120
2	-1	70.0006	6.36788e+30	1.22119e-121	5.13905e+59	1.22119e-121	3.26587e-121	2.07174e+121
2	-1	70.2007	7.77852e+30	5.48498e-122	7.6681e+59	5.48498e-122	1.46686e-121	4.61259e+121
2	-1	70.4007	9.50071e+30	2.46456e-122	1.14395e+60	2.46456e-122	6.59103e-122	1.02655e+122
2	-1	70.6007	1.16042e+31	1.1074e-122	1.70657e+60	1.1074e-122	2.96154e-122	2.28463e+122
2	-1	70.8007	1.41734e+31	4.97587e-123	2.5459e+60	4.97587e-123	1.33071e-122	5.08454e+122
2	-1	71.0007	1.73114e+31	2.2358e-123	3.79803e+60	2.2358e-123	5.97925e-123	1.13159e+123
2	-1	71.2007	2.11442e+31	1.00461e-123	5.666e+60	1.00461e-123	2.68665e-123	2.51839e+123
2	-1	71.4007	2.58256e+31	4.514e-124	8.45268e+60	4.514e-124	1.20719e-123	5.60478e+123
2	-1	71.6007	3.15435e+31	2.02827e-124	1.26099e+61	2.02827e-124	5.42425e-124	1.24737e+124
2	-1	71.8007	3.85273e+31	9.11362e-125	1.88118e+61	9.11362e-125	2.43727e-124	2.77607e+124
2	-1	72.0007	4.70573e+31	4.09501e-125	2.80639e+61	4.09501e-125	1.09514e-124	6.17825e+124
2	-1	72.2007	5.74759e+31	1.84001e-125	4.18664e+61	1.84001e-125	4.92077e-125	1.37499e+125
2	-1	72.4007	7.02013e+31	8.26769e-126	6.24573e+61	8.26769e-126	2.21105e-125	3.06011e+125
2	-1	72.6007	8.5744e+31	3.71491e-126	9.31753e+61	3.71491e-126	9.93487e-126	6.81039e+125
2	-1	72.8007	1.04728e+32	1.66922e-126	1.39001e+62	1.66922e-126	4.46402e-126	1.51568e+126
2	-1	73.0007	1.27915e+32	7.50028e-127	2.07366e+62	7.50028e-127	2.00582e-126	3.37321e+126
2	-1	73.2007	1.56236e+32	3.37009e-127	3.09353e+62	3.37009e-127	9.01271e-127	7.50722e+126
2	-1	73.4007	1.90827e+32	1.51428e-127	4.61501e+62	1.51428e-127	4.04967e-127	1.67076e+127
2	-1	73.6007	2.33076e+32	6.8041e-128	6.88478e+62	6.8041e-128	1.81963e-127	3.71835e+127
2	-1	73.8007	2.8468e+32	3.05728e-128	1.02709e+63	3.05728e-128	8.17615e-128	8.27534e+127
2	-1	74.0007	3.47709e+32	1.37372e-128	1.53224e+63	1.37372e-128	3.67378e-128	1.84171e+128
2	-1	74.2007	4.24693e+32	6.17254e-129	2.28583e+63	6.17254e-129	1.65074e-128	4.0988e+128
2	-1	74.4007	5.18721e+32	2.7735e-129	3.41005e+63	2.7735e-129	7.41723e-129	9.12205e+128
2	-1	74.6007	6.33567e+32	1.24621e-129	5.0872e+63	1.24621e-129	3.33278e-129	2.03015e+129
2	-1	74.8007	7.73841e+32	5.5996e-130	7.58921e+63	5.5996e-130	1.49751e-129	4.51818e+129
2	-1	75.0007	9.45172e+32	2.51606e-130	1.13218e+64	2.51606e-130	6.72876e-130	1.00554e+130
2	-1	75.2007	1.15444e+33	1.13054e-130	1.68901e+64	1.13054e-130	3.02343e-130	2.23787e+130
2	-1	75.4007	1.41003e+33	5.07984e-131	2.51971e+64	5.07984e-131	1.35851e-130	4.98047e+130
2	-1	75.6007	1.72221e+33	2.28252e-131	3.75896e+64	2.28252e-131	6.10419e-131	1.10842e+131
2	-1	75.8007	2.10352e+33	1.0256e-131	5.60771e+64	1.0256e-131	2.74279e-131	2.46684e+131
2	-1	76.0007	2.56924e+33	4.60833e-132	8.36572e+64	4.60833e-132	1.23242e-131	5.49006e+131
2	-1	76.2007	3.13808e+33	2.07066e-132	1.24802e+65	2.07066e-132	5.5376e-132	1.22184e+132
2	-1	76.4007	3.83286e+33	9.30405e-133	1.86183e+65	9.30405e-133	2.4882e-132	2.71924e+132
2	-1	76.6007	4.68147e+33	4.18058e-133	2.77752e+65	4.18058e-133	1.11802e-132	6.05179e+132
2	-1	76.8007	5.71796e+33	1.87846e-133	4.14357e+65	1.87846e-133	5.0236e-133	1.34685e+133
2	-1	77.0007	6.98393e+33	8.44045e-134	6.18148e+65	8.44045e-134	2.25725e-133	2.99747e+133
2	-1	77.2007	8.53019e+33	3.79254e-134	9.22168e+65	3.79254e-134	1.01425e-133	6.671e+133
2	-1	77.4007	1.04188e+34	1.7041e-134	1.37571e+66	1.7041e-134	4.5573e-134	1.48466e+134
2	-1	77.6007	1.27255e+34	7.657e-135	2.05232e+66	7.657e-135	2.04773e-134	3.30417e+134
2	-1	77.8007	1.5543e+34	3.44051e-135	3.06171e+66	3.44051e-135	9.20104e-135	7.35356e+134
2	-1	78.0007	1.89843e+34	1.54592e-135	4.56753e+66	1.54592e-135	4.13429e-135	1.63656e+135
2	-1	78.2007	2.31875e+34	6.94627e-136	6.81395e+66	6.94627e-136	1.85766e-135	3.64224e+135
2	-1	78.4007	2.83212e+34	3.12116e-136	1.01652e+67	3.12116e-136	8.34699e-136	8.10595e+135
2	-1	78.6007	3.45916e+34	1.40243e-136	1.51647e+67	1.40243e-136	3.75055e-136	1.80401e+136
2	-1	78.8007	4.22503e+34	6.30152e-137	2.26231e+67	6.30152e-137	1.68523e-136	4.01491e+136
2	-1	79.0007	5.16046e+34	2.83145e-137	3.37497e+67	2.83145e-137	7.57222e-137	8.93534e+136
2	-1	79.2007	6.303e+34	1.27225e-137	5.03487e+67	1.27225e-137	3.40242e-137	1.9886e+137
2	-1	79.4007	7.6985e+34	5.71661e-138	7.51114e+67	5.71661e-138	1.52881e-137	4.4257e+137
2	-1	79.6007	9.40298e+34	2.56864e-138	1.12053e+68	2.56864e-138	6.86937e-138	9.84958e+137
2	-1	79.8007	1.14848e+35	1.15416e-138	1.67164e+68	1.15416e-138	3.0866e-138	2.19206e+138
2	-1	80.0007	1.40276e+35	5.18599e-139	2.49379e+68	5.18599e-139	1.3869e-138	4.87853e+138
2	-1	80.2008	1.71351e+35	2.32928e-139	3.72104e+68	2.32928e-139	6.22926e-139	1.08617e+139
2	-1	80.4008	2.09288e+35	1.04661e-139	5.55113e+68	1.04661e-139	2.79898e-139	2.41732e+139
2	-1	80.6008	2.55625e+35	4.70274e-140	8.28132e+68	4.70274e-140	1.25767e-139	5.37984e+139
2	-1	80.8008	3.12221e+35	2.11308e-140	1.23543e+69	2.11308e-140	5.65105e-140	1.19731e+140
2	-1	81.0008	3.81348e+35	9.49467e-141	1.84304e+69	9.49467e-141	2.53918e-140	2.66465e+140
2	-1	81.2008	4.65779e+35	4.26623e-141	2.7495e+69	4.26623e-141	1.14093e-140	5.93029e+140
2	-1	81.4008	5.68904e+35	1.91694e-141	4.10176e+69	1.91694e-141	5.12652e-141	1.31981e+141
2	-1	81.6008	6.94861e+35	8.61337e-142	6.11911e+69	8.61337e-142	2.30349e-141	2.93729e+141
2	-1	81.8008	8.48705e+35	3.87024e-142	9.12865e+69	3.87024e-142	1.03503e-141	6.53707e+141
2	-1	82.0008	1.03661e+36	1.73901e-142	1.36183e+70	1.73901e-142	4.65067e-142	1.45485e+142
2	-1	82.2008	1.26612e+36	7.81388e-143	2.03162e+70	7.81388e-143	2.08968e-142	3.23783e+142
2	-1	82.4008	1.54644e+36	3.511e-143	3.03082e+70	3.511e-143	9.38955e-143	7.20592e+142
2	-1	82.6008	1.88883e+36	1.57759e-143	4.52145e+70	1.57759e-143	4.219e-143	1.60371e+143
2	-1	82.8008	2.30702e+36	7.08859e-144	6.74521e+70	7.08859e-144	1.89572e-143	3.56912e+143
2	-1	83.0008	2.8178e+36	3.18511e-144	1.00627e+71	3.18511e-144	8.51801e-144	7.94322e+143
2	-1	83.2008	3.44167e+36	1.43116e-144	1.50117e+71	1.43116e-144	3.82739e-144	1.7678e+144
2	-1	83.4008	4.20366e+36	6.43062e-145	2.23949e+71	6.43062e-145	1.71976e-144	3.9343e+144
2	-1	83.6008	5.13436e+36	2.88947e-145	3.34092e+71	2.88947e-145	7.72736e-145	8.75595e+144
2	-1	83.8008	6.27113e+36	1.29832e-145	4.98407e+71	1.29832e-145	3.47213e-145	1.94867e+145
2	-1	84.0008	7.65957e+36	5.83373e-146	7.43536e+71	5.83373e-146	1.56013e-145	4.33685e+145
2	-1	84.2008	9.35542e+36	2.62126e-146	1.10923e+72	2.62126e-146	7.0101e-146	9.65183e+145
2	-1	84.4008	1.14267e+37	1.17781e-146	1.65477e+72	1.17781e-146	3.14984e-146	2.14806e+146
2	-1	84.6008	1.39566e+37	5.29224e-147	2.46863e+72	5.29224e-147	1.41532e-146	4.78058e+146
2	-1	84.8008	1.70467e+37	2.37796e-147	3.68276e+72	2.37796e-147	6.35942e-147	1.06394e+147
2	-1	85.0008	2.08209e+37	1.06848e-147	5.49403e+72	1.06848e-147	2.85747e-147	2.36784e+147
2	-1	85.2008	2.54307e+37	4.80101e-148	8.19613e+72	4.80101e-148	1.28395e-147	5.26972e+147
2	-1	85.4008	3.10611e+37	2.15723e-148	1.22272e+73	2.15723e-148	5.76914e-148	1.1728e+148
2	-1	85.6008	3.79381e+37	9.69308e-149	1.82408e+73	9.69308e-149	2.59224e-148	2.61011e+148
2	-1	85.8008	4.63377e+37	4.35538e-149	2.72121e+73	4.35538e-149	1.16477e-148	5.80891e+148
2	-1	86.0008	5.6597e+37	1.957e-149	4.05957e+73	1.957e-149	5.23364e-149	1.2928e+149
2	-1	86.2008	6.91277e+37	8.79336e-150	6.05617e+73	8.79336e-150	2.35163e-149	2.87717e+149
2	-1	86.4008	8.44328e+37	3.95111e-150	9.03474e+73	3.95111e-150	1.05665e-149	6.40326e+149
2	-1	86.6008	1.03126e+38	1.77535e-150	1.34782e+74	1.77535e-150	4.74785e-150	1.42507e+150
2	-1	86.8008	1.25959e+38	7.97716e-151	2.01072e+74	7.97716e-151	2.13335e-150	3.17156e+150
2	-1	87.0008	1.53847e+38	3.58437e-151	2.99964e+74	3.58437e-151	9.58575e-151	7.05843e+150
2	-1	87.2008	1.87909e+38	1.61056e-151	4.47494e+74	1.61056e-151	4.30716e-151	1.57088e+151
2	-1	87.4008	2.29512e+38	7.23671e-152	6.67582e+74	7.23671e-152	1.93533e-151	3.49606e+151
2	-1	87.6008	2.80327e+38	3.25166e-152	9.95915e+74	3.25166e-152	8.696e-152	7.78063e+151
2	-1	87.8008	3.42392e+38	1.46107e-152	1.48573e+75	1.46107e-152	3.90736e-152	1.73161e+152
2	-1	88.0008	4.18198e+38	6.565e-153	2.21645e+75	6.565e-153	1.75569e-152	3.85377e+152
2	-1	88.2008	5.10789e+38	2.94984e-153	3.30655e+75	2.94984e-153	7.88883e-153	8.57673e+152
2	-1	88.4008	6.23879e+38	1.32545e-153	4.9328e+75	1.32545e-153	3.54468e-153	1.90879e+153
2	-1	88.6008	7.62007e+38	5.95563e-154	7.35887e+75	5.95563e-154	1.59273e-153	4.24808e+153
2	-1	88.8008	9.30718e+38	2.67604e-154	1.09781e+76	2.67604e-154	7.15659e-154	9.45428e+153
2	-1	89.0008	1.13678e+39	1.20242e-154	1.63775e+76	1.20242e-154	3.21566e-154	2.10409e+154
2	-1	89.2008	1.38847e+39	5.40283e-155	2.44323e+76	5.40283e-155	1.44489e-154	4.68273e+154
2	-1	89.4008	1.69588e+39	2.42765e-155	3.64487e+76	2.42765e-155	6.49231e-155	1.04216e+155
2	-1	89.6008	2.07135e+39	1.09081e-155	5.43751e+76	1.09081e-155	2.91718e-155	2.31937e+155
2	-1	89.8008	2.52995e+39	4.90133e-156	8.11182e+76	4.90133e-156	1.31077e-155	5.16186e+155
2	-1	90.0008	3.09009e+39	2.20231e-156	1.21014e+77	2.20231e-156	5.88969e-156	1.14879e+156
2	-1	90.2009	3.77462e+39	9.89166e-157	1.80568e+77	9.89166e-157	2.64535e-156	2.55771e+156
2	-1	90.4009	4.61034e+39	4.44461e-157	2.69376e+77	4.44461e-157	1.18863e-156	5.69229e+156
2	-1	90.6009	5.63108e+39	1.99709e-157	4.01861e+77	1.99709e-157	5.34087e-157	1.26684e+157
2	-1	90.8009	6.87781e+39	8.97352e-158	5.99506e+77	8.97352e-158	2.39981e-157	2.81941e+157
2	-1	91.0009	8.40058e+39	4.03206e-158	8.94359e+77	4.03206e-158	1.0783e-157	6.27471e+157
2	-1	91.2009	1.02605e+40	1.81172e-158	1.33423e+78	1.81172e-158	4.84513e-158	1.39646e+158
2	-1	91.4009	1.25322e+40	8.14059e-159	1.99043e+78	8.14059e-159	2.17706e-158	3.10788e+158
2	-1	91.6009	1.53069e+40	3.6578e-159	2.96937e+78	3.6578e-159	9.78214e-159	6.91672e+158
2	-1	91.8009	1.86958e+40	1.64356e-159	4.42979e+78	1.64356e-159	4.3954e-159	1.53934e+159
2	-1	92.0009	2.28351e+40	7.38498e-160	6.60847e+78	7.38498e-160	1.97498e-159	3.42587e+159
2	-1	92.2009	2.78909e+40	3.31828e-160	9.85867e+78	3.31828e-160	8.87416e-160	7.62442e+159
2	-1	92.4009	3.4066e+40	1.491e-160	1.47074e+79	1.491e-160	3.98742e-160	1.69685e+160
2	-1	92.6009	4.16083e+40	6.6995e-161	2.19409e+79	6.6995e-161	1.79166e-160	3.7764e+160
2	-1	92.8009	5.08205e+40	3.01028e-161	3.27319e+79	3.01028e-161	8.05046e-161	8.40454e+160
2	-1	93.0009	6.20724e+40	1.35261e-161	4.88303e+79	1.35261e-161	3.6173e-161	1.87046e+161
2	-1	93.2009	7.58153e+40	6.07765e-162	7.28463e+79	6.07765e-162	1.62536e-161	4.16279e+161
2	-1	93.4009	9.26011e+40	2.73086e-162	1.08674e+80	2.73086e-162	7.30321e-162	9.26447e+161
2	-1	93.6009	1.13103e+41	1.22706e-162	1.62122e+80	1.22706e-162	3.28154e-162	2.06185e+162
2	-1	93.8009	1.38145e+41	5.51352e-163	2.41858e+80	5.51352e-163	1.47449e-162	4.58872e+162
2	-1	94.0009	1.6873e+41	2.47738e-163	3.6081e+80	2.47738e-163	6.62532e-163	1.02124e+163
2	-1	94.2009	2.06087e+41	1.11316e-163	5.38265e+80	1.11316e-163	2.97695e-163	2.27281e+163
2	-1	94.4009	2.51716e+41	5.00175e-164	8.02997e+80	5.00175e-164	1.33763e-163	5.05823e+163
2	-1	94.6009	3.07446e+41	2.24743e-164	1.19793e+81	2.24743e-164	6.01036e-164	1.12573e+164
2	-1	94.8009	3.75516e+41	1.00984e-164	1.7871e+81	1.00984e-164	2.70063e-164	2.50536e+164
2	-1	95.0009	4.58656e+41	4.53749e-165	2.66605e+81	4.53749e-165	1.21347e-164	5.57577e+164
2	-1	95.2009	5.60204e+41	2.03882e-165	3.97727e+81	2.03882e-165	5.45247e-165	1.24091e+165
2	-1	95.4009	6.84234e+41	9.16103e-166	5.93339e+81	9.16103e-166	2.44995e-165	2.7617e+165
2	-1	95.6009	8.35726e+41	4.11631e-166	8.85158e+81	4.11631e-166	1.10084e-165	6.14627e+165
2	-1	95.8009	1.02076e+42	1.84958e-166	1.3205e+82	1.84958e-166	4.94637e-166	1.36788e+166
2	-1	96.0009	1.24676e+42	8.3107e-167	1.96996e+82	8.3107e-167	2.22255e-166	3.04427e+166
2	-1	96.2009	1.52279e+42	3.73424e-167	2.93883e+82	3.73424e-167	9.98655e-167	6.77515e+166
2	-1	96.4009	1.85994e+42	1.6779e-167	4.38422e+82	1.6779e-167	4.48725e-167	1.50784e+167
2	-1	96.6009	2.27174e+42	7.53929e-168	6.54048e+82	7.53929e-168	2.01625e-167	3.35575e+167
2	-1	96.8009	2.77471e+42	3.38762e-168	9.75725e+82	3.38762e-168	9.0596e-168	7.46836e+167
2	-1	97.0009	3.38904e+42	1.52216e-168	1.45561e+83	1.52216e-168	4.07074e-168	1.66211e+168
2	-1	97.2009	4.13938e+42	6.83949e-169	2.17152e+83	6.83949e-169	1.8291e-168	3.6991e+168
2	-1	97.4009	5.05585e+42	3.07318e-169	3.23952e+83	3.07318e-169	8.21868e-169	8.23251e+168
2	-1	97.6009	6.17523e+42	1.38087e-169	4.8328e+83	1.38087e-169	3.69289e-169	1.83218e+169
2	-1	97.8009	7.54244e+42	6.20465e-170	7.20969e+83	6.20465e-170	1.65932e-169	4.07759e+169
2	-1	98.0009	9.21235e+42	2.78793e-170	1.07556e+84	2.78793e-170	7.45582e-170	9.07484e+169
2	-1	98.2009	1.1252e+43	1.2527e-170	1.60455e+84	1.2527e-170	3.35012e-170	2.01964e+170
2	-1	98.4009	1.37432e+43	5.62873e-171	2.3937e+84	5.62873e-171	1.5053e-170	4.4948e+170
2	-1	98.6009	1.6786e+43	2.52915e-171	3.57098e+84	2.52915e-171	6.76377e-171	1.00034e+171
2	-1	98.8009	2.05025e+43	1.13642e-171	5.32728e+84	1.13642e-171	3.03916e-171	2.22629e+171
2	-1	99.0009	2.50418e+43	5.10627e-172	7.94737e+84	5.10627e-172	1.36558e-171	4.95469e+171
2	-1	99.2009	3.05861e+43	2.29439e-172	1.18561e+85	2.29439e-172	6.13595e-172	1.10269e+172
2	-1	99.4009	3.73579e+43	1.03094e-172	1.76872e+85	1.03094e-172	2.75706e-172	2.45408e+172
2	-1	99.6009	4.56291e+43	4.6323e-173	2.63862e+85	4.6323e-173	1.23883e-172	5.46165e+172
2	-1	99.8009	5.57315e+43	2.08143e-173	3.93636e+85	2.08143e-173	5.56641e-173	1.21551e+173
2	-1	100	6.80094e+43	9.38619e-174	5.86179e+85	9.38619e-174	2.51017e-173	2.69545e+173
