T/Tc	1-T/Tc	l	a	K	y	Kr	Kr/K0	a0/Kr
0.999	0.001	0.2	3.09015	0.740655	0.0232373	0.740655	0.989384	3.4159
0.999	0.001	0.4	3.77432	0.733821	0.0218148	0.733821	0.980256	3.44771
0.999	0.001	0.6	4.60996	0.727878	0.0205616	0.727878	0.972317	3.47586
0.999	0.001	0.8	5.63062	0.722661	0.0194483	0.722661	0.965348	3.50095
0.999	0.001	1	6.87725	0.718042	0.0184521	0.718042	0.959178	3.52347
0.999	0.001	1.2	8.3999	0.713923	0.0175549	0.713923	0.953676	3.5438
0.999	0.001	1.4	10.2597	0.710227	0.0167424	0.710227	0.948738	3.56224
0.999	0.001	1.6	12.5312	0.70689	0.0160028	0.70689	0.944281	3.57906
0.999	0.001	1.8	15.3056	0.703863	0.0153264	0.703863	0.940237	3.59445
0.999	0.001	2	18.6943	0.701104	0.0147053	0.701104	0.936552	3.60859
0.999	0.001	2.2	22.8333	0.698579	0.0141327	0.698579	0.933179	3.62164
0.999	0.001	2.4	27.8886	0.69626	0.0136032	0.69626	0.930081	3.6337
0.999	0.001	2.6	34.0633	0.694122	0.0131118	0.694122	0.927224	3.64489
0.999	0.001	2.8	41.605	0.692144	0.0126545	0.692144	0.924583	3.65531
0.999	0.001	3	50.8164	0.69031	0.0122277	0.69031	0.922133	3.66502
0.999	0.001	3.2	62.0673	0.688605	0.0118285	0.688605	0.919855	3.67409
0.999	0.001	3.4	75.8092	0.687015	0.0114542	0.687015	0.917731	3.6826
0.999	0.001	3.6	92.5935	0.68553	0.0111024	0.68553	0.915747	3.69058
0.999	0.001	3.8	113.094	0.684138	0.0107712	0.684138	0.913888	3.69808
0.999	0.001	4	138.133	0.682833	0.0104587	0.682833	0.912145	3.70515
0.999	0.001	4.2	168.716	0.681606	0.0101633	0.681606	0.910505	3.71182
0.999	0.001	4.4	206.071	0.68045	0.00988368	0.68045	0.908962	3.71813
0.999	0.001	4.6	251.695	0.67936	0.00961853	0.67936	0.907505	3.72409
0.999	0.001	4.8	307.421	0.67833	0.00936672	0.67833	0.90613	3.72975
0.999	0.001	5	375.485	0.677356	0.00912725	0.677356	0.904828	3.73511
0.999	0.001	5.2	458.619	0.676433	0.00889921	0.676433	0.903595	3.74021
0.999	0.001	5.4	560.158	0.675557	0.00868176	0.675557	0.902425	3.74506
0.999	0.001	5.6	684.179	0.674725	0.00847417	0.674725	0.901314	3.74968
0.999	0.001	5.8	835.658	0.673934	0.00827577	0.673934	0.900257	3.75408
0.999	0.001	6	1020.67	0.673181	0.00808593	0.673181	0.899251	3.75828
0.999	0.001	6.2	1246.66	0.672463	0.00790409	0.672463	0.898293	3.76229
0.999	0.001	6.4	1522.67	0.671779	0.00772974	0.671779	0.897378	3.76612
0.999	0.001	6.6	1859.79	0.671125	0.00756242	0.671125	0.896505	3.76979
0.999	0.001	6.8	2271.55	0.6705	0.0074017	0.6705	0.89567	3.7733
0.999	0.001	7	2774.48	0.669902	0.00724717	0.669902	0.894872	3.77667
0.999	0.001	7.2	3388.76	0.66933	0.00709847	0.66933	0.894107	3.7799
0.999	0.001	7.4	4139.04	0.668782	0.00695528	0.668782	0.893375	3.783
0.999	0.001	7.6	5055.44	0.668256	0.00681727	0.668256	0.892673	3.78597
0.999	0.001	7.8	6174.72	0.667752	0.00668416	0.667752	0.891999	3.78883
0.999	0.001	8	7541.82	0.667268	0.00655569	0.667268	0.891352	3.79158
0.999	0.001	8.2	9211.6	0.666802	0.0064316	0.666802	0.890731	3.79423
0.999	0.001	8.4	11251.1	0.666355	0.00631167	0.666355	0.890133	3.79678
0.999	0.001	8.6	13742.1	0.665924	0.00619569	0.665924	0.889558	3.79923
0.999	0.001	8.8	16784.6	0.66551	0.00608345	0.66551	0.889004	3.8016
0.999	0.001	9	20500.8	0.665111	0.00597477	0.665111	0.888471	3.80388
0.999	0.001	9.2	25039.7	0.664726	0.00586948	0.664726	0.887958	3.80608
0.999	0.001	9.4	30583.6	0.664356	0.00576741	0.664356	0.887462	3.8082
0.999	0.001	9.6	37354.9	0.663998	0.00566841	0.663998	0.886984	3.81025
0.999	0.001	9.8	45625.4	0.663653	0.00557234	0.663653	0.886523	3.81224
0.999	0.001	10	55727	0.663319	0.00547907	0.663319	0.886078	3.81415
0.999	0.001	10.2001	68071.9	0.662997	0.00538843	0.662997	0.885647	3.81601
0.999	0.001	10.4001	83143.2	0.662686	0.00530038	0.662686	0.885232	3.8178
0.999	0.001	10.6001	101551	0.662385	0.00521478	0.662385	0.884829	3.81953
0.999	0.001	10.8001	124035	0.662094	0.00513151	0.662094	0.884441	3.82121
0.999	0.001	11.0001	151497	0.661812	0.00505048	0.661812	0.884064	3.82284
0.999	0.001	11.2001	185039	0.661539	0.00497159	0.661539	0.8837	3.82441
0.999	0.001	11.4001	226007	0.661275	0.00489476	0.661275	0.883347	3.82594
0.999	0.001	11.6001	276045	0.661019	0.00481991	0.661019	0.883006	3.82742
0.999	0.001	11.8001	337162	0.660772	0.00474695	0.660772	0.882674	3.82886
0.999	0.001	12.0001	411811	0.660531	0.00467582	0.660531	0.882353	3.83025
0.999	0.001	12.2001	502987	0.660298	0.00460643	0.660298	0.882042	3.8316
0.999	0.001	12.4001	614350	0.660072	0.00453873	0.660072	0.88174	3.83291
0.999	0.001	12.6001	750368	0.659853	0.00447265	0.659853	0.881447	3.83419
0.999	0.001	12.8001	916502	0.65964	0.00440813	0.65964	0.881163	3.83543
0.999	0.001	13.0001	1.11942e+06	0.659433	0.00434511	0.659433	0.880887	3.83663
0.999	0.001	13.2001	1.36726e+06	0.659233	0.00428354	0.659233	0.880619	3.8378
0.999	0.001	13.4001	1.66998e+06	0.659038	0.00422337	0.659038	0.880358	3.83893
0.999	0.001	13.6001	2.03971e+06	0.658848	0.00416455	0.658848	0.880105	3.84003
0.999	0.001	13.8001	2.49131e+06	0.658664	0.00410703	0.658664	0.879859	3.84111
0.999	0.001	14.0001	3.04289e+06	0.658485	0.00405077	0.658485	0.87962	3.84215
0.999	0.001	14.2001	3.7166e+06	0.658311	0.00399571	0.658311	0.879388	3.84317
0.999	0.001	14.4001	4.53946e+06	0.658142	0.00394184	0.658142	0.879162	3.84416
0.999	0.001	14.6001	5.54451e+06	0.657977	0.00388909	0.657977	0.878942	3.84512
0.999	0.001	14.8001	6.77208e+06	0.657817	0.00383745	0.657817	0.878728	3.84606
0.999	0.001	15.0001	8.27144e+06	0.657661	0.00378686	0.657661	0.878519	3.84697
0.999	0.001	15.2001	1.01028e+07	0.657509	0.00373731	0.657509	0.878316	3.84786
0.999	0.001	15.4001	1.23395e+07	0.657361	0.00368875	0.657361	0.878119	3.84872
0.999	0.001	15.6001	1.50715e+07	0.657217	0.00364115	0.657217	0.877927	3.84956
0.999	0.001	15.8001	1.84084e+07	0.657077	0.00359449	0.657077	0.877739	3.85038
0.999	0.001	16.0001	2.24841e+07	0.656941	0.00354874	0.656941	0.877557	3.85119
0.999	0.001	16.2001	2.74622e+07	0.656807	0.00350386	0.656807	0.877379	3.85197
0.999	0.001	16.4001	3.35423e+07	0.656678	0.00345984	0.656678	0.877206	3.85273
0.999	0.001	16.6001	4.09687e+07	0.656551	0.00341665	0.656551	0.877037	3.85347
0.999	0.001	16.8001	5.00393e+07	0.656428	0.00337426	0.656428	0.876872	3.85419
0.999	0.001	17.0001	6.11181e+07	0.656308	0.00333265	0.656308	0.876712	3.8549
0.999	0.001	17.2001	7.46499e+07	0.656191	0.0032918	0.656191	0.876555	3.85559
0.999	0.001	17.4001	9.11776e+07	0.656076	0.00325168	0.656076	0.876403	3.85626
0.999	0.001	17.6001	1.11365e+08	0.655965	0.00321229	0.655965	0.876254	3.85691
0.999	0.001	17.8001	1.36021e+08	0.655856	0.00317359	0.655856	0.876108	3.85755
0.999	0.001	18.0001	1.66136e+08	0.65575	0.00313557	0.65575	0.875967	3.85818
0.999	0.001	18.2001	2.02919e+08	0.655646	0.0030982	0.655646	0.875828	3.85879
0.999	0.001	18.4001	2.47846e+08	0.655545	0.00306148	0.655545	0.875693	3.85938
0.999	0.001	18.6001	3.0272e+08	0.655447	0.00302539	0.655447	0.875561	3.85996
0.999	0.001	18.8001	3.69743e+08	0.65535	0.0029899	0.65535	0.875432	3.86053
0.999	0.001	19.0001	4.51605e+08	0.655256	0.00295501	0.655256	0.875307	3.86109
0.999	0.001	19.2001	5.51592e+08	0.655164	0.00292069	0.655164	0.875184	3.86163
0.999	0.001	19.4001	6.73716e+08	0.655074	0.00288694	0.655074	0.875064	3.86216
0.999	0.001	19.6001	8.22879e+08	0.654987	0.00285374	0.654987	0.874947	3.86267
0.999	0.001	19.8001	1.00507e+09	0.654901	0.00282107	0.654901	0.874833	3.86318
0.999	0.001	20.0001	1.22759e+09	0.654817	0.00278893	0.654817	0.874721	3.86367
0.999	0.001	20.2002	1.49953e+09	0.654736	0.00275727	0.654736	0.874611	3.86416
0.999	0.001	20.4002	1.83153e+09	0.654656	0.00272614	0.654656	0.874505	3.86463
0.999	0.001	20.6002	2.23704e+09	0.654577	0.00269548	0.654577	0.8744	3.86509
0.999	0.001	20.8002	2.73233e+09	0.654501	0.00266531	0.654501	0.874298	3.86554
0.999	0.001	21.0002	3.33727e+09	0.654427	0.00263559	0.654427	0.874199	3.86598
0.999	0.001	21.2002	4.07615e+09	0.654354	0.00260633	0.654354	0.874101	3.86641
0.999	0.001	21.4002	4.97862e+09	0.654282	0.0025775	0.654282	0.874006	3.86683
0.999	0.001	21.6002	6.0809e+09	0.654212	0.00254911	0.654212	0.873913	3.86725
0.999	0.001	21.8002	7.42723e+09	0.654144	0.00252115	0.654144	0.873822	3.86765
0.999	0.001	22.0002	9.07164e+09	0.654077	0.00249359	0.654077	0.873732	3.86804
0.999	0.001	22.2002	1.10801e+10	0.654012	0.00246644	0.654012	0.873645	3.86843
0.999	0.001	22.4002	1.35333e+10	0.653948	0.00243968	0.653948	0.87356	3.86881
0.999	0.001	22.6002	1.65296e+10	0.653886	0.00241331	0.653886	0.873477	3.86918
0.999	0.001	22.8002	2.01893e+10	0.653825	0.00238732	0.653825	0.873395	3.86954
0.999	0.001	23.0002	2.46593e+10	0.653765	0.00236169	0.653765	0.873315	3.86989
0.999	0.001	23.2002	3.01189e+10	0.653707	0.00233643	0.653707	0.873237	3.87024
0.999	0.001	23.4002	3.67873e+10	0.653649	0.00231152	0.653649	0.87316	3.87058
0.999	0.001	23.6002	4.49321e+10	0.653593	0.00228696	0.653593	0.873086	3.87091
0.999	0.001	23.8002	5.48802e+10	0.653538	0.00226274	0.653538	0.873012	3.87123
0.999	0.001	24.0002	6.70309e+10	0.653485	0.00223885	0.653485	0.872941	3.87155
0.999	0.001	24.2002	8.18717e+10	0.653432	0.00221529	0.653432	0.872871	3.87186
0.999	0.001	24.4002	9.99983e+10	0.653381	0.00219205	0.653381	0.872802	3.87217
0.999	0.001	24.6002	1.22138e+11	0.65333	0.00216912	0.65333	0.872735	3.87247
0.999	0.001	24.8002	1.4918e+11	0.653281	0.0021465	0.653281	0.872669	3.87276
0.999	0.001	25.0002	1.82209e+11	0.653233	0.00212417	0.653233	0.872604	3.87304
0.999	0.001	25.2002	2.2255e+11	0.653186	0.00210215	0.653186	0.872541	3.87332
0.999	0.001	25.4002	2.71824e+11	0.653139	0.00208041	0.653139	0.872479	3.8736
0.999	0.001	25.6002	3.32006e+11	0.653094	0.00205896	0.653094	0.872419	3.87387
0.999	0.001	25.8002	4.05513e+11	0.65305	0.00203778	0.65305	0.872359	3.87413
0.999	0.001	26.0002	4.95295e+11	0.653006	0.00201688	0.653006	0.872301	3.87439
0.999	0.001	26.2002	6.04955e+11	0.652964	0.00199625	0.652964	0.872244	3.87464
0.999	0.001	26.4002	7.38893e+11	0.652922	0.00197588	0.652922	0.872189	3.87489
0.999	0.001	26.6002	9.02486e+11	0.652881	0.00195577	0.652881	0.872134	3.87513
0.999	0.001	26.8002	1.1023e+12	0.652841	0.00193592	0.652841	0.872081	3.87537
0.999	0.001	27.0002	1.34635e+12	0.652802	0.00191631	0.652802	0.872028	3.8756
0.999	0.001	27.2002	1.64444e+12	0.652763	0.00189695	0.652763	0.871977	3.87583
0.999	0.001	27.4002	2.00852e+12	0.652726	0.00187782	0.652726	0.871927	3.87605
0.999	0.001	27.6002	2.45321e+12	0.652689	0.00185894	0.652689	0.871877	3.87627
0.999	0.001	27.8002	2.99636e+12	0.652653	0.00184029	0.652653	0.871829	3.87649
0.999	0.001	28.0002	3.65976e+12	0.652617	0.00182186	0.652617	0.871782	3.8767
0.999	0.001	28.2002	4.47004e+12	0.652583	0.00180366	0.652583	0.871735	3.8769
0.999	0.001	28.4002	5.45972e+12	0.652549	0.00178568	0.652549	0.87169	3.87711
0.999	0.001	28.6002	6.66852e+12	0.652515	0.00176791	0.652515	0.871645	3.8773
0.999	0.001	28.8002	8.14495e+12	0.652482	0.00175036	0.652482	0.871602	3.8775
0.999	0.001	29.0002	9.94827e+12	0.65245	0.00173302	0.65245	0.871559	3.87769
0.999	0.001	29.2002	1.21508e+13	0.652419	0.00171589	0.652419	0.871517	3.87788
0.999	0.001	29.4002	1.48411e+13	0.652388	0.00169895	0.652388	0.871476	3.87806
0.999	0.001	29.6002	1.81269e+13	0.652358	0.00168222	0.652358	0.871436	3.87824
0.999	0.001	29.8002	2.21403e+13	0.652329	0.00166568	0.652329	0.871396	3.87841
0.999	0.001	30.0002	2.70422e+13	0.6523	0.00164934	0.6523	0.871357	3.87859
0.999	0.001	30.2003	3.30327e+13	0.652271	0.00163318	0.652271	0.871319	3.87876
0.999	0.001	30.4003	4.03462e+13	0.652243	0.00161721	0.652243	0.871282	3.87892
0.999	0.001	30.6003	4.9279e+13	0.652216	0.00160142	0.652216	0.871246	3.87908
0.999	0.001	30.8003	6.01895e+13	0.652189	0.00158582	0.652189	0.87121	3.87924
0.999	0.001	31.0003	7.35156e+13	0.652163	0.0015704	0.652163	0.871175	3.8794
0.999	0.001	31.2003	8.97922e+13	0.652137	0.00155515	0.652137	0.87114	3.87955
0.999	0.001	31.4003	1.09672e+14	0.652112	0.00154007	0.652112	0.871107	3.8797
0.999	0.001	31.6003	1.33954e+14	0.652087	0.00152516	0.652087	0.871074	3.87985
0.999	0.001	31.8003	1.63612e+14	0.652063	0.00151043	0.652063	0.871041	3.87999
0.999	0.001	32.0003	1.99836e+14	0.652039	0.00149585	0.652039	0.871009	3.88014
0.999	0.001	32.2003	2.44081e+14	0.652016	0.00148144	0.652016	0.870978	3.88028
0.999	0.001	32.4003	2.98121e+14	0.651993	0.00146719	0.651993	0.870947	3.88041
0.999	0.001	32.6003	3.64125e+14	0.65197	0.0014531	0.65197	0.870917	3.88055
0.999	0.001	32.8003	4.44744e+14	0.651948	0.00143916	0.651948	0.870888	3.88068
0.999	0.001	33.0003	5.43211e+14	0.651926	0.00142538	0.651926	0.870859	3.88081
0.999	0.001	33.2003	6.6348e+14	0.651905	0.00141174	0.651905	0.870831	3.88093
0.999	0.001	33.4003	8.10376e+14	0.651884	0.00139826	0.651884	0.870803	3.88106
0.999	0.001	33.6003	9.89795e+14	0.651864	0.00138492	0.651864	0.870776	3.88118
0.999	0.001	33.8003	1.20894e+15	0.651844	0.00137173	0.651844	0.870749	3.8813
0.999	0.001	34.0003	1.4766e+15	0.651824	0.00135868	0.651824	0.870723	3.88141
0.999	0.001	34.2003	1.80352e+15	0.651805	0.00134577	0.651805	0.870697	3.88153
0.999	0.001	34.4003	2.20283e+15	0.651786	0.00133299	0.651786	0.870672	3.88164
0.999	0.001	34.6003	2.69054e+15	0.651768	0.00132036	0.651768	0.870647	3.88175
0.999	0.001	34.8003	3.28624e+15	0.651749	0.00130786	0.651749	0.870623	3.88186
0.999	0.001	35.0003	4.01382e+15	0.651732	0.00129549	0.651732	0.870599	3.88197
0.999	0.001	35.2003	4.90249e+15	0.651714	0.00128326	0.651714	0.870575	3.88207
0.999	0.001	35.4003	5.98791e+15	0.651697	0.00127115	0.651697	0.870552	3.88217
0.999	0.001	35.6003	7.31365e+15	0.65168	0.00125917	0.65168	0.87053	3.88227
0.999	0.001	35.8003	8.93292e+15	0.651663	0.00124732	0.651663	0.870508	3.88237
0.999	0.001	36.0003	1.09107e+16	0.651647	0.00123559	0.651647	0.870486	3.88247
0.999	0.001	36.2003	1.33263e+16	0.651631	0.00122399	0.651631	0.870465	3.88256
0.999	0.001	36.4003	1.62768e+16	0.651616	0.0012125	0.651616	0.870444	3.88266
0.999	0.001	36.6003	1.98806e+16	0.6516	0.00120114	0.6516	0.870423	3.88275
0.999	0.001	36.8003	2.42822e+16	0.651585	0.00118989	0.651585	0.870403	3.88284
0.999	0.001	37.0003	2.96583e+16	0.651571	0.00117876	0.651571	0.870384	3.88293
0.999	0.001	37.2003	3.62248e+16	0.651556	0.00116774	0.651556	0.870364	3.88301
0.999	0.001	37.4003	4.4245e+16	0.651542	0.00115684	0.651542	0.870345	3.8831
0.999	0.001	37.6003	5.4041e+16	0.651528	0.00114605	0.651528	0.870327	3.88318
0.999	0.001	37.8003	6.60058e+16	0.651514	0.00113537	0.651514	0.870308	3.88326
0.999	0.001	38.0003	8.06197e+16	0.651501	0.0011248	0.651501	0.87029	3.88334
0.999	0.001	38.2003	9.84691e+16	0.651487	0.00111434	0.651487	0.870273	3.88342
0.999	0.001	38.4003	1.2027e+17	0.651475	0.00110398	0.651475	0.870255	3.8835
0.999	0.001	38.6003	1.46899e+17	0.651462	0.00109373	0.651462	0.870238	3.88357
0.999	0.001	38.8003	1.79422e+17	0.651449	0.00108358	0.651449	0.870222	3.88365
0.999	0.001	39.0003	2.19147e+17	0.651437	0.00107354	0.651437	0.870205	3.88372
0.999	0.001	39.2003	2.67667e+17	0.651425	0.00106359	0.651425	0.870189	3.88379
0.999	0.001	39.4003	3.26929e+17	0.651413	0.00105375	0.651413	0.870174	3.88386
0.999	0.001	39.6003	3.99312e+17	0.651402	0.001044	0.651402	0.870158	3.88393
0.999	0.001	39.8003	4.87721e+17	0.65139	0.00103435	0.65139	0.870143	3.884
0.999	0.001	40.0003	5.95703e+17	0.651379	0.0010248	0.651379	0.870128	3.88407
0.999	0.001	40.2004	7.27667e+17	0.651368	0.00101534	0.651368	0.870113	3.88413
0.999	0.001	40.4004	8.88774e+17	0.651357	0.00100598	0.651357	0.870099	3.8842
0.999	0.001	40.6004	1.08555e+18	0.651347	0.000996711	0.651347	0.870085	3.88426
0.999	0.001	40.8004	1.32589e+18	0.651337	0.000987534	0.651337	0.870071	3.88432
0.999	0.001	41.0004	1.61945e+18	0.651326	0.000978447	0.651326	0.870057	3.88438
0.999	0.001	41.2004	1.978e+18	0.651316	0.000969451	0.651316	0.870044	3.88444
0.999	0.001	41.4004	2.41594e+18	0.651307	0.000960543	0.651307	0.870031	3.8845
0.999	0.001	41.6004	2.95083e+18	0.651297	0.000951722	0.651297	0.870018	3.88456
0.999	0.001	41.8004	3.60416e+18	0.651288	0.000942989	0.651288	0.870006	3.88461
0.999	0.001	42.0004	4.40213e+18	0.651278	0.000934341	0.651278	0.869993	3.88467
0.999	0.001	42.2004	5.37677e+18	0.651269	0.000925778	0.651269	0.869981	3.88472
0.999	0.001	42.4004	6.5672e+18	0.65126	0.000917298	0.65126	0.869969	3.88478
0.999	0.001	42.6004	8.0212e+18	0.651251	0.000908901	0.651251	0.869957	3.88483
0.999	0.001	42.8004	9.79711e+18	0.651243	0.000900586	0.651243	0.869946	3.88488
0.999	0.001	43.0004	1.19662e+19	0.651234	0.000892352	0.651234	0.869935	3.88493
0.999	0.001	43.2004	1.46156e+19	0.651226	0.000884197	0.651226	0.869923	3.88498
0.999	0.001	43.4004	1.78515e+19	0.651218	0.000876122	0.651218	0.869913	3.88503
0.999	0.001	43.6004	2.18039e+19	0.65121	0.000868125	0.65121	0.869902	3.88508
0.999	0.001	43.8004	2.66313e+19	0.651202	0.000860205	0.651202	0.869891	3.88512
0.999	0.001	44.0004	3.25276e+19	0.651194	0.000852362	0.651194	0.869881	3.88517
0.999	0.001	44.2004	3.97292e+19	0.651187	0.000844594	0.651187	0.869871	3.88521
0.999	0.001	44.4004	4.85254e+19	0.651179	0.000836901	0.651179	0.869861	3.88526
0.999	0.001	44.6004	5.92691e+19	0.651172	0.000829281	0.651172	0.869851	3.8853
0.999	0.001	44.8004	7.23914e+19	0.651165	0.000821735	0.651165	0.869842	3.88534
0.999	0.001	45.0004	8.84191e+19	0.651158	0.000814261	0.651158	0.869832	3.88539
0.999	0.001	45.2004	1.07995e+20	0.651151	0.000806859	0.651151	0.869823	3.88543
0.999	0.001	45.4004	1.31906e+20	0.651144	0.000799528	0.651144	0.869814	3.88547
0.999	0.001	45.6004	1.6111e+20	0.651138	0.000792266	0.651138	0.869805	3.88551
0.999	0.001	45.8004	1.9678e+20	0.651131	0.000785074	0.651131	0.869796	3.88555
0.999	0.001	46.0004	2.40348e+20	0.651125	0.00077795	0.651125	0.869788	3.88559
0.999	0.001	46.2004	2.93562e+20	0.651118	0.000770893	0.651118	0.869779	3.88562
0.999	0.001	46.4004	3.58557e+20	0.651112	0.000763904	0.651112	0.869771	3.88566
0.999	0.001	46.6004	4.37943e+20	0.651106	0.000756981	0.651106	0.869763	3.8857
0.999	0.001	46.8004	5.34904e+20	0.6511	0.000750124	0.6511	0.869755	3.88573
0.999	0.001	47.0004	6.53333e+20	0.651094	0.000743332	0.651094	0.869747	3.88577
0.999	0.001	47.2004	7.97983e+20	0.651088	0.000736603	0.651088	0.86974	3.8858
0.999	0.001	47.4004	9.74659e+20	0.651083	0.000729939	0.651083	0.869732	3.88583
0.999	0.001	47.6004	1.19045e+21	0.651077	0.000723337	0.651077	0.869725	3.88587
0.999	0.001	47.8004	1.45402e+21	0.651072	0.000716797	0.651072	0.869717	3.8859
0.999	0.001	48.0004	1.77594e+21	0.651066	0.000710319	0.651066	0.86971	3.88593
0.999	0.001	48.2004	2.16914e+21	0.651061	0.000703902	0.651061	0.869703	3.88596
0.999	0.001	48.4004	2.6494e+21	0.651056	0.000697544	0.651056	0.869696	3.88599
0.999	0.001	48.6004	3.23598e+21	0.651051	0.000691247	0.651051	0.869689	3.88602
0.999	0.001	48.8004	3.95244e+21	0.651046	0.000685009	0.651046	0.869683	3.88605
0.999	0.001	49.0004	4.82752e+21	0.651041	0.000678829	0.651041	0.869676	3.88608
0.999	0.001	49.2004	5.89634e+21	0.651036	0.000672707	0.651036	0.86967	3.88611
0.999	0.001	49.4004	7.20181e+21	0.651032	0.000666642	0.651032	0.869664	3.88614
0.999	0.001	49.6004	8.79631e+21	0.651027	0.000660633	0.651027	0.869657	3.88617
0.999	0.001	49.8004	1.07438e+22	0.651022	0.000654681	0.651022	0.869651	3.8862
0.999	0.001	50.0004	1.31226e+22	0.651018	0.000648784	0.651018	0.869645	3.88622
0.999	0.001	50.2005	1.60295e+22	0.651013	0.000642939	0.651013	0.869639	3.88625
0.999	0.001	50.4005	1.95785e+22	0.651009	0.000637152	0.651009	0.869634	3.88627
0.999	0.001	50.6005	2.39132e+22	0.651005	0.000631418	0.651005	0.869628	3.8863
0.999	0.001	50.8005	2.92077e+22	0.651001	0.000625738	0.651001	0.869622	3.88632
0.999	0.001	51.0005	3.56744e+22	0.650997	0.00062011	0.650997	0.869617	3.88635
0.999	0.001	51.2005	4.35728e+22	0.650993	0.000614534	0.650993	0.869612	3.88637
0.999	0.001	51.4005	5.32199e+22	0.650989	0.00060901	0.650989	0.869606	3.8864
0.999	0.001	51.6005	6.50029e+22	0.650985	0.000603537	0.650985	0.869601	3.88642
0.999	0.001	51.8005	7.93948e+22	0.650981	0.000598115	0.650981	0.869596	3.88644
0.999	0.001	52.0005	9.6973e+22	0.650977	0.000592743	0.650977	0.869591	3.88646
0.999	0.001	52.2005	1.18443e+23	0.650974	0.00058742	0.650974	0.869586	3.88649
0.999	0.001	52.4005	1.44667e+23	0.65097	0.000582147	0.65097	0.869582	3.88651
0.999	0.001	52.6005	1.76696e+23	0.650967	0.000576922	0.650967	0.869577	3.88653
0.999	0.001	52.8005	2.15817e+23	0.650963	0.000571746	0.650963	0.869572	3.88655
0.999	0.001	53.0005	2.636e+23	0.65096	0.000566617	0.65096	0.869568	3.88657
0.999	0.001	53.2005	3.21962e+23	0.650956	0.000561535	0.650956	0.869563	3.88659
0.999	0.001	53.4005	3.93245e+23	0.650953	0.0005565	0.650953	0.869559	3.88661
0.999	0.001	53.6005	4.8031e+23	0.65095	0.000551511	0.65095	0.869554	3.88663
0.999	0.001	53.8005	5.86652e+23	0.650947	0.000546568	0.650947	0.86955	3.88665
0.999	0.001	54.0005	7.16539e+23	0.650944	0.000541671	0.650944	0.869546	3.88667
0.999	0.001	54.2005	8.75182e+23	0.650941	0.000536818	0.650941	0.869542	3.88668
0.999	0.001	54.4005	1.06895e+24	0.650938	0.00053201	0.650938	0.869538	3.8867
0.999	0.001	54.6005	1.30562e+24	0.650935	0.000527246	0.650935	0.869534	3.88672
0.999	0.001	54.8005	1.59469e+24	0.650932	0.000522526	0.650932	0.86953	3.88674
0.999	0.001	55.0005	1.94775e+24	0.650929	0.000517848	0.650929	0.869526	3.88675
0.999	0.001	55.2005	2.37899e+24	0.650926	0.000513214	0.650926	0.869523	3.88677
0.999	0.001	55.4005	2.90571e+24	0.650923	0.000508622	0.650923	0.869519	3.88679
0.999	0.001	55.6005	3.54904e+24	0.650921	0.000504072	0.650921	0.869515	3.8868
0.999	0.001	55.8005	4.33481e+24	0.650918	0.000499563	0.650918	0.869512	3.88682
0.999	0.001	56.0005	5.29455e+24	0.650915	0.000495096	0.650915	0.869508	3.88683
0.999	0.001	56.2005	6.46677e+24	0.650913	0.000490669	0.650913	0.869505	3.88685
0.999	0.001	56.4005	7.89853e+24	0.65091	0.000486282	0.65091	0.869502	3.88686
0.999	0.001	56.6005	9.64729e+24	0.650908	0.000481936	0.650908	0.869498	3.88688
0.999	0.001	56.8005	1.17832e+25	0.650905	0.000477629	0.650905	0.869495	3.88689
0.999	0.001	57.0005	1.43921e+25	0.650903	0.000473362	0.650903	0.869492	3.88691
0.999	0.001	57.2005	1.75785e+25	0.650901	0.000469133	0.650901	0.869489	3.88692
0.999	0.001	57.4005	2.14704e+25	0.650898	0.000464942	0.650898	0.869486	3.88694
0.999	0.001	57.6005	2.62241e+25	0.650896	0.00046079	0.650896	0.869483	3.88695
0.999	0.001	57.8005	3.20301e+25	0.650894	0.000456676	0.650894	0.86948	3.88696
0.999	0.001	58.0005	3.91217e+25	0.650892	0.000452598	0.650892	0.869477	3.88697
0.999	0.001	58.2005	4.77833e+25	0.65089	0.000448558	0.65089	0.869474	3.88699
0.999	0.001	58.4005	5.83627e+25	0.650888	0.000444555	0.650888	0.869471	3.887
0.999	0.001	58.6005	7.12844e+25	0.650885	0.000440587	0.650885	0.869468	3.88701
0.999	0.001	58.8005	8.70669e+25	0.650883	0.000436656	0.650883	0.869466	3.88702
0.999	0.001	59.0005	1.06344e+26	0.650881	0.000432761	0.650881	0.869463	3.88704
0.999	0.001	59.2005	1.29889e+26	0.65088	0.0004289	0.65088	0.869461	3.88705
0.999	0.001	59.4005	1.58646e+26	0.650878	0.000425075	0.650878	0.869458	3.88706
0.999	0.001	59.6005	1.93771e+26	0.650876	0.000421284	0.650876	0.869455	3.88707
0.999	0.001	59.8005	2.36672e+26	0.650874	0.000417528	0.650874	0.869453	3.88708
0.999	0.001	60.0005	2.89072e+26	0.650872	0.000413805	0.650872	0.869451	3.88709
0.999	0.001	60.2006	3.53109e+26	0.65087	0.000410114	0.65087	0.869448	3.8871
0.999	0.001	60.4006	4.31288e+26	0.650869	0.000406459	0.650869	0.869446	3.88711
0.999	0.001	60.6006	5.26777e+26	0.650867	0.000402837	0.650867	0.869444	3.88712
0.999	0.001	60.8006	6.43407e+26	0.650865	0.000399247	0.650865	0.869441	3.88713
0.999	0.001	61.0006	7.85859e+26	0.650863	0.000395689	0.650863	0.869439	3.88714
0.999	0.001	61.2006	9.5985e+26	0.650862	0.000392164	0.650862	0.869437	3.88715
0.999	0.001	61.4006	1.17236e+27	0.65086	0.000388671	0.65086	0.869435	3.88716
0.999	0.001	61.6006	1.43193e+27	0.650859	0.000385209	0.650859	0.869433	3.88717
0.999	0.001	61.8006	1.74896e+27	0.650857	0.000381778	0.650857	0.869431	3.88718
0.999	0.001	62.0006	2.13619e+27	0.650856	0.000378378	0.650856	0.869429	3.88719
0.999	0.001	62.2006	2.60914e+27	0.650854	0.000375009	0.650854	0.869427	3.8872
0.999	0.001	62.4006	3.18681e+27	0.650853	0.00037167	0.650853	0.869425	3.88721
0.999	0.001	62.6006	3.89238e+27	0.650851	0.000368361	0.650851	0.869423	3.88722
0.999	0.001	62.8006	4.75417e+27	0.65085	0.000365082	0.65085	0.869421	3.88723
0.999	0.001	63.0006	5.80675e+27	0.650848	0.000361833	0.650848	0.869419	3.88723
0.999	0.001	63.2006	7.09239e+27	0.650847	0.000358613	0.650847	0.869417	3.88724
0.999	0.001	63.4006	8.66266e+27	0.650846	0.000355421	0.650846	0.869415	3.88725
0.999	0.001	63.6006	1.05806e+28	0.650844	0.000352259	0.650844	0.869414	3.88726
0.999	0.001	63.8006	1.29232e+28	0.650843	0.000349125	0.650843	0.869412	3.88727
0.999	0.001	64.0006	1.57844e+28	0.650842	0.000346019	0.650842	0.86941	3.88727
0.999	0.001	64.2006	1.92791e+28	0.650841	0.00034294	0.650841	0.869408	3.88728
0.999	0.001	64.4006	2.35476e+28	0.650839	0.00033989	0.650839	0.869407	3.88729
0.999	0.001	64.6006	2.8761e+28	0.650838	0.000336867	0.650838	0.869405	3.8873
0.999	0.001	64.8006	3.51288e+28	0.650837	0.000333871	0.650837	0.869404	3.8873
0.999	0.001	65.0006	4.29064e+28	0.650836	0.000330902	0.650836	0.869402	3.88731
0.999	0.001	65.2006	5.2406e+28	0.650835	0.00032796	0.650835	0.869401	3.88732
0.999	0.001	65.4006	6.40089e+28	0.650834	0.000325044	0.650834	0.869399	3.88732
0.999	0.001	65.6006	7.81806e+28	0.650832	0.000322154	0.650832	0.869398	3.88733
0.999	0.001	65.8006	9.549e+28	0.650831	0.00031929	0.650831	0.869396	3.88734
0.999	0.001	66.0006	1.16632e+29	0.65083	0.000316451	0.65083	0.869395	3.88734
0.999	0.001	66.2006	1.42454e+29	0.650829	0.000313639	0.650829	0.869393	3.88735
0.999	0.001	66.4006	1.73994e+29	0.650828	0.000310851	0.650828	0.869392	3.88735
0.999	0.001	66.6006	2.12517e+29	0.650827	0.000308088	0.650827	0.869391	3.88736
0.999	0.001	66.8006	2.59569e+29	0.650826	0.00030535	0.650826	0.869389	3.88737
0.999	0.001	67.0006	3.17038e+29	0.650825	0.000302637	0.650825	0.869388	3.88737
0.999	0.001	67.2006	3.87231e+29	0.650824	0.000299948	0.650824	0.869387	3.88738
0.999	0.001	67.4006	4.72965e+29	0.650823	0.000297283	0.650823	0.869386	3.88738
0.999	0.001	67.6006	5.77681e+29	0.650822	0.000294642	0.650822	0.869384	3.88739
0.999	0.001	67.8006	7.05581e+29	0.650822	0.000292024	0.650822	0.869383	3.88739
0.999	0.001	68.0006	8.61799e+29	0.650821	0.00028943	0.650821	0.869382	3.8874
0.999	0.001	68.2006	1.0526e+30	0.65082	0.000286859	0.65082	0.869381	3.8874
0.999	0.001	68.4006	1.28565e+30	0.650819	0.000284311	0.650819	0.86938	3.88741
0.999	0.001	68.6006	1.5703e+30	0.650818	0.000281786	0.650818	0.869378	3.88741
0.999	0.001	68.8006	1.91797e+30	0.650817	0.000279283	0.650817	0.869377	3.88742
0.999	0.001	69.0006	2.34261e+30	0.650816	0.000276803	0.650816	0.869376	3.88742
0.999	0.001	69.2006	2.86127e+30	0.650816	0.000274345	0.650816	0.869375	3.88743
0.999	0.001	69.4006	3.49477e+30	0.650815	0.000271909	0.650815	0.869374	3.88743
0.999	0.001	69.6006	4.26852e+30	0.650814	0.000269495	0.650814	0.869373	3.88744
0.999	0.001	69.8006	5.21358e+30	0.650813	0.000267102	0.650813	0.869372	3.88744
0.999	0.001	70.0006	6.36788e+30	0.650813	0.000264731	0.650813	0.869371	3.88745
0.999	0.001	70.2007	7.77852e+30	0.650812	0.000262379	0.650812	0.86937	3.88745
0.999	0.001	70.4007	9.50071e+30	0.650811	0.00026005	0.650811	0.869369	3.88746
0.999	0.001	70.6007	1.16042e+31	0.65081	0.000257742	0.65081	0.869368	3.88746
0.999	0.001	70.8007	1.41734e+31	0.65081	0.000255454	0.65081	0.869367	3.88746
0.999	0.001	71.0007	1.73114e+31	0.650809	0.000253186	0.650809	0.869366	3.88747
0.999	0.001	71.2007	2.11442e+31	0.650808	0.000250939	0.650808	0.869366	3.88747
0.999	0.001	71.4007	2.58256e+31	0.650808	0.000248712	0.650808	0.869365	3.88748
0.999	0.001	71.6007	3.15435e+31	0.650807	0.000246505	0.650807	0.869364	3.88748
0.999	0.001	71.8007	3.85273e+31	0.650806	0.000244317	0.650806	0.869363	3.88748
0.999	0.001	72.0007	4.70573e+31	0.650806	0.000242149	0.650806	0.869362	3.88749
0.999	0.001	72.2007	5.74759e+31	0.650805	0.00024	0.650805	0.869361	3.88749
0.999	0.001	72.4007	7.02013e+31	0.650805	0.000237871	0.650805	0.86936	3.8875
0.999	0.001	72.6007	8.5744e+31	0.650804	0.00023576	0.650804	0.86936	3.8875
0.999	0.001	72.8007	1.04728e+32	0.650803	0.000233668	0.650803	0.869359	3.8875
0.999	0.001	73.0007	1.27915e+32	0.650803	0.000231595	0.650803	0.869358	3.88751
0.999	0.001	73.2007	1.56236e+32	0.650802	0.000229541	0.650802	0.869357	3.88751
0.999	0.001	73.4007	1.90827e+32	0.650802	0.000227504	0.650802	0.869357	3.88751
0.999	0.001	73.6007	2.33076e+32	0.650801	0.000225486	0.650801	0.869356	3.88752
0.999	0.001	73.8007	2.8468e+32	0.650801	0.000223486	0.650801	0.869355	3.88752
0.999	0.001	74.0007	3.47709e+32	0.6508	0.000221503	0.6508	0.869355	3.88752
0.999	0.001	74.2007	4.24693e+32	0.6508	0.000219539	0.6508	0.869354	3.88752
0.999	0.001	74.4007	5.18721e+32	0.650799	0.000217591	0.650799	0.869353	3.88753
0.999	0.001	74.6007	6.33567e+32	0.650799	0.000215662	0.650799	0.869353	3.88753
0.999	0.001	74.8007	7.73841e+32	0.650798	0.000213749	0.650798	0.869352	3.88753
0.999	0.001	75.0007	9.45172e+32	0.650798	0.000211853	0.650798	0.869351	3.88754
0.999	0.001	75.2007	1.15444e+33	0.650797	0.000209974	0.650797	0.869351	3.88754
0.999	0.001	75.4007	1.41003e+33	0.650797	0.000208112	0.650797	0.86935	3.88754
0.999	0.001	75.6007	1.72221e+33	0.650796	0.000206267	0.650796	0.869349	3.88754
0.999	0.001	75.8007	2.10352e+33	0.650796	0.000204437	0.650796	0.869349	3.88755
0.999	0.001	76.0007	2.56924e+33	0.650796	0.000202625	0.650796	0.869348	3.88755
0.999	0.001	76.2007	3.13808e+33	0.650795	0.000200828	0.650795	0.869348	3.88755
0.999	0.001	76.4007	3.83286e+33	0.650795	0.000199047	0.650795	0.869347	3.88755
0.999	0.001	76.6007	4.68147e+33	0.650794	0.000197282	0.650794	0.869347	3.88756
0.999	0.001	76.8007	5.71796e+33	0.650794	0.000195533	0.650794	0.869346	3.88756
0.999	0.001	77.0007	6.98393e+33	0.650793	0.000193799	0.650793	0.869346	3.88756
0.999	0.001	77.2007	8.53019e+33	0.650793	0.000192081	0.650793	0.869345	3.88756
0.999	0.001	77.4007	1.04188e+34	0.650793	0.000190378	0.650793	0.869344	3.88757
0.999	0.001	77.6007	1.27255e+34	0.650792	0.000188691	0.650792	0.869344	3.88757
0.999	0.001	77.8007	1.5543e+34	0.650792	0.000187018	0.650792	0.869343	3.88757
0.999	0.001	78.0007	1.89843e+34	0.650792	0.00018536	0.650792	0.869343	3.88757
0.999	0.001	78.2007	2.31875e+34	0.650791	0.000183717	0.650791	0.869343	3.88758
0.999	0.001	78.4007	2.83212e+34	0.650791	0.000182088	0.650791	0.869342	3.88758
0.999	0.001	78.6007	3.45916e+34	0.65079	0.000180474	0.65079	0.869342	3.88758
0.999	0.001	78.8007	4.22503e+34	0.65079	0.000178874	0.65079	0.869341	3.88758
0.999	0.001	79.0007	5.16046e+34	0.65079	0.000177289	0.65079	0.869341	3.88758
0.999	0.001	79.2007	6.303e+34	0.650789	0.000175717	0.650789	0.86934	3.88759
0.999	0.001	79.4007	7.6985e+34	0.650789	0.00017416	0.650789	0.86934	3.88759
0.999	0.001	79.6007	9.40298e+34	0.650789	0.000172616	0.650789	0.869339	3.88759
0.999	0.001	79.8007	1.14848e+35	0.650789	0.000171086	0.650789	0.869339	3.88759
0.999	0.001	80.0007	1.40276e+35	0.650788	0.00016957	0.650788	0.869339	3.88759
0.999	0.001	80.2008	1.71351e+35	0.650788	0.000168066	0.650788	0.869338	3.8876
0.999	0.001	80.4008	2.09288e+35	0.650788	0.000166577	0.650788	0.869338	3.8876
0.999	0.001	80.6008	2.55625e+35	0.650787	0.000165101	0.650787	0.869337	3.8876
0.999	0.001	80.8008	3.12221e+35	0.650787	0.000163638	0.650787	0.869337	3.8876
0.999	0.001	81.0008	3.81348e+35	0.650787	0.000162187	0.650787	0.869337	3.8876
0.999	0.001	81.2008	4.65779e+35	0.650787	0.00016075	0.650787	0.869336	3.8876
0.999	0.001	81.4008	5.68904e+35	0.650786	0.000159326	0.650786	0.869336	3.88761
0.999	0.001	81.6008	6.94861e+35	0.650786	0.000157914	0.650786	0.869336	3.88761
0.999	0.001	81.8008	8.48705e+35	0.650786	0.000156514	0.650786	0.869335	3.88761
0.999	0.001	82.0008	1.03661e+36	0.650785	0.000155127	0.650785	0.869335	3.88761
0.999	0.001	82.2008	1.26612e+36	0.650785	0.000153753	0.650785	0.869335	3.88761
0.999	0.001	82.4008	1.54644e+36	0.650785	0.000152391	0.650785	0.869334	3.88761
0.999	0.001	82.6008	1.88883e+36	0.650785	0.00015104	0.650785	0.869334	3.88761
0.999	0.001	82.8008	2.30702e+36	0.650785	0.000149702	0.650785	0.869334	3.88762
0.999	0.001	83.0008	2.8178e+36	0.650784	0.000148376	0.650784	0.869333	3.88762
0.999	0.001	83.2008	3.44167e+36	0.650784	0.000147061	0.650784	0.869333	3.88762
0.999	0.001	83.4008	4.20366e+36	0.650784	0.000145758	0.650784	0.869333	3.88762
0.999	0.001	83.6008	5.13436e+36	0.650784	0.000144466	0.650784	0.869332	3.88762
0.999	0.001	83.8008	6.27113e+36	0.650783	0.000143187	0.650783	0.869332	3.88762
0.999	0.001	84.0008	7.65957e+36	0.650783	0.000141918	0.650783	0.869332	3.88762
0.999	0.001	84.2008	9.35542e+36	0.650783	0.000140661	0.650783	0.869332	3.88762
0.999	0.001	84.4008	1.14267e+37	0.650783	0.000139414	0.650783	0.869331	3.88763
0.999	0.001	84.6008	1.39566e+37	0.650783	0.000138179	0.650783	0.869331	3.88763
0.999	0.001	84.8008	1.70467e+37	0.650782	0.000136955	0.650782	0.869331	3.88763
0.999	0.001	85.0008	2.08209e+37	0.650782	0.000135742	0.650782	0.86933	3.88763
0.999	0.001	85.2008	2.54307e+37	0.650782	0.000134539	0.650782	0.86933	3.88763
0.999	0.001	85.4008	3.10611e+37	0.650782	0.000133347	0.650782	0.86933	3.88763
0.999	0.001	85.6008	3.79381e+37	0.650782	0.000132166	0.650782	0.86933	3.88763
0.999	0.001	85.8008	4.63377e+37	0.650781	0.000130995	0.650781	0.869329	3.88763
0.999	0.001	86.0008	5.6597e+37	0.650781	0.000129835	0.650781	0.869329	3.88764
0.999	0.001	86.2008	6.91277e+37	0.650781	0.000128685	0.650781	0.869329	3.88764
0.999	0.001	86.4008	8.44328e+37	0.650781	0.000127545	0.650781	0.869329	3.88764
0.999	0.001	86.6008	1.03126e+38	0.650781	0.000126415	0.650781	0.869329	3.88764
0.999	0.001	86.8008	1.25959e+38	0.650781	0.000125295	0.650781	0.869328	3.88764
0.999	0.001	87.0008	1.53847e+38	0.65078	0.000124185	0.65078	0.869328	3.88764
0.999	0.001	87.2008	1.87909e+38	0.65078	0.000123085	0.65078	0.869328	3.88764
0.999	0.001	87.4008	2.29512e+38	0.65078	0.000121995	0.65078	0.869328	3.88764
0.999	0.001	87.6008	2.80327e+38	0.65078	0.000120915	0.65078	0.869327	3.88764
0.999	0.001	87.8008	3.42392e+38	0.65078	0.000119844	0.65078	0.869327	3.88764
0.999	0.001	88.0008	4.18198e+38	0.65078	0.000118782	0.65078	0.869327	3.88764
0.999	0.001	88.2008	5.10789e+38	0.650779	0.00011773	0.650779	0.869327	3.88765
0.999	0.001	88.4008	6.23879e+38	0.650779	0.000116687	0.650779	0.869327	3.88765
0.999	0.001	88.6008	7.62007e+38	0.650779	0.000115654	0.650779	0.869326	3.88765
0.999	0.001	88.8008	9.30718e+38	0.650779	0.000114629	0.650779	0.869326	3.88765
0.999	0.001	89.0008	1.13678e+39	0.650779	0.000113614	0.650779	0.869326	3.88765
0.999	0.001	89.2008	1.38847e+39	0.650779	0.000112608	0.650779	0.869326	3.88765
0.999	0.001	89.4008	1.69588e+39	0.650779	0.00011161	0.650779	0.869326	3.88765
0.999	0.001	89.6008	2.07135e+39	0.650778	0.000110622	0.650778	0.869326	3.88765
0.999	0.001	89.8008	2.52995e+39	0.650778	0.000109642	0.650778	0.869325	3.88765
0.999	0.001	90.0008	3.09009e+39	0.650778	0.000108671	0.650778	0.869325	3.88765
0.999	0.001	90.2009	3.77462e+39	0.650778	0.000107708	0.650778	0.869325	3.88765
0.999	0.001	90.4009	4.61034e+39	0.650778	0.000106754	0.650778	0.869325	3.88765
0.999	0.001	90.6009	5.63108e+39	0.650778	0.000105809	0.650778	0.869325	3.88766
0.999	0.001	90.8009	6.87781e+39	0.650778	0.000104872	0.650778	0.869325	3.88766
0.999	0.001	91.0009	8.40058e+39	0.650778	0.000103943	0.650778	0.869324	3.88766
0.999	0.001	91.2009	1.02605e+40	0.650778	0.000103022	0.650778	0.869324	3.88766
0.999	0.001	91.4009	1.25322e+40	0.650777	0.00010211	0.650777	0.869324	3.88766
0.999	0.001	91.6009	1.53069e+40	0.650777	0.000101206	0.650777	0.869324	3.88766
0.999	0.001	91.8009	1.86958e+40	0.650777	0.000100309	0.650777	0.869324	3.88766
0.999	0.001	92.0009	2.28351e+40	0.650777	9.94211e-05	0.650777	0.869324	3.88766
0.999	0.001	92.2009	2.78909e+40	0.650777	9.85407e-05	0.650777	0.869324	3.88766
0.999	0.001	92.4009	3.4066e+40	0.650777	9.7668e-05	0.650777	0.869323	3.88766
0.999	0.001	92.6009	4.16083e+40	0.650777	9.68031e-05	0.650777	0.869323	3.88766
0.999	0.001	92.8009	5.08205e+40	0.650777	9.59459e-05	0.650777	0.869323	3.88766
0.999	0.001	93.0009	6.20724e+40	0.650777	9.50962e-05	0.650777	0.869323	3.88766
0.999	0.001	93.2009	7.58153e+40	0.650777	9.42541e-05	0.650777	0.869323	3.88766
0.999	0.001	93.4009	9.26011e+40	0.650776	9.34194e-05	0.650776	0.869323	3.88766
0.999	0.001	93.6009	1.13103e+41	0.650776	9.25921e-05	0.650776	0.869323	3.88766
0.999	0.001	93.8009	1.38145e+41	0.650776	9.17722e-05	0.650776	0.869323	3.88766
0.999	0.001	94.0009	1.6873e+41	0.650776	9.09595e-05	0.650776	0.869322	3.88767
0.999	0.001	94.2009	2.06087e+41	0.650776	9.01541e-05	0.650776	0.869322	3.88767
0.999	0.001	94.4009	2.51716e+41	0.650776	8.93557e-05	0.650776	0.869322	3.88767
0.999	0.001	94.6009	3.07446e+41	0.650776	8.85645e-05	0.650776	0.869322	3.88767
0.999	0.001	94.8009	3.75516e+41	0.650776	8.77802e-05	0.650776	0.869322	3.88767
0.999	0.001	95.0009	4.58656e+41	0.650776	8.70029e-05	0.650776	0.869322	3.88767
0.999	0.001	95.2009	5.60204e+41	0.650776	8.62325e-05	0.650776	0.869322	3.88767
0.999	0.001	95.4009	6.84234e+41	0.650776	8.54689e-05	0.650776	0.869322	3.88767
0.999	0.001	95.6009	8.35726e+41	0.650776	8.47121e-05	0.650776	0.869322	3.88767
0.999	0.001	95.8009	1.02076e+42	0.650775	8.3962e-05	0.650775	0.869321	3.88767
0.999	0.001	96.0009	1.24676e+42	0.650775	8.32185e-05	0.650775	0.869321	3.88767
0.999	0.001	96.2009	1.52279e+42	0.650775	8.24817e-05	0.650775	0.869321	3.88767
0.999	0.001	96.4009	1.85994e+42	0.650775	8.17513e-05	0.650775	0.869321	3.88767
0.999	0.001	96.6009	2.27174e+42	0.650775	8.10274e-05	0.650775	0.869321	3.88767
0.999	0.001	96.8009	2.77471e+42	0.650775	8.031e-05	0.650775	0.869321	3.88767
0.999	0.001	97.0009	3.38904e+42	0.650775	7.95988e-05	0.650775	0.869321	3.88767
0.999	0.001	97.2009	4.13938e+42	0.650775	7.8894e-05	0.650775	0.869321	3.88767
0.999	0.001	97.4009	5.05585e+42	0.650775	7.81955e-05	0.650775	0.869321	3.88767
0.999	0.001	97.6009	6.17523e+42	0.650775	7.75031e-05	0.650775	0.869321	3.88767
0.999	0.001	97.8009	7.54244e+42	0.650775	7.68168e-05	0.650775	0.869321	3.88767
0.999	0.001	98.0009	9.21235e+42	0.650775	7.61367e-05	0.650775	0.86932	3.88767
0.999	0.001	98.2009	1.1252e+43	0.650775	7.54625e-05	0.650775	0.86932	3.88767
0.999	0.001	98.4009	1.37432e+43	0.650775	7.47944e-05	0.650775	0.86932	3.88767
0.999	0.001	98.6009	1.6786e+43	0.650775	7.41321e-05	0.650775	0.86932	3.88768
0.999	0.001	98.8009	2.05025e+43	0.650774	7.34757e-05	0.650774	0.86932	3.88768
0.999	0.001	99.0009	2.50418e+43	0.650774	7.28252e-05	0.650774	0.86932	3.88768
0.999	0.001	99.2009	3.05861e+43	0.650774	7.21804e-05	0.650774	0.86932	3.88768
0.999	0.001	99.4009	3.73579e+43	0.650774	7.15413e-05	0.650774	0.86932	3.88768
0.999	0.001	99.6009	4.56291e+43	0.650774	7.09078e-05	0.650774	0.86932	3.88768
0.999	0.001	99.8009	5.57315e+43	0.650774	7.028e-05	0.650774	0.86932	3.88768
0.999	0.001	100	6.80094e+43	0.650774	6.96605e-05	0.650774	0.86932	3.88768
