T/Tc	1-T/Tc	l	a	K	y	F	Kr	Kr/K0	a0/Kr	Del/kB	C
1	1e-08	14.1922	3.68735e+06	5.00011	6.74998e-06	-0.0718964	3.43072e-06	7.81965e-06	737454	6.79999	1.02719
1	1.25893e-08	14.0377	3.15948e+06	5.00043	6.75184e-06	-0.0718964	4.00417e-06	9.1267e-06	631842	6.79999	1.02719
1	1.58489e-08	13.8831	2.70691e+06	5.00035	6.75138e-06	-0.0718964	4.67355e-06	1.06524e-05	541344	6.79999	1.02719
1	1.99526e-08	13.7285	2.31917e+06	5.00036	6.75138e-06	-0.0718964	5.45493e-06	1.24334e-05	463801	6.79999	1.02719
1	2.51189e-08	13.5739	1.98697e+06	5.00042	6.75176e-06	-0.0718964	6.36703e-06	1.45124e-05	397360	6.79999	1.02719
1	3.16228e-08	13.4192	1.70218e+06	5.00004	6.74952e-06	-0.0718964	7.43171e-06	1.69391e-05	340433	6.79999	1.02719
1	3.98107e-08	13.2646	1.45835e+06	5.00019	6.75042e-06	-0.0718964	8.67449e-06	1.97718e-05	291660	6.79999	1.02719
1	5.01187e-08	13.11	1.24946e+06	5.00038	6.7515e-06	-0.0718964	1.01252e-05	2.30783e-05	249873	6.79999	1.02719
1	6.30957e-08	12.9553	1.07037e+06	5.00009	6.74983e-06	-0.0718964	1.18185e-05	2.69379e-05	214071	6.79999	1.02719
1	7.94328e-08	12.8007	917052	5.00032	6.75118e-06	-0.0718964	1.37951e-05	3.14432e-05	183399	6.79999	1.02719
1	1e-07	12.646	785613	5.00007	6.74972e-06	-0.0718964	1.61023e-05	3.6702e-05	157120	6.79999	1.02719
1	1.25893e-07	12.4914	673080	5.00033	6.75123e-06	-0.0718964	1.87954e-05	4.28405e-05	134607	6.79999	1.02719
1	1.58489e-07	12.3367	576609	5.0001	6.7499e-06	-0.0718964	2.19391e-05	5.00057e-05	115319	6.79999	1.02719
1	1.99526e-07	12.1821	494014	5.00038	6.75152e-06	-0.0718963	2.56085e-05	5.83695e-05	98795.3	6.79999	1.02719
1	2.51189e-07	12.0274	423208	5.00017	6.75028e-06	-0.0718963	2.98917e-05	6.81322e-05	84638.8	6.79999	1.02719
1	3.16228e-07	11.8728	362587	5.00046	6.75197e-06	-0.0718963	3.48914e-05	7.95279e-05	72510.8	6.79999	1.02719
1	3.98107e-07	11.7181	310618	5.00025	6.75077e-06	-0.0718963	4.07273e-05	9.28297e-05	62120.5	6.79999	1.02719
0.999999	5.01187e-07	11.5634	266098	5.00005	6.7496e-06	-0.0718962	4.75394e-05	0.000108356	53219	6.79999	1.02719
0.999999	6.30957e-07	11.4088	227981	5.00035	6.75134e-06	-0.0718962	5.54909e-05	0.00012648	45593.1	6.79999	1.02719
0.999999	7.94328e-07	11.2541	195305	5.00015	6.7502e-06	-0.0718961	6.47724e-05	0.000147636	39059.9	6.79999	1.02719
0.999999	1e-06	11.0995	167329	5.00046	6.75197e-06	-0.0718961	7.56063e-05	0.000172329	33462.8	6.8	1.02719
0.999999	1.25893e-06	10.9448	143346	5.00026	6.75084e-06	-0.071896	8.82524e-05	0.000201154	28667.8	6.8	1.02719
0.999998	1.58489e-06	10.7901	122801	5.00007	6.74972e-06	-0.0718958	0.000103014	0.000234799	24559.8	6.8	1.02719
0.999998	1.99526e-06	10.6355	105211	5.00038	6.75151e-06	-0.0718957	0.000120244	0.000274072	21040.5	6.8	1.02719
0.999997	2.51189e-06	10.4808	90131	5.00019	6.7504e-06	-0.0718955	0.000140357	0.000319914	18025.5	6.8	1.02719
0.999997	3.16228e-06	10.3262	77220.4	5.0005	6.7522e-06	-0.0718952	0.000163833	0.000373424	15442.6	6.8	1.0272
0.999996	3.98107e-06	10.1715	66152.6	5.00031	6.7511e-06	-0.0718949	0.000191236	0.000435883	13229.7	6.8	1.0272
0.999995	5.01187e-06	10.0168	56671.1	5.00012	6.75001e-06	-0.0718946	0.000223223	0.00050879	11333.9	6.80001	1.0272
0.999994	6.30957e-06	9.8622	48553.4	5.00043	6.75184e-06	-0.0718941	0.000260561	0.000593892	9709.84	6.80001	1.0272
0.999992	7.94328e-06	9.7075	41594.3	5.00025	6.75076e-06	-0.0718935	0.000304143	0.000693228	8318.45	6.80002	1.0272
0.99999	1e-05	9.5528	35632.7	5.00007	6.74969e-06	-0.0718927	0.000355016	0.000809179	7126.45	6.80002	1.0272
0.999987	1.25893e-05	9.3982	30528.6	5.00038	6.75155e-06	-0.0718917	0.000414397	0.000944524	6105.25	6.80003	1.0272
0.999984	1.58489e-05	9.2435	26153	5.00021	6.75051e-06	-0.0718905	0.000483712	0.00110251	5230.39	6.80004	1.0272
0.99998	1.99526e-05	9.0888	22404.5	5.00003	6.74948e-06	-0.071889	0.000564621	0.00128692	4480.88	6.80005	1.0272
0.999975	2.51189e-05	8.9342	19195.3	5.00036	6.75139e-06	-0.0718871	0.000659064	0.00150217	3838.78	6.80006	1.0272
0.999968	3.16228e-05	8.7795	16444.1	5.00019	6.75042e-06	-0.0718847	0.000769304	0.00175342	3288.69	6.80008	1.02721
0.99996	3.98107e-05	8.6248	14087.2	5.00003	6.74949e-06	-0.0718816	0.000897986	0.0020467	2817.42	6.80011	1.02721
0.99995	5.01187e-05	8.4702	12069.3	5.00038	6.7515e-06	-0.0718778	0.00104819	0.00238903	2413.68	6.80014	1.02722
0.999937	6.30957e-05	8.3155	10339.4	5.00023	6.75067e-06	-0.071873	0.00122353	0.00278862	2067.79	6.80017	1.02722
0.999921	7.94328e-05	8.1608	8857.5	5.0001	6.74991e-06	-0.0718669	0.0014282	0.00325503	1771.46	6.80022	1.02723
0.9999	0.0001	8.0062	7588.73	5.00049	6.75214e-06	-0.0718593	0.00166711	0.00379946	1517.6	6.80028	1.02724
0.999874	0.000125893	7.8515	6501.05	5.00039	6.75158e-06	-0.0718497	0.00194599	0.00443494	1300.11	6.80036	1.02725
0.999842	0.000158489	7.6968	5569.27	5.00032	6.75116e-06	-0.0718376	0.00227154	0.00517669	1113.78	6.80045	1.02727
0.9998	0.000199526	7.5421	4771.04	5.00027	6.75091e-06	-0.0718224	0.00265156	0.0060425	954.155	6.80057	1.02728
0.999749	0.000251189	7.3874	4087.22	5.00027	6.7509e-06	-0.0718033	0.00309518	0.00705308	817.399	6.80073	1.02731
0.999684	0.000316228	7.2327	3501.4	5.00032	6.75116e-06	-0.0717793	0.00361306	0.00823266	700.237	6.80092	1.02734
0.999602	0.000398107	7.078	2999.56	5.00042	6.75178e-06	-0.071749	0.00421765	0.00960946	599.861	6.80117	1.02738
0.999499	0.000501187	6.9232	2569.38	5.0001	6.74995e-06	-0.071711	0.00492347	0.0112164	513.865	6.80148	1.02743
0.999369	0.000630957	6.7685	2201.11	5.00038	6.75159e-06	-0.0716632	0.00574753	0.0130921	440.189	6.80188	1.02749
0.999206	0.000794328	6.6137	1885.45	5.00028	6.75103e-06	-0.0716032	0.00670967	0.0152812	377.068	6.8024	1.02757
0.999	0.001	6.4589	1615.05	5.00034	6.75138e-06	-0.0715278	0.00783312	0.0178362	322.988	6.80306	1.02767
0.998741	0.00125893	6.304	1383.29	5.00009	6.74997e-06	-0.0714332	0.00914503	0.020818	276.653	6.80392	1.02781
0.998415	0.00158489	6.1491	1184.79	5.00008	6.74999e-06	-0.0713145	0.0106772	0.0242979	236.954	6.80504	1.02798
0.998005	0.00199526	5.9942	1014.77	5.00038	6.75184e-06	-0.0711657	0.0124668	0.0283589	202.939	6.8065	1.02821
0.997488	0.00251189	5.8391	868.979	5.00007	6.75017e-06	-0.0709794	0.0145575	0.0330976	173.793	6.80845	1.02851
0.996838	0.00316228	5.684	744.133	5.00025	6.75143e-06	-0.0707462	0.0170005	0.0386267	148.819	6.81104	1.02891
0.996019	0.00398107	5.5287	637.095	5.00004	6.75057e-06	-0.0704547	0.0198559	0.0450774	127.418	6.81454	1.02946
0.994988	0.00501187	5.3733	545.4	5.00012	6.7515e-06	-0.070091	0.0231946	0.0526024	109.077	6.81931	1.03019
0.99369	0.00630957	5.2177	466.809	5.00019	6.75258e-06	-0.0696378	0.0270999	0.0613792	93.3582	6.82589	1.03121
0.992057	0.00794328	5.0618	399.422	5.00001	6.75253e-06	-0.0690743	0.0316708	0.0716138	79.8844	6.83506	1.03262
