T/Tc	1-T/Tc	l	a	K	y	F	Kr	Kr/K0	a0/Kr	Del/kB	C
0.205672	0.794328	1.202	8.41671	5.00049	6.37845e-11	-1.2876e-09	1.50311	1	1.68318	8.6826	1.31396
0.292054	0.707946	1.5526	11.9511	5.00013	3.92088e-09	-4.56056e-07	1.05851	0.999987	2.39015	8.68263	1.31404
0.369043	0.630957	1.7868	15.1049	5.00026	2.93772e-08	-8.96272e-06	0.837521	0.999786	3.02082	8.68262	1.31417
0.437659	0.562341	1.9583	17.9308	5.00027	9.99289e-08	-5.44387e-05	0.705529	0.998816	3.58596	8.68232	1.31426
0.498813	0.501187	2.0917	20.4896	5.00043	2.30261e-07	-0.000182534	0.617438	0.996245	4.09758	8.68142	1.31425
0.553316	0.446684	2.2003	22.8401	5.00043	4.22902e-07	-0.000434235	0.553897	0.991375	4.56763	8.67992	1.31411
0.601893	0.398107	2.292	25.0336	5.00007	6.70599e-07	-0.000831746	0.505328	0.983846	5.00665	8.67793	1.31387
0.645187	0.354813	2.3719	27.1159	5.0001	9.61402e-07	-0.0013776	0.466526	0.973634	5.42307	8.6749	1.31342
0.683772	0.316228	2.4432	29.1198	5.00044	1.28261e-06	-0.00206201	0.43445	0.960918	5.82345	8.66889	1.31248
0.718162	0.281838	2.508	31.0693	5.0004	1.62344e-06	-0.00287253	0.407187	0.945914	6.21335	8.65663	1.31056
0.748811	0.251189	2.5681	32.9938	5.00041	1.97816e-06	-0.00380168	0.383437	0.928755	6.59822	8.63418	1.30706
0.776128	0.223872	2.6249	34.9221	5.00015	2.3434e-06	-0.00485042	0.362246	0.909435	6.98421	8.59786	1.30145
0.800474	0.199526	2.6799	36.8966	5.00045	2.71958e-06	-0.0060278	0.342881	0.887821	7.37866	8.54513	1.29334
0.822172	0.177828	2.7341	38.9516	5.00006	3.10233e-06	-0.0073481	0.324766	0.863711	7.79022	8.475	1.28258
0.841511	0.158489	2.7889	41.1457	5.00017	3.49135e-06	-0.00882677	0.307455	0.836904	8.22886	8.38821	1.2693
0.858746	0.141254	2.8452	43.5286	5.00006	3.87928e-06	-0.0104763	0.290617	0.807273	8.70562	8.28697	1.25383
0.874107	0.125893	2.904	46.1649	5.00026	4.26045e-06	-0.0123026	0.274032	0.774821	9.23249	8.17458	1.23668
0.887798	0.112202	2.9659	49.1128	5.00023	4.62446e-06	-0.0143019	0.257582	0.739716	9.8221	8.05498	1.21844
0.9	0.1	3.0315	52.4426	5.00046	4.9649e-06	-0.0164598	0.241238	0.702301	10.4876	7.93223	1.19974
0.910875	0.0891251	3.1009	56.2114	5.00002	5.2709e-06	-0.0187505	0.225044	0.663074	11.2422	7.81015	1.18115
0.920567	0.0794328	3.1744	60.4985	5.00004	5.54283e-06	-0.0211389	0.209098	0.622644	12.0996	7.69202	1.16317
0.929205	0.0707946	3.2518	65.3671	5.00007	5.77691e-06	-0.0235834	0.193525	0.58168	13.0732	7.58042	1.14619
0.936904	0.0630957	3.3329	70.8893	5.00041	5.97538e-06	-0.0260393	0.178462	0.540849	14.1767	7.47718	1.13047
0.943766	0.0562341	3.4172	77.1244	5.00039	6.13747e-06	-0.0284627	0.164034	0.500763	15.4237	7.38339	1.1162
0.949881	0.0501187	3.5043	84.1431	5.00018	6.26781e-06	-0.0308138	0.150345	0.461947	16.828	7.29953	1.10344
0.955332	0.0446684	3.5938	92.0212	5.0001	6.37241e-06	-0.0330591	0.137471	0.424816	18.4039	7.22556	1.09219
0.960189	0.0398107	3.6853	100.838	5.00042	6.45725e-06	-0.0351734	0.125459	0.389666	20.166	7.16107	1.08237
0.964519	0.0354813	3.7782	110.655	5.00026	6.52158e-06	-0.0371394	0.114325	0.356686	22.1299	7.1054	1.07389
0.968377	0.0316228	3.8722	121.561	5.00001	6.57109e-06	-0.0389477	0.104063	0.325969	24.3122	7.05774	1.06663
0.971816	0.0281838	3.9671	133.663	5.00028	6.61217e-06	-0.0405954	0.0946465	0.297525	26.7311	7.0172	1.06045
0.974881	0.0251189	4.0625	147.042	5.00032	6.64318e-06	-0.0420851	0.0860353	0.271309	29.4065	6.98291	1.05523
0.977613	0.0223872	4.1582	161.809	5.00011	6.66578e-06	-0.0434233	0.0781801	0.247228	32.3612	6.95402	1.05082
0.980047	0.0199526	4.2542	178.113	5.00026	6.68516e-06	-0.0446192	0.0710259	0.225164	35.6208	6.92976	1.04712
0.982217	0.0177828	4.3503	196.079	5.00011	6.69871e-06	-0.0456837	0.0645162	0.20498	39.215	6.90943	1.04401
0.984151	0.0158489	4.4466	215.901	5.00022	6.71054e-06	-0.0466282	0.0585943	0.186532	43.1783	6.89242	1.04141
0.985875	0.0141254	4.5431	237.774	5.00038	6.72017e-06	-0.0474643	0.0532059	0.169674	47.5511	6.87819	1.03923
0.987411	0.0125893	4.6398	261.915	5.00012	6.72551e-06	-0.0482034	0.0482993	0.154267	52.3817	6.86628	1.03741
0.98878	0.0112202	4.737	288.651	5.00026	6.73166e-06	-0.0488561	0.0438268	0.140176	57.7273	6.85632	1.03588
0.99	0.01	4.8348	318.308	5.00036	6.73646e-06	-0.049432	0.0397443	0.127276	63.657	6.84797	1.0346
0.991087	0.00891251	4.9334	351.293	5.00026	6.73912e-06	-0.0499402	0.0360117	0.115449	70.2549	6.84095	1.03353
0.992057	0.00794328	5.0332	388.161	5.00048	6.74304e-06	-0.0503886	0.0325928	0.104591	77.6246	6.83506	1.03262
0.992921	0.00707946	5.1344	429.499	5.00029	6.74395e-06	-0.0507843	0.0294546	0.0946026	85.8948	6.83009	1.03186
0.99369	0.00630957	5.2375	476.144	5.00003	6.74403e-06	-0.0511338	0.0265678	0.0853967	95.2282	6.82589	1.03121
0.994377	0.00562341	5.3431	529.175	5.00008	6.74558e-06	-0.0514426	0.0239055	0.0768925	105.833	6.82233	1.03066
0.994988	0.00501187	5.4518	589.939	5.00019	6.74723e-06	-0.0517155	0.0214437	0.0690165	117.983	6.81931	1.03019
0.995533	0.00446684	5.5644	660.25	5.00027	6.74849e-06	-0.0519569	0.0191604	0.0617016	132.043	6.81674	1.0298
0.996019	0.00398107	5.6819	742.572	5.00005	6.7478e-06	-0.0521705	0.0170356	0.0548857	148.513	6.81454	1.02946
0.996452	0.00354813	5.8058	840.519	5.00003	6.74818e-06	-0.0523598	0.0150503	0.0485107	168.103	6.81266	1.02916
0.996838	0.00316228	5.938	959.315	5.00018	6.7494e-06	-0.0525275	0.013187	0.0425211	191.856	6.81104	1.02891
0.997182	0.00281838	6.0812	1107.01	5.00039	6.75091e-06	-0.0526762	0.0114281	0.0368622	221.385	6.80965	1.0287
0.997488	0.00251189	6.2394	1296.75	5.0003	6.75059e-06	-0.0528081	0.00975571	0.0314776	259.335	6.80845	1.02851
0.997761	0.00223872	6.4192	1552.19	5.00026	6.75054e-06	-0.0529252	0.00815022	0.0263046	310.421	6.80741	1.02835
0.998005	0.00199526	6.6321	1920.46	5.00035	6.75115e-06	-0.0530293	0.00658742	0.0212659	384.065	6.8065	1.02821
0.998222	0.00177828	6.9013	2513.72	5.00019	6.75033e-06	-0.0531217	0.00503257	0.0162499	502.725	6.80572	1.02809
0.998415	0.00158489	7.2871	3697.16	5.00039	6.75152e-06	-0.0532039	0.00342181	0.011051	739.374	6.80504	1.02798
0.998587	0.00141254	8.0693	8083.01	5.00011	6.74994e-06	-0.053277	0.00156505	0.00505531	1616.57	6.80444	1.02789
0.998741	0.00125893	100	6.80094e+43	2.00929e-245	8.42687e+243	-4.54342e+113	7.47473e-289	2.41481e-288	3.38474e+288	6.80392	1.02781
0.998878	0.00112202	100	6.80094e+43	3.09662e-247	5.46791e+245	-2.94807e+115	1.15197e-290	3.72209e-290	2.19624e+290	6.80346	1.02774
0.999	0.001	100	6.80094e+43	4.99421e-248	3.39034e+246	-1.82793e+116	1.85788e-291	6.0037e-291	1.36176e+291	6.80306	1.02767
0.999109	0.000891251	100	6.80094e+43	1.61432e-248	1.04887e+247	-5.65506e+116	6.00539e-292	1.94084e-291	4.21288e+291	6.80271	1.02762
