# Filename: 3Dvlt_K0cFind2_Plot_Cc1.20_try9.dat
# Source: 3Dvlt_K0cFind2_Plot.c
# Source version: 1 (2012 May 28 - ...)
# Constant values: PI= 3.141592653589793116, PISQ=9.8696044010893579923, PICU=31.0062766802998162063
# Parameter values: B=41.3417022403997549418, THETA=0.6, N=1, Kstar=0.387508189712343409372, ystar=0.0624210054576019024442, c=0.596855989378173079629, Z=3.70526847921412993969, lambda=1.48878567955778740028, dataskip=99, initialAbsdK=1.0000000000000000818e-05, trajectoryAbsdK=1.0000000000000000818e-05, uncertainty=1e-17
# step	K	y
0	0.38750818971234341	0.062421005457601902
1	0.3874981897123434	0.062425014469762438
2	0.38748818971234339	0.062428546793732012
3	0.38747818971234338	0.062432357193478213
4	0.38746818971234337	0.062436265482823258
5	0.38745818971234336	0.062440217205577506
6	0.38744818971234335	0.062444190844996084
7	0.38743818971234334	0.06244817678720601
8	0.38742818971234333	0.062452170247901381
9	0.38741818971234332	0.062456168629201829
10	0.38740818971234331	0.062460170418493534
99	0.38651818971234242	0.062818405751054435
198	0.38552818971234143	0.063219853482066102
297	0.38453818971234044	0.063624380299920374
396	0.38354818971233945	0.064032014172985874
495	0.38255818971233846	0.064442784139276815
594	0.38156818971233747	0.064856719677220481
693	0.38057818971233648	0.065273850632746711
792	0.37958818971233549	0.065694207206289101
891	0.3785981897123345	0.066117819952041759
990	0.37760818971233351	0.066544719780725889
1089	0.37661818971233252	0.066974937963625233
1188	0.37562818971233153	0.06740850613718001
1287	0.37463818971233054	0.06784545630787539
1386	0.37364818971232955	0.06828582085731924
1485	0.37265818971232856	0.068729632547460062
1584	0.37166818971232757	0.069176924525922195
1683	0.37067818971232658	0.069627730331448187
1782	0.36968818971232559	0.070082083899443329
1881	0.3686981897123246	0.070540019567619572
1980	0.36770818971232361	0.071001572081739031
2079	0.36671818971232262	0.071466776601457255
2178	0.36572818971232163	0.071935668706266859
2277	0.36473818971232064	0.072408284401543788
2376	0.36374818971231965	0.072884660124697284
2475	0.36275818971231866	0.073364832751425108
2574	0.36176818971231767	0.073848839602076458
2673	0.36077818971231668	0.074336718448124006
2772	0.35978818971231569	0.074828507518748102
2871	0.3587981897123147	0.075324245507533971
2970	0.35780818971231371	0.07582397157928486
3069	0.35681818971231272	0.076327725376953606
3168	0.35582818971231173	0.076835547028695023
3267	0.35483818971231074	0.077347477155040131
3366	0.35384818971230975	0.077863556876196852
3465	0.35285818971230876	0.078383827819478211
3564	0.35186818971230777	0.078908332126860645
3663	0.35087818971230678	0.079437112462676027
3762	0.34988818971230579	0.079970212021439169
3861	0.3488981897123048	0.080507674535813922
3960	0.34790818971230381	0.081049544284721026
4059	0.34691818971230282	0.081595866101589823
4158	0.34592818971230183	0.082146685382757823
4257	0.34493818971230084	0.082702048096019984
4356	0.34394818971229985	0.083262000789332144
4455	0.34295818971229886	0.083826590599670556
4554	0.34196818971229787	0.084395865262051672
4653	0.34097818971229688	0.084969873118715122
4752	0.33998818971229589	0.085548663128473229
4851	0.3389981897122949	0.086132284876231077
4950	0.3380081897122939	0.086720788582679703
5049	0.33701818971229291	0.08731422511416749
5148	0.33602818971229192	0.087912645992752322
5247	0.33503818971229093	0.088516103406438632
5346	0.33404818971228994	0.089124650219604334
5445	0.33305818971228895	0.089738339983619256
5544	0.33206818971228796	0.090357226947662517
5643	0.33107818971228697	0.090981366069740027
5742	0.33008818971228598	0.091610813027908397
5841	0.32909818971228499	0.092245624231708928
5940	0.328108189712284	0.092885856833816186
6039	0.32711818971228301	0.093531568741906226
6138	0.32612818971228202	0.09418281863074926
6237	0.32513818971228103	0.094839665954530833
6336	0.32414818971228004	0.0955021709594083
6435	0.32315818971227905	0.096170394696305173
6534	0.32216818971227806	0.096844399033951353
6633	0.32117818971227707	0.097524246672172715
6732	0.32018818971227608	0.098210001155436669
6831	0.31919818971227509	0.098901726886658964
6930	0.3182081897122741	0.099599489141277114
7029	0.31721818971227311	0.1003033540815978
7128	0.31622818971227212	0.10101338877142317
7227	0.31523818971227113	0.10172966119096234
7326	0.31424818971227014	0.10245224025203556
7425	0.31325818971226915	0.10318119581357653
7524	0.31226818971226816	0.10391659869744087
7623	0.31127818971226717	0.10465852070452615
7722	0.31028818971226618	0.105407034631212
7821	0.30929818971226519	0.10616221428612736
7920	0.3083081897122642	0.10692413450725191
8019	0.30731818971226321	0.10769287117935983
8118	0.30632818971226222	0.10846850125181368
8217	0.30533818971226123	0.10925110275671658
8316	0.30434818971226024	0.11004075482743142
8415	0.30335818971225925	0.11083753771747451
8514	0.30236818971225826	0.11164153281979439
8613	0.30137818971225727	0.11245282268644277
8712	0.30038818971225628	0.11327149104864909
8811	0.29939818971225529	0.11409762283730543
8910	0.2984081897122543	0.11493130420387498
9009	0.29741818971225331	0.11577262254173118
9108	0.29642818971225232	0.11662166650793948
9207	0.29543818971225133	0.11747852604549196
9306	0.29444818971225034	0.11834329240600565
9405	0.29345818971224935	0.11921605817289581
9504	0.29246818971224836	0.12009691728503612
9603	0.29147818971224737	0.12098596506091633
9702	0.29048818971224638	0.1218832982233115
9801	0.28949818971224539	0.12278901492447362
9900	0.2885081897122444	0.1237032147718594
9999	0.28751818971224341	0.1246259988544072
10098	0.28652818971224242	0.12555746976937668
10197	0.28553818971224143	0.12649773164976541
10296	0.28454818971224044	0.12744689019231595
10395	0.28355818971223945	0.12840505268613003
10494	0.28256818971223846	0.12937232804190268
10593	0.28157818971223747	0.13034882682179366
10692	0.28058818971223648	0.13133466126995183
10791	0.27959818971223549	0.13232994534370887
10890	0.2786081897122345	0.13333479474545964
10989	0.27761818971223351	0.13434932695524596
11088	0.27662818971223252	0.13537366126406342
11187	0.27563818971223153	0.13640791880790804
11286	0.27464818971223054	0.13745222260258264
11385	0.27365818971222955	0.13850669757928377
11484	0.27266818971222856	0.13957147062098701
11583	0.27167818971222757	0.14064667059965316
11682	0.27068818971222658	0.14173242841427749
11781	0.26969818971222559	0.14282887702980174
11880	0.2687081897122246	0.14393615151691405
11979	0.26771818971222361	0.14505438909275944
12078	0.26672818971222262	0.14618372916258343
12177	0.26573818971222163	0.1473243133623382
12276	0.26474818971222064	0.14847628560227047
12375	0.26375818971221965	0.1496397921115237
12474	0.26276818971221866	0.15081498148377842
12573	0.26177818971221767	0.152002004723959
12672	0.26078818971221668	0.15320101529603788
12771	0.25979818971221569	0.15441216917196468
12870	0.2588081897122147	0.15563562488175273
12969	0.25781818971221371	0.15687154356475319
13068	0.25682818971221272	0.15812008902215149
13167	0.25583818971221173	0.15938142777071876
13266	0.25484818971221074	0.16065572909785247
13365	0.25385818971220975	0.16194316511794429
13464	0.25286818971220876	0.16324391083010945
13563	0.25187818971220777	0.16455814417731865
13662	0.25088818971220678	0.16588604610697089
13761	0.24989818971220579	0.16722780063294682
13860	0.2489081897122048	0.16858359489918726
13959	0.24791818971220381	0.16995361924483843
14058	0.24692818971220282	0.1713380672710095
14157	0.24593818971220183	0.17273713590918918
14256	0.24494818971220084	0.17415102549136688
14355	0.24395818971219985	0.17557993982191322
14454	0.24296818971219886	0.17702408625126498
14553	0.24197818971219787	0.17848367575147026
14652	0.24098818971219688	0.17995892299364985
14751	0.23999818971219589	0.18145004642742718
14850	0.2390081897121949	0.18295726836238999
14949	0.23801818971219391	0.18448081505163902
15048	0.23702818971219292	0.18602091677749052
15147	0.23603818971219193	0.18757780793939416
15246	0.23504818971219094	0.18915172714413378
15345	0.23405818971218995	0.19074291729838053
15444	0.23306818971218896	0.19235162570366851
15543	0.23207818971218797	0.1939781041538689
15642	0.23108818971218698	0.19562260903523487
15741	0.23009818971218599	0.19728540142910189
15840	0.229108189712185	0.19896674721732022
15939	0.22811818971218401	0.20066691719050656
16038	0.22712818971218302	0.20238618715920276
16137	0.22613818971218203	0.20412483806803225
16236	0.22514818971218103	0.20588315611294622
16335	0.22415818971218004	0.20766143286166061
16434	0.22316818971217905	0.20945996537738096
16533	0.22217818971217806	0.21127905634592334
16632	0.22118818971217707	0.21311901420633667
16731	0.22019818971217608	0.21498015328514025
16830	0.21920818971217509	0.21686279393429256
16929	0.2182181897121741	0.21876726267301366
17028	0.21722818971217311	0.22069389233358214
17127	0.21623818971217212	0.22264302221124144
17226	0.21524818971217113	0.22461499821834713
17325	0.21425818971217014	0.22661017304289652
17424	0.21326818971216915	0.2286289063115835
17523	0.21227818971216816	0.23067156475753103
17622	0.21128818971216717	0.23273852239285717
17721	0.21029818971216618	0.23483016068623622
17820	0.20930818971216519	0.23694686874562357
17919	0.2083181897121642	0.23908904350631902
18018	0.20732818971216321	0.24125708992455053
18117	0.20633818971216222	0.24345142117676721
18216	0.20534818971216123	0.24567245886483674
18315	0.20435818971216024	0.24792063322735211
18414	0.20336818971215925	0.2501963833572588
18513	0.20237818971215826	0.25250015742602305
18612	0.20138818971215727	0.25483241291456987
18711	0.20039818971215628	0.25719361685122855
18810	0.19940818971215529	0.25958424605693597
18909	0.1984181897121543	0.26200478739795036
19008	0.19742818971215331	0.26445573804635086
19107	0.19643818971215232	0.26693760574859415
19206	0.19544818971215133	0.26945090910242636
19305	0.19445818971215034	0.27199617784244656
19404	0.19346818971214935	0.27457395313464172
19503	0.19247818971214836	0.27718478788021961
19602	0.19148818971214737	0.27982924702908074
19701	0.19049818971214638	0.2825079079032875
19800	0.18950818971214539	0.28522136053090252
19899	0.1885181897121444	0.28797020799058104
19998	0.18752818971214341	0.29075506676732432
20097	0.18653818971214242	0.29357656711981189
20196	0.18554818971214143	0.29643535345975758
20295	0.18455818971214044	0.29933208474374207
20394	0.18356818971213945	0.30226743487800395
20493	0.18257818971213846	0.30524209313668921
20592	0.18158818971213747	0.30825676459407891
20691	0.18059818971213648	0.31131217057134181
20790	0.17960818971213549	0.31440904909837886
20889	0.1786181897121345	0.31754815539135939
20988	0.17762818971213351	0.32073026234656271
21087	0.17663818971213252	0.32395616105118286
21186	0.17564818971213153	0.32722666131177053
21285	0.17465818971213054	0.3305425922010255
21384	0.17366818971212955	0.33390480262368188
21483	0.17267818971212856	0.33731416190226465
21582	0.17168818971212757	0.34077156038353179
21681	0.17069818971212658	0.34427791006645242
21780	0.16970818971212559	0.34783414525261791
21879	0.1687181897121246	0.35144122322001664
21978	0.16772818971212361	0.35510012492115373
22077	0.16673818971212262	0.35881185570654367
22176	0.16574818971212163	0.3625774460746517
22275	0.16475818971212064	0.36639795244940926
22374	0.16376818971211965	0.37027445798649394
22473	0.16277818971211866	0.37420807340960988
22572	0.16178818971211767	0.37819993787807488
22671	0.16079818971211668	0.38225121988708471
22770	0.15980818971211569	0.38636311820208763
22869	0.1588181897121147	0.39053686282878008
22968	0.15782818971211371	0.39477371602031225
23067	0.15683818971211272	0.39907497332336628
23166	0.15584818971211173	0.40344196466486421
23265	0.15485818971211074	0.4078760554811437
23364	0.15386818971210975	0.41237864789154582
23463	0.15287818971210876	0.41695118191845187
23562	0.15188818971210777	0.42159513675592047
23661	0.15089818971210678	0.42631203208918222
23760	0.14990818971210579	0.4311034294673815
23859	0.1489181897121048	0.43597093373206836
23958	0.14792818971210381	0.44091619450409386
24057	0.14693818971210282	0.44594090773169698
24156	0.14594818971210183	0.45104681730272472
24255	0.14495818971210084	0.45623571672409469
24354	0.14396818971209985	0.46150945087177725
24453	0.14297818971209886	0.46686991781475934
24552	0.14198818971209787	0.47231907071664903
24651	0.14099818971209688	0.47785891981877987
24750	0.14000818971209589	0.48349153450890658
24849	0.1390181897120949	0.48921904547981199
24948	0.13802818971209391	0.49504364698238817
25047	0.13703818971209292	0.50096759917803746
25146	0.13604818971209193	0.5069932305955116
25245	0.13505818971209094	0.51312294069761166
25344	0.13406818971208995	0.5193592025635021
25443	0.13307818971208896	0.52570456569272428
25542	0.13208818971208797	0.5321616589373771
25641	0.13109818971208698	0.53873319356932314
25740	0.13010818971208599	0.5454219664896901
25839	0.129118189712085	0.5522308635883989
25938	0.12812818971208401	0.55916286326192788
26037	0.12713818971208302	0.5662210400980402
26136	0.12614818971208203	0.57340856873674817
26235	0.12515818971208104	0.58072872791739105
26334	0.12416818971208121	0.58818490472232221
26433	0.1231781897120816	0.59578059902840363
26532	0.12218818971208198	0.60351942817822057
26631	0.12119818971208236	0.61140513188371681
26730	0.12020818971208275	0.61944157737580363
26829	0.11921818971208313	0.62763276481439578
26928	0.11822818971208351	0.63598283297430891
27027	0.1172381897120839	0.64449606522349279
27126	0.11624818971208428	0.65317689581122917
27225	0.11525818971208467	0.66202991648511778
27324	0.11426818971208505	0.67105988345700918
27423	0.11327818971208543	0.6802717247394553
27522	0.11228818971208582	0.68967054787578075
27621	0.1112981897120862	0.69926164808854385
27720	0.11030818971208659	0.7090505168729353
27819	0.10931818971208697	0.71904285106361754
27918	0.10832818971208735	0.72924456240558821
28017	0.10733818971208774	0.73966178766194746
28116	0.10634818971208812	0.75030089929389354
28215	0.1053581897120885	0.76116851675096819
28314	0.10436818971208889	0.77227151841245745
28413	0.10337818971208927	0.78361705422404127
28512	0.10238818971208966	0.79521255907718147
28611	0.10139818971209004	0.8070657669825172
28710	0.10040818971209042	0.81918472609257398
28809	0.099418189712090807	0.8315778146335514
28908	0.098428189712091191	0.8442537578107977
29007	0.097438189712091575	0.85722164575785165
29106	0.096448189712091958	0.87049095260473197
29205	0.095458189712092342	0.88407155674746374
29304	0.094468189712092726	0.8979737624077565
29403	0.09347818971209311	0.91220832257933349
29502	0.092488189712093494	0.9267864634657369
29601	0.091498189712093878	0.94171991052355508
29700	0.090508189712094261	0.95702091623507068
29799	0.089518189712094645	0.97270228974536266
29898	0.088528189712095029	0.9887774285110611
29997	0.087538189712095413	1.0052603521213448
30096	0.086548189712095797	1.0221657384665814
30195	0.08555818971209618	1.0395089624463323
30294	0.084568189712096564	1.0573061374265307
30393	0.083578189712096948	1.0755741596756221
30492	0.082588189712097332	1.0943307560316569
30591	0.081598189712097716	1.1135945350769141
30690	0.080608189712098099	1.1333850421239873
30789	0.079618189712098483	1.1537228183476593
30888	0.078628189712098867	1.174629464430798
30987	0.077638189712099251	1.1961277091302605
31086	0.076648189712099635	1.2182414832110069
31185	0.075658189712100019	1.2409959992438075
31284	0.074668189712100402	1.2644178378147599
31383	0.073678189712100786	1.2885350407541252
31482	0.07268818971210117	1.3133772120585181
31581	0.071698189712101554	1.338975627255361
31680	0.070708189712101938	1.3653633520428896
31779	0.069718189712102321	1.3925753711340998
31878	0.068728189712102705	1.4206487283406573
31977	0.067738189712103089	1.4496226790544759
32076	0.066748189712103473	1.4795388564228422
32175	0.065758189712103857	1.5104414526697518
32274	0.06476818971210424	1.5423774171947291
32373	0.063778189712104624	 1.57539667328393
32472	0.062788189712105008	1.6095523555009612
32571	0.061798189712104899	1.6449010700910349
32670	0.060808189712104596	1.6815031810375685
32769	0.059818189712104293	1.7194231247613221
32868	0.05882818971210399	1.7587297568566711
32967	0.057838189712103687	1.7994967347265687
33066	0.056848189712103384	1.8418029405181895
33165	0.05585818971210308	1.8857329493881767
33264	0.054868189712102777	1.9313775488555449
33363	0.053878189712102474	1.9788343158504105
33462	0.052888189712102171	2.0282082590605057
33561	0.051898189712101868	2.0796125353424828
33660	0.050908189712101565	2.1331692503345594
33759	0.049918189712101262	2.1890103550219884
33858	0.048928189712100958	2.2472786519165866
33957	0.047938189712100655	2.3081289267776368
34056	0.046948189712100352	 2.37172922449877
34155	0.045958189712100049	2.4382622910073488
34254	0.044968189712099746	2.5079272068850442
34353	0.043978189712099443	2.5809412430653329
34452	0.04298818971209914	2.6575419745765956
34551	0.041998189712098837	2.7379896951066343
34650	0.041008189712098533	2.822570183454749
34749	0.04001818971209823	2.9115978830787701
34848	0.039028189712097927	3.0054195684070053
34947	0.038038189712097624	3.1044185869747447
35046	0.037048189712097321	3.2090197855452303
35145	0.036058189712097018	3.3196952522069818
35244	0.035068189712096715	3.4369710363415273
35343	0.034078189712096411	3.5614350460947723
35442	0.033088189712096108	3.6937463709110561
35541	0.032098189712095805	3.8346463379489264
35640	0.031108189712095554	3.9849716900436514
35739	0.030118189712095594	4.1456703751039772
35838	0.029128189712095635	4.3178205703895056
35937	0.028138189712095675	4.5026537410538436
36036	0.027148189712095715	4.7015827661384355
36135	0.026158189712095756	4.9162364787962423
36234	0.025168189712095796	5.1485023923509736
36333	0.024178189712095836	5.4005799654711302
36432	0.023188189712095877	5.675047565323502
36531	0.022198189712095917	5.9749474170723182
36630	0.021208189712095957	 6.30389443292378
36729	0.020218189712095998	6.6662171271443889
36828	0.019228189712096038	7.067142210309755
36927	0.018238189712096078	7.5130394999629129
37026	0.017248189712096119	8.0117514381443335
37125	0.016258189712096159	8.573043359619831
37224	0.015268189712096199	9.2092294344144463
37323	0.01427818971209624	9.9360597219792872
37422	0.01328818971209628	10.774004772606903
37521	0.01229818971209632	11.750162199815044
37620	0.011308189712096361	12.901167036853581
37719	0.010318189712096401	14.277781123107221
37818	0.0093281897120964415	15.952410730359167
37917	0.0083381897120964818	18.031989432045364
38016	0.0073481897120965221	20.681292314222301
38115	0.0063581897120965625	24.168063296988642
38214	0.0053681897120966028	28.958140931657322
38313	0.0043781897120966431	35.939780691384065
38412	0.0033881897120966609	47.041554368418531
38511	0.0023981897120966583	67.381280933899589
38610	0.0014081897120966557	116.47578398526805
38709	0.00041818971209665315	397.96562782640569
38808	-0.00057181028790334815	              nan
38907	-0.0015618102879033507	              nan
39006	-0.0025518102879033533	              nan
39105	-0.0035418102879033559	              nan
39204	-0.0045318102879033312	              nan
39303	-0.0055218102879032909	              nan
39402	-0.0065118102879032505	              nan
39501	-0.0075018102879032102	              nan
39600	-0.0084918102879031707	              nan
39699	-0.0094818102879031304	              nan
39798	-0.01047181028790309	              nan
39897	-0.01146181028790305	              nan
39996	-0.012451810287903009	              nan
