# Filename: 3Dvlt_K0cFind2_Plot_Cc0.30_try6.dat
# Source: 3Dvlt_K0cFind2_Plot.c
# Source version: 1 (2012 May 28 - ...)
# Constant values: PI= 3.141592653589793116, PISQ=9.8696044010893579923, PICU=31.0062766802998162063
# Parameter values: B=41.3417022403997549418, THETA=0.6, N=1, Kstar=0.387508189712343409372, ystar=0.0624210054576019024442, c=0.596855989378173079629, Z=3.70526847921412993969, lambda=-2.48878567955778740028, dataskip=1000, initialAbsdK=9.99999999999999954748e-07, trajectoryAbsdK=9.99999999999999954748e-07, uncertainty=1e-17
# step	K	y
0	0.38750818971234341	0.062421005457601902
1	0.38750918971234338	0.062421245275756709
2	0.38751018971234336	0.062421463365687949
3	0.38751118971234333	0.062421694370156114
4	0.3875121897123433	0.062421929246674154
5	0.38751318971234328	0.062422165836980258
6	0.38751418971234325	0.062422403350388109
7	0.38751518971234322	0.062422641424062682
8	0.3875161897123432	0.062422879866290915
9	0.38751718971234317	0.062423118565442748
10	0.38751818971234314	0.06242335745172322
1000	0.38850818971231665	0.062660664511161243
2000	0.3895081897122899	0.062900181371645811
3000	0.39050818971226314	0.063139496041898488
4000	0.39150818971223639	0.06337860707620481
5000	0.39250818971220963	0.063617513137747578
6000	0.39350818971218288	0.063856212927403955
7000	0.39450818971215612	0.064094705171607466
8000	0.39550818971212937	0.064332988618820516
9000	0.39650818971210261	0.064571062038120755
10000	0.39750818971207585	0.064808924218471439
11000	0.3985081897120491	0.065046573968260246
12000	0.39950818971202234	0.065284010114955618
13000	0.40050818971199559	0.065521231504819546
14000	0.40150818971196883	0.065758237002654207
15000	0.40250818971194208	0.065995025491566758
16000	0.40350818971191532	0.066231595872743326
17000	0.40450818971188857	0.066467947065233721
18000	0.40550818971186181	0.066704078005740644
19000	0.40650818971183506	0.066939987648413107
20000	0.4075081897118083	0.067175674964644091
21000	0.40850818971178154	0.067411138942870361
22000	0.40950818971175479	0.067646378588376868
23000	0.41050818971172803	0.06788139292310226
24000	0.41150818971170128	0.068116180985447167
25000	0.41250818971167452	0.068350741830085479
26000	0.41350818971164777	0.068585074527776652
27000	0.41450818971162101	0.068819178165180891
28000	0.41550818971159426	0.069053051844676208
29000	0.4165081897115675	0.069286694684178557
30000	0.41750818971154074	0.069520105816962149
31000	0.41850818971151399	0.069753284391482026
32000	0.41950818971148723	0.06998622957120107
33000	0.42050818971146048	0.070218940534415367
34000	0.42150818971143372	0.07045141647408347
35000	0.42250818971140697	0.07068365659765749
36000	0.42350818971138021	0.070915660126916122
37000	0.42450818971135346	0.071147426297797869
38000	0.4255081897113267	0.071378954360238597
39000	0.42650818971129995	0.071610243578009131
40000	0.42750818971127319	0.07184129322855401
41000	0.42850818971124643	0.072072102602834837
42000	0.42950818971121968	0.072302671005171751
43000	0.43050818971119292	0.072532997753089759
44000	0.43150818971116617	0.072763082177164332
45000	0.43250818971113941	0.072992923620871092
46000	0.43350818971111266	0.073222521440434174
47000	0.4345081897110859	0.073451875004678618
48000	0.43550818971105915	0.073680983694883739
49000	0.43650818971103239	0.073909846904637505
50000	0.43750818971100564	0.074138464039693097
51000	0.43850818971097888	0.074366834517827093
52000	0.43950818971095212	0.074594957768698691
53000	0.44050818971092537	0.074822833233711056
54000	0.44150818971089861	0.075050460365873484
55000	0.44250818971087186	0.075277838629666097
56000	0.4435081897108451	0.075504967500904768
57000	0.44450818971081835	0.075731846466608202
58000	0.44550818971079159	0.075958475024867397
59000	0.44650818971076484	0.076184852684713714
60000	0.44750818971073808	0.076410978965992402
61000	0.44850818971071132	0.076636853399233443
62000	0.44950818971068457	0.076862475525527399
63000	0.45050818971065781	0.077087844896399874
64000	0.45150818971063106	0.077312961073688707
65000	0.4525081897106043	0.077537823629421881
66000	0.45350818971057755	0.07776243214569864
67000	0.45450818971055079	0.077986786214567852
68000	0.45550818971052404	0.07821088543791252
69000	0.45650818971049728	0.078434729427332581
70000	0.45750818971047053	0.078658317804029293
71000	0.45850818971044377	0.078881650198692213
72000	0.45950818971041701	0.079104726251385413
73000	0.46050818971039026	0.079327545611436734
74000	0.4615081897103635	0.079550107937328488
75000	0.46250818971033675	0.079772412896586514
76000	0.46350818971030999	0.079994460165674033
77000	0.46450818971028324	0.08021624942988434
78000	0.46550818971025648	0.080437780383235638
79000	0.46650818971022973	0.080659052728366598
80000	0.46750818971020297	0.080880066176433521
81000	0.46850818971017621	0.081100820447008615
82000	0.46950818971014946	0.081321315267978922
83000	0.4705081897101227	0.081541550375446012
84000	0.47150818971009595	0.081761525513628419
85000	0.47250818971006919	0.081981240434763833
86000	0.47350818971004244	0.082200694899011897
87000	0.47450818971001568	0.082419888674360481
88000	0.47550818970998893	0.08263882153652985
89000	0.47650818970996217	0.082857493268879645
90000	0.47750818970993542	0.083075903662317457
91000	0.47850818970990866	0.083294052515206912
92000	0.4795081897098819	0.083511939633278132
93000	0.48050818970985515	0.083729564829537889
94000	0.48150818970982839	0.083946927924181278
95000	0.48250818970980164	0.08416402874450582
96000	0.48350818970977488	0.084380867124823414
97000	0.48450818970974813	0.084597442906376316
98000	0.48550818970972137	0.084813755937252308
99000	0.48650818970969462	0.085029806072301456
100000	0.48750818970966786	0.085245593173053427
101000	0.48850818970964111	0.085461117107635765
102000	0.48950818970961435	0.085676377750694144
103000	0.49050818970958759	0.085891374983311453
104000	0.49150818970956084	0.086106108692929284
105000	0.49250818970953408	0.08632057877327047
106000	0.49350818970950733	0.086534785124261507
107000	0.49450818970948057	0.086748727651956209
108000	0.49550818970945382	0.086962406268459927
109000	0.49650818970942706	0.087175820891856187
110000	0.49750818970940031	0.087388971446131905
111000	0.49850818970937355	0.087601857861103888
112000	0.49950818970934679	0.087814480072348405
113000	0.50050818970934829	0.088026838021128692
114000	0.50150818970937705	0.088238931654324324
115000	0.50250818970940581	0.088450760924362576
116000	0.50350818970943456	0.088662325789147817
117000	0.50450818970946332	0.088873626211994544
118000	0.50550818970949207	0.089084662161559608
119000	0.50650818970952083	0.089295433611775415
120000	0.50750818970954958	0.089505940541784068
121000	0.50850818970957834	0.089716182935871677
122000	0.5095081897096071	0.089926160783404943
123000	0.51050818970963585	0.09013587407876629
124000	0.51150818970966461	0.090345322821291291
125000	0.51250818970969336	0.090554507015206412
126000	0.51350818970972212	0.090763426669566855
127000	0.51450818970975087	0.090972081798196158
128000	0.51550818970977963	0.091180472419625444
129000	0.51650818970980839	0.091388598557034545
130000	0.51750818970983714	0.091596460238191624
131000	0.5185081897098659	0.091804057495396191
132000	0.51950818970989465	0.09201139036542054
133000	0.52050818970992341	0.092218458889454125
134000	0.52150818970995216	0.092425263113045303
135000	0.52250818970998092	0.092631803086046655
136000	0.52350818971000967	0.09283807886255975
137000	0.52450818971003843	0.093044090500880972
138000	0.52550818971006719	0.093249838063446638
139000	0.52650818971009594	0.093455321616780454
140000	0.5275081897101247	0.093660541231441088
141000	0.52850818971015345	0.093865496981968707
142000	0.52950818971018221	0.094070188946834846
143000	0.53050818971021096	0.094274617208390851
144000	0.53150818971023972	0.094478781852817662
145000	0.53250818971026848	0.094682682970075205
146000	0.53350818971029723	0.094886320653854578
147000	0.53450818971032599	0.095089695001528085
148000	0.53550818971035474	0.095292806114101222
149000	0.5365081897103835	0.095495654096165908
150000	0.53750818971041225	0.095698239055852091
151000	0.53850818971044101	0.09590056110478215
152000	0.53950818971046977	0.096102620358024318
153000	0.54050818971049852	0.096304416934047468
154000	0.54150818971052728	0.096505950954675609
155000	0.54250818971055603	0.096707222545043617
156000	0.54350818971058479	0.096908231833553321
157000	0.54450818971061354	0.0971089789518296
158000	0.5455081897106423	0.097309464034677842
159000	0.54650818971067106	0.097509687220041094
160000	0.54750818971069981	0.097709648648957564
161000	0.54850818971072857	0.097909348465519005
162000	0.54950818971075732	0.098108786816830607
163000	0.55050818971078608	0.098307963852969013
164000	0.55150818971081483	0.098506879726943206
165000	0.55250818971084359	0.098705534594653185
166000	0.55350818971087234	0.098903928614851838
167000	0.5545081897109011	0.099102061949105702
168000	0.55550818971092986	0.099299934761756414
169000	0.55650818971095861	0.09949754721988259
170000	0.55750818971098737	0.099694899493262865
171000	0.55850818971101612	0.099891991754337037
172000	0.55950818971104488	0.1000888241781711
173000	0.56050818971107363	0.10028539694241981
174000	0.56150818971110239	0.10048171022729091
175000	0.56250818971113115	0.10067776421550984
176000	0.5635081897111599	0.100873559092284
177000	0.56450818971118866	0.10106909504526905
178000	0.56550818971121741	0.10126437226453323
179000	0.56650818971124617	0.10145939094252368
180000	0.56750818971127492	0.10165415127403366
181000	0.56850818971130368	0.10184865345616814
182000	0.56950818971133244	0.10204289768831183
183000	0.57050818971136119	0.10223688417209612
184000	0.57150818971138995	0.10243061311136741
185000	0.5725081897114187	0.10262408471215494
186000	0.57350818971144746	0.1028172991826392
187000	0.57450818971147621	0.10301025673312117
188000	0.57550818971150497	0.10320295757599203
189000	0.57650818971153373	0.10339540192570176
190000	0.57750818971156248	0.10358758999873027
191000	0.57850818971159124	0.10377952201355618
192000	0.57950818971161999	0.10397119819062911
193000	0.58050818971164875	0.10416261875233936
194000	0.5815081897116775	0.10435378392298983
195000	0.58250818971170626	0.10454469392876789
196000	0.58350818971173501	0.10473534899771661
197000	0.58450818971176377	0.10492574935970714
198000	0.58550818971179253	0.10511589524641182
199000	0.58650818971182128	0.10530578689127613
200000	0.58750818971185004	0.10549542452949301
201000	0.58850818971187879	0.10568480839797549
202000	0.58950818971190755	0.10587393873533095
203000	0.5905081897119363	0.10606281578183439
204000	0.59150818971196506	0.10625143977940343
205000	0.59250818971199382	0.10643981097157305
206000	0.59350818971202257	0.10662792960347021
207000	0.59450818971205133	0.10681579592178939
208000	0.59550818971208008	0.10700341017476708
209000	0.59650818971210884	0.10719077261215916
210000	0.59750818971213759	0.107377883485216
211000	0.59850818971216635	0.10756474304665899
212000	0.59950818971219511	0.1077513515506561
213000	0.60050818971222386	0.10793770925280075
214000	0.60150818971225262	0.10812381641008705
215000	0.60250818971228137	0.10830967328088818
216000	0.60350818971231013	0.10849528012493387
217000	0.60450818971233888	0.10868063720328781
218000	0.60550818971236764	0.10886574477832639
219000	0.60650818971239639	0.10905060311371627
220000	0.60750818971242515	0.10923521247439433
221000	0.60850818971245391	0.10941957312654545
222000	0.60950818971248266	0.10960368533758139
223000	0.61050818971251142	0.1097875493761208
224000	0.61150818971254017	0.10997116551196909
225000	0.61250818971256893	0.1101545340160968
226000	0.61350818971259768	0.11033765516062066
227000	0.61450818971262644	0.11052052921878476
228000	0.6155081897126552	0.11070315646493886
229000	0.61650818971268395	0.11088553717452107
230000	0.61750818971271271	0.11106767162403686
231000	0.61850818971274146	0.11124956009104224
232000	0.61950818971277022	0.11143120285412347
233000	0.62050818971279897	0.11161260019287965
234000	0.62150818971282773	0.11179375238790355
235000	0.62250818971285649	0.11197465972076491
236000	0.62350818971288524	0.11215532247399147
237000	0.624508189712914	0.11233574093105129
238000	0.62550818971294275	0.11251591537633659
239000	0.62650818971297151	0.11269584609514516
240000	0.62750818971300026	0.11287553337366427
241000	0.62850818971302902	0.11305497749895285
242000	0.62950818971305778	0.11323417875892627
243000	0.63050818971308653	0.11341313744233893
244000	0.63150818971311529	0.11359185383876745
245000	0.63250818971314404	0.11377032823859609
246000	0.6335081897131728	0.11394856093300007
247000	0.63450818971320155	0.11412655221392945
248000	0.63550818971323031	0.11430430237409446
249000	0.63650818971325906	0.1144818117069496
250000	0.63750818971328782	0.11465908050667846
251000	0.63850818971331658	0.11483610906817919
252000	0.63950818971334533	0.11501289768704961
253000	0.64050818971337409	0.11518944665957152
254000	0.64150818971340284	0.11536575628269714
255000	0.6425081897134316	0.11554182685403554
256000	0.64350818971346035	0.11571765867183692
257000	0.64450818971348911	0.11589325203497887
258000	0.64550818971351787	0.11606860724295388
259000	0.64650818971354662	0.11624372459585407
260000	0.64750818971357538	0.11641860439435897
261000	0.64850818971360413	0.11659324693972122
262000	0.64950818971363289	0.11676765253375347
263000	0.65050818971366164	0.11694182147881584
264000	0.6515081897136904	0.1171157540778027
265000	0.65250818971371916	0.11728945063413007
266000	0.65350818971374791	0.11746291145172263
267000	0.65450818971377667	0.11763613683500143
268000	0.65550818971380542	0.11780912708887206
269000	0.65650818971383418	0.11798188251871214
270000	0.65750818971386293	0.1181544034303588
271000	0.65850818971389169	0.11832669013009806
272000	0.65950818971392045	0.118498742924651
273000	0.6605081897139492	0.11867056212116442
274000	0.66150818971397796	0.11884214802719811
275000	0.66250818971400671	0.11901350095071385
276000	0.66350818971403547	0.11918462120006372
277000	0.66450818971406422	0.11935550908397967
278000	0.66550818971409298	0.11952616491156202
279000	0.66650818971412173	0.11969658899226941
280000	0.66750818971415049	0.11986678163590715
281000	0.66850818971417925	0.12003674315261716
282000	0.669508189714208	0.12020647385286781
283000	0.67050818971423676	0.12037597404744266
284000	0.67150818971426551	0.12054524404743114
285000	0.67250818971429427	0.12071428416421806
286000	0.67350818971432302	0.12088309470947425
287000	0.67450818971435178	0.12105167599514574
288000	0.67550818971438054	0.12122002833344436
289000	0.67650818971440929	0.12138815203683848
290000	0.67750818971443805	0.12155604741804303
291000	0.6785081897144668	0.12172371479001146
292000	0.67950818971449556	0.12189115446592376
293000	0.68050818971452431	0.12205836675918001
294000	0.68150818971455307	0.12222535198338957
295000	0.68250818971458183	0.12239211045236345
296000	0.68350818971461058	0.12255864248010405
297000	0.68450818971463934	0.12272494838079784
298000	0.68550818971466809	0.1228910284688053
299000	0.68650818971469685	0.12305688305865374
300000	0.6875081897147256	0.12322251246502802
301000	0.68850818971475436	0.12338791700276261
302000	0.68950818971478312	0.12355309698683277
303000	0.69050818971481187	0.12371805273234734
304000	0.69150818971484063	0.12388278455453954
305000	0.69250818971486938	0.1240472927687605
306000	0.69350818971489814	0.12421157769047005
307000	0.69450818971492689	0.12437563963523014
308000	0.69550818971495565	0.12453947891869546
309000	0.6965081897149844	0.12470309585660838
310000	0.69750818971501316	0.12486649076478909
311000	0.69850818971504192	0.12502966395912968
312000	0.69950818971507067	0.12519261575558618
313000	0.70050818971509943	0.12535534647017149
313583	0.70109101804755281	0.12545008869114932
