# Filename: 3Dvlt_K0cFind2_Plot_Cc0.10_try11.dat
# Source: 3Dvlt_K0cFind2_Plot.c
# Source version: 1 (2012 May 28 - ...)
# Constant values: PI= 3.141592653589793116, PISQ=9.8696044010893579923, PICU=31.0062766802998162063
# Parameter values: B=41.3417022403997549418, THETA=0.6, N=1, Kstar=0.387508189712343409372, ystar=0.0624210054576019024442, c=0.596855989378173079629, Z=3.70526847921412993969, lambda=-2.48878567955778740028, dataskip=100000, initialAbsdK=9.99999999999999954748e-07, trajectoryAbsdK=9.99999999999999954748e-07, uncertainty=1e-17
# step	K	y
0	0.38750818971234341	0.062421005457601902
1	0.38750918971234338	0.062421245275756709
2	0.38751018971234336	0.062421463365687949
3	0.38751118971234333	0.062421694370156114
4	0.3875121897123433	0.062421929246674154
5	0.38751318971234328	0.062422165836980258
6	0.38751418971234325	0.062422403350388109
7	0.38751518971234322	0.062422641424062682
8	0.3875161897123432	0.062422879866290915
9	0.38751718971234317	0.062423118565442748
10	0.38751818971234314	0.06242335745172322
100000	0.48750818970966786	0.085245593173053427
200000	0.58750818971185004	0.10549542452949301
300000	0.6875081897147256	0.12322251246502802
400000	0.78750818971760117	0.13870237058598889
500000	0.88750818972047674	0.1522426410018462
600000	0.9875081897233523	0.16412479880884318
700000	1.0875081897165124	0.17459039909305349
800000	1.1875081897082858	0.18384193172284347
900000	1.2875081897000591	0.1920478917899654
1000000	1.3875081896918324	0.19934846582564023
1100000	1.4875081896836058	0.20586067067783678
1200000	1.5875081896753791	0.21168266250501921
1300000	1.6875081896671524	0.21689723944920714
1400000	1.7875081896589258	0.22157465296784679
1500000	1.8875081896506991	0.22577485563735433
1600000	1.9875081896424724	0.22954929977029481
1700000	2.0875081896536765	0.23294238129772774
1800000	2.1875081896676543	0.2359926042171844
1900000	2.2875081896816321	0.23873352466537498
2000000	2.3875081896956099	0.24119452062518815
2100000	2.4875081897095876	0.2434014230570983
2200000	2.5875081897235654	0.24537703633739705
2300000	2.6875081897375432	0.24714156979625232
2400000	2.787508189751521	0.24871299746259859
2500000	2.8875081897654988	0.25010735951030189
2600000	2.9875081897794766	0.25133901610589104
2700000	3.0875081897934544	0.25242086218772108
2800000	3.1875081898074322	0.25336451001308657
2900000	 3.28750818982141	0.25418044498135617
3000000	3.3875081898353878	0.25487815919410278
3100000	3.4875081898493656	0.25546626638355235
3200000	3.5875081898633434	0.25595260117970314
3300000	3.6875081898773212	0.25634430515737749
3400000	3.787508189891299	0.25664790167885992
3500000	3.8875081899052768	0.25686936120366266
3600000	3.9875081899192546	0.25701415845756875
3700000	4.0875081899332324	0.25708732262495693
3800000	4.1875081899472102	0.2570934815417758
3900000	4.287508189961188	0.2570369007125215
4000000	4.3875081899751658	0.25692151784788814
4100000	4.4875081899891436	0.25675097351396964
4200000	4.5875081900031214	0.2565286383964695
4300000	4.6875081900170992	0.25625763760994352
4400000	4.787508190031077	0.25594087242035757
4500000	4.8875081900450548	0.25558103969795209
4600000	4.9875081900590326	0.25518064937318308
4700000	5.0875081900730104	0.25474204013192042
4800000	5.1875081900869882	0.25426739355422406
4900000	5.287508190100966	0.25375874687467925
5000000	5.3875081901149438	0.25321800451894866
5100000	5.4875081901289215	0.25264694855175696
5200000	5.5875081901428993	0.25204724815471186
5300000	5.6875081901568771	0.251420468237747
5400000	5.7875081901708549	0.25076807727540412
5500000	5.8875081901848327	0.25009145444841052
5600000	5.9875081901988105	0.24939189616157434
5700000	6.0875081902127883	0.24867062200061946
5800000	6.1875081902267661	0.24792878018379683
5900000	6.2875081902407439	 0.24716745255753
6000000	6.3875081902547217	0.24638765918014868
6100000	6.4875081902686995	0.24559036253275338
6200000	6.5875081902826773	0.24477647139227679
6300000	6.6875081902966551	0.24394684439784217
6400000	6.7875081903106329	0.2431022933385481
6500000	6.8875081903246107	0.24224358618764072
6600000	6.9875081903385885	0.24137144990569309
6700000	7.0875081903525663	0.24048657303299631
6800000	7.1875081903665441	0.23958960808944638
6900000	7.2875081903805219	0.23868117379841888
7000000	7.3875081903944997	0.23776185714944709
7100000	7.4875081904084775	0.23683221531321358
7200000	7.5875081904224553	0.23589277742099593
7300000	7.6875081904364331	0.23494404621963694
7400000	7.7875081904504109	0.23398649961204443
7500000	7.8875081904643887	0.23302059209235743
7600000	7.9875081904783665	0.2320467560840514
7700000	8.0875081904146207	0.23106540318853366
7800000	8.1875081903397806	0.23007692535114835
7900000	8.2875081902649406	0.22908169595082931
8000000	8.3875081901901005	0.22808007081919676
8100000	8.4875081901152605	0.22707238919432812
8200000	8.5875081900404204	0.226058974614021
8300000	8.6875081899655804	0.22504013575295667
8400000	8.7875081898907403	0.22401616720784587
8500000	8.8875081898159003	0.22298735023420496
8600000	8.9875081897410602	0.22195395343828045
8700000	9.0875081896662202	0.22091623342714642
8800000	9.1875081895913802	0.21987443541998586
8900000	9.2875081895165401	0.21882879382314815
9000000	9.3875081894417001	0.21777953277146087
9100000	 9.48750818936686	0.21672686663810117
9200000	 9.58750818929202	0.21567100051507324
9300000	9.6875081892171799	0.21461213066625162
9400000	9.7875081891423399	0.21355044495483733
9500000	9.8875081890674998	0.2124861232467945
9600000	9.9875081889926598	0.21141933779189601
9700000	10.08750818891782	0.21035025358372902
9800000	10.18750818884298	0.20927902870007742
9900000	10.28750818876814	0.20820581462481724
10000000	 10.3875081886933	0.20713075655254362
10100000	10.48750818861846	0.20605399367694108
10200000	10.58750818854362	0.20497565946393875
10300000	10.687508188468779	0.20389588191050551
10400000	10.787508188393939	0.2028147837900251
10500000	10.887508188319099	0.20173248288496826
10600000	10.987508188244259	0.20064909220766533
10700000	11.087508188169419	0.19956472020988622
10800000	11.187508188094579	0.19847947098179866
10900000	11.287508188019739	0.19739344444102916
11000000	11.387508187944899	0.19630673651227273
11100000	11.487508187870059	0.1952194392980959
11200000	11.587508187795219	0.19413164124135818
11300000	11.687508187720379	0.19304342727973448
11400000	11.787508187645539	0.19195487899278499
11500000	11.887508187570699	0.19086607474199016
11600000	11.987508187495859	0.18977708980412011
11700000	12.087508187421019	0.18868799649828541
11800000	12.187508187346179	0.18759886430704709
11900000	12.287508187271339	0.18650975999188552
12000000	12.387508187196499	0.18542074770328706
12100000	12.487508187121659	0.18433188908582127
12200000	12.587508187046819	0.18324324337836748
12300000	12.687508186971979	0.18215486750982626
12400000	12.787508186897139	0.18106681619050374
12500000	12.887508186822298	0.17997914199938381
12600000	12.987508186747458	0.17889189546754186
12700000	13.087508186672618	0.17780512515785113
12800000	13.187508186597778	0.17671887774117345
12900000	13.287508186522938	0.1756331980692491
13000000	13.387508186448098	0.17454812924437382
13100000	13.487508186373258	0.17346371268610594
13200000	13.587508186298418	0.17237998819509037
13300000	13.687508186223578	0.17129699401415099
13400000	13.787508186148738	0.17021476688680387
13500000	13.887508186073898	0.1691333421132806
13600000	13.987508185999058	0.16805275360423019
13700000	14.087508185924218	0.1669730339321305
13800000	14.187508185849378	0.16589421438060534
13900000	14.287508185774538	0.16481632499169252
14000000	14.387508185699698	0.16373939461115927
14100000	14.487508185624858	0.16266345093197299
14200000	14.587508185550018	0.16158852053599984
14300000	14.687508185475178	0.16051462893402349
14400000	14.787508185400338	0.15944180060413685
14500000	14.887508185325498	0.15837005902860579
14600000	14.987508185250658	0.15729942672925312
14700000	15.087508185175817	0.15622992530147761
14800000	15.187508185100977	0.15516157544684173
14900000	15.287508185026137	0.15409439700446392
15000000	15.387508184951297	0.15302840898113865
15100000	15.487508184876457	0.1519636295802923
15200000	15.587508184801617	0.15090007622980148
15300000	15.687508184726777	0.1498377656087535
15400000	15.787508184651937	0.14877671367316003
15500000	15.887508184577097	0.14771693568069755
15600000	15.987508184502257	0.14665844621448929
15700000	16.087508184582862	0.14560125920598369
15800000	16.187508184685658	0.144545387956968
15900000	16.287508184788454	0.14349084516074675
16000000	16.387508184891249	0.1424376429225144
16100000	16.487508184994045	0.14138579277897317
16200000	16.587508185096841	0.1403353057172039
16300000	16.687508185199636	0.13928619219284294
16400000	16.787508185302432	0.13823846214755506
16500000	16.887508185405228	0.13719212502592501
16600000	16.987508185508023	0.13614718979159732
16700000	17.087508185610819	0.13510366494293832
16800000	17.187508185713614	0.1340615585280597
16900000	17.28750818581641	0.13302087815929323
17000000	17.387508185919206	0.13198163102714025
17100000	17.487508186022001	0.13094382391369833
17200000	17.587508186124797	0.12990746320558996
17300000	17.687508186227593	0.12887255490642247
17400000	17.787508186330388	0.12783910464879331
17500000	17.887508186433184	0.12680711770582906
17600000	17.98750818653598	0.12577659900231303
17700000	18.087508186638775	0.12474755312541609
17800000	18.187508186741571	0.12371998433500014
17900000	18.287508186844367	0.12269389657355986
18000000	18.387508186947162	0.1216692934757788
18100000	18.487508187049958	0.12064617837774384
18200000	18.587508187152753	0.11962455432580218
18300000	18.687508187255549	0.11860442408508372
18400000	18.787508187358345	0.11758579014770959
18500000	18.88750818746114	0.11656865474067794
18600000	18.987508187563936	0.11555301983344879
18700000	19.087508187666732	0.11453888714523595
18800000	19.187508187769527	0.11352625815200922
18900000	19.287508187872323	0.11251513409322519
19000000	19.387508187975119	0.11150551597828506
19100000	19.487508188077914	0.11049740459273172
19200000	19.58750818818071	0.10949080050418823
19300000	19.687508188283505	0.108485704068054
19400000	19.787508188386301	0.10748211543295291
19500000	19.887508188489097	0.10648003454594832
19600000	19.987508188591892	0.10547946115752566
19700000	20.087508188694688	0.10448039482635034
19800000	20.187508188797484	0.10348283492379882
19900000	20.287508188900279	0.10248678063828141
20000000	20.387508189003075	0.1014922309793416
20100000	20.487508189105871	0.10049918478155032
20200000	20.587508189208666	0.099507640708195191
20300000	20.687508189311462	0.098517597254760003
20400000	20.787508189414257	0.097529052752204554
20500000	20.887508189517053	0.096542005370039444
20600000	20.987508189619849	0.095556453119216303
20700000	21.087508189722644	0.094572393854801456
20800000	21.18750818982544	0.093589825278461741
20900000	21.287508189928236	0.09260874494075684
21000000	21.387508190031031	0.091629150243226556
21100000	21.487508190133827	0.090651038440280732
21200000	21.587508190236623	0.089674406640905188
21300000	21.687508190339418	0.088699251810135632
21400000	21.787508190442214	0.087725570770357642
21500000	21.88750819054501	0.086753360202389426
21600000	21.987508190647805	0.085782616646352811
21700000	22.087508190750601	0.084813336502334719
21800000	22.187508190853396	0.083845516030828904
21900000	22.287508190956192	0.082879151352948335
22000000	22.387508191058988	0.081914238450425933
22100000	22.487508191161783	0.080950773165355538
22200000	22.587508191264579	0.079988751199703431
22300000	22.687508191367375	0.079028168114558053
22400000	22.78750819147017	0.078069019329123537
22500000	22.887508191572966	0.077111300119432499
22600000	22.987508191675762	0.076155005616775934
22700000	23.087508191778557	0.075200130805831836
22800000	23.187508191881353	0.074246670522476924
22900000	23.287508191984148	0.073294619451270596
23000000	23.387508192086944	0.07234397212258506
23100000	23.48750819218974	0.071394722909369435
23200000	23.587508192292535	0.070446866023524041
23300000	23.687508192395331	0.069500395511833374
23400000	23.787508192498127	0.068555305251508214
23500000	23.887508192600922	0.06761158894519978
23600000	23.987508192703718	0.066669240115540082
23700000	24.087508192806514	0.065728252099125486
23800000	24.187508192909309	0.064788618039930829
23900000	24.287508193012105	0.063850330882086914
24000000	 24.3875081931149	0.062913383361986042
24100000	24.487508193217696	0.061977767999661704
24200000	24.587508193320492	0.06104347708937969
24300000	24.687508193423287	0.060110502689365491
24400000	24.787508193526083	0.059178836610622031
24500000	24.887508193628879	0.058248470404717458
24600000	24.987508193731674	0.057319395350484643
24700000	25.08750819383447	0.056391602439510934
24800000	25.187508193937266	0.055465082360318052
24900000	25.287508194040061	0.054539825481095025
25000000	25.387508194142857	0.053615821830845713
25100000	25.487508194245653	0.052693061078809701
25200000	25.587508194348448	0.051771532511927829
25300000	25.687508194451244	0.050851225010218055
25400000	25.787508194554039	0.049932127019785527
25500000	25.887508194656835	0.049014226523226644
25600000	25.987508194759631	0.048097511007140326
25700000	26.087508194862426	0.04718196742641266
25800000	26.187508194965222	0.046267582164894371
25900000	26.287508195068018	0.045354340992056777
26000000	26.387508195170813	0.044442229015121251
26100000	26.487508195273609	0.043531230626112971
26200000	26.587508195376405	0.042621329443189318
26300000	 26.6875081954792	0.041712508245504314
26400000	26.787508195581996	0.040804748900739471
26500000	26.887508195684791	0.039898032284316695
26600000	26.987508195787587	0.038992338189124481
26700000	27.087508195890383	0.038087645224414143
26800000	27.187508195993178	0.03718393070226729
26900000	27.287508196095974	0.036281170509774481
27000000	27.38750819619877	0.035379338964736565
27100000	27.487508196301565	0.034478408652247598
27200000	27.587508196404361	0.03357835023908904
27300000	27.687508196507157	0.032679132262184461
27400000	27.787508196609952	0.031780720886669472
27500000	27.887508196712748	0.030883079628171668
27600000	27.987508196815543	0.029986169032757103
27700000	28.087508196918339	0.029089946306515509
27800000	28.187508197021135	0.028194364884995254
27900000	28.28750819712393	0.02729937393028951
28000000	28.387508197226726	0.026404917740663947
28100000	28.487508197329522	0.025510935053733804
28200000	28.587508197432317	0.024617358219203734
28300000	28.687508197535113	0.023724112210596806
28400000	28.787508197637909	0.022831113436666824
28500000	28.887508197740704	0.021938268301429163
28600000	 28.9875081978435	0.021045471445854187
28700000	29.087508197946295	0.020152603582338384
28800000	29.187508198049091	0.019259528802541004
28900000	29.287508198151887	0.018366091195989115
29000000	29.387508198254682	0.017472110554719467
29100000	29.487508198357478	0.016577376848240972
29200000	29.587508198460274	0.01568164301718046
29300000	29.687508198563069	0.01478461542635448
29400000	29.787508198665865	0.01388594099280805
29500000	29.887508198768661	0.012985189480618118
29600000	29.987508198871456	0.012081828583063493
29700000	30.087508198974252	0.011175187909485539
29800000	30.187508199077048	0.010264405286514327
29900000	30.287508199179843	0.0093483436538458267
30000000	30.387508199282639	0.0084254565104636067
30100000	30.487508199385434	0.0074935574877794528
30200000	30.58750819948823	0.0065493963727596459
30300000	30.687508199591026	0.0055878007817215048
30400000	30.787508199693821	0.0045996878855501565
30500000	30.887508199796617	0.0035663923113543679
30600000	30.987508199899413	0.0024358538037427329
30700000	31.087508200002208	0.00024531897389983611
30800000	31.187508200105004	-0.00042857929685569113
30900000	 31.2875082002078	-0.00078685515327809967
31000000	31.387508200310595	-0.0012543985570289357
31100000	31.487508200413391	-0.0018019886869511169
31200000	31.587508200516186	-0.0024055117453364249
31300000	31.687508200618982	-0.0030483108131908903
31400000	31.787508200721778	-0.0037193278232764077
31500000	31.887508200824573	-0.0044111566816077219
31600000	31.987508200927369	-0.0051187139931749602
31700000	32.08750820071927	-0.0058384113523118142
31800000	32.187508200466795	-0.0065676459839347145
31900000	32.287508200214319	-0.0073044826551349005
32000000	32.387508199961843	-0.0080474502981665759
32100000	32.487508199709367	-0.0087954085867558481
32200000	32.587508199456892	-0.009547458167067811
32300000	32.687508199204416	-0.010302878810962826
32400000	32.78750819895194	-0.01106108586559951
32500000	32.887508198699464	-0.011821598968964824
32600000	32.987508198446989	-0.012584019165056035
32700000	33.087508198194513	-0.013348011884831526
32800000	33.187508197942037	-0.014113294097793074
32900000	33.287508197689561	-0.014879624478281492
33000000	33.387508197437086	-0.015646795784217998
33100000	33.48750819718461	-0.016414628882297375
33200000	33.587508196932134	-0.017182968014245379
33300000	33.687508196679659	-0.017951677009711706
33400000	33.787508196427183	-0.018720636229155242
33500000	33.887508196174707	-0.019489740075407633
33600000	33.987508195922231	-0.020258894952431022
33700000	34.087508195669756	-0.021028017578829467
33800000	34.18750819541728	-0.02179703358510772
33900000	34.287508195164804	-0.022565876339608021
34000000	34.387508194912328	-0.023334485960071847
34100000	34.487508194659853	-0.024102808476887044
34200000	34.587508194407377	-0.024870795121088755
34300000	34.687508194154901	-0.025638401715543331
34400000	34.787508193902426	-0.026405588151985855
34500000	34.88750819364995	-0.027172317939841643
34600000	34.987508193397474	-0.027938557815394276
34700000	35.087508193144998	-0.028704277401901457
34800000	35.187508192892523	-0.02946944891293464
34900000	35.287508192640047	-0.030234046892537517
35000000	35.387508192387571	-0.030998047986876817
