# Filename: 2DKT_FPquench_vsl_T_0.95_0.85_lmax10_dl0.008_tmax10000_dt01e-05.dat
# Source: 2DKT_FPquench.c
# Source version: 1 (2011 Jan 12 - ...)
# Constant values: PI= 3.141592653589793116, PISQ=9.8696044010893579923, PICU=31.0062766802998162063, B=124.025106721199264825
# Parameter values: iTfrac=0.95, qTfrac=0.85, lmax=10, lsteps=1250, (dl=0.008), lpts=1251, ldatamax=250, tmax=10000, dt0=1e-05, a0=1, a04=1, K0c=0.747853

# time step n = 0	t = 0.000000e+00	(dt = 1.000000e-05)
# T/Tc	1-T/Tc	l	K	K/K0	G
0.95	0.05	0	0.787214	1	0.00042243
0.95	0.05	0.04	0.785941	0.998384	0.000346657
0.95	0.05	0.08	0.78472	0.996832	0.000284565
0.95	0.05	0.12	0.783546	0.995341	0.000233665
0.95	0.05	0.16	0.782418	0.993909	0.000191925
0.95	0.05	0.2	0.781335	0.992532	0.000157685
0.95	0.05	0.24	0.780292	0.991208	0.000129588
0.95	0.05	0.28	0.779289	0.989934	0.000106525
0.95	0.05	0.32	0.778324	0.988708	8.75879e-05
0.95	0.05	0.36	0.777395	0.987528	7.20346e-05
0.95	0.05	0.4	0.776501	0.986391	5.92567e-05
0.95	0.05	0.44	0.775639	0.985297	4.87562e-05
0.95	0.05	0.48	0.774809	0.984242	4.01249e-05
0.95	0.05	0.52	0.774008	0.983225	3.30284e-05
0.95	0.05	0.56	0.773237	0.982245	2.71923e-05
0.95	0.05	0.6	0.772493	0.9813	2.23918e-05
0.95	0.05	0.64	0.771775	0.980388	1.84421e-05
0.95	0.05	0.68	0.771082	0.979508	1.51918e-05
0.95	0.05	0.72	0.770414	0.978659	1.25165e-05
0.95	0.05	0.76	0.769769	0.97784	1.0314e-05
0.95	0.05	0.8	0.769146	0.977049	8.50042e-06
0.95	0.05	0.84	0.768545	0.976285	7.00682e-06
0.95	0.05	0.88	0.767964	0.975547	5.77652e-06
0.95	0.05	0.92	0.767402	0.974834	4.76293e-06
0.95	0.05	0.96	0.76686	0.974145	3.92773e-06
0.95	0.05	1	0.766336	0.973479	3.23942e-06
0.95	0.05	1.04	0.765829	0.972835	2.67208e-06
0.95	0.05	1.08	0.765339	0.972213	2.20438e-06
0.95	0.05	1.12	0.764866	0.971611	1.81876e-06
0.95	0.05	1.16	0.764408	0.971029	1.50077e-06
0.95	0.05	1.2	0.763965	0.970467	1.23852e-06
0.95	0.05	1.24	0.763536	0.969922	1.02221e-06
0.95	0.05	1.28	0.763121	0.969395	8.4377e-07
0.95	0.05	1.32	0.76272	0.968886	6.96548e-07
0.95	0.05	1.36	0.762332	0.968392	5.75071e-07
0.95	0.05	1.4	0.761956	0.967915	4.74825e-07
0.95	0.05	1.44	0.761592	0.967452	3.9209e-07
0.95	0.05	1.48	0.761239	0.967005	3.238e-07
0.95	0.05	1.52	0.760898	0.966571	2.67428e-07
0.95	0.05	1.56	0.760568	0.966152	2.20888e-07
0.95	0.05	1.6	0.760248	0.965745	1.82463e-07
0.95	0.05	1.64	0.759938	0.965352	1.50734e-07
0.95	0.05	1.68	0.759638	0.96497	1.24532e-07
0.95	0.05	1.72	0.759347	0.964601	1.02892e-07
0.95	0.05	1.76	0.759065	0.964243	8.50185e-08
0.95	0.05	1.8	0.758792	0.963896	7.02549e-08
0.95	0.05	1.84	0.758528	0.96356	5.80589e-08
0.95	0.05	1.88	0.758271	0.963234	4.79832e-08
0.95	0.05	1.92	0.758023	0.962918	3.96586e-08
0.95	0.05	1.96	0.757782	0.962612	3.27803e-08
0.95	0.05	2	0.757548	0.962316	2.70965e-08
0.95	0.05	2.04	0.757322	0.962028	2.23996e-08
0.95	0.05	2.08	0.757102	0.961749	1.85178e-08
0.95	0.05	2.12	0.756889	0.961479	1.53096e-08
0.95	0.05	2.16	0.756683	0.961216	1.26579e-08
0.95	0.05	2.2	0.756483	0.960962	1.0466e-08
0.95	0.05	2.24	0.756288	0.960716	8.65406e-09
0.95	0.05	2.28	0.7561	0.960476	7.15618e-09
0.95	0.05	2.32	0.755917	0.960244	5.91784e-09
0.95	0.05	2.36	0.75574	0.960019	4.894e-09
0.95	0.05	2.4	0.755568	0.959801	4.04748e-09
0.95	0.05	2.44	0.755402	0.959589	3.34752e-09
0.95	0.05	2.48	0.75524	0.959384	2.76873e-09
0.95	0.05	2.52	0.755083	0.959184	2.2901e-09
0.95	0.05	2.56	0.754931	0.958991	1.89428e-09
0.95	0.05	2.6	0.754783	0.958803	1.56694e-09
0.95	0.05	2.64	0.75464	0.958621	1.29621e-09
0.95	0.05	2.68	0.754501	0.958445	1.07229e-09
0.95	0.05	2.72	0.754366	0.958273	8.8709e-10
0.95	0.05	2.76	0.754235	0.958107	7.33898e-10
0.95	0.05	2.8	0.754107	0.957945	6.07181e-10
0.95	0.05	2.84	0.753984	0.957788	5.02358e-10
0.95	0.05	2.88	0.753864	0.957636	4.15645e-10
0.95	0.05	2.92	0.753748	0.957488	3.4391e-10
0.95	0.05	2.96	0.753635	0.957345	2.84564e-10
0.95	0.05	3	0.753526	0.957206	2.35465e-10
0.95	0.05	3.04	0.753419	0.957071	1.94843e-10
0.95	0.05	3.08	0.753316	0.95694	1.61233e-10
0.95	0.05	3.12	0.753216	0.956812	1.33424e-10
0.95	0.05	3.16	0.753118	0.956689	1.10415e-10
0.95	0.05	3.2	0.753024	0.956569	9.13754e-11
0.95	0.05	3.24	0.752932	0.956452	7.56209e-11
0.95	0.05	3.28	0.752843	0.956339	6.25841e-11
0.95	0.05	3.32	0.752757	0.956229	5.17959e-11
0.95	0.05	3.36	0.752673	0.956122	4.28684e-11
0.95	0.05	3.4	0.752591	0.956019	3.54803e-11
0.95	0.05	3.44	0.752512	0.955918	2.93661e-11
0.95	0.05	3.48	0.752435	0.95582	2.4306e-11
0.95	0.05	3.52	0.75236	0.955725	2.01182e-11
0.95	0.05	3.56	0.752288	0.955633	1.66523e-11
0.95	0.05	3.6	0.752217	0.955544	1.37837e-11
0.95	0.05	3.64	0.752149	0.955457	1.14094e-11
0.95	0.05	3.68	0.752082	0.955373	9.44431e-12
0.95	0.05	3.72	0.752018	0.955291	7.81779e-12
0.95	0.05	3.76	0.751955	0.955211	6.4715e-12
0.95	0.05	3.8	0.751894	0.955134	5.35713e-12
0.95	0.05	3.84	0.751835	0.955059	4.43472e-12
0.95	0.05	3.88	0.751778	0.954986	3.67118e-12
0.95	0.05	3.92	0.751722	0.954915	3.03915e-12
0.95	0.05	3.96	0.751668	0.954846	2.51597e-12
0.95	0.05	4	0.751615	0.954779	2.08288e-12
0.95	0.05	4.04	0.751564	0.954714	1.72436e-12
0.95	0.05	4.08	0.751514	0.954651	1.42757e-12
0.95	0.05	4.12	0.751466	0.95459	1.18187e-12
0.95	0.05	4.16	0.751419	0.95453	9.78479e-13
0.95	0.05	4.2	0.751374	0.954472	8.10096e-13
0.95	0.05	4.24	0.751329	0.954416	6.70697e-13
0.95	0.05	4.28	0.751286	0.954362	5.55291e-13
0.95	0.05	4.32	0.751245	0.954309	4.59748e-13
0.95	0.05	4.36	0.751204	0.954257	3.80648e-13
0.95	0.05	4.4	0.751165	0.954207	3.15161e-13
0.95	0.05	4.44	0.751127	0.954158	2.60942e-13
0.95	0.05	4.48	0.751089	0.954111	2.16053e-13
0.95	0.05	4.52	0.751053	0.954065	1.78888e-13
0.95	0.05	4.56	0.751018	0.954021	1.48117e-13
0.95	0.05	4.6	0.750984	0.953977	1.22641e-13
0.95	0.05	4.64	0.750951	0.953935	1.01547e-13
0.95	0.05	4.68	0.750919	0.953894	8.40817e-14
0.95	0.05	4.72	0.750887	0.953855	6.9621e-14
0.95	0.05	4.76	0.750857	0.953816	5.76478e-14
0.95	0.05	4.8	0.750828	0.953779	4.7734e-14
0.95	0.05	4.84	0.750799	0.953742	3.95254e-14
0.95	0.05	4.88	0.750771	0.953707	3.27287e-14
0.95	0.05	4.92	0.750744	0.953672	2.71009e-14
0.95	0.05	4.96	0.750718	0.953639	2.24409e-14
0.95	0.05	5	0.750692	0.953606	1.85824e-14
0.95	0.05	5.04	0.750667	0.953575	1.53874e-14
0.95	0.05	5.08	0.750643	0.953544	1.27418e-14
0.95	0.05	5.12	0.75062	0.953514	1.05511e-14
0.95	0.05	5.16	0.750597	0.953485	8.73715e-15
0.95	0.05	5.2	0.750575	0.953457	7.23508e-15
0.95	0.05	5.24	0.750553	0.95343	5.99128e-15
0.95	0.05	5.28	0.750532	0.953403	4.96132e-15
0.95	0.05	5.32	0.750512	0.953378	4.10845e-15
0.95	0.05	5.36	0.750492	0.953352	3.40221e-15
0.95	0.05	5.4	0.750473	0.953328	2.81738e-15
0.95	0.05	5.44	0.750454	0.953304	2.33309e-15
0.95	0.05	5.48	0.750436	0.953281	1.93206e-15
0.95	0.05	5.52	0.750419	0.953259	1.59997e-15
0.95	0.05	5.56	0.750401	0.953237	1.32497e-15
0.95	0.05	5.6	0.750385	0.953216	1.09723e-15
0.95	0.05	5.64	0.750369	0.953196	9.08647e-16
0.95	0.05	5.68	0.750353	0.953176	7.52477e-16
0.95	0.05	5.72	0.750338	0.953156	6.23151e-16
0.95	0.05	5.76	0.750323	0.953137	5.16053e-16
0.95	0.05	5.8	0.750308	0.953119	4.27364e-16
0.95	0.05	5.84	0.750294	0.953101	3.53917e-16
0.95	0.05	5.88	0.750281	0.953084	2.93095e-16
0.95	0.05	5.92	0.750268	0.953067	2.42726e-16
0.95	0.05	5.96	0.750255	0.953051	2.01013e-16
0.95	0.05	6	0.750242	0.953035	1.6647e-16
0.95	0.05	6.04	0.75023	0.95302	1.37863e-16
0.95	0.05	6.08	0.750218	0.953005	1.14172e-16
0.95	0.05	6.12	0.750207	0.95299	9.45526e-17
0.95	0.05	6.16	0.750196	0.952976	7.83049e-17
0.95	0.05	6.2	0.750185	0.952962	6.48494e-17
0.95	0.05	6.24	0.750174	0.952949	5.37061e-17
0.95	0.05	6.28	0.750164	0.952936	4.44777e-17
0.95	0.05	6.32	0.750154	0.952923	3.68352e-17
0.95	0.05	6.36	0.750145	0.952911	3.05059e-17
0.95	0.05	6.4	0.750135	0.952899	2.52642e-17
0.95	0.05	6.44	0.750126	0.952887	2.09232e-17
0.95	0.05	6.48	0.750117	0.952876	1.73282e-17
0.95	0.05	6.52	0.750109	0.952865	1.43509e-17
0.95	0.05	6.56	0.7501	0.952855	1.18851e-17
0.95	0.05	6.6	0.750092	0.952844	9.84308e-18
0.95	0.05	6.64	0.750084	0.952834	8.1519e-18
0.95	0.05	6.68	0.750076	0.952824	6.7513e-18
0.95	0.05	6.72	0.750069	0.952815	5.59136e-18
0.95	0.05	6.76	0.750062	0.952806	4.63071e-18
0.95	0.05	6.8	0.750055	0.952797	3.83512e-18
0.95	0.05	6.84	0.750048	0.952788	3.17622e-18
0.95	0.05	6.88	0.750041	0.95278	2.63053e-18
0.95	0.05	6.92	0.750035	0.952771	2.17859e-18
0.95	0.05	6.96	0.750028	0.952763	1.80431e-18
0.95	0.05	7	0.750022	0.952756	1.49432e-18
0.95	0.05	7.04	0.750016	0.952748	1.2376e-18
0.95	0.05	7.08	0.75001	0.952741	1.02498e-18
0.95	0.05	7.12	0.750005	0.952734	8.48893e-19
0.95	0.05	7.16	0.749999	0.952727	7.03056e-19
0.95	0.05	7.2	0.749994	0.95272	5.82274e-19
0.95	0.05	7.24	0.749989	0.952713	4.82243e-19
0.95	0.05	7.28	0.749984	0.952707	3.99397e-19
0.95	0.05	7.32	0.749979	0.952701	3.30784e-19
0.95	0.05	7.36	0.749974	0.952695	2.73958e-19
0.95	0.05	7.4	0.74997	0.952689	2.26895e-19
0.95	0.05	7.44	0.749965	0.952683	1.87917e-19
0.95	0.05	7.48	0.749961	0.952678	1.55635e-19
0.95	0.05	7.52	0.749957	0.952672	1.28899e-19
0.95	0.05	7.56	0.749953	0.952667	1.06756e-19
0.95	0.05	7.6	0.749949	0.952662	8.84167e-20
0.95	0.05	7.64	0.749945	0.952657	7.32281e-20
0.95	0.05	7.68	0.749941	0.952652	6.06487e-20
0.95	0.05	7.72	0.749937	0.952648	5.02302e-20
0.95	0.05	7.76	0.749934	0.952643	4.16016e-20
0.95	0.05	7.8	0.74993	0.952639	3.44552e-20
0.95	0.05	7.84	0.749927	0.952634	2.85364e-20
0.95	0.05	7.88	0.749924	0.95263	2.36344e-20
0.95	0.05	7.92	0.74992	0.952626	1.95745e-20
0.95	0.05	7.96	0.749917	0.952622	1.6212e-20
0.95	0.05	8	0.749914	0.952619	1.34272e-20
0.95	0.05	8.04	0.749911	0.952615	1.11207e-20
0.95	0.05	8.08	0.749909	0.952611	9.2104e-21
0.95	0.05	8.12	0.749906	0.952608	7.62827e-21
0.95	0.05	8.16	0.749903	0.952604	6.31791e-21
0.95	0.05	8.2	0.749901	0.952601	5.23265e-21
0.95	0.05	8.24	0.749898	0.952598	4.33381e-21
0.95	0.05	8.28	0.749896	0.952595	3.58938e-21
0.95	0.05	8.32	0.749893	0.952592	2.97282e-21
0.95	0.05	8.36	0.749891	0.952589	2.46216e-21
0.95	0.05	8.4	0.749889	0.952586	2.03923e-21
0.95	0.05	8.44	0.749886	0.952583	1.68895e-21
0.95	0.05	8.48	0.749884	0.95258	1.39883e-21
0.95	0.05	8.52	0.749882	0.952578	1.15855e-21
0.95	0.05	8.56	0.74988	0.952575	9.59548e-22
0.95	0.05	8.6	0.749878	0.952573	7.94726e-22
0.95	0.05	8.64	0.749876	0.95257	6.58216e-22
0.95	0.05	8.68	0.749875	0.952568	5.45154e-22
0.95	0.05	8.72	0.749873	0.952566	4.51513e-22
0.95	0.05	8.76	0.749871	0.952563	3.73957e-22
0.95	0.05	8.8	0.749869	0.952561	3.09723e-22
0.95	0.05	8.84	0.749868	0.952559	2.56522e-22
0.95	0.05	8.88	0.749866	0.952557	2.1246e-22
0.95	0.05	8.92	0.749864	0.952555	1.75966e-22
0.95	0.05	8.96	0.749863	0.952553	1.45741e-22
0.95	0.05	9	0.749861	0.952551	1.20707e-22
0.95	0.05	9.04	0.74986	0.95255	9.99739e-23
0.95	0.05	9.08	0.749859	0.952548	8.28017e-23
0.95	0.05	9.12	0.749857	0.952546	6.85792e-23
0.95	0.05	9.16	0.749856	0.952544	5.67996e-23
0.95	0.05	9.2	0.749855	0.952543	4.70434e-23
0.95	0.05	9.24	0.749853	0.952541	3.8963e-23
0.95	0.05	9.28	0.749852	0.95254	3.22705e-23
0.95	0.05	9.32	0.749851	0.952538	2.67275e-23
0.95	0.05	9.36	0.74985	0.952537	2.21367e-23
0.95	0.05	9.4	0.749849	0.952535	1.83344e-23
0.95	0.05	9.44	0.749848	0.952534	1.51852e-23
0.95	0.05	9.48	0.749847	0.952533	1.25769e-23
0.95	0.05	9.52	0.749846	0.952531	1.04167e-23
0.95	0.05	9.56	0.749845	0.95253	8.62747e-24
0.95	0.05	9.6	0.749844	0.952529	7.14558e-24
0.95	0.05	9.64	0.749843	0.952528	5.91823e-24
0.95	0.05	9.68	0.749842	0.952527	4.9017e-24
0.95	0.05	9.72	0.749841	0.952525	4.05977e-24
0.95	0.05	9.76	0.74984	0.952524	3.36245e-24
0.95	0.05	9.8	0.749839	0.952523	2.78491e-24
0.95	0.05	9.84	0.749839	0.952522	2.30657e-24
0.95	0.05	9.88	0.749838	0.952521	1.91039e-24
0.95	0.05	9.92	0.749837	0.95252	1.58226e-24
0.95	0.05	9.96	0.749836	0.952519	1.31048e-24
0.95	0.05	10	0.749835	0.952518	1.08539e-24

# time step n = 1001	t = 1.001000e-02	(dt = 1.000000e-05)
# T/Tc	1-T/Tc	l	K	K/K0	G
0.85	0.15	0	0.879827	1	0.00023322
0.85	0.15	0.04	0.878868	0.99891	0.000229034
0.85	0.15	0.08	0.877785	0.997679	0.000215686
0.85	0.15	0.12	0.876609	0.996343	0.000195804
0.85	0.15	0.16	0.875377	0.994942	0.000172317
0.85	0.15	0.2	0.87412	0.993514	0.000147933
0.85	0.15	0.24	0.872868	0.99209	0.000124719
0.85	0.15	0.28	0.871639	0.990693	0.000103915
0.85	0.15	0.32	0.870444	0.989335	8.60063e-05
0.85	0.15	0.36	0.869288	0.988021	7.09596e-05
0.85	0.15	0.4	0.868172	0.986754	5.84752e-05
0.85	0.15	0.44	0.867097	0.985531	4.81722e-05
0.85	0.15	0.48	0.866059	0.984352	3.96848e-05
0.85	0.15	0.52	0.865059	0.983214	3.26959e-05
0.85	0.15	0.56	0.864093	0.982117	2.69409e-05
0.85	0.15	0.6	0.863162	0.981059	2.22016e-05
0.85	0.15	0.64	0.862263	0.980037	1.82982e-05
0.85	0.15	0.68	0.861395	0.979051	1.50828e-05
0.85	0.15	0.72	0.860558	0.978099	1.2434e-05
0.85	0.15	0.76	0.859749	0.977179	1.02515e-05
0.85	0.15	0.8	0.858968	0.976291	8.45304e-06
0.85	0.15	0.84	0.858213	0.975434	6.9709e-06
0.85	0.15	0.88	0.857484	0.974605	5.74928e-06
0.85	0.15	0.92	0.85678	0.973805	4.74226e-06
0.85	0.15	0.96	0.856099	0.973031	3.91205e-06
0.85	0.15	1	0.855441	0.972283	3.22752e-06
0.85	0.15	1.04	0.854805	0.97156	2.66304e-06
0.85	0.15	1.08	0.85419	0.970861	2.19752e-06
0.85	0.15	1.12	0.853595	0.970185	1.81355e-06
0.85	0.15	1.16	0.853019	0.969531	1.49681e-06
0.85	0.15	1.2	0.852463	0.968898	1.23551e-06
0.85	0.15	1.24	0.851924	0.968286	1.01992e-06
0.85	0.15	1.28	0.851404	0.967694	8.4203e-07
0.85	0.15	1.32	0.850899	0.967121	6.95226e-07
0.85	0.15	1.36	0.850412	0.966567	5.74065e-07
0.85	0.15	1.4	0.849939	0.96603	4.7406e-07
0.85	0.15	1.44	0.849482	0.96551	3.91508e-07
0.85	0.15	1.48	0.84904	0.965007	3.23358e-07
0.85	0.15	1.52	0.848611	0.96452	2.67091e-07
0.85	0.15	1.56	0.848196	0.964049	2.20632e-07
0.85	0.15	1.6	0.847794	0.963592	1.82268e-07
0.85	0.15	1.64	0.847405	0.963149	1.50585e-07
0.85	0.15	1.68	0.847028	0.962721	1.24418e-07
0.85	0.15	1.72	0.846662	0.962306	1.02806e-07
0.85	0.15	1.76	0.846309	0.961903	8.49528e-08
0.85	0.15	1.8	0.845966	0.961513	7.02048e-08
0.85	0.15	1.84	0.845633	0.961136	5.80208e-08
0.85	0.15	1.88	0.845311	0.96077	4.79542e-08
0.85	0.15	1.92	0.844999	0.960415	3.96365e-08
0.85	0.15	1.96	0.844696	0.960071	3.27634e-08
0.85	0.15	2	0.844403	0.959738	2.70837e-08
0.85	0.15	2.04	0.844119	0.959414	2.23898e-08
0.85	0.15	2.08	0.843843	0.959101	1.85103e-08
0.85	0.15	2.12	0.843576	0.958797	1.53039e-08
0.85	0.15	2.16	0.843317	0.958503	1.26535e-08
0.85	0.15	2.2	0.843065	0.958217	1.04627e-08
0.85	0.15	2.24	0.842822	0.95794	8.65154e-09
0.85	0.15	2.28	0.842585	0.957672	7.15426e-09
0.85	0.15	2.32	0.842356	0.957411	5.91637e-09
0.85	0.15	2.36	0.842134	0.957158	4.89288e-09
0.85	0.15	2.4	0.841918	0.956913	4.04662e-09
0.85	0.15	2.44	0.841709	0.956675	3.34687e-09
0.85	0.15	2.48	0.841506	0.956445	2.76823e-09
0.85	0.15	2.52	0.841309	0.956221	2.28972e-09
0.85	0.15	2.56	0.841118	0.956004	1.89399e-09
0.85	0.15	2.6	0.840932	0.955793	1.56672e-09
0.85	0.15	2.64	0.840753	0.955588	1.29604e-09
0.85	0.15	2.68	0.840578	0.95539	1.07217e-09
0.85	0.15	2.72	0.840409	0.955197	8.86992e-10
0.85	0.15	2.76	0.840244	0.955011	7.33823e-10
0.85	0.15	2.8	0.840085	0.954829	6.07123e-10
0.85	0.15	2.84	0.83993	0.954653	5.02315e-10
0.85	0.15	2.88	0.83978	0.954483	4.15612e-10
0.85	0.15	2.92	0.839634	0.954317	3.43885e-10
0.85	0.15	2.96	0.839492	0.954156	2.84544e-10
0.85	0.15	3	0.839355	0.954	2.3545e-10
0.85	0.15	3.04	0.839221	0.953848	1.94832e-10
0.85	0.15	3.08	0.839092	0.953701	1.61225e-10
0.85	0.15	3.12	0.838966	0.953558	1.33418e-10
0.85	0.15	3.16	0.838844	0.953419	1.1041e-10
0.85	0.15	3.2	0.838725	0.953284	9.13716e-11
0.85	0.15	3.24	0.83861	0.953154	7.56179e-11
0.85	0.15	3.28	0.838499	0.953027	6.25818e-11
0.85	0.15	3.32	0.83839	0.952903	5.17942e-11
0.85	0.15	3.36	0.838285	0.952784	4.28671e-11
0.85	0.15	3.4	0.838182	0.952667	3.54793e-11
0.85	0.15	3.44	0.838083	0.952554	2.93653e-11
0.85	0.15	3.48	0.837987	0.952445	2.43054e-11
0.85	0.15	3.52	0.837893	0.952338	2.01178e-11
0.85	0.15	3.56	0.837802	0.952235	1.66519e-11
0.85	0.15	3.6	0.837714	0.952135	1.37834e-11
0.85	0.15	3.64	0.837628	0.952037	1.14092e-11
0.85	0.15	3.68	0.837545	0.951942	9.44416e-12
0.85	0.15	3.72	0.837464	0.95185	7.81767e-12
0.85	0.15	3.76	0.837385	0.951761	6.47141e-12
0.85	0.15	3.8	0.837309	0.951674	5.35706e-12
0.85	0.15	3.84	0.837235	0.95159	4.43467e-12
0.85	0.15	3.88	0.837163	0.951508	3.67114e-12
0.85	0.15	3.92	0.837093	0.951429	3.03912e-12
0.85	0.15	3.96	0.837025	0.951352	2.51594e-12
0.85	0.15	4	0.836959	0.951277	2.08286e-12
0.85	0.15	4.04	0.836895	0.951204	1.72434e-12
0.85	0.15	4.08	0.836833	0.951133	1.42756e-12
0.85	0.15	4.12	0.836772	0.951064	1.18187e-12
0.85	0.15	4.16	0.836713	0.950998	9.78473e-13
0.85	0.15	4.2	0.836656	0.950933	8.10091e-13
0.85	0.15	4.24	0.836601	0.95087	6.70693e-13
0.85	0.15	4.28	0.836547	0.950808	5.55289e-13
0.85	0.15	4.32	0.836495	0.950749	4.59746e-13
0.85	0.15	4.36	0.836444	0.950691	3.80647e-13
0.85	0.15	4.4	0.836394	0.950635	3.1516e-13
0.85	0.15	4.44	0.836347	0.950581	2.60941e-13
0.85	0.15	4.48	0.8363	0.950528	2.16053e-13
0.85	0.15	4.52	0.836255	0.950476	1.78888e-13
0.85	0.15	4.56	0.836211	0.950426	1.48117e-13
0.85	0.15	4.6	0.836168	0.950378	1.2264e-13
0.85	0.15	4.64	0.836126	0.95033	1.01546e-13
0.85	0.15	4.68	0.836086	0.950285	8.40815e-14
0.85	0.15	4.72	0.836047	0.95024	6.96209e-14
0.85	0.15	4.76	0.836009	0.950197	5.76477e-14
0.85	0.15	4.8	0.835972	0.950155	4.77339e-14
0.85	0.15	4.84	0.835936	0.950114	3.95254e-14
0.85	0.15	4.88	0.835901	0.950074	3.27286e-14
0.85	0.15	4.92	0.835867	0.950035	2.71008e-14
0.85	0.15	4.96	0.835834	0.949998	2.24409e-14
0.85	0.15	5	0.835802	0.949962	1.85824e-14
0.85	0.15	5.04	0.835771	0.949926	1.53874e-14
0.85	0.15	5.08	0.835741	0.949892	1.27418e-14
0.85	0.15	5.12	0.835711	0.949858	1.05511e-14
0.85	0.15	5.16	0.835683	0.949826	8.73715e-15
0.85	0.15	5.2	0.835655	0.949794	7.23508e-15
0.85	0.15	5.24	0.835628	0.949764	5.99127e-15
0.85	0.15	5.28	0.835602	0.949734	4.96132e-15
0.85	0.15	5.32	0.835576	0.949705	4.10845e-15
0.85	0.15	5.36	0.835551	0.949677	3.4022e-15
0.85	0.15	5.4	0.835527	0.94965	2.81738e-15
0.85	0.15	5.44	0.835504	0.949623	2.33309e-15
0.85	0.15	5.48	0.835481	0.949597	1.93206e-15
0.85	0.15	5.52	0.835459	0.949572	1.59997e-15
0.85	0.15	5.56	0.835438	0.949548	1.32496e-15
0.85	0.15	5.6	0.835417	0.949524	1.09723e-15
0.85	0.15	5.64	0.835397	0.949501	9.08647e-16
0.85	0.15	5.68	0.835377	0.949479	7.52477e-16
0.85	0.15	5.72	0.835358	0.949457	6.23151e-16
0.85	0.15	5.76	0.835339	0.949436	5.16053e-16
0.85	0.15	5.8	0.835321	0.949415	4.27363e-16
0.85	0.15	5.84	0.835304	0.949395	3.53917e-16
0.85	0.15	5.88	0.835287	0.949376	2.93095e-16
0.85	0.15	5.92	0.83527	0.949357	2.42726e-16
0.85	0.15	5.96	0.835254	0.949339	2.01013e-16
0.85	0.15	6	0.835238	0.949321	1.6647e-16
0.85	0.15	6.04	0.835223	0.949304	1.37863e-16
0.85	0.15	6.08	0.835208	0.949287	1.14172e-16
0.85	0.15	6.12	0.835194	0.949271	9.45526e-17
0.85	0.15	6.16	0.83518	0.949255	7.83049e-17
0.85	0.15	6.2	0.835166	0.949239	6.48494e-17
0.85	0.15	6.24	0.835153	0.949224	5.37061e-17
0.85	0.15	6.28	0.83514	0.94921	4.44777e-17
0.85	0.15	6.32	0.835128	0.949196	3.68352e-17
0.85	0.15	6.36	0.835116	0.949182	3.05059e-17
0.85	0.15	6.4	0.835104	0.949168	2.52642e-17
0.85	0.15	6.44	0.835093	0.949155	2.09232e-17
0.85	0.15	6.48	0.835082	0.949143	1.73282e-17
0.85	0.15	6.52	0.835071	0.949131	1.43509e-17
0.85	0.15	6.56	0.83506	0.949119	1.18851e-17
0.85	0.15	6.6	0.83505	0.949107	9.84308e-18
0.85	0.15	6.64	0.83504	0.949096	8.1519e-18
0.85	0.15	6.68	0.835031	0.949085	6.7513e-18
0.85	0.15	6.72	0.835021	0.949074	5.59136e-18
0.85	0.15	6.76	0.835012	0.949064	4.63071e-18
0.85	0.15	6.8	0.835003	0.949054	3.83512e-18
0.85	0.15	6.84	0.834995	0.949044	3.17622e-18
0.85	0.15	6.88	0.834986	0.949035	2.63053e-18
0.85	0.15	6.92	0.834978	0.949025	2.17859e-18
0.85	0.15	6.96	0.83497	0.949016	1.80431e-18
0.85	0.15	7	0.834963	0.949008	1.49432e-18
0.85	0.15	7.04	0.834955	0.948999	1.2376e-18
0.85	0.15	7.08	0.834948	0.948991	1.02498e-18
0.85	0.15	7.12	0.834941	0.948983	8.48893e-19
0.85	0.15	7.16	0.834934	0.948975	7.03056e-19
0.85	0.15	7.2	0.834927	0.948968	5.82274e-19
0.85	0.15	7.24	0.834921	0.94896	4.82243e-19
0.85	0.15	7.28	0.834915	0.948953	3.99397e-19
0.85	0.15	7.32	0.834909	0.948946	3.30784e-19
0.85	0.15	7.36	0.834903	0.94894	2.73958e-19
0.85	0.15	7.4	0.834897	0.948933	2.26895e-19
0.85	0.15	7.44	0.834891	0.948927	1.87917e-19
0.85	0.15	7.48	0.834886	0.94892	1.55635e-19
0.85	0.15	7.52	0.834881	0.948914	1.28899e-19
0.85	0.15	7.56	0.834875	0.948909	1.06756e-19
0.85	0.15	7.6	0.83487	0.948903	8.84167e-20
0.85	0.15	7.64	0.834866	0.948897	7.32281e-20
0.85	0.15	7.68	0.834861	0.948892	6.06487e-20
0.85	0.15	7.72	0.834856	0.948887	5.02302e-20
0.85	0.15	7.76	0.834852	0.948882	4.16016e-20
0.85	0.15	7.8	0.834847	0.948877	3.44552e-20
0.85	0.15	7.84	0.834843	0.948872	2.85364e-20
0.85	0.15	7.88	0.834839	0.948867	2.36344e-20
0.85	0.15	7.92	0.834835	0.948863	1.95745e-20
0.85	0.15	7.96	0.834831	0.948858	1.6212e-20
0.85	0.15	8	0.834828	0.948854	1.34272e-20
0.85	0.15	8.04	0.834824	0.94885	1.11207e-20
0.85	0.15	8.08	0.83482	0.948846	9.2104e-21
0.85	0.15	8.12	0.834817	0.948842	7.62827e-21
0.85	0.15	8.16	0.834814	0.948838	6.31791e-21
0.85	0.15	8.2	0.83481	0.948835	5.23265e-21
0.85	0.15	8.24	0.834807	0.948831	4.33381e-21
0.85	0.15	8.28	0.834804	0.948827	3.58938e-21
0.85	0.15	8.32	0.834801	0.948824	2.97282e-21
0.85	0.15	8.36	0.834798	0.948821	2.46216e-21
0.85	0.15	8.4	0.834795	0.948817	2.03923e-21
0.85	0.15	8.44	0.834793	0.948814	1.68895e-21
0.85	0.15	8.48	0.83479	0.948811	1.39883e-21
0.85	0.15	8.52	0.834787	0.948808	1.15855e-21
0.85	0.15	8.56	0.834785	0.948805	9.59548e-22
0.85	0.15	8.6	0.834782	0.948803	7.94726e-22
0.85	0.15	8.64	0.83478	0.9488	6.58216e-22
0.85	0.15	8.68	0.834778	0.948797	5.45154e-22
0.85	0.15	8.72	0.834775	0.948795	4.51513e-22
0.85	0.15	8.76	0.834773	0.948792	3.73957e-22
0.85	0.15	8.8	0.834771	0.94879	3.09723e-22
0.85	0.15	8.84	0.834769	0.948788	2.56522e-22
0.85	0.15	8.88	0.834767	0.948785	2.1246e-22
0.85	0.15	8.92	0.834765	0.948783	1.75966e-22
0.85	0.15	8.96	0.834763	0.948781	1.45741e-22
0.85	0.15	9	0.834761	0.948779	1.20707e-22
0.85	0.15	9.04	0.834759	0.948777	9.99739e-23
0.85	0.15	9.08	0.834758	0.948775	8.28017e-23
0.85	0.15	9.12	0.834756	0.948773	6.85792e-23
0.85	0.15	9.16	0.834754	0.948771	5.67996e-23
0.85	0.15	9.2	0.834753	0.948769	4.70434e-23
0.85	0.15	9.24	0.834751	0.948767	3.8963e-23
0.85	0.15	9.28	0.83475	0.948766	3.22705e-23
0.85	0.15	9.32	0.834748	0.948764	2.67275e-23
0.85	0.15	9.36	0.834747	0.948762	2.21367e-23
0.85	0.15	9.4	0.834745	0.948761	1.83344e-23
0.85	0.15	9.44	0.834744	0.948759	1.51852e-23
0.85	0.15	9.48	0.834743	0.948758	1.25769e-23
0.85	0.15	9.52	0.834741	0.948756	1.04167e-23
0.85	0.15	9.56	0.83474	0.948755	8.62747e-24
0.85	0.15	9.6	0.834739	0.948754	7.14558e-24
0.85	0.15	9.64	0.834738	0.948752	5.91823e-24
0.85	0.15	9.68	0.834737	0.948751	4.9017e-24
0.85	0.15	9.72	0.834736	0.94875	4.05977e-24
0.85	0.15	9.76	0.834735	0.948748	3.36245e-24
0.85	0.15	9.8	0.834734	0.948747	2.78491e-24
0.85	0.15	9.84	0.834733	0.948746	2.30657e-24
0.85	0.15	9.88	0.834732	0.948745	1.91039e-24
0.85	0.15	9.92	0.834731	0.948744	1.58226e-24
0.85	0.15	9.96	0.83473	0.948743	1.31048e-24
0.85	0.15	10	0.834729	0.948742	1.12708e-24

# time step n = 10001	t = 1.000100e-01	(dt = 1.000000e-05)
# T/Tc	1-T/Tc	l	K	K/K0	G
0.85	0.15	0	0.879827	1	6.45649e-05
0.85	0.15	0.04	0.879561	0.999697	6.41942e-05
0.85	0.15	0.08	0.879252	0.999346	6.2974e-05
0.85	0.15	0.12	0.878899	0.998945	6.10263e-05
0.85	0.15	0.16	0.878499	0.99849	5.84662e-05
0.85	0.15	0.2	0.878052	0.997982	5.54046e-05
0.85	0.15	0.24	0.877558	0.997421	5.19484e-05
0.85	0.15	0.28	0.877017	0.996806	4.82022e-05
0.85	0.15	0.32	0.876431	0.99614	4.42668e-05
0.85	0.15	0.36	0.875803	0.995427	4.02388e-05
0.85	0.15	0.4	0.875137	0.99467	3.62085e-05
0.85	0.15	0.44	0.874438	0.993875	3.22582e-05
0.85	0.15	0.48	0.873711	0.993049	2.84599e-05
0.85	0.15	0.52	0.872962	0.992198	2.48737e-05
0.85	0.15	0.56	0.872199	0.99133	2.1546e-05
0.85	0.15	0.6	0.871427	0.990452	1.85088e-05
0.85	0.15	0.64	0.870652	0.989572	1.57799e-05
0.85	0.15	0.68	0.86988	0.988695	1.33638e-05
0.85	0.15	0.72	0.869116	0.987827	1.12531e-05
0.85	0.15	0.76	0.868365	0.986972	9.43115e-06
0.85	0.15	0.8	0.867628	0.986134	7.87478e-06
0.85	0.15	0.84	0.866907	0.985316	6.55666e-06
0.85	0.15	0.88	0.866206	0.984518	5.44797e-06
0.85	0.15	0.92	0.865523	0.983742	4.52027e-06
0.85	0.15	0.96	0.864859	0.982988	3.7469e-06
0.85	0.15	1	0.864215	0.982255	3.10385e-06
0.85	0.15	1.04	0.86359	0.981545	2.57004e-06
0.85	0.15	1.08	0.862983	0.980855	2.1274e-06
0.85	0.15	1.12	0.862394	0.980186	1.76059e-06
0.85	0.15	1.16	0.861824	0.979538	1.45678e-06
0.85	0.15	1.2	0.86127	0.978909	1.20523e-06
0.85	0.15	1.24	0.860734	0.978299	9.96994e-07
0.85	0.15	1.28	0.860214	0.977708	8.2466e-07
0.85	0.15	1.32	0.859709	0.977134	6.82061e-07
0.85	0.15	1.36	0.85922	0.976579	5.64083e-07
0.85	0.15	1.4	0.858746	0.97604	4.66487e-07
0.85	0.15	1.44	0.858287	0.975518	3.85761e-07
0.85	0.15	1.48	0.857842	0.975012	3.18995e-07
0.85	0.15	1.52	0.85741	0.974521	2.63777e-07
0.85	0.15	1.56	0.856991	0.974045	2.18115e-07
0.85	0.15	1.6	0.856585	0.973584	1.80355e-07
0.85	0.15	1.64	0.856192	0.973137	1.49131e-07
0.85	0.15	1.68	0.855811	0.972703	1.23313e-07
0.85	0.15	1.72	0.855441	0.972283	1.01965e-07
0.85	0.15	1.76	0.855083	0.971876	8.43132e-08
0.85	0.15	1.8	0.854735	0.971481	6.97181e-08
0.85	0.15	1.84	0.854398	0.971098	5.76504e-08
0.85	0.15	1.88	0.854071	0.970726	4.76722e-08
0.85	0.15	1.92	0.853754	0.970366	3.94218e-08
0.85	0.15	1.96	0.853447	0.970017	3.26e-08
0.85	0.15	2	0.853149	0.969678	2.69592e-08
0.85	0.15	2.04	0.85286	0.96935	2.22949e-08
0.85	0.15	2.08	0.85258	0.969031	1.84381e-08
0.85	0.15	2.12	0.852308	0.968722	1.52489e-08
0.85	0.15	2.16	0.852045	0.968423	1.26116e-08
0.85	0.15	2.2	0.851789	0.968132	1.04307e-08
0.85	0.15	2.24	0.851541	0.96785	8.62717e-09
0.85	0.15	2.28	0.8513	0.967577	7.13568e-09
0.85	0.15	2.32	0.851067	0.967311	5.90221e-09
0.85	0.15	2.36	0.85084	0.967054	4.88209e-09
0.85	0.15	2.4	0.850621	0.966804	4.03839e-09
0.85	0.15	2.44	0.850407	0.966562	3.34059e-09
0.85	0.15	2.48	0.850201	0.966327	2.76344e-09
0.85	0.15	2.52	0.85	0.966099	2.28607e-09
0.85	0.15	2.56	0.849805	0.965878	1.89121e-09
0.85	0.15	2.6	0.849616	0.965663	1.56459e-09
0.85	0.15	2.64	0.849433	0.965454	1.29442e-09
0.85	0.15	2.68	0.849255	0.965252	1.07093e-09
0.85	0.15	2.72	0.849082	0.965056	8.86048e-10
0.85	0.15	2.76	0.848915	0.964865	7.33103e-10
0.85	0.15	2.8	0.848752	0.96468	6.06574e-10
0.85	0.15	2.84	0.848594	0.964501	5.01895e-10
0.85	0.15	2.88	0.848441	0.964327	4.15292e-10
0.85	0.15	2.92	0.848292	0.964158	3.4364e-10
0.85	0.15	2.96	0.848147	0.963993	2.84358e-10
0.85	0.15	3	0.848007	0.963834	2.35308e-10
0.85	0.15	3.04	0.847871	0.963679	1.94723e-10
0.85	0.15	3.08	0.847739	0.963529	1.61141e-10
0.85	0.15	3.12	0.847611	0.963383	1.33354e-10
0.85	0.15	3.16	0.847486	0.963242	1.10361e-10
0.85	0.15	3.2	0.847365	0.963104	9.13346e-11
0.85	0.15	3.24	0.847248	0.962971	7.55897e-11
0.85	0.15	3.28	0.847134	0.962841	6.25603e-11
0.85	0.15	3.32	0.847023	0.962716	5.17778e-11
0.85	0.15	3.36	0.846916	0.962593	4.28545e-11
0.85	0.15	3.4	0.846811	0.962475	3.54697e-11
0.85	0.15	3.44	0.84671	0.96236	2.9358e-11
0.85	0.15	3.48	0.846612	0.962248	2.42998e-11
0.85	0.15	3.52	0.846516	0.962139	2.01135e-11
0.85	0.15	3.56	0.846423	0.962034	1.66487e-11
0.85	0.15	3.6	0.846333	0.961931	1.37809e-11
0.85	0.15	3.64	0.846246	0.961832	1.14073e-11
0.85	0.15	3.68	0.846161	0.961735	9.44271e-12
0.85	0.15	3.72	0.846078	0.961641	7.81656e-12
0.85	0.15	3.76	0.845998	0.96155	6.47056e-12
0.85	0.15	3.8	0.84592	0.961462	5.35641e-12
0.85	0.15	3.84	0.845844	0.961376	4.43417e-12
0.85	0.15	3.88	0.845771	0.961292	3.67077e-12
0.85	0.15	3.92	0.845699	0.961211	3.03883e-12
0.85	0.15	3.96	0.84563	0.961132	2.51572e-12
0.85	0.15	4	0.845563	0.961056	2.08269e-12
0.85	0.15	4.04	0.845497	0.960981	1.72421e-12
0.85	0.15	4.08	0.845434	0.960909	1.42746e-12
0.85	0.15	4.12	0.845372	0.960839	1.18179e-12
0.85	0.15	4.16	0.845312	0.960771	9.78415e-13
0.85	0.15	4.2	0.845254	0.960705	8.10047e-13
0.85	0.15	4.24	0.845197	0.96064	6.7066e-13
0.85	0.15	4.28	0.845142	0.960578	5.55263e-13
0.85	0.15	4.32	0.845089	0.960517	4.59727e-13
0.85	0.15	4.36	0.845037	0.960458	3.80632e-13
0.85	0.15	4.4	0.844987	0.960401	3.15148e-13
0.85	0.15	4.44	0.844938	0.960345	2.60933e-13
0.85	0.15	4.48	0.84489	0.960291	2.16046e-13
0.85	0.15	4.52	0.844844	0.960239	1.78883e-13
0.85	0.15	4.56	0.844799	0.960188	1.48113e-13
0.85	0.15	4.6	0.844755	0.960138	1.22637e-13
0.85	0.15	4.64	0.844713	0.96009	1.01544e-13
0.85	0.15	4.68	0.844672	0.960043	8.40797e-14
0.85	0.15	4.72	0.844632	0.959998	6.96195e-14
0.85	0.15	4.76	0.844593	0.959953	5.76466e-14
0.85	0.15	4.8	0.844555	0.95991	4.77332e-14
0.85	0.15	4.84	0.844518	0.959869	3.95248e-14
0.85	0.15	4.88	0.844483	0.959828	3.27282e-14
0.85	0.15	4.92	0.844448	0.959789	2.71005e-14
0.85	0.15	4.96	0.844415	0.959751	2.24406e-14
0.85	0.15	5	0.844382	0.959713	1.85822e-14
0.85	0.15	5.04	0.84435	0.959677	1.53872e-14
0.85	0.15	5.08	0.844319	0.959642	1.27417e-14
0.85	0.15	5.12	0.844289	0.959608	1.0551e-14
0.85	0.15	5.16	0.84426	0.959575	8.73708e-15
0.85	0.15	5.2	0.844232	0.959543	7.23502e-15
0.85	0.15	5.24	0.844204	0.959511	5.99123e-15
0.85	0.15	5.28	0.844177	0.959481	4.96129e-15
0.85	0.15	5.32	0.844151	0.959451	4.10842e-15
0.85	0.15	5.36	0.844126	0.959423	3.40219e-15
0.85	0.15	5.4	0.844102	0.959395	2.81736e-15
0.85	0.15	5.44	0.844078	0.959368	2.33308e-15
0.85	0.15	5.48	0.844055	0.959341	1.93205e-15
0.85	0.15	5.52	0.844032	0.959316	1.59996e-15
0.85	0.15	5.56	0.84401	0.959291	1.32496e-15
0.85	0.15	5.6	0.843989	0.959267	1.09723e-15
0.85	0.15	5.64	0.843968	0.959243	9.08644e-16
0.85	0.15	5.68	0.843948	0.95922	7.52475e-16
0.85	0.15	5.72	0.843929	0.959198	6.23149e-16
0.85	0.15	5.76	0.84391	0.959177	5.16052e-16
0.85	0.15	5.8	0.843891	0.959156	4.27363e-16
0.85	0.15	5.84	0.843873	0.959135	3.53917e-16
0.85	0.15	5.88	0.843856	0.959116	2.93094e-16
0.85	0.15	5.92	0.843839	0.959096	2.42725e-16
0.85	0.15	5.96	0.843823	0.959078	2.01013e-16
0.85	0.15	6	0.843807	0.95906	1.66469e-16
0.85	0.15	6.04	0.843791	0.959042	1.37862e-16
0.85	0.15	6.08	0.843776	0.959025	1.14172e-16
0.85	0.15	6.12	0.843761	0.959008	9.45525e-17
0.85	0.15	6.16	0.843747	0.958992	7.83048e-17
0.85	0.15	6.2	0.843733	0.958976	6.48493e-17
0.85	0.15	6.24	0.84372	0.958961	5.3706e-17
0.85	0.15	6.28	0.843707	0.958946	4.44777e-17
0.85	0.15	6.32	0.843694	0.958932	3.68351e-17
0.85	0.15	6.36	0.843682	0.958918	3.05059e-17
0.85	0.15	6.4	0.84367	0.958904	2.52642e-17
0.85	0.15	6.44	0.843658	0.958891	2.09232e-17
0.85	0.15	6.48	0.843647	0.958878	1.73282e-17
0.85	0.15	6.52	0.843636	0.958865	1.43509e-17
0.85	0.15	6.56	0.843625	0.958853	1.18851e-17
0.85	0.15	6.6	0.843614	0.958841	9.84308e-18
0.85	0.15	6.64	0.843604	0.95883	8.1519e-18
0.85	0.15	6.68	0.843595	0.958819	6.7513e-18
0.85	0.15	6.72	0.843585	0.958808	5.59135e-18
0.85	0.15	6.76	0.843576	0.958797	4.63071e-18
0.85	0.15	6.8	0.843567	0.958787	3.83512e-18
0.85	0.15	6.84	0.843558	0.958777	3.17622e-18
0.85	0.15	6.88	0.843549	0.958767	2.63053e-18
0.85	0.15	6.92	0.843541	0.958758	2.17859e-18
0.85	0.15	6.96	0.843533	0.958749	1.80431e-18
0.85	0.15	7	0.843525	0.95874	1.49432e-18
0.85	0.15	7.04	0.843518	0.958731	1.2376e-18
0.85	0.15	7.08	0.84351	0.958723	1.02498e-18
0.85	0.15	7.12	0.843503	0.958715	8.48892e-19
0.85	0.15	7.16	0.843496	0.958707	7.03056e-19
0.85	0.15	7.2	0.843489	0.958699	5.82274e-19
0.85	0.15	7.24	0.843483	0.958691	4.82243e-19
0.85	0.15	7.28	0.843476	0.958684	3.99397e-19
0.85	0.15	7.32	0.84347	0.958677	3.30784e-19
0.85	0.15	7.36	0.843464	0.95867	2.73958e-19
0.85	0.15	7.4	0.843458	0.958664	2.26895e-19
0.85	0.15	7.44	0.843452	0.958657	1.87917e-19
0.85	0.15	7.48	0.843447	0.958651	1.55635e-19
0.85	0.15	7.52	0.843441	0.958645	1.28899e-19
0.85	0.15	7.56	0.843436	0.958639	1.06756e-19
0.85	0.15	7.6	0.843431	0.958633	8.84167e-20
0.85	0.15	7.64	0.843426	0.958627	7.32281e-20
0.85	0.15	7.68	0.843421	0.958622	6.06487e-20
0.85	0.15	7.72	0.843417	0.958616	5.02302e-20
0.85	0.15	7.76	0.843412	0.958611	4.16016e-20
0.85	0.15	7.8	0.843408	0.958606	3.44552e-20
0.85	0.15	7.84	0.843403	0.958601	2.85364e-20
0.85	0.15	7.88	0.843399	0.958597	2.36344e-20
0.85	0.15	7.92	0.843395	0.958592	1.95745e-20
0.85	0.15	7.96	0.843391	0.958587	1.6212e-20
0.85	0.15	8	0.843387	0.958583	1.34272e-20
0.85	0.15	8.04	0.843384	0.958579	1.11207e-20
0.85	0.15	8.08	0.84338	0.958575	9.2104e-21
0.85	0.15	8.12	0.843376	0.958571	7.62827e-21
0.85	0.15	8.16	0.843373	0.958567	6.31791e-21
0.85	0.15	8.2	0.84337	0.958563	5.23265e-21
0.85	0.15	8.24	0.843366	0.958559	4.33381e-21
0.85	0.15	8.28	0.843363	0.958556	3.58938e-21
0.85	0.15	8.32	0.84336	0.958552	2.97282e-21
0.85	0.15	8.36	0.843357	0.958549	2.46216e-21
0.85	0.15	8.4	0.843354	0.958546	2.03923e-21
0.85	0.15	8.44	0.843352	0.958543	1.68895e-21
0.85	0.15	8.48	0.843349	0.958539	1.39883e-21
0.85	0.15	8.52	0.843346	0.958536	1.15855e-21
0.85	0.15	8.56	0.843344	0.958533	9.59548e-22
0.85	0.15	8.6	0.843341	0.958531	7.94726e-22
0.85	0.15	8.64	0.843339	0.958528	6.58216e-22
0.85	0.15	8.68	0.843336	0.958525	5.45154e-22
0.85	0.15	8.72	0.843334	0.958523	4.51513e-22
0.85	0.15	8.76	0.843332	0.95852	3.73957e-22
0.85	0.15	8.8	0.84333	0.958518	3.09723e-22
0.85	0.15	8.84	0.843328	0.958515	2.56522e-22
0.85	0.15	8.88	0.843326	0.958513	2.1246e-22
0.85	0.15	8.92	0.843324	0.958511	1.75966e-22
0.85	0.15	8.96	0.843322	0.958508	1.45741e-22
0.85	0.15	9	0.84332	0.958506	1.20707e-22
0.85	0.15	9.04	0.843318	0.958504	9.99739e-23
0.85	0.15	9.08	0.843316	0.958502	8.28017e-23
0.85	0.15	9.12	0.843314	0.9585	6.85792e-23
0.85	0.15	9.16	0.843313	0.958498	5.67996e-23
0.85	0.15	9.2	0.843311	0.958496	4.70434e-23
0.85	0.15	9.24	0.843309	0.958495	3.8963e-23
0.85	0.15	9.28	0.843308	0.958493	3.22705e-23
0.85	0.15	9.32	0.843306	0.958491	2.67275e-23
0.85	0.15	9.36	0.843305	0.958489	2.21367e-23
0.85	0.15	9.4	0.843304	0.958488	1.83344e-23
0.85	0.15	9.44	0.843302	0.958486	1.51852e-23
0.85	0.15	9.48	0.843301	0.958485	1.25769e-23
0.85	0.15	9.52	0.8433	0.958483	1.04167e-23
0.85	0.15	9.56	0.843298	0.958482	8.62747e-24
0.85	0.15	9.6	0.843297	0.95848	7.14558e-24
0.85	0.15	9.64	0.843296	0.958479	5.91823e-24
0.85	0.15	9.68	0.843295	0.958478	4.9017e-24
0.85	0.15	9.72	0.843294	0.958477	4.05977e-24
0.85	0.15	9.76	0.843292	0.958475	3.36245e-24
0.85	0.15	9.8	0.843291	0.958474	2.78491e-24
0.85	0.15	9.84	0.84329	0.958473	2.30657e-24
0.85	0.15	9.88	0.843289	0.958472	1.91039e-24
0.85	0.15	9.92	0.843288	0.958471	1.58226e-24
0.85	0.15	9.96	0.843287	0.95847	1.31048e-24
0.85	0.15	10	0.843287	0.958468	1.12708e-24

# time step n = 100001	t = 1.000010e+00	(dt = 1.000000e-05)
# T/Tc	1-T/Tc	l	K	K/K0	G
0.85	0.15	0	0.879827	1	2.03477e-06
0.85	0.15	0.04	0.879819	0.99999	2.0322e-06
0.85	0.15	0.08	0.879809	0.999979	2.02368e-06
0.85	0.15	0.12	0.879797	0.999966	2.00989e-06
0.85	0.15	0.16	0.879784	0.999951	1.99138e-06
0.85	0.15	0.2	0.879768	0.999933	1.96857e-06
0.85	0.15	0.24	0.87975	0.999913	1.94178e-06
0.85	0.15	0.28	0.87973	0.999889	1.91127e-06
0.85	0.15	0.32	0.879706	0.999862	1.87726e-06
0.85	0.15	0.36	0.879678	0.999831	1.8399e-06
0.85	0.15	0.4	0.879646	0.999794	1.79932e-06
0.85	0.15	0.44	0.87961	0.999753	1.75565e-06
0.85	0.15	0.48	0.879568	0.999706	1.70899e-06
0.85	0.15	0.52	0.87952	0.999652	1.65945e-06
0.85	0.15	0.56	0.879466	0.99959	1.60713e-06
0.85	0.15	0.6	0.879405	0.99952	1.55217e-06
0.85	0.15	0.64	0.879335	0.999441	1.49471e-06
0.85	0.15	0.68	0.879257	0.999352	1.4349e-06
0.85	0.15	0.72	0.879169	0.999252	1.37295e-06
0.85	0.15	0.76	0.87907	0.999139	1.30908e-06
0.85	0.15	0.8	0.878959	0.999014	1.24354e-06
0.85	0.15	0.84	0.878836	0.998874	1.17662e-06
0.85	0.15	0.88	0.8787	0.998719	1.10866e-06
0.85	0.15	0.92	0.878549	0.998548	1.04e-06
0.85	0.15	0.96	0.878384	0.99836	9.71051e-07
0.85	0.15	1	0.878204	0.998155	9.02216e-07
0.85	0.15	1.04	0.878007	0.997932	8.33939e-07
0.85	0.15	1.08	0.877795	0.99769	7.66672e-07
0.85	0.15	1.12	0.877566	0.997431	7.0087e-07
0.85	0.15	1.16	0.877322	0.997153	6.36982e-07
0.85	0.15	1.2	0.877062	0.996857	5.75438e-07
0.85	0.15	1.24	0.876787	0.996545	5.16637e-07
0.85	0.15	1.28	0.876499	0.996217	4.60936e-07
0.85	0.15	1.32	0.876198	0.995875	4.08636e-07
0.85	0.15	1.36	0.875885	0.99552	3.59977e-07
0.85	0.15	1.4	0.875563	0.995154	3.15125e-07
0.85	0.15	1.44	0.875234	0.99478	2.74171e-07
0.85	0.15	1.48	0.874899	0.994398	2.3713e-07
0.85	0.15	1.52	0.874559	0.994013	2.03942e-07
0.85	0.15	1.56	0.874218	0.993625	1.74478e-07
0.85	0.15	1.6	0.873876	0.993236	1.48553e-07
0.85	0.15	1.64	0.873535	0.992849	1.25932e-07
0.85	0.15	1.68	0.873197	0.992465	1.0635e-07
0.85	0.15	1.72	0.872863	0.992084	8.95168e-08
0.85	0.15	1.76	0.872533	0.99171	7.5139e-08
0.85	0.15	1.8	0.872209	0.991341	6.29253e-08
0.85	0.15	1.84	0.871891	0.99098	5.25979e-08
0.85	0.15	1.88	0.871579	0.990625	4.38988e-08
0.85	0.15	1.92	0.871274	0.990279	3.65937e-08
0.85	0.15	1.96	0.870976	0.98994	3.04743e-08
0.85	0.15	2	0.870685	0.98961	2.53578e-08
0.85	0.15	2.04	0.870402	0.989287	2.10864e-08
0.85	0.15	2.08	0.870125	0.988973	1.75248e-08
0.85	0.15	2.12	0.869856	0.988667	1.45578e-08
0.85	0.15	2.16	0.869593	0.988368	1.20883e-08
0.85	0.15	2.2	0.869337	0.988078	1.00341e-08
0.85	0.15	2.24	0.869088	0.987795	8.32636e-09
0.85	0.15	2.28	0.868846	0.987519	6.9074e-09
0.85	0.15	2.32	0.868611	0.987252	5.72887e-09
0.85	0.15	2.36	0.868381	0.986991	4.75041e-09
0.85	0.15	2.4	0.868159	0.986738	3.93832e-09
0.85	0.15	2.44	0.867942	0.986491	3.26451e-09
0.85	0.15	2.48	0.867731	0.986252	2.70557e-09
0.85	0.15	2.52	0.867526	0.986019	2.24204e-09
0.85	0.15	2.56	0.867327	0.985793	1.8577e-09
0.85	0.15	2.6	0.867134	0.985573	1.53909e-09
0.85	0.15	2.64	0.866946	0.985359	1.275e-09
0.85	0.15	2.68	0.866763	0.985152	1.05614e-09
0.85	0.15	2.72	0.866586	0.98495	8.74779e-10
0.85	0.15	2.76	0.866413	0.984754	7.24516e-10
0.85	0.15	2.8	0.866246	0.984563	6.0003e-10
0.85	0.15	2.84	0.866083	0.984378	4.96907e-10
0.85	0.15	2.88	0.865925	0.984199	4.11489e-10
0.85	0.15	2.92	0.865771	0.984024	3.40741e-10
0.85	0.15	2.96	0.865622	0.983855	2.82147e-10
0.85	0.15	3	0.865477	0.98369	2.33621e-10
0.85	0.15	3.04	0.865336	0.98353	1.93437e-10
0.85	0.15	3.08	0.865199	0.983374	1.6016e-10
0.85	0.15	3.12	0.865067	0.983223	1.32606e-10
0.85	0.15	3.16	0.864938	0.983077	1.0979e-10
0.85	0.15	3.2	0.864812	0.982934	9.08988e-11
0.85	0.15	3.24	0.864691	0.982796	7.52571e-11
0.85	0.15	3.28	0.864572	0.982662	6.23064e-11
0.85	0.15	3.32	0.864457	0.982531	5.1584e-11
0.85	0.15	3.36	0.864346	0.982404	4.27066e-11
0.85	0.15	3.4	0.864238	0.982281	3.53568e-11
0.85	0.15	3.44	0.864132	0.982162	2.92718e-11
0.85	0.15	3.48	0.86403	0.982045	2.4234e-11
0.85	0.15	3.52	0.863931	0.981933	2.00632e-11
0.85	0.15	3.56	0.863834	0.981823	1.66103e-11
0.85	0.15	3.6	0.863741	0.981716	1.37516e-11
0.85	0.15	3.64	0.86365	0.981613	1.13849e-11
0.85	0.15	3.68	0.863561	0.981513	9.42562e-12
0.85	0.15	3.72	0.863476	0.981415	7.80351e-12
0.85	0.15	3.76	0.863392	0.98132	6.46059e-12
0.85	0.15	3.8	0.863311	0.981228	5.3488e-12
0.85	0.15	3.84	0.863232	0.981139	4.42835e-12
0.85	0.15	3.88	0.863156	0.981052	3.66632e-12
0.85	0.15	3.92	0.863082	0.980967	3.03544e-12
0.85	0.15	3.96	0.86301	0.980886	2.51313e-12
0.85	0.15	4	0.86294	0.980806	2.08071e-12
0.85	0.15	4.04	0.862871	0.980729	1.7227e-12
0.85	0.15	4.08	0.862805	0.980653	1.4263e-12
0.85	0.15	4.12	0.862741	0.98058	1.18091e-12
0.85	0.15	4.16	0.862679	0.980509	9.77741e-13
0.85	0.15	4.2	0.862618	0.980441	8.09532e-13
0.85	0.15	4.24	0.862559	0.980374	6.70266e-13
0.85	0.15	4.28	0.862502	0.980309	5.54962e-13
0.85	0.15	4.32	0.862446	0.980245	4.59497e-13
0.85	0.15	4.36	0.862392	0.980184	3.80456e-13
0.85	0.15	4.4	0.86234	0.980124	3.15014e-13
0.85	0.15	4.44	0.862289	0.980066	2.6083e-13
0.85	0.15	4.48	0.862239	0.98001	2.15968e-13
0.85	0.15	4.52	0.862191	0.979955	1.78823e-13
0.85	0.15	4.56	0.862145	0.979902	1.48067e-13
0.85	0.15	4.6	0.862099	0.979851	1.22602e-13
0.85	0.15	4.64	0.862055	0.979801	1.01517e-13
0.85	0.15	4.68	0.862012	0.979752	8.40593e-14
0.85	0.15	4.72	0.861971	0.979705	6.96039e-14
0.85	0.15	4.76	0.86193	0.979659	5.76347e-14
0.85	0.15	4.8	0.861891	0.979614	4.7724e-14
0.85	0.15	4.84	0.861853	0.97957	3.95178e-14
0.85	0.15	4.88	0.861815	0.979528	3.27228e-14
0.85	0.15	4.92	0.861779	0.979487	2.70964e-14
0.85	0.15	4.96	0.861744	0.979447	2.24375e-14
0.85	0.15	5	0.86171	0.979409	1.85798e-14
0.85	0.15	5.04	0.861677	0.979371	1.53854e-14
0.85	0.15	5.08	0.861645	0.979334	1.27403e-14
0.85	0.15	5.12	0.861614	0.979299	1.055e-14
0.85	0.15	5.16	0.861583	0.979264	8.73627e-15
0.85	0.15	5.2	0.861554	0.979231	7.2344e-15
0.85	0.15	5.24	0.861525	0.979198	5.99076e-15
0.85	0.15	5.28	0.861497	0.979167	4.96093e-15
0.85	0.15	5.32	0.86147	0.979136	4.10815e-15
0.85	0.15	5.36	0.861444	0.979106	3.40197e-15
0.85	0.15	5.4	0.861418	0.979077	2.8172e-15
0.85	0.15	5.44	0.861394	0.979049	2.33296e-15
0.85	0.15	5.48	0.861369	0.979021	1.93196e-15
0.85	0.15	5.52	0.861346	0.978995	1.59989e-15
0.85	0.15	5.56	0.861323	0.978969	1.32491e-15
0.85	0.15	5.6	0.861301	0.978944	1.09719e-15
0.85	0.15	5.64	0.86128	0.978919	9.08612e-16
0.85	0.15	5.68	0.861259	0.978895	7.5245e-16
0.85	0.15	5.72	0.861238	0.978872	6.2313e-16
0.85	0.15	5.76	0.861219	0.97885	5.16038e-16
0.85	0.15	5.8	0.861199	0.978828	4.27352e-16
0.85	0.15	5.84	0.861181	0.978807	3.53908e-16
0.85	0.15	5.88	0.861163	0.978786	2.93088e-16
0.85	0.15	5.92	0.861145	0.978766	2.4272e-16
0.85	0.15	5.96	0.861128	0.978747	2.01009e-16
0.85	0.15	6	0.861111	0.978728	1.66466e-16
0.85	0.15	6.04	0.861095	0.978709	1.3786e-16
0.85	0.15	6.08	0.861079	0.978692	1.1417e-16
0.85	0.15	6.12	0.861064	0.978674	9.45512e-17
0.85	0.15	6.16	0.861049	0.978657	7.83038e-17
0.85	0.15	6.2	0.861035	0.978641	6.48485e-17
0.85	0.15	6.24	0.861021	0.978625	5.37055e-17
0.85	0.15	6.28	0.861007	0.97861	4.44772e-17
0.85	0.15	6.32	0.860994	0.978595	3.68348e-17
0.85	0.15	6.36	0.860981	0.97858	3.05056e-17
0.85	0.15	6.4	0.860969	0.978566	2.5264e-17
0.85	0.15	6.44	0.860956	0.978552	2.09231e-17
0.85	0.15	6.48	0.860945	0.978538	1.73281e-17
0.85	0.15	6.52	0.860933	0.978525	1.43508e-17
0.85	0.15	6.56	0.860922	0.978513	1.18851e-17
0.85	0.15	6.6	0.860911	0.9785	9.84303e-18
0.85	0.15	6.64	0.860901	0.978488	8.15186e-18
0.85	0.15	6.68	0.86089	0.978477	6.75127e-18
0.85	0.15	6.72	0.86088	0.978466	5.59133e-18
0.85	0.15	6.76	0.860871	0.978455	4.63069e-18
0.85	0.15	6.8	0.860861	0.978444	3.8351e-18
0.85	0.15	6.84	0.860852	0.978433	3.17621e-18
0.85	0.15	6.88	0.860843	0.978423	2.63052e-18
0.85	0.15	6.92	0.860835	0.978414	2.17859e-18
0.85	0.15	6.96	0.860826	0.978404	1.8043e-18
0.85	0.15	7	0.860818	0.978395	1.49432e-18
0.85	0.15	7.04	0.86081	0.978386	1.2376e-18
0.85	0.15	7.08	0.860803	0.978377	1.02498e-18
0.85	0.15	7.12	0.860795	0.978369	8.48891e-19
0.85	0.15	7.16	0.860788	0.97836	7.03055e-19
0.85	0.15	7.2	0.860781	0.978352	5.82273e-19
0.85	0.15	7.24	0.860774	0.978344	4.82242e-19
0.85	0.15	7.28	0.860767	0.978337	3.99397e-19
0.85	0.15	7.32	0.860761	0.978329	3.30783e-19
0.85	0.15	7.36	0.860754	0.978322	2.73958e-19
0.85	0.15	7.4	0.860748	0.978315	2.26895e-19
0.85	0.15	7.44	0.860742	0.978309	1.87917e-19
0.85	0.15	7.48	0.860737	0.978302	1.55635e-19
0.85	0.15	7.52	0.860731	0.978296	1.28899e-19
0.85	0.15	7.56	0.860726	0.978289	1.06756e-19
0.85	0.15	7.6	0.86072	0.978283	8.84166e-20
0.85	0.15	7.64	0.860715	0.978278	7.3228e-20
0.85	0.15	7.68	0.86071	0.978272	6.06486e-20
0.85	0.15	7.72	0.860705	0.978266	5.02302e-20
0.85	0.15	7.76	0.8607	0.978261	4.16016e-20
0.85	0.15	7.8	0.860696	0.978256	3.44552e-20
0.85	0.15	7.84	0.860691	0.978251	2.85364e-20
0.85	0.15	7.88	0.860687	0.978246	2.36344e-20
0.85	0.15	7.92	0.860683	0.978241	1.95745e-20
0.85	0.15	7.96	0.860679	0.978236	1.6212e-20
0.85	0.15	8	0.860675	0.978232	1.34272e-20
0.85	0.15	8.04	0.860671	0.978227	1.11207e-20
0.85	0.15	8.08	0.860667	0.978223	9.2104e-21
0.85	0.15	8.12	0.860663	0.978219	7.62827e-21
0.85	0.15	8.16	0.86066	0.978215	6.31791e-21
0.85	0.15	8.2	0.860656	0.978211	5.23265e-21
0.85	0.15	8.24	0.860653	0.978207	4.33381e-21
0.85	0.15	8.28	0.86065	0.978203	3.58938e-21
0.85	0.15	8.32	0.860646	0.9782	2.97281e-21
0.85	0.15	8.36	0.860643	0.978196	2.46216e-21
0.85	0.15	8.4	0.86064	0.978193	2.03923e-21
0.85	0.15	8.44	0.860637	0.978189	1.68895e-21
0.85	0.15	8.48	0.860635	0.978186	1.39883e-21
0.85	0.15	8.52	0.860632	0.978183	1.15855e-21
0.85	0.15	8.56	0.860629	0.97818	9.59548e-22
0.85	0.15	8.6	0.860627	0.978177	7.94726e-22
0.85	0.15	8.64	0.860624	0.978174	6.58216e-22
0.85	0.15	8.68	0.860622	0.978171	5.45154e-22
0.85	0.15	8.72	0.860619	0.978169	4.51513e-22
0.85	0.15	8.76	0.860617	0.978166	3.73957e-22
0.85	0.15	8.8	0.860615	0.978163	3.09723e-22
0.85	0.15	8.84	0.860612	0.978161	2.56522e-22
0.85	0.15	8.88	0.86061	0.978158	2.1246e-22
0.85	0.15	8.92	0.860608	0.978156	1.75966e-22
0.85	0.15	8.96	0.860606	0.978154	1.45741e-22
0.85	0.15	9	0.860604	0.978152	1.20707e-22
0.85	0.15	9.04	0.860602	0.978149	9.99739e-23
0.85	0.15	9.08	0.8606	0.978147	8.28017e-23
0.85	0.15	9.12	0.860599	0.978145	6.85792e-23
0.85	0.15	9.16	0.860597	0.978143	5.67996e-23
0.85	0.15	9.2	0.860595	0.978141	4.70434e-23
0.85	0.15	9.24	0.860594	0.978139	3.8963e-23
0.85	0.15	9.28	0.860592	0.978138	3.22705e-23
0.85	0.15	9.32	0.86059	0.978136	2.67275e-23
0.85	0.15	9.36	0.860589	0.978134	2.21367e-23
0.85	0.15	9.4	0.860587	0.978132	1.83344e-23
0.85	0.15	9.44	0.860586	0.978131	1.51852e-23
0.85	0.15	9.48	0.860585	0.978129	1.25769e-23
0.85	0.15	9.52	0.860583	0.978128	1.04167e-23
0.85	0.15	9.56	0.860582	0.978126	8.62747e-24
0.85	0.15	9.6	0.860581	0.978125	7.14558e-24
0.85	0.15	9.64	0.860579	0.978123	5.91823e-24
0.85	0.15	9.68	0.860578	0.978122	4.9017e-24
0.85	0.15	9.72	0.860577	0.978121	4.05977e-24
0.85	0.15	9.76	0.860576	0.978119	3.36245e-24
0.85	0.15	9.8	0.860575	0.978118	2.78491e-24
0.85	0.15	9.84	0.860574	0.978117	2.30657e-24
0.85	0.15	9.88	0.860573	0.978116	1.91039e-24
0.85	0.15	9.92	0.860572	0.978114	1.58226e-24
0.85	0.15	9.96	0.860571	0.978113	1.31048e-24
0.85	0.15	10	0.86057	0.978112	1.12708e-24
