# Filename: 3Dvlt_macro_Tv_Op12_Cc1.20_lmax100_dl0.0001.dat
# Source: 3Dvlt_macro.c
# Source version: 10 (2012 Jul 29 - ...)
# Constant values: PI= 3.141592653589793116, PISQ=9.8696044010893579923, PICU=31.0062766802998162063
# Parameter values: OpA=1, OpB=2, A3=41.3417022403997549418, THETA=0.6, N=3, Cc=1.2, K0c=0.280544308975229, lmax=100, lsteps=1000000, (dl=0.0001), lpts=1000001, a0=1, a03=1, a06=1
# Data-pt	l-Step	T/Tc	1-T/Tc	l	K	y	e	K/K0	Ks/K0	G	a/a0	ac'/a
1	1000000	0.99999998999999995	            1e-08	100.00000000219612	8.1873954180089273e+37	                0	-0.048049709806083155	2.9183965149896856e+38	1.0856656740073572e-05	                0	2.6881171477195552e+43	                1
2	1000000	0.99999998741074592	1.2589254117941661e-08	100.00000000219612	9.5568477493558984e+37	                0	-0.048049709070861972	3.4065376923707818e+38	1.2672579002967535e-05	                0	2.6881171477195552e+43	                1
3	1000000	0.99999998415106806	1.5848931924611143e-08	100.00000000219612	1.1155358420400708e+38	                0	-0.048049708145278501	3.9763266930448325e+38	1.4792237371120976e-05	                0	2.6881171477195552e+43	                1
4	1000000	0.99999998004737689	1.9952623149688786e-08	100.00000000219612	1.3021240521679838e+38	                0	-0.048049706980035821	4.6414202125275226e+38	1.7266435789322045e-05	                0	2.6881171477195552e+43	                1
5	1000000	0.99999997488113568	2.5118864315095821e-08	100.00000000219612	1.5199216253318043e+38	                0	-0.048049705513083893	5.4177594715967088e+38	2.0154476809884667e-05	                0	2.6881171477195552e+43	                1
6	1000000	0.99999996837722338	3.1622776601683792e-08	100.00000000219612	1.7741487693921313e+38	                0	-0.048049703666300098	6.3239518911263083e+38	2.3525581452025582e-05	                0	2.6881171477195552e+43	                1
7	1000000	0.99999996018928294	3.981071705534969e-08	100.00000000219612	2.0708988536050588e+38	                0	-0.048049701341337792	7.3817172721330974e+38	2.7460549025533818e-05	                0	2.6881171477195552e+43	                1
8	1000000	0.99999994988127661	5.011872336272725e-08	100.00000000219612	2.4172843275719222e+38	                0	-0.048049698414384216	8.6164079223369922e+38	3.2053692041087792e-05	                0	2.6881171477195552e+43	                1
9	1000000	0.99999993690426559	6.3095734448019296e-08	100.00000000219612	2.8216073372487059e+38	                0	-0.048049694729569173	1.005761681469881e+39	3.7415098606216305e-05	                0	2.6881171477195552e+43	                1
10	1000000	0.99999992056717657	7.943282347242822e-08	100.00000000219612	3.2935587069065497e+38	                0	-0.048049690090666737	1.1739886855379748e+39	4.3673270955989382e-05	                0	2.6881171477195552e+43	                1
11	1000000	0.99999990000000005	9.9999999999999995e-08	100.00000000219612	3.8444503188162862e+38	                0	-0.048049684250636007	1.370353919640804e+39	5.0978206839063305e-05	                0	2.6881171477195552e+43	                1
12	1000000	0.99999987410745883	1.2589254117941662e-07	100.00000000219612	4.4874859175753798e+38	                0	-0.048049676898478361	1.5995638510815797e+39	5.9504990414519615e-05	                0	2.6881171477195552e+43	                1
13	1000000	0.99999984151068078	1.5848931924611141e-07	100.00000000219612	5.2380776917960088e+38	                0	-0.048049667642668416	1.8671121438001252e+39	6.9457990154338182e-05	                0	2.6881171477195552e+43	                1
14	1000000	0.99999980047376846	1.9952623149688787e-07	100.00000000219612	6.1142160253563976e+38	                0	-0.048049655990308519	2.1794114547337984e+39	8.1075761768146384e-05	                0	2.6881171477195552e+43	                1
15	1000000	0.99999974881135689	2.5118864315095823e-07	100.00000000219612	7.1369001890827915e+38	                0	-0.04804964132087941	2.5439469517111765e+39	9.4636759185488461e-05	                0	2.6881171477195552e+43	                1
16	1000000	0.99999968377223403	3.1622776601683792e-07	100.00000000219612	8.3306419468213409e+38	                0	-0.048049622853192774	2.969455820676305e+39	0.0001104660123609353	                0	2.6881171477195552e+43	                1
17	1000000	0.99999960189282944	3.9810717055349692e-07	100.00000000219612	9.724052975802538e+38	                0	-0.048049599603807086	3.4661366470442026e+39	0.00012894291641957177	                0	2.6881171477195552e+43	                1
18	1000000	0.9999994988127664	5.011872336272725e-07	100.00000000219612	1.1350530784696565e+39	                0	-0.048049570334643528	4.0458939043948526e+39	0.00015051032682214603	                0	2.6881171477195552e+43	                1
19	1000000	0.99999936904265552	6.3095734448019296e-07	100.00000000219612	1.3249058776218784e+39	                0	-0.04804953348707576	4.722623126815128e+39	0.00017568516799282844	                0	2.6881171477195552e+43	                1
20	1000000	0.99999920567176526	7.943282347242822e-07	100.00000000219612	1.5465141180478719e+39	                0	-0.04804948709893235	5.5125441512506141e+39	0.00020507083018785624	                0	2.6881171477195552e+43	                1
21	1000000	0.99999899999999997	9.9999999999999995e-07	100.00000000219612	1.8051893260619974e+39	                0	-0.048049428700027423	6.4345896998112485e+39	0.0002393716250525014	                0	2.6881171477195552e+43	                1
22	1000000	0.99999874107458819	1.2589254117941661e-06	100.00000000219612	2.1071314719069763e+39	                0	-0.048049355180638624	7.5108592538645066e+39	0.00027940967008213496	                0	2.6881171477195552e+43	                1
23	1000000	0.99999841510680754	1.5848931924611141e-06	100.00000000219612	2.4595775583500382e+39	                0	-0.048049262625952285	8.7671486517286048e+39	0.00032614459005873874	                0	2.6881171477195552e+43	                1
24	1000000	0.99999800473768508	1.9952623149688829e-06	100.00000000219612	2.8709750791670107e+39	                0	-0.048049146107659896	1.0233568313346632e+40	0.0003806965154784346	                0	2.6881171477195552e+43	                1
25	1000000	0.99999748811356848	2.5118864315095823e-06	100.00000000219612	3.3511845217195628e+39	                0	-0.048048999421615508	1.1945264960696574e+40	0.00044437293109901306	                0	2.6881171477195552e+43	                1
26	1000000	0.99999683772233983	3.1622776601683792e-06	100.00000000219612	3.9117156834486444e+39	                0	-0.048048814757617173	1.3943263820984933e+40	0.00051870000653853954	                0	2.6881171477195552e+43	                1
27	1000000	0.99999601892829448	3.9810717055349691e-06	100.00000000219612	4.5660035843089896e+39	                0	-0.048048582283755879	1.6275451900628206e+40	0.00060545917481443716	                0	2.6881171477195552e+43	                1
28	1000000	0.99999498812766374	5.011872336272725e-06	100.00000000219612	5.3297304970084448e+39	                0	-0.048048289623238948	1.8997725544845053e+40	0.00070672982243209293	                0	2.6881171477195552e+43	                1
29	1000000	0.99999369042655517	6.3095734448019432e-06	100.00000000219612	6.2212018550320715e+39	                0	-0.048047921195937246	2.2175329895754052e+40	0.00082493911824364991	                0	2.6881171477195552e+43	                1
30	1000000	0.99999205671765279	7.9432823472428217e-06	100.00000000219612	7.2617850674841976e+39	                0	-0.048047457389672206	2.5884422363086506e+40	0.00096292017574626046	                0	2.6881171477195552e+43	                1
31	1000000	0.99999000000000005	1.0000000000000001e-05	100.00000000219612	8.4764217322155312e+39	                0	-0.048046873517349029	3.0213897401663726e+40	0.0011239799361904843	                0	2.6881171477195552e+43	                1
32	1000000	0.99998741074588204	1.2589254117941661e-05	100.00000000219612	9.8942255748869262e+39	                0	-0.048046138504656721	3.5267516386655643e+40	0.0013119784015579302	                0	2.6881171477195552e+43	                1
33	1000000	0.99998415106807537	1.5848931924611141e-05	100.00000000219612	1.1549180426187302e+40	                0	-0.048045213238939649	4.1166393380778525e+40	0.0015314211069893935	                0	2.6881171477195552e+43	                1
34	1000000	0.99998004737685031	1.995262314968883e-05	100.00000000219612	1.3480955038610265e+40	                0	-0.048044048491984605	4.8051896356183033e+40	0.0017875670484430899	                0	2.6881171477195552e+43	                1
35	1000000	0.99997488113568489	2.5118864315095822e-05	100.00000000219612	1.5735854262688682e+40	                0	-0.048042582307210931	5.6089032970866542e+40	0.0020865546361492938	                0	2.6881171477195552e+43	                1
36	1000000	0.99996837722339826	3.1622776601683795e-05	100.00000000219612	1.8367929486992505e+40	                0	-0.048040736713777565	6.5470401838318822e+40	0.0024355486848428522	                0	2.6881171477195552e+43	                1
37	1000000	0.99996018928294461	3.9810717055349695e-05	100.00000000219612	2.1440275027868773e+40	                0	-0.048038413595133958	7.6420803378474839e+40	0.0028429119409213947	                0	2.6881171477195552e+43	                1
38	1000000	0.99994988127663731	5.0118723362727251e-05	100.00000000219612	2.5026541652246972e+40	                0	-0.048035489495964638	8.9202619883260014e+40	0.0033184052249707347	                0	2.6881171477195552e+43	                1
39	1000000	0.99993690426555193	6.3095734448019429e-05	100.00000000219612	2.9212703743819468e+40	                0	-0.048031809096875995	1.0412209270443897e+41	0.003873420947921492	                0	2.6881171477195552e+43	                1
40	1000000	0.99992056717652755	7.9432823472428221e-05	100.00000000219612	3.4099122710580157e+40	                0	-0.048027177018501281	1.2153664512223606e+41	0.0045212555273247959	                0	2.6881171477195552e+43	                1
41	1000000	0.99990000000000001	           0.0001	100.00000000219612	3.9802956520885056e+40	                0	-0.048021347532449347	1.4186342389410972e+41	0.0052774271394555299	                0	2.6881171477195552e+43	                1
42	1000000	0.99987410745882055	0.00012589254117941688	100.00000000219612	4.6460973714423408e+40	                0	-0.04801401165237839	1.6558926037055588e+41	0.0061600462803874578	                0	2.6881171477195552e+43	                1
43	1000000	0.99984151068075389	0.00015848931924611142	100.00000000219612	5.4232840234932299e+40	                0	-0.048004780949969274	1.9328228438164654e+41	0.0071902478113952794	                0	2.6881171477195552e+43	                1
44	1000000	0.99980047376850312	0.00019952623149688788	100.00000000219612	6.3304959109861784e+40	                0	-0.04799316728290192	2.2560546083123024e+41	0.008392694530542354	                0	2.6881171477195552e+43	                1
45	1000000	0.99974881135684901	0.00025118864315095823	100.00000000219612	7.3894956958912837e+40	                0	-0.04797855742939474	2.6333236148968431e+41	0.0097961638953525665	                0	2.6881171477195552e+43	                1
46	1000000	0.99968377223398319	0.00031622776601683794	100.00000000219612	8.6256927556374317e+40	                0	-0.047960181390601014	3.0736553179727312e+41	0.011434231281848131	                0	2.6881171477195552e+43	                1
47	1000000	0.99960189282944645	0.00039810717055349773	100.00000000219612	1.0068756219218169e+41	                0	-0.047937072841942374	3.587578665178851e+41	0.013346065175107221	                0	2.6881171477195552e+43	                1
48	1000000	0.99949881276637276	0.00050118723362727253	100.00000000219612	1.1753331959112066e+41	                0	-0.047908019881632791	4.1873746725045274e+41	0.015577351887572522	                0	2.6881171477195552e+43	                1
49	1000000	0.99936904265551985	0.00063095734448019429	100.00000000219612	1.3719881578658675e+41	                0	-0.047871503835301012	4.8873651968544781e+41	0.018181369814930272	                0	2.6881171477195552e+43	                1
50	1000000	0.99920567176527575	0.00079432823472428218	100.00000000219612	1.6015664744881582e+41	                0	-0.047825623428927939	5.7042479701806601e+41	0.021220235788532573	                0	2.6881171477195552e+43	                1
51	1000000	            0.999	            0.001	100.00000000219612	1.8695890209521001e+41	                0	-0.047768001143722816	6.657484654575767e+41	0.024766348669824887	                0	2.6881171477195552e+43	                1
52	1000000	0.99874107458820582	0.0012589254117941688	100.00000000219612	2.1825065720763782e+41	                0	-0.047695668031712123	7.7697493385397798e+41	0.028904057790528924	                0	2.6881171477195552e+43	                1
53	1000000	0.99841510680753887	0.0015848931924611141	100.00000000219612	2.5478582947048977e+41	                0	-0.047604922731949204	9.0674454268216009e+41	0.033731585822120526	                0	2.6881171477195552e+43	                1
54	1000000	0.99800473768503106	0.0019952623149688828	100.00000000219612	2.9744580858398597e+41	                0	-0.047491159942250186	1.0581299162892093e+42	0.039363236724517983	                0	2.6881171477195552e+43	                1
55	1000000	0.99748811356849043	0.002511886431509582	100.00000000219612	3.4726140053345349e+41	                0	-0.04734866326689862	1.2347037820818945e+42	0.045931918671377345	                0	2.6881171477195552e+43	                1
56	1000000	0.99683772233983159	0.0031622776601683794	100.00000000219612	4.0543871904089858e+41	                0	-0.047170357330816884	1.440615960856273e+42	0.053592008148841616	                0	2.6881171477195552e+43	                1
57	1000000	0.99601892829446503	0.0039810717055349778	100.00000000219612	4.733898069153104e+41	                0	-0.04694751456189615	1.6806799962245666e+42	0.062522572636031115	                0	2.6881171477195552e+43	                1
58	1000000	0.99498812766372724	0.0050118723362727246	100.00000000219612	5.527689513175766e+41	                0	-0.046669413449445731	1.9604694385394959e+42	0.072930952440173447	                0	2.6881171477195552e+43	                1
59	1000000	0.99369042655519801	0.0063095734448019424	100.00000000219612	6.455158907479684e+41	                0	-0.046322947905271895	2.2864230009461531e+42	0.085056672581618087	                0	2.6881171477195552e+43	                1
60	1000000	0.99205671765275716	0.0079432823472428207	100.00000000219612	7.5390741326753683e+41	                0	-0.045892192324926834	2.6659564635342949e+42	0.099175605713312742	                0	2.6881171477195552e+43	                1
