# Filename: 3Dvlt_macro_Tv_Op12_Cc0.65_lmax100_dl0.0001.dat
# Source: 3Dvlt_macro.c
# Source version: 10 (2012 Jul 29 - ...)
# Constant values: PI= 3.141592653589793116, PISQ=9.8696044010893579923, PICU=31.0062766802998162063
# Parameter values: OpA=1, OpB=2, A3=41.3417022403997549418, THETA=0.6, N=3, Cc=0.65, K0c=0.416252799918889, lmax=100, lsteps=1000000, (dl=0.0001), lpts=1000001, a0=1, a03=1, a06=1
# Data-pt	l-Step	T/Tc	1-T/Tc	l	K	y	e	K/K0	Ks/K0	G	a/a0	ac'/a
1	1000000	0.99999998999999995	            1e-08	100.00000000219612	9.1772503829549871e+37	                0	-0.069153925113938086	2.2047299845119997e+38	8.2017630309838473e-06	                0	2.6881171477195552e+43	                1
2	1000000	0.99999998741074592	1.2589254117941661e-08	100.00000000219612	1.0712267106839962e+38	                0	-0.069153924174724532	2.5735002801345492e+38	9.5736165453866454e-06	                0	2.6881171477195552e+43	                1
3	1000000	0.99999998415106806	1.5848931924611143e-08	100.00000000219612	1.2504034763693736e+38	                0	-0.069153922992323605	3.0039520618130809e+38	1.1174929873727646e-05	                0	2.6881171477195552e+43	                1
4	1000000	0.99999998004737689	1.9952623149688786e-08	100.00000000219612	1.4595501766828146e+38	                0	-0.069153921503771254	3.5064031949944077e+38	1.304408625929506e-05	                0	2.6881171477195552e+43	                1
5	1000000	0.99999997488113568	2.5118864315095821e-08	100.00000000219612	1.7036794057064049e+38	                0	-0.069153919629791311	4.0928958633885287e+38	1.52258835403089e-05	                0	2.6881171477195552e+43	                1
6	1000000	0.99999996837722338	3.1622776601683792e-08	100.00000000219612	1.9886423893652908e+38	                0	-0.069153917270594403	4.7774869667336872e+38	1.7772614451667903e-05	                0	2.6881171477195552e+43	                1
7	1000000	0.99999996018928294	3.981071705534969e-08	100.00000000219612	2.321269379575448e+38	                0	-0.069153914300544114	5.5765854010264261e+38	2.0745321333027771e-05	                0	2.6881171477195552e+43	                1
8	1000000	0.99999994988127661	5.011872336272725e-08	100.00000000219612	2.709532575393045e+38	                0	-0.069153910561467996	6.5093434569634403e+38	2.4215252160738587e-05	                0	2.6881171477195552e+43	                1
9	1000000	0.99999993690426559	6.3095734448019296e-08	100.00000000219612	3.162738123775749e+38	                0	-0.069153905854255529	7.5981180783330626e+38	2.8265576464101908e-05	                0	2.6881171477195552e+43	                1
10	1000000	0.99999992056717657	7.943282347242822e-08	100.00000000219612	3.6917481216558103e+38	                0	-0.06915389992822997	8.8690041943963113e+38	3.2993369362344442e-05	                0	2.6881171477195552e+43	                1
11	1000000	0.99999990000000005	9.9999999999999995e-08	100.00000000219612	4.3092421772966908e+38	                0	-0.069153892467809799	1.0352463087845111e+39	3.8511949141158332e-05	                0	2.6881171477195552e+43	                1
12	1000000	0.99999987410745883	1.2589254117941662e-07	100.00000000219612	5.030020463225525e+38	                0	-0.069153883075699571	1.208405043993366e+39	4.4953585635897891e-05	                0	2.6881171477195552e+43	                1
13	1000000	0.99999984151068078	1.5848931924611141e-07	100.00000000219612	5.8713584059818064e+38	                0	-0.069153871251753485	1.4105268424808923e+39	5.247267008722082e-05	                0	2.6881171477195552e+43	                1
14	1000000	0.99999980047376846	1.9952623149688787e-07	100.00000000219612	6.8534214653704214e+38	                0	-0.069153856366301475	1.6464562158545293e+39	6.1249422007195203e-05	                0	2.6881171477195552e+43	                1
15	1000000	0.99999974881135689	2.5118864315095823e-07	100.00000000219612	7.9997477210131445e+38	                0	-0.069153837626658318	1.9218479042366088e+39	7.1494202024156373e-05	                0	2.6881171477195552e+43	                1
16	1000000	0.99999968377223403	3.1622776601683792e-07	100.00000000219612	9.3378124356923063e+38	                0	-0.069153814034885644	2.2433025038237119e+39	8.3452557330948224e-05	                0	2.6881171477195552e+43	                1
17	1000000	0.99999960189282944	3.9810717055349692e-07	100.00000000219612	1.0899686492944949e+39	                0	-0.069153784334681098	2.6185246455580636e+39	9.741110605166408e-05	                0	2.6881171477195552e+43	                1
18	1000000	0.9999994988127664	5.011872336272725e-07	100.00000000219612	1.2722805008696714e+39	                0	-0.069153746944444316	3.0565076402293115e+39	0.0001137044061797038	                0	2.6881171477195552e+43	                1
19	1000000	0.99999936904265552	6.3095734448019296e-07	100.00000000219612	1.4850864865388199e+39	                0	-0.069153699873097593	3.5677490933441849e+39	0.00013272297661472303	                0	2.6881171477195552e+43	                1
20	1000000	0.99999920567176526	7.943282347242822e-07	100.00000000219612	1.7334871647760727e+39	                0	-0.069153640614053338	4.164502408526887e+39	0.00015492265328018954	                0	2.6881171477195552e+43	                1
21	1000000	0.99999899999999997	9.9999999999999995e-07	100.00000000219612	2.0234362523487023e+39	                0	-0.069153566011751461	4.861070554496539e+39	0.00018083551747811262	                0	2.6881171477195552e+43	                1
22	1000000	0.99999874107458819	1.2589254117941661e-06	100.00000000219612	2.3618833173419433e+39	                0	-0.069153472093665624	5.674148845046213e+39	0.00021108264756466568	                0	2.6881171477195552e+43	                1
23	1000000	0.99999841510680754	1.5848931924611141e-06	100.00000000219612	2.7569403587076926e+39	                0	-0.069153353858808303	6.623225092513259e+39	0.00024638900496327048	                0	2.6881171477195552e+43	                1
24	1000000	0.99999800473768508	1.9952623149688829e-06	100.00000000219612	3.2180762378691744e+39	                0	-0.069153205011508512	7.7310466562387191e+39	0.00028760080872209368	                0	2.6881171477195552e+43	                1
25	1000000	0.99999748811356848	2.5118864315095823e-06	100.00000000219612	3.7563436536347596e+39	                0	-0.069153017626300717	9.0241656485147111e+39	0.00033570581758947144	                0	2.6881171477195552e+43	                1
26	1000000	0.99999683772233983	3.1622776601683792e-06	100.00000000219612	4.3846440858327812e+39	                0	-0.069152781726082788	1.0533575320634794e+40	0.00039185700405843085	                0	2.6881171477195552e+43	                1
27	1000000	0.99999601892829448	3.9810717055349691e-06	100.00000000219612	5.1180370517398066e+39	                0	-0.069152484751180063	1.2295452853325216e+40	0.00045740018673501542	                0	2.6881171477195552e+43	                1
28	1000000	0.99999498812766374	5.011872336272725e-06	100.00000000219612	5.9741010983470328e+39	                0	-0.069152110891057397	1.4352026360132863e+40	0.00053390628352295967	                0	2.6881171477195552e+43	                1
29	1000000	0.99999369042655517	6.3095734448019432e-06	100.00000000219612	6.9733552368321135e+39	                0	-0.069151640243192175	1.675258698390476e+40	0.00062320896238159465	                0	2.6881171477195552e+43	                1
30	1000000	0.99999205671765279	7.9432823472428217e-06	100.00000000219612	8.1397508437929618e+39	                0	-0.069151047754580891	1.9554670116428945e+40	0.00072744858359383656	                0	2.6881171477195552e+43	                1
31	1000000	0.99999000000000005	1.0000000000000001e-05	100.00000000219612	9.5012459276841659e+39	                0	-0.069150301889604096	2.2825434248313251e+40	0.00084912349402915875	                0	2.6881171477195552e+43	                1
32	1000000	0.99998741074588204	1.2589254117941661e-05	100.00000000219612	1.1090475478822098e+40	                0	-0.069149362953876595	2.6643270291921332e+40	0.00099114989517938069	                0	2.6881171477195552e+43	                1
33	1000000	0.99998415106807537	1.5848931924611141e-05	100.00000000219612	1.2945534075303529e+40	                0	-0.069148180985304578	3.1099680062062698e+40	0.0011569317240673789	                0	2.6881171477195552e+43	                1
34	1000000	0.99998004737685031	1.995262314968883e-05	100.00000000219612	1.5110889505747884e+40	                0	-0.069146693101037354	3.6301468739209858e+40	0.0013504422145443305	                0	2.6881171477195552e+43	                1
35	1000000	0.99997488113568489	2.5118864315095822e-05	100.00000000219612	1.7638449429253375e+40	                0	-0.069144820160457504	4.2373303854946753e+40	0.0015763190934924038	                0	2.6881171477195552e+43	                1
36	1000000	0.99996837722339826	3.1622776601683795e-05	100.00000000219612	2.058880674610138e+40	                0	-0.069142462568711538	4.9460701945733379e+40	0.0018399756866136956	                0	2.6881171477195552e+43	                1
37	1000000	0.99996018928294461	3.9810717055349695e-05	100.00000000219612	2.4032693731930104e+40	                0	-0.069139495000633031	5.7733514291898322e+40	0.0021477305905687975	                0	2.6881171477195552e+43	                1
38	1000000	0.99994988127663731	5.0118723362727251e-05	100.00000000219612	2.8052680053630333e+40	                0	-0.069135759769336447	6.7389994961199593e+40	0.0025069590072876627	                0	2.6881171477195552e+43	                1
39	1000000	0.99993690426555193	6.3095734448019429e-05	100.00000000219612	3.2745155762750028e+40	                0	-0.069131058494100339	7.8661548197340383e+40	0.0029262693504288804	                0	2.6881171477195552e+43	                1
40	1000000	0.99992056717652755	7.9432823472428221e-05	100.00000000219612	3.8222647416346758e+40	                0	-0.069125141635925383	9.1818268347959147e+40	0.0034157093349094741	                0	2.6881171477195552e+43	                1
41	1000000	0.99990000000000001	           0.0001	100.00000000219612	4.4616523699093841e+40	                0	-0.069117695361701453	1.0717540411840366e+41	0.0039870064520560475	                0	2.6881171477195552e+43	                1
42	1000000	0.99987410745882055	0.00012589254117941688	100.00000000219612	5.2080156662797102e+40	                0	-0.069108325065253384	1.2510090062980207e+41	0.0046538485398945695	                0	2.6881171477195552e+43	                1
43	1000000	0.99984151068075389	0.00015848931924611142	100.00000000219612	6.0792616296326182e+40	                0	-0.069096534709774643	1.4602419810220707e+41	0.0054322111008475067	                0	2.6881171477195552e+43	                1
44	1000000	0.99980047376850312	0.00019952623149688788	100.00000000219612	7.096298973247896e+40	                0	-0.069081700955238065	1.7044649493862143e+41	0.0063407390962562206	                0	2.6881171477195552e+43	                1
45	1000000	0.99974881135684901	0.00025118864315095823	100.00000000219612	8.2835432711402739e+40	                0	-0.06906304078918285	1.9895271673269806e+41	0.0074011922025600026	                0	2.6881171477195552e+43	                1
46	1000000	0.99968377223398319	0.00031622776601683794	100.00000000219612	9.6695080441483172e+40	                0	-0.069039571081949691	2.3222547161495712e+41	0.008638963960776928	                0	2.6881171477195552e+43	                1
47	1000000	0.99960189282944645	0.00039810717055349773	100.00000000219612	1.1287496838962559e+41	                0	-0.069010058130168653	2.7106131677028903e+41	0.010083686903312305	                0	2.6881171477195552e+43	                1
48	1000000	0.99949881276637276	0.00050118723362727253	100.00000000219612	1.3176414197192912e+41	                0	-0.068972954827642471	3.1638971195337468e+41	0.011769937639130854	                0	2.6881171477195552e+43	                1
49	1000000	0.99936904265551985	0.00063095734448019429	100.00000000219612	1.5381716881808925e+41	                0	-0.068926322604792922	3.6929509369227128e+41	0.013738058030899438	                0	2.6881171477195552e+43	                1
50	1000000	0.99920567176527575	0.00079432823472428218	100.00000000219612	1.7956530992377883e+41	                0	-0.068867734704774253	4.3104256875411221e+41	0.016035111011429844	                0	2.6881171477195552e+43	                1
51	1000000	            0.999	            0.001	100.00000000219612	2.0962965950229265e+41	                0	-0.068794156720928562	5.0310779863486326e+41	0.018715992309400322	                0	2.6881171477195552e+43	                1
52	1000000	0.99874107458820582	0.0012589254117941688	100.00000000219612	2.4473663011913559e+41	                0	-0.06870179962301784	5.8721172567226248e+41	0.021844722287137644	                0	2.6881171477195552e+43	                1
53	1000000	0.99841510680753887	0.0015848931924611141	100.00000000219612	2.8573624575664713e+41	                0	-0.068585939783446098	6.8536087776826586e+41	0.025495945306910704	                0	2.6881171477195552e+43	                1
54	1000000	0.99800473768503106	0.0019952623149688828	100.00000000219612	3.3362381631972927e+41	                0	-0.068440699843116556	7.9989407724471943e+41	0.029756667335845227	                0	2.6881171477195552e+43	                1
55	1000000	0.99748811356849043	0.002511886431509582	100.00000000219612	3.8956571320206255e+41	                0	-0.068258783735900261	9.3353646737898015e+41	0.034728265774091695	                0	2.6881171477195552e+43	                1
56	1000000	0.99683772233983159	0.0031622776601683794	100.00000000219612	4.5493016050620269e+41	                0	-0.068031158989072124	1.089461848931862e+42	0.0405288084210206	                0	2.6881171477195552e+43	                1
57	1000000	0.99601892829446503	0.0039810717055349778	100.00000000219612	5.3132422136726904e+41	                0	-0.067746679792226136	1.2713643767591239e+42	0.047295720643636255	                0	2.6881171477195552e+43	                1
58	1000000	0.99498812766372724	0.0050118723362727246	100.00000000219612	6.2063852365715902e+41	                0	-0.067391645659551039	1.483540681840334e+42	0.055188840378436813	                0	2.6881171477195552e+43	                1
59	1000000	0.99369042655519801	0.0063095734448019424	100.00000000219612	7.2510178013318909e+41	                0	-0.066949293352046663	1.7309834248247318e+42	0.064393898394390997	                0	2.6881171477195552e+43	                1
60	1000000	0.99205671765275716	0.0079432823472428207	100.00000000219612	8.4734788579790052e+41	                0	-0.066399224856869582	2.0194871060530319e+42	0.075126454506130771	                0	2.6881171477195552e+43	                1
