# Filename: 3Dvlt_macro_cp_P01.646_DK05e-07_i47_PartlyCorrected.dat
# Source: 3Dvlt_macro_cp.c
# Source version: 7 (2011 Oct 20 - ...)
# Constant values: PI= 3.141592653589793116, PISQ=9.8696044010893579923, PICU=31.0062766802998162063, B=41.3417022403997549418, THETA=0.6, R=8.31447
# Parameter values: N=3, Kthresh=5, DK0=5e-07, dl=0.0001
T/Tc	1-T/Tc	l	K	y	e	Kr	Kr/K0	cp
       0.99999999	            1e-08	   14.29119999998	  5.0002734527812	6.75090334842043e-06	-0.0523141084259707	3.10745219171761e-06	1.0226203666807e-05	 58161050.5074676	0.151349669591602	0.432397657457991	 0.13603083079701	0.00302413627418823	0.281753350219091	 5.96623826434962	 5.22627536500886	  58161038.310399	-5.86432037583933e-09	-6.43402958876639e-07
0.999999985081753	1.49182469764127e-08	 14.0224999999807	 5.00014983041401	6.75018356953443e-06	-0.0523141069440838	4.06526298576203e-06	1.33782290063467e-05	 25661293.2652531	0.151349659990167	0.432397629806627	0.136030823027815	0.00302413602617536	0.281753335528867	 3.10676978723264	 2.72145258043833	 25661286.4324758	-5.86432000993417e-09	-6.43402939566287e-07
0.999999977744591	2.22554092849247e-08	 13.7537999999813	  5.0000268417932	6.7494676536513e-06	-0.0523141047333688	5.3183007198137e-06	1.75018060778457e-05	   11253973.54794	 0.15134964566651	0.432397588555585	 0.13603081143754	0.00302413565618369	0.281753313613631	 1.83915167853275	 1.61105085912455	 11253969.0931826	-5.86431946406759e-09	-6.43402910758532e-07
0.999999966798831	3.32011692273655e-08	 13.4851999999819	 5.00040293180004	6.75165741411702e-06	-0.0523141014353706	6.95756149839115e-06	2.28963906333843e-05	 4892404.82220896	0.151349624298127	0.432397527016282	0.136030794146886	0.00302413510422111	0.281753280919948	 1.27943321025965	 1.12075150162245	 4892401.41746953	-5.86431864973035e-09	-6.43402867782425e-07
0.999999950469676	4.95303242439512e-08	 13.2164999999825	 5.00027961814435	6.75093925018527e-06	-0.0523140965153373	9.10209304918935e-06	2.99537524290319e-05	 2097260.24898764	0.151349592420254	0.432397435210468	0.136030768352268	0.00302413428078996	0.281753232146719	 1.03350389150537	0.905323589058345	 2097257.30560564	-5.86431743488201e-09	-6.43402803669625e-07
0.999999926109439	7.38905609893065e-08	 12.9477999999832	 5.00015660077156	6.75022298472451e-06	-0.0523140891755146	1.19076349887836e-05	3.91864090877754e-05	 880487.204574146	0.151349544864085	0.432397298252319	0.136030729871238	0.00302413305237563	0.281753159385645	0.926446225995107	0.811543777460386	 880484.462029927	-5.86431562254227e-09	-6.43402708024527e-07
0.999999889768236	1.10231763806416e-07	 12.6790999999838	  5.0000334101614	6.74950588366227e-06	-0.0523140782257988	1.55779297422379e-05	5.12648486463288e-05	 358001.114376217	0.151349473918654	0.432397093935039	0.136030672464334	0.00302413121979831	0.281753050838972	0.880474535238191	0.771273764239425	 357998.458074144	-5.86431291884826e-09	-6.43402565338982e-07
0.999999835553532	1.64446467710971e-07	 12.4104999999844	  5.0004097845405	6.75169732864825e-06	-0.0523140618907647	2.03795189596055e-05	6.70662222513078e-05	 138523.133152229	0.151349368080643	0.432396789129717	0.136030586823389	0.00302412848591721	0.281752888906534	0.861162239115351	0.754356733356369	 138520.513080144	-5.86430888541465e-09	-6.43402352477089e-07
0.999999754674698	2.45325301971094e-07	  12.141799999985	 5.00028679379393	6.75098103535896e-06	-0.0523140375218093	2.66611067535964e-05	8.77380653552454e-05	 49506.2601860021	0.151349210189121	0.432396334414332	0.136030459062317	0.00302412440745264	0.281752647332114	0.853327651271725	0.747493917001238	 49503.6548123077	-5.86430286824208e-09	-6.43402034924552e-07
0.999999634017656	3.6598234443678e-07	 11.8730999999857	 5.00016392777229	6.75026564078465e-06	-0.0523140011677152	3.48788718730906e-05	0.000114781595489104	  15558.608921785	0.151348974643233	0.432395656060363	0.136030268465654	0.00302411832311356	0.281752286946299	0.850337081719221	0.744874382880034	 15556.0091596652	-5.86429389168709e-09	-6.43401561192137e-07
  0.9999994540185	5.45981500331442e-07	 11.6043999999863	 5.00004120570108	6.74955125617453e-06	-0.0523139469340284	4.56296037772213e-05	0.000150160756328559	 3968.57034075404	0.151348623251315	0.432394644078719	0.136029984129846	0.0030241092463794	0.281751749315731	 0.84931185601403	0.743976505317309	 3965.97250393195	-5.86428050026505e-09	-6.43400854466948e-07
0.999999185491313	8.14508686649681e-07	 11.3357999999869	 5.00041799552995	6.75174515384947e-06	-0.0523138660274107	5.9694033022011e-05	0.000196444807709752	 790.439957579043	0.151348099038887	0.432393134387354	0.136029559952843	0.00302409570555589	0.281750947269287	0.849024138856579	0.743724762834427	 787.842663490262	-5.86426052266328e-09	-6.43399800158135e-07
0.999998784895825	1.21510417518735e-06	 11.0670999999875	 5.00029573997513	6.75103312895811e-06	-0.052313745330078	7.80935616866338e-05	0.000256995009160688	 261.785509918007	0.151347317011841	0.432390882209561	0.136028927159877	0.00302407550518078	0.281749750765567	0.848965715890999	0.743674019424023	 259.188329879302	-5.86423071970429e-09	-6.43398227316896e-07
0.999998187277581	1.81272241875151e-06	 10.7983999999882	 5.00017392522643	6.75032383966734e-06	-0.0523135652733153	0.000102164397380412	0.000336208568064845	 234.280205984551	0.151346150377643	0.432387522392565	0.136027983154097	0.00302404537011348	0.281747965811321	0.848945819632797	0.743657237765694	 231.683069909307	-5.86418625917781e-09	-6.43395880919633e-07
0.999997295735926	2.70426407426153e-06	 10.5296999999888	  5.0000527640626	6.7496185212815e-06	-0.052313296665571	0.000133654621774627	0.000439838046247559	 226.314650124142	0.151344409992501	0.432382510216383	0.136026574885625	0.00302400041464697	0.281745303015037	0.848919528160332	0.743635172208469	 223.717573274505	-5.86411993245491e-09	-6.43392380519802e-07
0.999995965712065	4.03428793492735e-06	 10.2610999999894	 5.00043188403037	6.75182603142223e-06	-0.0523128959614859	0.000174851115542253	0.000575408988749156	 218.848453247088	0.151341813705423	0.432375033106949	0.136024474045354	0.00302393335066511	0.281741330682335	0.848881486047567	0.743603287945756	 216.251462537455	-5.86402098592306e-09	-6.43387158567068e-07
0.999993981549621	6.01845037872082e-06	 9.99239999999005	 5.00031311727636	6.75113428466191e-06	-0.0523122982061202	0.000228745742486793	0.000752766688365815	 211.527354632858	0.151337940636656	0.432363878960919	0.136021340067613	0.00302383330667777	0.281735404859496	0.848826354457575	0.743557141567648	 208.930489388245	-5.86387337796115e-09	-6.43379368396145e-07
0.999991021527084	8.97847291650418e-06	 9.72369999999068	 5.00019650031185	6.75045519538809e-06	-0.0523114065132898	0.000299252521269604	0.000984790624611783	 204.261216366954	0.151332162994816	0.432347239783045	0.136016664956625	0.00302368406674349	0.281726565007641	 0.84874644737011	0.743490348178975	 201.664533903827	-5.86365317925054e-09	-6.4336774697636e-07
0.999986605692356	1.33943076439442e-05	  9.4549999999913	 5.00008308698769	6.74979487026824e-06	-0.0523100763782554	0.000391492002611955	0.00128832983482054	 196.945548323567	0.151323544415868	0.432322418907157	0.136009691020651	0.00302346144481811	0.281713378446831	0.848630705871961	0.743393739095255	 194.349132033578	-5.86332469582555e-09	-6.4335041018818e-07
0.999980018041049	1.99819589510412e-05	 9.18639999999193	 5.00047377404509	6.75206974755099e-06	-0.05230809229446	0.000512163146979327	0.00168542578475487	 189.643443529403	0.151310688424165	0.432285394569344	0.135999288239829	0.0030231293711751	 0.28169370846675	0.848463210197783	0.743254142065821	 187.047414617255	-5.86283468829636e-09	-6.43324547480047e-07
 0.99997019042013	2.98095798704173e-05	 8.91769999999256	 5.00037224740097	6.75147806760676e-06	-0.0523051329110251	0.000670030287853523	0.00220491308669066	 182.281919393346	0.151291512627365	0.432230169593005	 0.13598377152445	0.00302263406154665	0.281664368761807	0.848221079898395	0.743052666238165	 179.686453839789	-5.86210375452859e-09	-6.43285966501773e-07
0.999955529332523	4.44706674769986e-05	 8.64899999999318	 5.00028133724441	6.7509480352129e-06	-0.0523007191408662	0.000876559631997384	0.00288451059901238	 174.869654313832	0.151262912428988	0.432147802877738	0.135960628537791	0.0030218953349497	0.281620608714091	0.847871484820523	0.742762268507289	   172.2750073617	-5.86101348872285e-09	-6.43228414113874e-07
0.999933657559937	6.63424400627789e-05	 8.38029999999381	 5.00020625226558	6.75050966661667e-06	-0.0522941369303412	0.00114675296610668	0.00377355813947117	 167.439488698714	0.151220260594799	0.432024968124829	0.135926114610433	0.00302079369737509	0.281555347260819	0.847367407671161	0.742344315229567	 164.846030140526	-5.85938735761889e-09	-6.43142564204155e-07
0.999901028709413	9.89712905874393e-05	 8.11159999999443	 5.00015475220113	6.7502075548045e-06	-0.0522843224293788	0.00150023856888206	0.00493659305721848	 159.953920277016	0.151156663398931	0.431841811459004	0.135874650485814	0.00301915115152414	0.281458033691181	0.846641666018123	 0.74174374982696	 157.362185199856	-5.85696224348896e-09	-6.43014509355823e-07
0.999852352184344	0.000147647815655773	 7.84289999999506	 5.00013839349017	6.75010787747698e-06	-0.0522696914883283	0.00196269959455778	0.00645802455484856	 152.426179859523	0.151061856788945	0.431568772174457	0.135797928311253	0.00301670273994709	0.281312956172012	0.845598505026938	0.740882322719312	 149.836941464267	-5.85334615231518e-09	-6.42823514396806e-07
0.999779735342052	0.000220264657948067	 7.57419999999569	  5.0001743790839	6.75030870576125e-06	-0.0522478869669153	0.00256774496096352	0.00844823920252673	 144.811290642061	0.150920572344909	0.431161876194341	0.135683587514815	0.00301305446675644	0.281096735552734	0.844101854478795	0.739649173653411	 142.225664436242	-5.84795547952252e-09	-6.42538673352196e-07
0.999671403743256	0.000328596256744433	 7.30549999999631	 5.00028830229449	6.75095510938871e-06	-0.0522154052185535	0.00335936124489432	0.0110515696042185	 137.207800925062	0.150710126982877	0.430555793260943	0.135513260041883	0.00300762133945593	 0.28077462333426	0.841959039814688	 0.73788782122526	 134.627393287016	-5.8399222158899e-09	-6.42113940578206e-07
0.999509791988636	0.000490208011363818	 7.03669999999694	 5.00001888225773	6.74935359203093e-06	-0.0521670459782743	0.00439512937631749	0.0144566845066182	 129.538773434306	0.150396886285384	0.429653648752607	0.135259698361454	0.00299953670999901	0.280295057362054	0.838898418456211	0.735378370040351	 126.965892465647	-5.82795727726281e-09	-6.41480758933389e-07
0.999268695581666	0.000731304418334156	 6.76799999999757	  5.0004212509905	6.75163185315945e-06	-0.0520951062177776	0.00575044612104286	0.0189100992208862	 121.829492942633	0.149931115371603	0.428312188580881	0.134882585409251	0.00298752086734189	0.279581706832524	  0.8345390742666	0.731813477827549	 119.267445919824	-5.81015051901047e-09	-6.40537153047902e-07
0.998909022007235	0.00109097799276508	 6.49909999999819	 5.00008122454228	6.74952606862099e-06	-0.0519882069795154	0.00752408671276208	0.024733735616692	 114.053868525487	0.149239569161103	0.426320427175858	0.134322484988634	0.00296969328944316	0.278521958710236	0.828350543245751	0.726766479748314	 111.507378014083	-5.78368101413076e-09	-6.39131659821001e-07
 0.99837245208581	0.00162754791419004	 6.23019999999882	 5.00012154597621	6.74951492989831e-06	-0.0518296024510752	0.00984552955932794	0.0323475696069382	 106.241377530141	0.148215017525933	0.423369454895961	0.133492243447874	0.0029433103490057	0.276950487936622	0.819600763756041	0.719650158368964	 103.717156736645	-5.74440381563529e-09	-6.37039802056503e-07
0.997571983825017	0.00242801617498324	 5.96119999999945	 5.00022634564638	6.7496448144123e-06	-0.051594775293095	0.012884672923801	0.0422987592927708	 98.4076841553536	0.146701843803136	0.419010910837206	0.132265060969092	0.00290441190220399	0.274626311814044	0.807291811478641	0.709665512232489	 95.9152189319331	-5.68627501776372e-09	-6.33929979135783e-07
0.996377825503888	0.00362217449611248	 5.69200000000007	 5.00016694915314	6.74836086333464e-06	-0.0512480812152068	0.0168647657834704	0.0552986277615323	 90.5415182184661	0.144477125848227	0.412602396810208	0.130458571031083	0.00284737377918335	0.271201812009696	0.790086422556719	0.695742060666584	 88.0941030906798	-5.60058422018194e-09	-6.29314761072784e-07
0.994596350627533	0.00540364937246693	  5.4226000000007	 5.00034167154367	6.74754377818033e-06	-0.0507381934119439	0.0220797637889972	0.0722688711331371	 82.6101365845432	0.141227706781633	0.403241259435047	0.127814952436238	0.00276440498957386	0.266183206100405	0.766236307907944	0.676476416586176	 80.2261929582642	-5.47500276837828e-09	-6.22483013579375e-07
 0.99193870240876	0.00806129759123991	 5.15280000000133	 5.00033650235549	6.74392588312844e-06	-0.0499921666182514	0.0289178915870694	0.0943977074750829	 74.6525163182134	0.136526681392326	0.389696579920722	0.123979070338471	0.00264512940041409	0.258885099252459	0.733539166630073	0.650086238671592	  72.357158970309	-5.29257010345343e-09	-6.1240908020391e-07
0.987973957158352	0.0120260428416478	 4.88240000000196	 5.00000859997373	6.73499628524932e-06	-0.0489081961648882	0.0378940804565267	0.123204581045756	 66.6612394640759	0.129819218027496	0.370368010579511	0.118481228843492	0.00247660225999177	0.248389404621794	0.689380479901706	0.614416089752689	 64.4879090327601	-5.03100951581141e-09	-5.9763983713826e-07
0.982059252273938	0.0179407477260622	 4.61130000000259	   5.000108482238	6.72180858001115e-06	-0.04734778455481	0.0496955249412903	0.160607181482136	 58.6767000296767	0.120440208587124	0.343336723081255	0.110740404878718	0.00224449033339364	0.233535070322642	0.630963775502334	 0.56706486178168	 56.6683750760269	-4.66331319245899e-09	-5.76174088628412e-07
0.973235549448109	0.026764450551891	 4.33910000000323	 5.00046240598417	6.69682260956538e-06	-0.0451293901037643	0.0652473653972327	0.208973362470948	 50.7206498798148	0.107706691785298	0.306633940133365	0.100120077918419	0.0019366780819607	0.212994968873264	 0.55589624618212	0.505753582893122	 48.9296082434906	-4.16147648933357e-09	-5.45381855189287e-07
0.960072131647891	0.0399278683521095	 4.06510000000386	 5.00024143619534	6.6423873107792e-06	-0.0420282952175902	0.0858105086545802	0.271115486844946	 42.7948899523588	0.0911514482683394	0.258923185427065	0.0860911391240186	0.00155091041862213	0.185542507952972	0.463342727745719	0.429107479910526	  41.279181059099	-3.5064060478425e-09	-5.02081133393267e-07
0.940434619868154	0.0595653801318463	 3.78870000000357	 5.00038394638765	6.53854043607445e-06	-0.0377923183697786	0.113133662960229	0.350130902700712	 34.9446680814219	 0.07096307484723	0.200793739329807	0.0685707722189775	0.00110700536963489	0.150657223154665	0.355876870040294	0.338034966344304	  33.758664875841	-2.70704944780557e-09	-4.43016963872602e-07
0.911138894794921	0.0888611052050787	 3.50860000000298	 5.00034276706154	6.33246418363551e-06	-0.0321914797002533	 0.14970425918282	0.448878422340395	 27.3232459695834	0.0485953050679377	0.136563076213047	0.048463251941729	0.000658996561421645	 0.10958969189157	0.241686020838343	0.237696773900556	 26.4999932211571	-1.82674998386117e-09	-3.66161574273063e-07
0.867434808595364	0.132565191404636	 3.22290000000238	 5.00011214828004	5.92925756186819e-06	-0.0251334078910108	0.199201250116954	0.568641945218726	 20.0428461143741	0.0271819631952984	0.0754942481559485	0.0282196821449745	0.000291353528992858	0.066689061099327	0.135585119162572	0.139347267081358	 19.5700376943118	-9.98585452055919e-10	-2.73307577806466e-07
0.802235973415022	0.197764026584978	 2.92830000000176	 5.00022199973229	5.1628725666884e-06	-0.0168939929349903	0.267451325859391	0.706084819152529	 13.2382093467874	0.010878740353148	0.0297118337204033	0.0117481725321043	7.65488933066046e-05	0.0298380631338251	0.0556411852728981	0.0597232836029287	 13.0405916933823	-3.88465328800352e-10	-1.73715036535393e-07
0.704970740835546	0.295029259164454	  2.6170000000011	 5.00026516893125	3.79601307698046e-06	-0.00850931581021332	0.365127359842356	0.847082004832684	 7.20244964525391	0.00236243775101943	0.00646338524292959	0.00253471987933538	7.1895076749204e-06	0.00740139243484558	0.0129453136371432	0.0138525422433244	 7.15688275031543	-8.32256578541154e-11	-8.56745712981236e-08
0.559868064651659	0.440131935348341	 2.26330000000035	 5.00012455733586	1.79381122867368e-06	-0.0021630664941238	0.520046433391607	0.958159487991205	 2.42532898690462	0.00011873047768163	0.000423367434630508	9.84600015557288e-05	4.30950410932507e-08	0.000449568819539251	0.00076619541941566	0.000635049782994253	  2.4228375997286	-4.12676574753952e-12	-2.78507188058115e-08
0.343400308626695	0.656599691373305	 1.73289999999983	 5.00040192743561	1.77477280838806e-07	-4.41312301312677e-05	0.883926198835906	0.998910720152818	0.110534561215272	-4.22894356584872e-07	1.52516153514098e-07	-1.50846125160237e-07	4.97064002483069e-12	-3.25509784433489e-07	-4.13188238173568e-06	-1.47397573428617e-06	0.110540914604588	-2.05355673307557e-13	-8.01853452967023e-10
0.0204683639456656	0.979531636054334	                0	 14.8459120340321	4.60188362505369e-68	                0	 14.8459120340321	                1	-8.4553631256715e-10	                0	               -0	                0	               -0	               -0	               -0	               -0	               -0	-1.6910226589121e-14	-8.45519402340561e-10
