T/Tc	1-T/Tc	l	K	G	K/K0
0.95	0.05	0	0.787214	0.00042243	1
0.95	0.05	0.0001	0.78721	0.000422221	0.999996
0.95	0.05	0.0002	0.787207	0.000422012	0.999992
0.95	0.05	0.0003	0.787204	0.000421803	0.999988
0.95	0.05	0.0004	0.787201	0.000421595	0.999984
0.95	0.05	0.0005	0.787197	0.000421386	0.999979
0.95	0.05	0.0006	0.787194	0.000421178	0.999975
0.95	0.05	0.0007	0.787191	0.00042097	0.999971
0.95	0.05	0.0008	0.787188	0.000420761	0.999967
0.95	0.05	0.0009	0.787184	0.000420553	0.999963
0.95	0.05	0.01	0.786891	0.000402048	0.99959
0.95	0.05	0.02	0.786571	0.000382657	0.999184
0.95	0.05	0.03	0.786254	0.000364209	0.998782
0.95	0.05	0.04	0.785941	0.000346657	0.998384
0.95	0.05	0.05	0.785631	0.000329957	0.99799
0.95	0.05	0.06	0.785324	0.000314068	0.9976
0.95	0.05	0.07	0.78502	0.00029895	0.997214
0.95	0.05	0.08	0.78472	0.000284565	0.996832
0.95	0.05	0.09	0.784422	0.000270877	0.996453
0.95	0.05	0.1	0.784127	0.000257853	0.996079
0.95	0.05	0.11	0.783835	0.000245459	0.995708
0.95	0.05	0.12	0.783546	0.000233665	0.995341
0.95	0.05	0.13	0.78326	0.000222442	0.994978
0.95	0.05	0.14	0.782977	0.000211762	0.994618
0.95	0.05	0.15	0.782696	0.000201598	0.994261
0.95	0.05	0.16	0.782418	0.000191925	0.993909
0.95	0.05	0.17	0.782144	0.00018272	0.993559
0.95	0.05	0.18	0.781871	0.000173959	0.993213
0.95	0.05	0.19	0.781602	0.000165621	0.992871
0.95	0.05	0.2	0.781335	0.000157685	0.992532
0.95	0.05	0.21	0.78107	0.000150132	0.992196
0.95	0.05	0.22	0.780808	0.000142943	0.991863
0.95	0.05	0.23	0.780549	0.000136101	0.991534
0.95	0.05	0.24	0.780292	0.000129588	0.991208
0.95	0.05	0.25	0.780038	0.000123389	0.990884
0.95	0.05	0.26	0.779786	0.000117488	0.990564
0.95	0.05	0.27	0.779536	0.000111871	0.990248
0.95	0.05	0.28	0.779289	0.000106525	0.989934
0.95	0.05	0.29	0.779045	0.000101435	0.989623
0.95	0.05	0.3	0.778802	9.65904e-05	0.989315
0.95	0.05	0.31	0.778562	9.19784e-05	0.98901
0.95	0.05	0.32	0.778324	8.75879e-05	0.988708
0.95	0.05	0.33	0.778089	8.34082e-05	0.988409
0.95	0.05	0.34	0.777855	7.94291e-05	0.988112
0.95	0.05	0.35	0.777624	7.5641e-05	0.987819
0.95	0.05	0.36	0.777395	7.20346e-05	0.987528
0.95	0.05	0.37	0.777168	6.86011e-05	0.98724
0.95	0.05	0.38	0.776944	6.53321e-05	0.986954
0.95	0.05	0.39	0.776721	6.22199e-05	0.986671
0.95	0.05	0.4	0.776501	5.92567e-05	0.986391
0.95	0.05	0.41	0.776282	5.64354e-05	0.986114
0.95	0.05	0.42	0.776066	5.37491e-05	0.985839
0.95	0.05	0.43	0.775851	5.11915e-05	0.985566
0.95	0.05	0.44	0.775639	4.87562e-05	0.985297
0.95	0.05	0.45	0.775428	4.64373e-05	0.985029
0.95	0.05	0.46	0.77522	4.42293e-05	0.984764
0.95	0.05	0.47	0.775013	4.21269e-05	0.984502
0.95	0.05	0.48	0.774809	4.01249e-05	0.984242
0.95	0.05	0.49	0.774606	3.82185e-05	0.983984
0.95	0.05	0.5	0.774405	3.64032e-05	0.983729
0.95	0.05	0.51	0.774206	3.46746e-05	0.983476
0.95	0.05	0.52	0.774008	3.30284e-05	0.983225
0.95	0.05	0.53	0.773813	3.14608e-05	0.982977
0.95	0.05	0.54	0.773619	2.99679e-05	0.982731
0.95	0.05	0.55	0.773427	2.85462e-05	0.982487
0.95	0.05	0.56	0.773237	2.71923e-05	0.982245
0.95	0.05	0.57	0.773048	2.5903e-05	0.982005
0.95	0.05	0.58	0.772861	2.4675e-05	0.981768
0.95	0.05	0.59	0.772676	2.35056e-05	0.981533
0.95	0.05	0.6	0.772493	2.23918e-05	0.9813
0.95	0.05	0.61	0.772311	2.1331e-05	0.981069
0.95	0.05	0.62	0.77213	2.03208e-05	0.98084
0.95	0.05	0.63	0.771952	1.93585e-05	0.980613
0.95	0.05	0.64	0.771775	1.84421e-05	0.980388
0.95	0.05	0.65	0.771599	1.75692e-05	0.980165
0.95	0.05	0.66	0.771426	1.67379e-05	0.979944
0.95	0.05	0.67	0.771253	1.5946e-05	0.979725
0.95	0.05	0.68	0.771082	1.51918e-05	0.979508
0.95	0.05	0.69	0.770913	1.44734e-05	0.979293
0.95	0.05	0.7	0.770745	1.37891e-05	0.97908
0.95	0.05	0.71	0.770579	1.31373e-05	0.978869
0.95	0.05	0.72	0.770414	1.25165e-05	0.978659
0.95	0.05	0.73	0.770251	1.19251e-05	0.978452
0.95	0.05	0.74	0.770089	1.13618e-05	0.978246
0.95	0.05	0.75	0.769928	1.08252e-05	0.978042
0.95	0.05	0.76	0.769769	1.0314e-05	0.97784
0.95	0.05	0.77	0.769611	9.82707e-06	0.977639
0.95	0.05	0.78	0.769455	9.36322e-06	0.977441
0.95	0.05	0.79	0.7693	8.92135e-06	0.977244
0.95	0.05	0.8	0.769146	8.50042e-06	0.977049
0.95	0.05	0.81	0.768994	8.09943e-06	0.976855
0.95	0.05	0.82	0.768843	7.71743e-06	0.976663
0.95	0.05	0.83	0.768693	7.35351e-06	0.976473
0.95	0.05	0.84	0.768545	7.00682e-06	0.976285
0.95	0.05	0.85	0.768397	6.67654e-06	0.976098
0.95	0.05	0.86	0.768252	6.36189e-06	0.975912
0.95	0.05	0.87	0.768107	6.06212e-06	0.975729
0.95	0.05	0.88	0.767964	5.77652e-06	0.975547
0.95	0.05	0.89	0.767821	5.50443e-06	0.975366
0.95	0.05	0.9	0.767681	5.24521e-06	0.975187
0.95	0.05	0.91	0.767541	4.99823e-06	0.97501
0.95	0.05	0.92	0.767402	4.76293e-06	0.974834
0.95	0.05	0.93	0.767265	4.53874e-06	0.974659
0.95	0.05	0.94	0.767129	4.32514e-06	0.974486
0.95	0.05	0.95	0.766994	4.12163e-06	0.974315
0.95	0.05	0.96	0.76686	3.92773e-06	0.974145
0.95	0.05	0.97	0.766727	3.74298e-06	0.973976
0.95	0.05	0.98	0.766596	3.56695e-06	0.973809
0.95	0.05	0.99	0.766465	3.39923e-06	0.973643
0.95	0.05	1	0.766336	3.23942e-06	0.973479

t = 1

T/Tc	1-T/Tc	l	K	G	K/K0
0.1	0.9	0	7.47853	8.80373e-33	1
0.1	0.9	0.0001	7.47853	0.0270238	1
0.1	0.9	0.0002	7.47824	-0.0280602	0.999961
0.1	0.9	0.0003	7.47794	0.0136751	0.999922
0.1	0.9	0.0004	7.47765	-0.00229358	0.999882
0.1	0.9	0.0005	7.47736	0.000421383	0.999843
0.1	0.9	0.0006	7.47707	0.000421175	0.999804
0.1	0.9	0.0007	7.47677	0.000420966	0.999765
0.1	0.9	0.0008	7.47648	0.000420758	0.999726
0.1	0.9	0.0009	7.47619	0.00042055	0.999687
0.1	0.9	0.01	7.44977	0.000402045	0.996154
0.1	0.9	0.02	7.4212	0.000382654	0.992335
0.1	0.9	0.03	7.39312	0.000364206	0.98858
0.1	0.9	0.04	7.36552	0.000346654	0.984888
0.1	0.9	0.05	7.33837	0.000329955	0.981258
0.1	0.9	0.06	7.31167	0.000314066	0.977688
0.1	0.9	0.07	7.28541	0.000298948	0.974177
0.1	0.9	0.08	7.25958	0.000284563	0.970723
0.1	0.9	0.09	7.23417	0.000270875	0.967325
0.1	0.9	0.1	7.20917	0.000257851	0.963982
0.1	0.9	0.11	7.18457	0.000245457	0.960693
0.1	0.9	0.12	7.16036	0.000233664	0.957456
0.1	0.9	0.13	7.13654	0.000222441	0.95427
0.1	0.9	0.14	7.11309	0.00021176	0.951134
0.1	0.9	0.15	7.09	0.000201597	0.948047
0.1	0.9	0.16	7.06727	0.000191924	0.945008
0.1	0.9	0.17	7.0449	0.000182719	0.942016
0.1	0.9	0.18	7.02286	0.000173958	0.93907
0.1	0.9	0.19	7.00117	0.00016562	0.936169
0.1	0.9	0.2	6.9798	0.000157684	0.933311
0.1	0.9	0.21	6.95875	0.000150131	0.930497
0.1	0.9	0.22	6.93802	0.000142942	0.927725
0.1	0.9	0.23	6.91759	0.0001361	0.924994
0.1	0.9	0.24	6.89747	0.000129587	0.922303
0.1	0.9	0.25	6.87764	0.000123388	0.919652
0.1	0.9	0.26	6.85811	0.000117488	0.91704
0.1	0.9	0.27	6.83886	0.000111871	0.914465
0.1	0.9	0.28	6.81988	0.000106524	0.911928
0.1	0.9	0.29	6.80118	0.000101435	0.909428
0.1	0.9	0.3	6.78275	9.65901e-05	0.906963
0.1	0.9	0.31	6.76458	9.19781e-05	0.904533
0.1	0.9	0.32	6.74667	8.75876e-05	0.902138
0.1	0.9	0.33	6.72901	8.34079e-05	0.899776
0.1	0.9	0.34	6.71159	7.94289e-05	0.897448
0.1	0.9	0.35	6.69442	7.56407e-05	0.895152
0.1	0.9	0.36	6.67749	7.20343e-05	0.892888
0.1	0.9	0.37	6.66079	6.86008e-05	0.890654
0.1	0.9	0.38	6.64432	6.53319e-05	0.888452
0.1	0.9	0.39	6.62807	6.22197e-05	0.88628
0.1	0.9	0.4	6.61204	5.92565e-05	0.884137
0.1	0.9	0.41	6.59623	5.64352e-05	0.882023
0.1	0.9	0.42	6.58064	5.3749e-05	0.879937
0.1	0.9	0.43	6.56525	5.11913e-05	0.87788
0.1	0.9	0.44	6.55007	4.8756e-05	0.87585
0.1	0.9	0.45	6.53509	4.64372e-05	0.873846
0.1	0.9	0.46	6.5203	4.42292e-05	0.871869
0.1	0.9	0.47	6.50571	4.21268e-05	0.869918
0.1	0.9	0.48	6.49131	4.01248e-05	0.867993
0.1	0.9	0.49	6.4771	3.82184e-05	0.866093
0.1	0.9	0.5	6.46307	3.64031e-05	0.864217
0.1	0.9	0.51	6.44922	3.46745e-05	0.862365
0.1	0.9	0.52	6.43555	3.30283e-05	0.860537
0.1	0.9	0.53	6.42206	3.14607e-05	0.858733
0.1	0.9	0.54	6.40874	2.99679e-05	0.856951
0.1	0.9	0.55	6.39558	2.85462e-05	0.855192
0.1	0.9	0.56	6.38259	2.71923e-05	0.853455
0.1	0.9	0.57	6.36976	2.59029e-05	0.85174
0.1	0.9	0.58	6.3571	2.4675e-05	0.850047
0.1	0.9	0.59	6.34459	2.35055e-05	0.848374
0.1	0.9	0.6	6.33224	2.23917e-05	0.846722
0.1	0.9	0.61	6.32004	2.1331e-05	0.845091
0.1	0.9	0.62	6.30799	2.03207e-05	0.843479
0.1	0.9	0.63	6.29608	1.93585e-05	0.841888
0.1	0.9	0.64	6.28432	1.84421e-05	0.840315
0.1	0.9	0.65	6.27271	1.75692e-05	0.838762
0.1	0.9	0.66	6.26123	1.67378e-05	0.837228
0.1	0.9	0.67	6.2499	1.5946e-05	0.835712
0.1	0.9	0.68	6.23869	1.51918e-05	0.834214
0.1	0.9	0.69	6.22763	1.44734e-05	0.832734
0.1	0.9	0.7	6.21669	1.37891e-05	0.831272
0.1	0.9	0.71	6.20588	1.31373e-05	0.829827
0.1	0.9	0.72	6.19521	1.25165e-05	0.828399
0.1	0.9	0.73	6.18465	1.19251e-05	0.826988
0.1	0.9	0.74	6.17422	1.13617e-05	0.825593
0.1	0.9	0.75	6.16392	1.08251e-05	0.824215
0.1	0.9	0.76	6.15373	1.0314e-05	0.822853
0.1	0.9	0.77	6.14366	9.82705e-06	0.821506
0.1	0.9	0.78	6.13371	9.36321e-06	0.820175
0.1	0.9	0.79	6.12387	8.92134e-06	0.81886
0.1	0.9	0.8	6.11414	8.50041e-06	0.817559
0.1	0.9	0.81	6.10453	8.09942e-06	0.816274
0.1	0.9	0.82	6.09502	7.71742e-06	0.815003
0.1	0.9	0.83	6.08563	7.35351e-06	0.813746
0.1	0.9	0.84	6.07633	7.00682e-06	0.812504
0.1	0.9	0.85	6.06715	6.67653e-06	0.811275
0.1	0.9	0.86	6.05806	6.36188e-06	0.810061
0.1	0.9	0.87	6.04908	6.06211e-06	0.80886
0.1	0.9	0.88	6.0402	5.77652e-06	0.807672
0.1	0.9	0.89	6.03142	5.50443e-06	0.806498
0.1	0.9	0.9	6.02273	5.2452e-06	0.805336
0.1	0.9	0.91	6.01414	4.99823e-06	0.804188
0.1	0.9	0.92	6.00565	4.76292e-06	0.803052
0.1	0.9	0.93	5.99725	4.53874e-06	0.801928
0.1	0.9	0.94	5.98894	4.32514e-06	0.800817
0.1	0.9	0.95	5.98072	4.12163e-06	0.799718
0.1	0.9	0.96	5.97259	3.92773e-06	0.798631
0.1	0.9	0.97	5.96454	3.74298e-06	0.797556
0.1	0.9	0.98	5.95659	3.56695e-06	0.796492
0.1	0.9	0.99	5.94872	3.39923e-06	0.79544
0.1	0.9	1	5.94093	3.23942e-06	0.794399

t = 2

T/Tc	1-T/Tc	l	K	G	K/K0
0.1	0.9	0	7.47853	8.80373e-33	1
0.1	0.9	0.0001	7.47853	13.7377	1
0.1	0.9	0.0002	7.45982	-19.6397	0.997498
0.1	0.9	0.0003	7.47926	16.6843	1.0001
0.1	0.9	0.0004	7.46977	-9.7989	0.998829
0.1	0.9	0.0005	7.47136	4.06697	0.999041
0.1	0.9	0.0006	7.47107	-1.15541	0.999002
0.1	0.9	0.0007	7.47077	0.205204	0.998963
0.1	0.9	0.0008	7.47048	-0.0169755	0.998924
0.1	0.9	0.0009	7.47019	0.000420547	0.998885
0.1	0.9	0.01	7.44381	0.000402042	0.995358
0.1	0.9	0.02	7.4153	0.000382651	0.991544
0.1	0.9	0.03	7.38726	0.000364203	0.987796
0.1	0.9	0.04	7.3597	0.000346652	0.98411
0.1	0.9	0.05	7.33259	0.000329953	0.980486
0.1	0.9	0.06	7.30594	0.000314064	0.976921
0.1	0.9	0.07	7.27972	0.000298946	0.973416
0.1	0.9	0.08	7.25393	0.000284561	0.969967
0.1	0.9	0.09	7.22856	0.000270874	0.966575
0.1	0.9	0.1	7.2036	0.000257849	0.963237
0.1	0.9	0.11	7.17904	0.000245456	0.959953
0.1	0.9	0.12	7.15486	0.000233662	0.956721
0.1	0.9	0.13	7.13107	0.000222439	0.95354
0.1	0.9	0.14	7.10766	0.000211759	0.950409
0.1	0.9	0.15	7.08461	0.000201595	0.947326
0.1	0.9	0.16	7.06192	0.000191923	0.944292
0.1	0.9	0.17	7.03957	0.000182718	0.941305
0.1	0.9	0.18	7.01757	0.000173957	0.938363
0.1	0.9	0.19	6.99591	0.000165619	0.935466
0.1	0.9	0.2	6.97457	0.000157683	0.932613
0.1	0.9	0.21	6.95356	0.00015013	0.929802
0.1	0.9	0.22	6.93285	0.000142942	0.927034
0.1	0.9	0.23	6.91246	0.000136099	0.924307
0.1	0.9	0.24	6.89237	0.000129587	0.921621
0.1	0.9	0.25	6.87257	0.000123388	0.918974
0.1	0.9	0.26	6.85307	0.000117487	0.916365
0.1	0.9	0.27	6.83384	0.00011187	0.913795
0.1	0.9	0.28	6.8149	0.000106524	0.911262
0.1	0.9	0.29	6.79622	0.000101434	0.908765
0.1	0.9	0.3	6.77782	9.65897e-05	0.906303
0.1	0.9	0.31	6.75967	9.19777e-05	0.903877
0.1	0.9	0.32	6.74179	8.75872e-05	0.901485
0.1	0.9	0.33	6.72415	8.34076e-05	0.899127
0.1	0.9	0.34	6.70676	7.94286e-05	0.896802
0.1	0.9	0.35	6.68961	7.56405e-05	0.894509
0.1	0.9	0.36	6.67271	7.20341e-05	0.892248
0.1	0.9	0.37	6.65603	6.86006e-05	0.890018
0.1	0.9	0.38	6.63958	6.53317e-05	0.887819
0.1	0.9	0.39	6.62336	6.22195e-05	0.88565
0.1	0.9	0.4	6.60736	5.92563e-05	0.88351
0.1	0.9	0.41	6.59157	5.6435e-05	0.881399
0.1	0.9	0.42	6.576	5.37488e-05	0.879317
0.1	0.9	0.43	6.56063	5.11912e-05	0.877262
0.1	0.9	0.44	6.54547	4.87559e-05	0.875234
0.1	0.9	0.45	6.53051	4.64371e-05	0.873234
0.1	0.9	0.46	6.51574	4.42291e-05	0.87126
0.1	0.9	0.47	6.50117	4.21267e-05	0.869312
0.1	0.9	0.48	6.48679	4.01247e-05	0.867389
0.1	0.9	0.49	6.4726	3.82184e-05	0.865491
0.1	0.9	0.5	6.45859	3.6403e-05	0.863618
0.1	0.9	0.51	6.44476	3.46744e-05	0.861769
0.1	0.9	0.52	6.43111	3.30282e-05	0.859944
0.1	0.9	0.53	6.41764	3.14606e-05	0.858142
0.1	0.9	0.54	6.40433	2.99678e-05	0.856362
0.1	0.9	0.55	6.3912	2.85461e-05	0.854606
0.1	0.9	0.56	6.37822	2.71922e-05	0.852871
0.1	0.9	0.57	6.36542	2.59029e-05	0.851159
0.1	0.9	0.58	6.35277	2.46749e-05	0.849467
0.1	0.9	0.59	6.34028	2.35055e-05	0.847797
0.1	0.9	0.6	6.32794	2.23917e-05	0.846147
0.1	0.9	0.61	6.31575	2.13309e-05	0.844518
0.1	0.9	0.62	6.30372	2.03207e-05	0.842909
0.1	0.9	0.63	6.29183	1.93585e-05	0.841319
0.1	0.9	0.64	6.28009	1.8442e-05	0.839749
0.1	0.9	0.65	6.26849	1.75692e-05	0.838198
0.1	0.9	0.66	6.25703	1.67378e-05	0.836666
0.1	0.9	0.67	6.24571	1.5946e-05	0.835152
0.1	0.9	0.68	6.23452	1.51917e-05	0.833656
0.1	0.9	0.69	6.22347	1.44734e-05	0.832178
0.1	0.9	0.7	6.21255	1.37891e-05	0.830718
0.1	0.9	0.71	6.20176	1.31373e-05	0.829275
0.1	0.9	0.72	6.19109	1.25164e-05	0.827849
0.1	0.9	0.73	6.18055	1.19251e-05	0.82644
0.1	0.9	0.74	6.17014	1.13617e-05	0.825047
0.1	0.9	0.75	6.15984	1.08251e-05	0.82367
0.1	0.9	0.76	6.14967	1.0314e-05	0.82231
0.1	0.9	0.77	6.13961	9.82704e-06	0.820965
0.1	0.9	0.78	6.12967	9.3632e-06	0.819636
0.1	0.9	0.79	6.11985	8.92133e-06	0.818322
0.1	0.9	0.8	6.11014	8.5004e-06	0.817024
0.1	0.9	0.81	6.10053	8.09941e-06	0.81574
0.1	0.9	0.82	6.09104	7.71741e-06	0.81447
0.1	0.9	0.83	6.08166	7.3535e-06	0.813215
0.1	0.9	0.84	6.07238	7.00681e-06	0.811975
0.1	0.9	0.85	6.0632	6.67653e-06	0.810748
0.1	0.9	0.86	6.05413	6.36187e-06	0.809535
0.1	0.9	0.87	6.04516	6.0621e-06	0.808335
0.1	0.9	0.88	6.03629	5.77651e-06	0.807149
0.1	0.9	0.89	6.02752	5.50442e-06	0.805976
0.1	0.9	0.9	6.01884	5.2452e-06	0.804817
0.1	0.9	0.91	6.01027	4.99822e-06	0.803669
0.1	0.9	0.92	6.00178	4.76292e-06	0.802535
0.1	0.9	0.93	5.99339	4.53873e-06	0.801413
0.1	0.9	0.94	5.98509	4.32513e-06	0.800303
0.1	0.9	0.95	5.97688	4.12162e-06	0.799206
0.1	0.9	0.96	5.96876	3.92772e-06	0.79812
0.1	0.9	0.97	5.96073	3.74298e-06	0.797046
0.1	0.9	0.98	5.95279	3.56695e-06	0.795983
0.1	0.9	0.99	5.94493	3.39923e-06	0.794932
0.1	0.9	1	5.93715	3.23942e-06	0.793893

t = 3

T/Tc	1-T/Tc	l	K	G	K/K0
0.1	0.9	0	7.47853	8.80373e-33	1
0.1	0.9	0.0001	7.47853	9966.72	1
0.1	0.9	0.0002	2.79616	-15874.2	0.373891
0.1	0.9	0.0003	8.35226	16235.9	1.11683
0.1	0.9	0.0004	0.0843836	-12584.8	0.0112835
0.1	0.9	0.0005	0.0852595	7754.52	0.0114006
0.1	0.9	0.0006	0.0848936	-3834.99	0.0113516
0.1	0.9	0.0007	0.0849973	1516.18	0.0113655
0.1	0.9	0.0008	0.0849788	-471.316	0.011363
0.1	0.9	0.0009	0.0849804	111.608	0.0113632
0.1	0.9	0.01	0.0849769	0.000402042	0.0113628
0.1	0.9	0.02	0.0849732	0.000382652	0.0113623
0.1	0.9	0.03	0.0849695	0.000364204	0.0113618
0.1	0.9	0.04	0.0849659	0.000346652	0.0113613
0.1	0.9	0.05	0.0849622	0.000329953	0.0113608
0.1	0.9	0.06	0.0849586	0.000314064	0.0113603
0.1	0.9	0.07	0.0849551	0.000298946	0.0113599
0.1	0.9	0.08	0.0849516	0.000284561	0.0113594
0.1	0.9	0.09	0.0849481	0.000270874	0.0113589
0.1	0.9	0.1	0.0849446	0.00025785	0.0113585
0.1	0.9	0.11	0.0849412	0.000245456	0.011358
0.1	0.9	0.12	0.0849378	0.000233662	0.0113576
0.1	0.9	0.13	0.0849344	0.000222439	0.0113571
0.1	0.9	0.14	0.0849311	0.000211759	0.0113567
0.1	0.9	0.15	0.0849278	0.000201596	0.0113562
0.1	0.9	0.16	0.0849245	0.000191923	0.0113558
0.1	0.9	0.17	0.0849213	0.000182718	0.0113553
0.1	0.9	0.18	0.0849181	0.000173957	0.0113549
0.1	0.9	0.19	0.0849149	0.000165619	0.0113545
0.1	0.9	0.2	0.0849117	0.000157683	0.0113541
0.1	0.9	0.21	0.0849086	0.000150131	0.0113536
0.1	0.9	0.22	0.0849055	0.000142942	0.0113532
0.1	0.9	0.23	0.0849024	0.000136099	0.0113528
0.1	0.9	0.24	0.0848994	0.000129587	0.0113524
0.1	0.9	0.25	0.0848964	0.000123388	0.011352
0.1	0.9	0.26	0.0848934	0.000117487	0.0113516
0.1	0.9	0.27	0.0848904	0.00011187	0.0113512
0.1	0.9	0.28	0.0848875	0.000106524	0.0113508
0.1	0.9	0.29	0.0848846	0.000101435	0.0113504
0.1	0.9	0.3	0.0848817	9.65897e-05	0.0113501
0.1	0.9	0.31	0.0848789	9.19777e-05	0.0113497
0.1	0.9	0.32	0.084876	8.75873e-05	0.0113493
0.1	0.9	0.33	0.0848732	8.34076e-05	0.0113489
0.1	0.9	0.34	0.0848705	7.94286e-05	0.0113485
0.1	0.9	0.35	0.0848677	7.56405e-05	0.0113482
0.1	0.9	0.36	0.084865	7.20341e-05	0.0113478
0.1	0.9	0.37	0.0848623	6.86006e-05	0.0113475
0.1	0.9	0.38	0.0848596	6.53317e-05	0.0113471
0.1	0.9	0.39	0.0848569	6.22195e-05	0.0113467
0.1	0.9	0.4	0.0848543	5.92563e-05	0.0113464
0.1	0.9	0.41	0.0848517	5.64351e-05	0.011346
0.1	0.9	0.42	0.0848491	5.37489e-05	0.0113457
0.1	0.9	0.43	0.0848465	5.11912e-05	0.0113454
0.1	0.9	0.44	0.084844	4.87559e-05	0.011345
0.1	0.9	0.45	0.0848415	4.64371e-05	0.0113447
0.1	0.9	0.46	0.084839	4.42291e-05	0.0113443
0.1	0.9	0.47	0.0848365	4.21267e-05	0.011344
0.1	0.9	0.48	0.0848341	4.01247e-05	0.0113437
0.1	0.9	0.49	0.0848316	3.82184e-05	0.0113434
0.1	0.9	0.5	0.0848292	3.64031e-05	0.011343
0.1	0.9	0.51	0.0848268	3.46744e-05	0.0113427
0.1	0.9	0.52	0.0848245	3.30283e-05	0.0113424
0.1	0.9	0.53	0.0848221	3.14606e-05	0.0113421
0.1	0.9	0.54	0.0848198	2.99678e-05	0.0113418
0.1	0.9	0.55	0.0848175	2.85461e-05	0.0113415
0.1	0.9	0.56	0.0848152	2.71922e-05	0.0113412
0.1	0.9	0.57	0.0848129	2.59029e-05	0.0113409
0.1	0.9	0.58	0.0848107	2.46749e-05	0.0113406
0.1	0.9	0.59	0.0848084	2.35055e-05	0.0113403
0.1	0.9	0.6	0.0848062	2.23917e-05	0.01134
0.1	0.9	0.61	0.084804	2.1331e-05	0.0113397
0.1	0.9	0.62	0.0848019	2.03207e-05	0.0113394
0.1	0.9	0.63	0.0847997	1.93585e-05	0.0113391
0.1	0.9	0.64	0.0847976	1.8442e-05	0.0113388
0.1	0.9	0.65	0.0847954	1.75692e-05	0.0113385
0.1	0.9	0.66	0.0847933	1.67378e-05	0.0113382
0.1	0.9	0.67	0.0847913	1.5946e-05	0.011338
0.1	0.9	0.68	0.0847892	1.51918e-05	0.0113377
0.1	0.9	0.69	0.0847871	1.44734e-05	0.0113374
0.1	0.9	0.7	0.0847851	1.37891e-05	0.0113371
0.1	0.9	0.71	0.0847831	1.31373e-05	0.0113369
0.1	0.9	0.72	0.0847811	1.25164e-05	0.0113366
0.1	0.9	0.73	0.0847791	1.19251e-05	0.0113363
0.1	0.9	0.74	0.0847772	1.13617e-05	0.0113361
0.1	0.9	0.75	0.0847752	1.08251e-05	0.0113358
0.1	0.9	0.76	0.0847733	1.0314e-05	0.0113356
0.1	0.9	0.77	0.0847714	9.82704e-06	0.0113353
0.1	0.9	0.78	0.0847695	9.3632e-06	0.011335
0.1	0.9	0.79	0.0847676	8.92133e-06	0.0113348
0.1	0.9	0.8	0.0847657	8.50041e-06	0.0113345
0.1	0.9	0.81	0.0847639	8.09941e-06	0.0113343
0.1	0.9	0.82	0.084762	7.71741e-06	0.0113341
0.1	0.9	0.83	0.0847602	7.3535e-06	0.0113338
0.1	0.9	0.84	0.0847584	7.00681e-06	0.0113336
0.1	0.9	0.85	0.0847566	6.67653e-06	0.0113333
0.1	0.9	0.86	0.0847548	6.36187e-06	0.0113331
0.1	0.9	0.87	0.0847531	6.0621e-06	0.0113329
0.1	0.9	0.88	0.0847513	5.77651e-06	0.0113326
0.1	0.9	0.89	0.0847496	5.50442e-06	0.0113324
0.1	0.9	0.9	0.0847479	5.2452e-06	0.0113322
0.1	0.9	0.91	0.0847462	4.99822e-06	0.0113319
0.1	0.9	0.92	0.0847445	4.76292e-06	0.0113317
0.1	0.9	0.93	0.0847428	4.53873e-06	0.0113315
0.1	0.9	0.94	0.0847412	4.32513e-06	0.0113313
0.1	0.9	0.95	0.0847395	4.12162e-06	0.011331
0.1	0.9	0.96	0.0847379	3.92772e-06	0.0113308
0.1	0.9	0.97	0.0847363	3.74298e-06	0.0113306
0.1	0.9	0.98	0.0847346	3.56695e-06	0.0113304
0.1	0.9	0.99	0.0847331	3.39923e-06	0.0113302
0.1	0.9	1	0.0847315	3.23942e-06	0.01133

t = 4

T/Tc	1-T/Tc	l	K	G	K/K0
0.1	0.9	0	7.47853	8.80373e-33	1
0.1	0.9	0.0001	7.47853	-nan	1
0.1	0.9	0.0002	-9.26444e+40	-nan	-1.2388e+40
0.1	0.9	0.0003	inf	-nan	inf
0.1	0.9	0.0004	-nan	-nan	-nan
0.1	0.9	0.0005	-nan	-nan	-nan
0.1	0.9	0.0006	-nan	-nan	-nan
0.1	0.9	0.0007	-nan	-nan	-nan
0.1	0.9	0.0008	-nan	-nan	-nan
0.1	0.9	0.0009	-nan	-nan	-nan
0.1	0.9	0.01	-nan	-nan	-nan
0.1	0.9	0.02	-nan	-nan	-nan
0.1	0.9	0.03	-nan	-nan	-nan
0.1	0.9	0.04	-nan	-nan	-nan
0.1	0.9	0.05	-nan	-nan	-nan
0.1	0.9	0.06	-nan	-nan	-nan
0.1	0.9	0.07	-nan	-nan	-nan
0.1	0.9	0.08	-nan	-nan	-nan
0.1	0.9	0.09	-nan	-nan	-nan
0.1	0.9	0.1	-nan	-nan	-nan
0.1	0.9	0.11	-nan	-nan	-nan
0.1	0.9	0.12	-nan	-nan	-nan
0.1	0.9	0.13	-nan	-nan	-nan
0.1	0.9	0.14	-nan	-nan	-nan
0.1	0.9	0.15	-nan	-nan	-nan
0.1	0.9	0.16	-nan	-nan	-nan
0.1	0.9	0.17	-nan	-nan	-nan
0.1	0.9	0.18	-nan	-nan	-nan
0.1	0.9	0.19	-nan	-nan	-nan
0.1	0.9	0.2	-nan	-nan	-nan
0.1	0.9	0.21	-nan	-nan	-nan
0.1	0.9	0.22	-nan	-nan	-nan
0.1	0.9	0.23	-nan	-nan	-nan
0.1	0.9	0.24	-nan	-nan	-nan
0.1	0.9	0.25	-nan	-nan	-nan
0.1	0.9	0.26	-nan	-nan	-nan
0.1	0.9	0.27	-nan	-nan	-nan
0.1	0.9	0.28	-nan	-nan	-nan
0.1	0.9	0.29	-nan	-nan	-nan
0.1	0.9	0.3	-nan	-nan	-nan
0.1	0.9	0.31	-nan	-nan	-nan
0.1	0.9	0.32	-nan	-nan	-nan
0.1	0.9	0.33	-nan	-nan	-nan
0.1	0.9	0.34	-nan	-nan	-nan
0.1	0.9	0.35	-nan	-nan	-nan
0.1	0.9	0.36	-nan	-nan	-nan
0.1	0.9	0.37	-nan	-nan	-nan
0.1	0.9	0.38	-nan	-nan	-nan
0.1	0.9	0.39	-nan	-nan	-nan
0.1	0.9	0.4	-nan	-nan	-nan
0.1	0.9	0.41	-nan	-nan	-nan
0.1	0.9	0.42	-nan	-nan	-nan
0.1	0.9	0.43	-nan	-nan	-nan
0.1	0.9	0.44	-nan	-nan	-nan
0.1	0.9	0.45	-nan	-nan	-nan
0.1	0.9	0.46	-nan	-nan	-nan
0.1	0.9	0.47	-nan	-nan	-nan
0.1	0.9	0.48	-nan	-nan	-nan
0.1	0.9	0.49	-nan	-nan	-nan
0.1	0.9	0.5	-nan	-nan	-nan
0.1	0.9	0.51	-nan	-nan	-nan
0.1	0.9	0.52	-nan	-nan	-nan
0.1	0.9	0.53	-nan	-nan	-nan
0.1	0.9	0.54	-nan	-nan	-nan
0.1	0.9	0.55	-nan	-nan	-nan
0.1	0.9	0.56	-nan	-nan	-nan
0.1	0.9	0.57	-nan	-nan	-nan
0.1	0.9	0.58	-nan	-nan	-nan
0.1	0.9	0.59	-nan	-nan	-nan
0.1	0.9	0.6	-nan	-nan	-nan
0.1	0.9	0.61	-nan	-nan	-nan
0.1	0.9	0.62	-nan	-nan	-nan
0.1	0.9	0.63	-nan	-nan	-nan
0.1	0.9	0.64	-nan	-nan	-nan
0.1	0.9	0.65	-nan	-nan	-nan
0.1	0.9	0.66	-nan	-nan	-nan
0.1	0.9	0.67	-nan	-nan	-nan
0.1	0.9	0.68	-nan	-nan	-nan
0.1	0.9	0.69	-nan	-nan	-nan
0.1	0.9	0.7	-nan	-nan	-nan
0.1	0.9	0.71	-nan	-nan	-nan
0.1	0.9	0.72	-nan	-nan	-nan
0.1	0.9	0.73	-nan	-nan	-nan
0.1	0.9	0.74	-nan	-nan	-nan
0.1	0.9	0.75	-nan	-nan	-nan
0.1	0.9	0.76	-nan	-nan	-nan
0.1	0.9	0.77	-nan	-nan	-nan
0.1	0.9	0.78	-nan	-nan	-nan
0.1	0.9	0.79	-nan	-nan	-nan
0.1	0.9	0.8	-nan	-nan	-nan
0.1	0.9	0.81	-nan	-nan	-nan
0.1	0.9	0.82	-nan	-nan	-nan
0.1	0.9	0.83	-nan	-nan	-nan
0.1	0.9	0.84	-nan	-nan	-nan
0.1	0.9	0.85	-nan	-nan	-nan
0.1	0.9	0.86	-nan	-nan	-nan
0.1	0.9	0.87	-nan	-nan	-nan
0.1	0.9	0.88	-nan	-nan	-nan
0.1	0.9	0.89	-nan	-nan	-nan
0.1	0.9	0.9	-nan	-nan	-nan
0.1	0.9	0.91	-nan	-nan	-nan
0.1	0.9	0.92	-nan	-nan	-nan
0.1	0.9	0.93	-nan	-nan	-nan
0.1	0.9	0.94	-nan	-nan	-nan
0.1	0.9	0.95	-nan	-nan	-nan
0.1	0.9	0.96	-nan	-nan	-nan
0.1	0.9	0.97	-nan	-nan	-nan
0.1	0.9	0.98	-nan	-nan	-nan
0.1	0.9	0.99	-nan	-nan	-nan
0.1	0.9	1	-nan	3.23942e-06	-nan
