# Filename: 2Dvpt_K0cFind2_Plot_Op3363_K-2.546_y-0.125_step1000000.dat
# Source: 2Dvpt_K0cFind2_Plot.c
# Source version: 1 (2012 Jun 29 - ...)
# Constant values: PI= 3.141592653589793116, PISQ=9.8696044010893579923, PICU=31.0062766802998162063
# Parameter values: OpA=3, OpAa=3, OpB=6, OpC=3, B=124.025106721199264825, THETA=0.6, N=2, initialdl=1e-05, trajectorydl=0.0001, initialds=1e-05, trajectorydsMax=1e-05, uncertainty=1e-13, dataskipdl=100, dataskipds=999
# Option-dependent values: K=-2.54647908947032552973, y=               -0.125, Kstar=                  -10, ystar=                  -10, c=                    0, Z=                    0, lambda=                    0, initialKdir=0, flowdir=1, Max_steps=1000000
# Initialized values: Deltas=0, Deltal=0, count_steps=0, count_passes=0, K0c=0, oldK0c=-100
# Input-file parameter: Cc=0
# step	K	y	path-length-l	path-length-s (in K-y-space)
0	-2.5464790894703255	           -0.125	0	0
1	-2.5464790894703255	           -0.125	2.07519e-317	0
2	-2.5464740762887939	-0.12500012466774435	4.98671e-08	5.01473e-06
3	-2.5464690631072808	-0.12500024933578274	9.97344e-08	1.00295e-05
4	-2.5464640499257865	-0.12500037400411521	1.49602e-07	1.50442e-05
5	-2.5464590367443107	-0.12500049867274171	1.99469e-07	2.00589e-05
6	-2.5464540235628537	-0.12500062334166229	2.49337e-07	2.50737e-05
7	-2.5464490103814157	-0.12500074801087691	2.99205e-07	3.00884e-05
8	-2.5464439971999964	-0.12500087268038559	3.49073e-07	3.51031e-05
9	-2.5464389840185957	-0.12500099735018833	3.98941e-07	4.01179e-05
10	-2.5464339708372137	-0.12500112202028513	4.48809e-07	4.51326e-05
999	-2.5414759436090963	-0.12512456492370802	4.98403e-05	0.0050047
1998	-2.5364678032916284	-0.12524954932544802	9.98774e-05	0.0100144
2997	-2.5314596817820143	-0.12537482989491683	0.000150062	0.0150241
3996	-2.5264515791633371	-0.12550040799845508	0.000200395	0.0200338
4995	-2.5214434955192129	-0.12562628501167938	0.000250878	0.0250434
5994	-2.5164354309338126	-0.12575246231956419	0.00030151	0.0300531
6993	-2.5114273854918481	-0.12587894131652666	0.000352293	0.0350627
7992	-2.5064193592786008	-0.12600572340651053	0.000403227	0.0400724
8991	-2.5014113523799071	-0.12613281000307219	0.000454314	0.045082
9990	-2.4964033648821773	-0.12626020252946604	0.000505553	0.0500916
10989	-2.4913953968724063	-0.12638790241873304	0.000556947	0.0551012
11988	-2.4863874484381294	-0.12651591111378824	0.000608495	0.0601108
12987	-2.4813795196675197	-0.12664423006751099	0.000660199	0.0651203
13986	-2.4763716106493243	-0.12677286074283495	0.000712059	0.0701299
14985	-2.4713637214728919	-0.12690180461283951	0.000764076	0.0751394
15984	-2.4663558522281801	-0.12703106316084192	0.000816251	0.080149
16983	-2.4613480030057557	-0.12716063788049112	0.000868584	0.0851585
17982	-2.4563401738968103	-0.12729053027586262	0.000921078	0.090168
18981	-2.4513323649931662	-0.12742074186155375	0.000973731	0.0951775
19980	-2.4463245763872785	-0.12755127416277964	0.00102655	0.100187
20979	-2.4413168081722292	-0.1276821287154723	0.00107952	0.105196
21978	-2.4363090604417708	-0.12781330706637789	0.00113266	0.110206
22977	-2.4313013332903037	-0.12794481077315875	0.00118597	0.115215
23976	-2.4262936268128734	-0.12807664140449249	0.00123944	0.120225
24975	-2.4212859411052121	-0.12820880054017636	0.00129307	0.125234
25974	-2.4162782762637449	-0.12834128977122986	0.00134687	0.130244
26973	-2.4112706323855475	-0.12847411069999823	0.00140084	0.135253
27972	-2.4062630095684128	-0.12860726494025923	0.00145498	0.140262
28971	-2.4012554079108299	-0.12874075411733135	0.00150928	0.145272
29970	-2.3962478275119876	-0.12887457986818038	0.00156376	0.150281
30969	-2.3912402684717953	-0.12900874384153038	0.00161841	0.155291
31968	-2.3862327308908884	-0.12914324769797503	0.00167323	0.1603
32967	-2.3812252148706383	-0.12927809311008645	0.00172822	0.165309
33966	-2.3762177205131412	-0.12941328176253256	0.00178338	0.170319
34965	-2.3712102479212733	-0.12954881535218968	0.00183873	0.175328
35964	-2.3662027971986479	-0.12968469558825993	0.00189424	0.180337
36963	-2.3611953684496343	-0.12982092419238786	0.00194994	0.185346
37962	-2.3561879617793973	-0.1299575028987805	0.00200581	0.190356
38961	-2.3511805772938819	-0.13009443345432492	0.00206186	0.195365
39960	-2.3461732150998271	-0.13023171761871405	0.00211809	0.200374
40959	-2.3411658753047657	-0.13036935716456655	0.0021745	0.205383
41958	-2.3361585580170656	-0.13050735387755197	0.00223109	0.210393
42957	-2.3311512633458666	-0.13064570955651864	0.00228786	0.215402
43956	-2.3261439914011937	-0.13078442601362011	0.00234482	0.220411
44955	-2.3211367422938842	-0.13092350507444334	0.00240197	0.22542
45954	-2.3161295161356446	-0.13106294857814171	0.00245929	0.230429
46953	-2.3111223130390171	-0.13120275837756529	0.00251681	0.235439
47952	-2.3061151331174274	-0.13134293633939478	0.00257451	0.240448
48951	-2.3011079764851901	-0.1314834843442782	0.00263241	0.245457
49950	-2.296100843257511	-0.13162440428696764	0.00269049	0.250466
50949	-2.2910937335504724	-0.13176569807645688	0.00274876	0.255475
51948	-2.286086647481103	-0.13190736763612346	0.00280723	0.260484
52947	-2.2810795851673351	-0.13204941490387065	0.00286589	0.265493
53946	-2.2760725467280576	-0.13219184183226995	0.00292474	0.270502
54945	-2.2710655322830693	-0.13233465038870795	0.00298379	0.275511
55944	-2.2660585419531567	-0.13247784255553388	0.00304304	0.28052
56943	-2.2610515758600682	-0.1326214203302076	0.00310248	0.285529
57942	-2.2560446341265354	-0.13276538572545235	0.00316212	0.290538
58941	-2.2510377168762714	-0.13290974076940712	0.00322197	0.295547
59940	-2.2460308242340083	-0.13305448750578	0.00328201	0.300556
60939	-2.2410239563254883	-0.13319962799400825	0.00334226	0.305565
61938	-2.2360171132774895	-0.13334516430941401	0.00340271	0.310574
62937	-2.2310102952178283	-0.13349109854336577	0.00346336	0.315583
63936	-2.2260035022753755	-0.13363743280344215	0.00352422	0.320592
64935	-2.2209967345800794	-0.13378416921359548	0.00358529	0.325601
65934	-2.21598999226295	-0.13393130991431929	0.00364656	0.33061
66933	-2.2109832754561127	-0.13407885706281672	0.00370805	0.335619
67932	-2.205976584292793	-0.13422681283317187	0.00376974	0.340628
68931	-2.2009699189073477	-0.13437517941652222	0.00383165	0.345637
69930	-2.1959632794352602	-0.13452395902123634	0.00389377	0.350646
70929	-2.190956666013165	-0.13467315387308867	0.00395611	0.355654
71928	-2.185950078778883	-0.13482276621544112	0.00401866	0.360663
72927	-2.1809435178713921	-0.13497279830942532	0.00408143	0.365672
73926	-2.1759369834308631	-0.13512325243412454	0.00414441	0.370681
74925	-2.1709304755987064	-0.13527413088676377	0.00420762	0.37569
75924	-2.1659239945175361	-0.13542543598289866	0.00427105	0.380698
76923	-2.1609175403312073	-0.13557717005660502	0.0043347	0.385707
77922	-2.155911113184843	-0.13572933546067498	0.00439857	0.390716
78921	-2.1509047132248411	-0.13588193456681269	0.00446267	0.395725
79920	-2.1458983405988841	-0.13603496976583432	0.00452699	0.400733
80919	-2.140891995455962	-0.13618844346786813	0.00459154	0.405742
81918	-2.1358856779463973	-0.13634235810256182	0.00465633	0.410751
82917	-2.1308793882218362	-0.13649671611928638	0.00472134	0.415759
83916	-2.1258731264353101	-0.13665151998734851	0.00478658	0.420768
84915	-2.120866892741212	-0.13680677219620266	0.00485206	0.425777
85914	-2.1158606872953367	-0.13696247525566571	0.00491777	0.430785
86913	-2.1108545102548741	-0.13711863169613533	0.00498372	0.435794
87912	-2.1058483617784747	-0.1372752440688097	0.0050499	0.440802
88911	-2.1008422420262183	-0.13743231494591543	0.00511633	0.445811
89910	-2.0958361511596584	-0.1375898469209319	0.005183	0.45082
90909	-2.0908300893418597	-0.13774784260881989	0.0052499	0.455828
91908	-2.0858240567373802	-0.13790630464625772	0.00531705	0.460837
92907	-2.0808180535122953	-0.13806523569187601	0.00538445	0.465845
93906	-2.0758120798342592	-0.1382246384264971	0.00545209	0.470854
94905	-2.0708061358724725	-0.13838451555337758	0.00551998	0.475862
95904	-2.0658002217977485	-0.13854486979845426	0.00558812	0.480871
96903	-2.0607943377825033	-0.138705703910593	0.00565652	0.485879
97902	-2.055788484000808	-0.13886702066184228	0.00572516	0.490888
98901	-2.0507826606283701	-0.1390288228476883	0.00579406	0.495896
99900	-2.045776867842596	-0.13919111328731573	0.00586322	0.500904
100899	-2.0407711058225901	-0.13935389482386834	0.00593263	0.505913
101898	-2.0357653747491828	-0.13951717032471725	0.0060023	0.510921
102897	-2.0307596748049539	-0.13968094268173226	0.00607224	0.51593
103896	-2.0257540061742709	-0.13984521481155263	0.00614243	0.520938
104895	-2.0207483690433077	-0.14000998965586883	0.00621289	0.525946
105894	-2.0157427636000453	-0.14017527018170103	0.00628362	0.530955
106893	-2.0107371900343272	-0.14034105938168576	0.00635461	0.535963
107892	-2.0057316485378798	-0.14050736027436583	0.00642588	0.540971
108891	-2.0007261393043256	-0.14067417590448208	0.00649741	0.54598
109890	-1.9957206625292196	-0.14084150934327397	0.00656922	0.550988
110889	-1.9907152184100838	-0.14100936368877831	0.00664131	0.555996
111888	-1.9857098071464174	-0.14117774206613778	0.00671367	0.561004
112887	-1.9807044289397377	-0.14134664762790863	0.0067863	0.566013
113886	-1.9756990839936088	-0.14151608355437814	0.00685922	0.571021
114885	-1.9706937725136666	-0.14168605305388174	0.00693242	0.576029
115884	-1.9656884947076478	-0.14185655936312813	0.00700591	0.581037
116883	-1.9606832507854168	-0.14202760574752571	0.00707968	0.586045
117882	-1.9556780409590127	-0.14219919550151802	0.00715374	0.591054
118881	-1.9506728654426637	-0.14237133194891813	0.00722808	0.596062
119880	-1.9456677244528271	-0.14254401844325509	0.00730272	0.60107
120879	-1.9406626182082161	-0.14271725836811788	0.00737766	0.606078
121878	-1.93565754692984	-0.14289105513751088	0.00745289	0.611086
122877	-1.9306525108410391	-0.14306541219620869	0.00752841	0.616094
123876	-1.9256475101675024	-0.14324033302012001	0.00760424	0.621102
124875	-1.9206425451373259	-0.14341582111665699	0.00768036	0.62611
125874	-1.9156376159810324	-0.14359188002510584	0.00775679	0.631118
126873	-1.9106327229316049	-0.14376851331700893	0.00783353	0.636126
127872	-1.9056278662245409	-0.14394572459654628	0.00791057	0.641134
128871	-1.9006230460978797	-0.14412351750092717	0.00798793	0.646142
129870	-1.8956182627922256	-0.14430189570078475	0.00806559	0.65115
130869	-1.8906135165508158	-0.14448086290057865	0.00814357	0.656158
131868	-1.8856088076195383	-0.14466042283900199	0.00822186	0.661166
132867	-1.8806041362469823	-0.14484057928939492	0.00830048	0.666174
133866	-1.8755995026844778	-0.14502133606016468	0.00837941	0.671182
134865	-1.8705949071861214	-0.14520269699521116	0.00845867	0.67619
135864	-1.865590350008848	-0.14538466597436009	0.00853825	0.681198
136863	-1.8605858314124617	-0.14556724691379971	0.00861816	0.686205
137862	-1.8555813516596595	-0.14575044376652896	0.0086984	0.691213
138861	-1.8505769110161006	-0.14593426052280803	0.00877897	0.696221
139860	-1.8455725097504541	-0.1461187012106169	0.00885987	0.701229
140859	-1.84056814813443	-0.14630376989612234	0.00894111	0.706237
141858	-1.8355638264428342	-0.14648947068415122	0.00902269	0.711244
142857	-1.8305595449536167	-0.14667580771866853	0.00910461	0.716252
143856	-1.8255553039479189	-0.14686278518326906	0.00918688	0.72126
144855	-1.8205511037101247	-0.14705040730166716	0.00926949	0.726268
145854	-1.8155469445279122	-0.14723867833820325	0.00935245	0.731275
146853	-1.8105428266923083	-0.14742760259835302	0.00943576	0.736283
147852	-1.8055387504977327	-0.14761718442924593	0.00951943	0.741291
148851	-1.8005347162420646	-0.14780742822019102	0.00960345	0.746298
149850	-1.7955307242266878	-0.14799833840321108	0.00968783	0.751306
150849	-1.7905267747565565	-0.14818991945358784	0.00977257	0.756314
151848	-1.7855228681402378	-0.14838217589040992	0.00985767	0.761321
152847	-1.7805190046899866	-0.1485751122771358	0.00994314	0.766329
153846	-1.7755151847217974	-0.1487687332221608	0.010029	0.771336
154845	-1.7705114085554627	-0.14896304337939423	0.0101152	0.776344
155844	-1.7655076765146347	-0.14915804744884861	0.0102018	0.781351
156843	-1.7605039889268956	-0.14935375017723371	0.0102887	0.786359
157842	-1.7555003461238168	-0.149550156358564	0.0103761	0.791366
158841	-1.7504967484410279	-0.14974727083477188	0.0104638	0.796374
159840	-1.745493196218276	-0.14994509849633542	0.0105519	0.801381
160839	-1.740489689799501	-0.15014364428291116	0.0106404	0.806389
161838	-1.7354862295329077	-0.1503429131839806	0.0107293	0.811396
162837	-1.7304828157710181	-0.1505429102395057	0.0108186	0.816404
163836	-1.7254794488707754	-0.15074364054059594	0.0109083	0.821411
164835	-1.7204761291935895	-0.15094510923018531	0.0109984	0.826418
165834	-1.7154728571054236	-0.15114732150371979	0.0110889	0.831426
166833	-1.7104696329768816	-0.15135028260985869	0.0111798	0.836433
167832	-1.7054664571832603	-0.15155399785118448	0.0112711	0.84144
168831	-1.7004633301046532	-0.15175847258492356	0.0113628	0.846448
169830	-1.6954602521260307	-0.15196371222368527	0.0114549	0.851455
170829	-1.6904572236373012	-0.15216972223620484	0.0115475	0.856462
171828	-1.6854542450334162	-0.15237650814810327	0.0116405	0.861469
172827	-1.6804513167144595	-0.15258407554266057	0.0117339	0.866477
173826	-1.6754484390857234	-0.1527924300615984	0.0118277	0.871484
174825	-1.6704456125578089	-0.15300157740587819	0.011922	0.876491
175824	-1.6654428375467072	-0.15321152333651358	0.0120167	0.881498
176823	-1.6604401144738961	-0.15342227367539368	0.0121118	0.886505
177822	-1.6554374437664519	-0.15363383430612157	0.0122074	0.891513
178821	-1.6504348258571306	-0.15384621117486785	0.0123034	0.89652
179820	-1.6454322611844772	-0.15405941029123757	0.0123999	0.901527
180819	-1.6404297501929213	-0.15427343772915275	0.0124968	0.906534
181818	-1.6354272933328784	-0.15448829962774885	0.0125942	0.911541
182817	-1.6304248910608776	-0.15470400219228742	0.012692	0.916548
183816	-1.6254225438396512	-0.15492055169508437	0.0127904	0.921555
184815	-1.620420252138244	-0.15513795447645398	0.0128891	0.926562
185814	-1.6154180164321421	-0.15535621694566942	0.0129884	0.931569
186813	-1.610415837203377	-0.15557534558194069	0.0130881	0.936576
187812	-1.6054137149406551	-0.15579534693540703	0.0131883	0.941583
188811	-1.6004116501394625	-0.15601622762815029	0.013289	0.94659
189810	-1.5954096433022136	-0.15623799435522223	0.0133902	0.951597
190809	-1.5904076949383528	-0.15646065388569441	0.0134918	0.956604
191808	-1.5854058055645053	-0.15668421306372068	0.013594	0.961611
192807	-1.580403975704584	-0.15690867880962589	0.0136966	0.966618
193806	-1.5754022058899451	-0.15713405812100426	0.0137998	0.971624
194805	-1.5704004966595364	-0.15736035807384843	0.0139034	0.976631
195804	-1.5653988485600032	-0.15758758582368859	0.0140076	0.981638
196803	-1.5603972621458628	-0.15781574860675912	0.0141123	0.986645
197802	-1.5553957379796461	-0.15804485374118263	0.0142175	0.991652
198801	-1.5503942766320327	-0.15827490862817523	0.0143232	0.996658
199800	-1.5453928786820301	-0.15850592075327644	0.0144295	1.00167
200799	-1.5403915447171073	-0.15873789768759755	0.0145363	1.00667
201798	-1.5353902753333819	-0.15897084708909587	0.0146436	1.01168
202797	-1.5303890711357622	-0.15920477670387104	0.0147515	1.01669
203796	-1.5253879327381235	-0.15943969436748376	0.0148599	1.02169
204795	-1.5203868607634907	-0.15967560800630112	0.0149689	1.0267
205794	-1.5153858558442077	-0.15991252563886557	0.0150784	1.0317
206793	-1.5103849186221154	-0.16015045537728825	0.0151885	1.03671
207792	-1.5053840497487279	-0.16038940542867131	0.0152991	1.04172
208791	-1.5003832498854544	-0.160629384096552	0.0154104	1.04672
209790	-1.4953825197037609	-0.16087039978237813	0.0155222	1.05173
210789	-1.4903818598853746	-0.1611124609870076	0.0156345	1.05674
211788	-1.485381271122501	-0.16135557631224007	0.0157475	1.06174
212787	-1.4803807541180272	-0.16159975446237318	0.015861	1.06675
213786	-1.4753803095857154	-0.16184500424579165	0.0159752	1.07176
214785	-1.4703799382504485	-0.16209133457658487	0.0160899	1.07676
215784	-1.4653796408484308	-0.16233875447619567	0.0162053	1.08177
216783	-1.460379418127425	-0.16258727307509979	0.0163212	1.08678
217782	-1.455379270846995	-0.16283689961451986	0.0164378	1.09178
218781	-1.4503791997787323	-0.16308764344817026	0.016555	1.09679
219780	-1.4453792057065011	-0.16333951404403596	0.0166728	1.1018
220779	-1.4403792894267009	-0.16359252098618587	0.0167913	1.1068
221778	-1.435379451748511	-0.16384667397662306	0.0169104	1.11181
222777	-1.4303796934941628	-0.16410198283716931	0.0170301	1.11681
223776	-1.4253800154992067	-0.16435845751138631	0.0171505	1.12182
224775	-1.4203804186127869	-0.16461610806653487	0.0172716	1.12683
225774	-1.4153809036979257	-0.16487494469557493	0.0173933	1.13183
226773	-1.4103814716318155	-0.16513497771920319	0.0175157	1.13684
227772	-1.4053821233061174	-0.16539621758792986	0.0176387	1.14185
228771	-1.4003828596272643	-0.16565867488419886	0.0177624	1.14685
229770	-1.3953836815167748	-0.1659223603245509	0.0178869	1.15186
230769	-1.3903845899115721	-0.16618728476182687	0.018012	1.15686
231768	-1.3853855857643127	-0.16645345918742072	0.0181378	1.16187
232767	-1.3803866700437302	-0.1667208947335718	0.0182643	1.16688
233766	-1.3753878437349722	-0.16698960267570884	0.0183915	1.17188
234765	-1.3703891078399513	-0.16725959443483748	0.0185195	1.17689
235764	-1.365390463377725	-0.16753088157997903	0.0186482	1.18189
236763	-1.3603919113848513	-0.16780347583066002	0.0187776	1.1869
237762	-1.3553934529157921	-0.16807738905944991	0.0189077	1.19191
238761	-1.350395089043283	-0.16835263329455338	0.0190386	1.19691
239760	-1.3453968208587415	-0.1686292207224567	0.0191703	1.20192
240759	-1.3403986494726965	-0.16890716369062792	0.0193027	1.20692
241758	-1.3354005760152019	-0.16918647471027057	0.0194359	1.21193
242757	-1.3304026016362533	-0.16946716645914361	0.0195698	1.21694
243756	-1.3254047275062724	-0.16974925178443023	0.0197046	1.22194
244755	-1.3204069548165311	-0.1700327437056757	0.0198401	1.22695
245754	-1.3154092847796448	-0.17031765541778079	0.0199764	1.23195
246753	-1.3104117186300492	-0.17060400029406378	0.0201136	1.23696
247752	-1.3054142576244954	-0.17089179188938589	0.0202515	1.24196
248751	-1.3004169030425616	-0.17118104394334185	0.0203903	1.24697
249750	-1.2954196561871596	-0.1714717703835224	0.0205299	1.25198
250749	-1.2904225183851128	-0.17176398532884507	0.0206703	1.25698
251748	-1.2854254909876763	-0.17205770309295668	0.0208116	1.26199
252747	-1.2804285753711058	-0.17235293818771091	0.0209538	1.26699
253746	-1.2754317729372606	-0.17264970532672091	0.0210968	1.272
254745	-1.2704350851141877	-0.17294801942899071	0.0212407	1.277
255744	-1.265438513356741	-0.17324789562262646	0.0213855	1.28201
256743	-1.260442059147213	-0.17354934924862653	0.0215311	1.28702
257742	-1.2554457239959946	-0.17385239586476051	0.0216777	1.29202
258741	-1.2504495094422345	-0.17415705124952952	0.0218251	1.29703
259740	-1.2454534170545339	-0.17446333140621859	0.0219735	1.30203
260739	-1.2404574484316524	-0.17477125256703685	0.0221229	1.30704
261738	-1.2354616052032357	-0.17508083119735396	0.0222731	1.31204
262737	-1.2304658890305595	-0.17539208400002898	0.0224243	1.31705
263736	-1.2254703016073147	-0.1757050279198398	0.0225765	1.32205
264735	-1.2204748446603901	-0.17601968014801123	0.0227296	1.32706
265734	-1.2154795199506776	-0.17633605812684786	0.0228837	1.33206
266733	-1.2104843292739278	-0.17665417955447291	0.0230388	1.33707
267732	-1.2054892744616077	-0.17697406238967495	0.0231949	1.34207
268731	-1.2004943573817877	-0.17729572485686981	0.023352	1.34708
269730	-1.1954995799400605	-0.17761918545117286	0.0235101	1.35208
270729	-1.1905049440804778	-0.17794446294359248	0.0236693	1.35709
271728	-1.1855104517865318	-0.17827157638634433	0.0238295	1.3621
272727	-1.1805161050821311	-0.1786005451182909	0.0239908	1.3671
273726	-1.1755219060326609	-0.17893138877050668	0.0241531	1.37211
274725	-1.1705278567460113	-0.17926412727197935	0.0243165	1.37711
275724	-1.1655339593736911	-0.17959878085544062	0.0244809	1.38212
276723	-1.160540216111946	-0.17993537006334126	0.0246465	1.38712
277722	-1.1555466292029153	-0.18027391575396706	0.0248132	1.39213
278721	-1.1505532009358261	-0.18061443910770156	0.0249811	1.39713
279720	-1.1455599336482281	-0.180956961633439	0.02515	1.40214
280719	-1.1405668297272666	-0.18130150517515542	0.0253201	1.40714
281718	-1.1355738916109748	-0.18164809191863726	0.0254914	1.41215
282717	-1.1305811217896435	-0.18199674439837457	0.0256639	1.41715
283716	-1.1255885228071996	-0.18234748550462351	0.0258375	1.42216
284715	-1.1205960972626501	-0.18270033849064396	0.0260123	1.42716
285714	-1.1156038478115566	-0.18305532698011423	0.0261884	1.43217
286713	-1.1106117771675537	-0.18341247497473168	0.0263657	1.43717
287712	-1.105619888103945	-0.18377180686199937	0.0265442	1.44218
288711	-1.1006281834553222	-0.18413334742321291	0.026724	1.44718
289710	-1.0956366661192292	-0.18449712184164219	0.0269051	1.45218
290709	-1.0906453390579196	-0.18486315571092501	0.0270875	1.45719
291708	-1.0856542053001335	-0.18523147504366957	0.0272711	1.46219
292707	-1.0806632679429431	-0.18560210628027779	0.0274561	1.4672
293706	-1.0756725301536596	-0.18597507629799251	0.0276424	1.4722
294705	-1.0706819951718056	-0.18635041242017925	0.0278301	1.47721
295704	-1.0656916663111593	-0.18672814242584507	0.0280192	1.48221
296703	-1.0607015469618561	-0.18710829455940417	0.0282096	1.48722
297702	-1.0557116405925426	-0.1874908975406985	0.0284014	1.49222
298701	-1.0507219507526491	-0.18787598057527818	0.0285947	1.49723
299700	-1.0457324810746906	-0.18826357336495009	0.0287893	1.50223
300699	-1.0407432352766841	-0.18865370611861051	0.0289855	1.50724
301698	-1.0357542171646237	-0.18904640956335447	0.0291831	1.51224
302697	-1.0307654306350427	-0.1894417149558891	0.0293822	1.51724
303696	-1.0257768796776749	-0.18983965409424322	0.0295828	1.52225
304695	-1.0207885683781952	-0.19024025932979693	0.0297849	1.52725
305694	-1.0158005009210684	-0.19064356357963125	0.0299885	1.53226
306693	-1.0108126815924929	-0.19104960033920934	0.0301938	1.53726
307692	-1.0058251147834185	-0.19145840369540859	0.0304006	1.54227
308691	-1.0008378049927318	-0.19187000833989645	0.030609	1.54727
309690	-0.99585075683049629	-0.19228444958288426	0.030819	1.55227
310689	-0.99086397502133061	-0.1927017633672482	0.0310307	1.55728
311688	-0.98587746440791357	-0.19312198628304658	0.0312441	1.56228
312687	-0.98089122995460365	-0.19354515558243759	0.0314591	1.56729
313686	-0.97590527675119065	-0.19397130919500896	0.0316758	1.57229
314685	-0.97091961001679072	-0.1944004857435418	0.0318943	1.5773
315684	-0.96593423510386833	-0.19483272456020895	0.0321146	1.5823
316683	-0.96094915750242449	-0.19526806570323701	0.0323366	1.5873
317682	-0.95596438284432117	-0.19570654997403633	0.0325604	1.59231
318681	-0.95097991690777839	-0.19614821893482001	0.032786	1.59731
319680	-0.94599576562202903	-0.19659311492672302	0.0330135	1.60232
320679	-0.94101193507215131	-0.19704128108844116	0.0332428	1.60732
321678	-0.93602843150408732	-0.19749276137541158	0.0334741	1.61232
322677	-0.93104526132983811	-0.19794760057954075	0.0337073	1.61733
323676	-0.9260624311328699	-0.198405844349512	0.0339424	1.62233
324675	-0.92107994767371548	-0.19886753921168057	0.0341795	1.62733
325674	-0.91609781789579592	-0.19933273259158396	0.0344186	1.63234
326673	-0.91111604893146281	-0.19980147283608568	0.0346597	1.63734
327672	-0.90613464810827549	-0.2002738092361683	0.0349029	1.64235
328671	-0.90115362295552293	-0.20074979205041046	0.0351482	1.64735
329670	-0.89617298121100453	-0.2012294725291581	0.0353956	1.65235
330669	-0.8911927308280635	-0.20171290293942229	0.0356452	1.65736
331668	-0.88621287998291132	-0.20220013659052508	0.0358969	1.66236
332667	-0.881233437082237	-0.20269122786051819	0.0361509	1.66736
333666	-0.87625441077112887	-0.20318623222340448	0.036407	1.67237
334665	-0.87127580994129894	-0.20368520627719039	0.0366655	1.67737
335664	-0.86629764373964835	-0.20418820777279195	0.0369263	1.68238
336663	-0.86131992157718107	-0.20469529564383271	0.0371894	1.68738
337662	-0.85634265313827473	-0.20520653003735806	0.0374548	1.69238
338661	-0.85136584839033913	-0.20572197234550552	0.0377227	1.69739
339660	-0.8463895175938656	-0.20624168523815298	0.037993	1.70239
340659	-0.84141367131289457	-0.20676573269659607	0.0382658	1.70739
341658	-0.83643832042592425	-0.20729418004827327	0.0385412	1.7124
342657	-0.83146347613726468	-0.20782709400259225	0.038819	1.7174
343656	-0.82648914998888579	-0.20836454268788565	0.0390995	1.7224
344655	-0.82151535387274444	-0.20890659568954167	0.0393826	1.72741
345654	-0.81654210004366079	-0.20945332408935063	0.0396684	1.73241
346653	-0.81156940113273179	-0.21000480050611187	0.0399569	1.73741
347652	-0.80659727016131677	-0.21056109913754834	0.0402481	1.74241
348651	-0.80162572055564218	-0.21112229580357209	0.0405421	1.74742
349650	-0.79665476616202846	-0.21168846799095181	0.040839	1.75242
350649	-0.79168442126279159	-0.21225969489943533	0.0411388	1.75742
351648	-0.78671470059283932	-0.21283605748937925	0.0414414	1.76243
352647	-0.78174561935700149	-0.21341763853093967	0.0417471	1.76743
353646	-0.77677719324812944	-0.2140045226548829	0.0420558	1.77243
354645	-0.77180943846600669	-0.21459679640507448	0.0423676	1.77744
355644	-0.76684237173711389	-0.21519454829270976	0.0426824	1.78244
356643	-0.76187601033527186	-0.21579786885235033	0.0430005	1.78744
357642	-0.75691037210323975	-0.21640685069983123	0.0433218	1.79244
358641	-0.75194547547528512	-0.21702158859211088	0.0436463	1.79745
359640	-0.7469813395008067	-0.21764217948913339	0.0439742	1.80245
360639	-0.7420179838690325	-0.2182687226177823	0.0443055	1.80745
361638	-0.7370554289348783	-0.21890131953799652	0.0446402	1.81246
362637	-0.73209369574600192	-0.21954007421113583	0.0449784	1.81746
363636	-0.72713280607113395	-0.22018509307067452	0.0453201	1.82246
364635	-0.72217278242975214	-0.220836485095317	0.0456655	1.82746
365634	-0.71721364812315169	-0.2214943618846158	0.0460145	1.83247
366633	-0.71225542726700763	-0.22215883773719061	0.0463673	1.83747
367632	-0.7072981448254968	-0.22283002973165009	0.0467239	1.84247
368631	-0.70234182664707034	-0.22350805781030714	0.0470844	1.84747
369630	-0.69738649950195652	-0.22419304486579719	0.0474488	1.85248
370629	-0.69243219112149745	-0.22488511683070717	0.0478172	1.85748
371628	-0.68747893023941598	-0.22558440277032452	0.0481897	1.86248
372627	-0.68252674663511426	-0.22629103497862496	0.0485663	1.86748
373626	-0.67757567117911666	-0.22700514907761135	0.0489472	1.87249
374625	-0.67262573588078667	-0.22772688412013772	0.0493323	1.87749
375624	-0.66767697393843006	-0.22845638269633614	0.0497219	1.88249
376623	-0.66272941979192113	-0.22919379104378185	0.0501159	1.88749
377622	-0.65778310917799687	-0.22993925916152966	0.0505144	1.89249
378621	-0.65283807918836256	-0.230692940928167	0.0509175	1.8975
379620	-0.64789436833076941	-0.2314549942240206	0.0513253	1.9025
380619	-0.64295201659324375	-0.23222558105766719	0.051738	1.9075
381618	-0.63801106551161901	-0.23300486769689943	0.0521555	1.9125
382617	-0.63307155824060068	-0.23379302480430569	0.0525779	1.9175
383616	-0.62813353962850937	-0.23459022757761416	0.0530055	1.92251
384615	-0.62319705629598354	-0.23539665589497763	0.0534381	1.92751
385614	-0.61826215671878848	-0.23621249446534964	0.0538761	1.93251
386613	-0.61332889131505341	-0.23703793298413295	0.0543194	1.93751
387612	-0.60839731253711871	-0.23787316629426652	0.0547681	1.94251
388611	-0.6034674749683151	-0.23871839455292632	0.0552225	1.94752
389610	-0.59853943542492494	-0.23957382340401384	0.0556825	1.95252
390609	-0.59361325306365931	-0.2404396641566128	0.0561482	1.95752
391608	-0.58868898949493742	-0.24131613396958818	0.0566199	1.96252
392607	-0.5837667089023425	-0.24220345604250318	0.0570976	1.96752
393606	-0.5788464781685918	-0.24310185981303628	0.0575814	1.97252
394605	-0.57392836700843186	-0.2440115811610602	0.0580715	1.97753
395604	-0.56901244810881468	-0.24493286261956645	0.058568	1.98253
396603	-0.56409879727684564	-0.24586595359258673	0.059071	1.98753
397602	-0.55918749359591646	-0.24681111058027189	0.0595806	1.99253
398601	-0.55427861959051805	-0.24776859741128351	0.060097	1.99753
399600	-0.54937226140024975	-0.24873868548262337	0.0606203	2.00253
400599	-0.54446850896354748	-0.24972165400704044	0.0611506	2.00753
401598	-0.5395674562117222	-0.25071779026810381	0.0616882	2.01254
402597	-0.53466920127389639	-0.25172738988304849	0.0622331	2.01754
403596	-0.52977384669349048	-0.25275075707343997	0.0627856	2.02254
404595	-0.52488149965688857	-0.25378820494372073	0.0633457	2.02754
405594	-0.51999227223506028	-0.25484005576760921	0.0639136	2.03254
406593	-0.51510628163879868	-0.25590664128235291	0.0644896	2.03754
407592	-0.51022365048843532	-0.25698830299075265	0.0650737	2.04254
408591	-0.50534450709880085	-0.25808539247081408	0.0656661	2.04754
409590	-0.50046898578030108	-0.25919827169287751	0.0662671	2.05254
410589	-0.49559722715702137	-0.26032731334396159	0.0668767	2.05755
411588	-0.49072937850279991	-0.26147290115901128	0.0674953	2.06255
412587	-0.48586559409622609	-0.26263543025864217	0.068123	2.06755
413586	-0.4810060355956039	-0.26381530749289062	0.0687599	2.07255
414585	-0.47615087243492676	-0.26501295179036222	0.0694063	2.07755
415584	-0.47130028224195336	-0.26622879451205617	0.0700624	2.08255
416583	-0.46645445127950708	-0.26746327980899814	0.0707284	2.08755
417582	-0.46161357491114302	-0.26871686498268327	0.0714046	2.09255
418581	-0.45677785809235838	-0.26999002084712109	0.0720911	2.09755
419580	-0.45194751588852333	-0.27128323209113114	0.0727882	2.10255
420579	-0.44712277402073125	-0.27259699763928746	0.0734961	2.10755
421578	-0.44230386944075822	-0.27393183100968421	0.0742151	2.11255
422577	-0.4374910509362922	-0.27528826066645123	0.0749453	2.11755
423576	-0.43268457976758246	-0.27666683036462414	0.0756872	2.12255
424575	-0.4278847303365963	-0.27806809948468081	0.0764408	2.12755
425574	-0.423091790889705	-0.27949264335369872	0.0772065	2.13255
426573	-0.41830606425481631	-0.28094105354968152	0.0779846	2.13755
427572	-0.41352786861375912	-0.28241393818521965	0.0787753	2.14255
428571	-0.40875753831054734	-0.28391192216614464	0.0795789	2.14755
429570	-0.40399542469597644	-0.28543564742038369	0.0803956	2.15255
430569	-0.39924189700871837	-0.28698577309163587	0.0812259	2.15755
431568	-0.39449734329284203	-0.28856297569196276	0.0820699	2.16255
432567	-0.38976217135126501	-0.2901679492067149	0.082928	2.16755
433566	-0.38503680973426707	-0.29180140514461228	0.0838005	2.17255
434565	-0.38032170876166166	-0.29346407252504736	0.0846876	2.17755
435564	-0.37561734157667065	-0.29515669779400372	0.0855898	2.18255
436563	-0.37092420522881814	-0.2968800446591916	0.0865073	2.18755
437562	-0.36624282178243656	-0.29863489383425346	0.0874405	2.19255
438561	-0.36157373944641946	-0.30042204268110173	0.0883896	2.19755
439560	-0.35691753371989626	-0.3022423047386697	0.089355	2.20255
440559	-0.35227480854729926	-0.3040965091256132	0.090337	2.20755
441558	-0.34764619747504305	-0.30598549980376816	0.091336	2.21255
442557	-0.34303236480057886	-0.30791013468854328	0.0923523	2.21755
443556	-0.33843400670301615	-0.30987128459183561	0.0933862	2.22255
444555	-0.33385185234276943	-0.31186983198267093	0.0944381	2.22755
445554	-0.32928666491580966	-0.31390666955048169	0.0955082	2.23254
446553	-0.32473924264609411	-0.31598269855590533	0.0965969	2.23754
447552	-0.32021041969762237	-0.31809882695419994	0.0977045	2.24254
448551	-0.31570106698535078	-0.3202559672769168	0.0988313	2.24754
449550	-0.31121209286191021	-0.32245503425838185	0.0999777	2.25254
450549	-0.3067444436548078	-0.32469694219491291	0.101144	2.25754
451548	-0.30229910402651311	-0.32698260202653356	0.10233	2.26254
452547	-0.29787709712776272	-0.32931291813342983	0.103537	2.26753
453546	-0.29347948451244821	-0.3316887848424166	0.104764	2.27253
454545	-0.28910736578089813	-0.33411108264245493	0.106012	2.27753
455544	-0.28476187791715341	-0.33658067411272735	0.107281	2.28253
456543	-0.28044419428525497	-0.33909839957197341	0.108571	2.28753
457542	-0.27615552324961329	-0.34166507246376504	0.109883	2.29253
458541	-0.27189710638551057	-0.34428147449904667	0.111216	2.29752
459540	-0.26767021624768245	-0.34694835058457468	0.112571	2.30252
460539	-0.26347615366806754	-0.34966640357374346	0.113948	2.30752
461538	-0.2593162445581188	-0.35243628888450007	0.115346	2.31252
462537	-0.25519183619687491	-0.3552586090374486	0.116767	2.31752
463536	-0.25110429299312664	-0.35813390817557011	0.118208	2.32251
464535	-0.24705499171870532	-0.36106266663493636	0.119672	2.32751
465534	-0.24304531621994918	-0.36404529564296939	0.121157	2.33251
466533	-0.23907665162576347	-0.36708213222698233	0.122664	2.33751
467532	-0.23515037808311393	-0.37017343442028311	0.124191	2.3425
468531	-0.23126786406399097	-0.37331937685591637	0.12574	2.3475
469530	-0.22743045930149725	-0.37652004683860629	0.127309	2.3525
470529	-0.22363948742624998	-0.37977544098340382	0.128898	2.35749
471528	-0.21989623838722686	-0.3830854625047625	0.130507	2.36249
472527	-0.21620196075297624	-0.38644991923203431	0.132135	2.36749
473526	-0.21255785399912103	-0.38986852241681486	0.133782	2.37248
474525	-0.20896506089576869	-0.39334088638426945	0.135448	2.37748
475524	-0.20542466011330027	-0.39686652906486375	0.137131	2.38248
476523	-0.20193765916659343	-0.40044487342524698	0.138831	2.38747
477522	-0.19850498781576778	-0.40407524979800041	0.140547	2.39247
478521	-0.19512749203594659	-0.40775689909025642	0.142279	2.39747
479520	-0.19180592865925664	-0.41148897683155228	0.144026	2.40246
480519	-0.18854096077969981	-0.41527055800248935	0.145787	2.40746
481518	-0.1853331539959594	-0.41910064256866592	0.147562	2.41245
482517	-0.18218297354924504	-0.42297816162944796	0.149348	2.41745
483516	-0.17909078239367024	-0.42690198407922025	0.151146	2.42245
484515	-0.17605684021611606	-0.4308709236700613	0.152955	2.42744
485514	-0.17308130340193412	-0.43488374635964439	0.154774	2.43244
486513	-0.17016422592292771	-0.43893917782666347	0.156602	2.43743
487512	-0.16730556110559205	-0.44303591103800488	0.158438	2.44243
488511	-0.16450516422118661	-0.44717261375706879	0.160281	2.44742
489510	-0.16176279582535694	-0.45134793589064642	0.162131	2.45242
490509	-0.1590781257640573	-0.45556051658197361	0.163986	2.45741
491508	-0.15645073775461799	-0.45980899096962075	0.165845	2.46241
492507	-0.15388013444596849	-0.46409199654499805	0.167709	2.46741
493506	-0.15136574286015575	-0.46840817905493043	0.169576	2.4724
494505	-0.14890692011816459	-0.47275619790947476	0.171445	2.4774
495504	-0.14650295935629329	-0.47713473106839766	0.173316	2.48239
496503	-0.1441530957445927	-0.4815424793921651	0.175187	2.48739
497502	-0.14033225803177804	-0.48899492116345428	0.178326	2.49576
498501	-0.13596472934791226	-0.49797915759245637	0.182066	2.50575
499500	-0.13179688184777369	-0.50705760244941123	0.185798	2.51574
500499	-0.12782078317291673	-0.51622151646535031	0.189517	2.52573
501498	-0.12402824891358169	-0.5254627919075181	0.193221	2.53572
502497	-0.12041097837468751	-0.53477396080299766	0.196905	2.54571
503496	-0.11696066951842563	-0.54414818618120608	0.200566	2.5557
504495	-0.1136691135031897	-0.55357924062557096	0.204203	2.56569
505494	-0.11052827013530794	-0.56306147590926903	0.207814	2.57568
506493	-0.10753032610072981	-0.57258978688242546	0.211396	2.58566
507492	-0.10466773811706027	-0.58215957215956327	0.214947	2.59565
508491	-0.10193326321309705	-0.59176669357914347	0.218468	2.60564
509490	-0.099319978267641607	-0.60140743589995882	0.221957	2.61563
510489	-0.096821290775025257	-0.61107846777388364	0.225413	2.62562
511488	-0.094430942592476086	-0.62077680469084051	0.228835	2.63561
512487	-0.09214300819373536	-0.63049977432352011	0.232224	2.6456
513486	-0.089951888724188689	-0.64024498449626421	0.235579	2.65559
514485	-0.087852302937665619	-0.6500102938536535	0.238899	2.66557
515484	-0.085839275900832193	-0.65979378519929832	0.242186	2.67556
516483	-0.083908126180741338	-0.66959374140420858	0.245438	2.68555
517482	-0.082054452084994553	-0.6794086237390945	0.248657	2.69554
518481	-0.080274117400913086	-0.68923705245917377	0.251841	2.70553
519480	-0.078563236978037979	-0.69907778945821231	0.254992	2.71552
520479	-0.076918162414700134	-0.70892972280645139	0.25811	2.7255
521478	-0.075335468041788312	-0.71879185299160697	0.261195	2.73549
522477	-0.073811937342713851	-0.72866328069095798	0.264248	2.74548
523476	-0.072344549905720867	-0.73854319591384299	0.267268	2.75547
524475	-0.07093046897111574	-0.74843086836649309	0.270256	2.76546
525474	-0.069567029609995848	-0.75832563890417193	0.273214	2.77545
526473	-0.068251727551178046	-0.76822691194850545	0.27614	2.78543
527472	-0.06698220865806187	-0.77813414876022824	0.279036	2.79542
528471	-0.06575625904609296	-0.78804686146915492	0.281902	2.80541
529470	-0.064571795823511649	-0.79796460777395828	0.284738	2.8154
530469	-0.063426858432496305	-0.80788698623408128	0.287545	2.82539
531468	-0.062319600564111066	-0.81781363208501234	0.290324	2.83538
532467	-0.061248282618210255	-0.82774421351608263	0.293074	2.84536
533466	-0.060211264678282486	-0.83767842835710093	0.295797	2.85535
534465	-0.059206999970884064	-0.8476160011264362	0.298493	2.86534
535464	-0.058234028779574197	-0.8575566803988125	0.301162	2.87533
536463	-0.057290972783971363	-0.8675002364560177	0.303804	2.88532
537462	-0.056376529795570389	-0.87744645918813058	0.30642	2.8953
538461	-0.055489468863175559	-0.88739515621670728	0.309011	2.90529
539460	-0.054628625722166264	-0.89734615121479255	0.311577	2.91528
540459	-0.053792898563227526	-0.90729928240160629	0.314119	2.92527
541458	-0.052981244097632642	-0.91725440119235013	0.316636	2.93526
542457	-0.052192673897609031	-0.92721137098591266	0.319129	2.94524
543456	-0.051426250991729129	-0.93717006607527964	0.321599	2.95523
544455	-0.050681086696640003	-0.94713037066719219	0.324045	2.96522
545454	-0.049956337667754612	-0.95709217799923108	0.32647	2.97521
546453	-0.049251203152772816	-0.96705538954379533	0.328871	2.9852
547452	-0.048564922433075919	-0.97701991428970203	0.331251	2.99519
548451	-0.047896772439146404	-0.98698566809317101	0.33361	3.00517
549450	-0.04724606552719976	-0.99695257309094032	0.335947	3.01516
550449	-0.046612147405179979	-1.0069205571689654	0.338264	3.02515
551448	-0.04599439519717069	-1.0168895534810327	0.34056	3.03514
552447	-0.04539221563611015	-1.0268595000121297	0.342835	3.04513
553446	-0.044805043375467896	-1.0368303391820244	0.345091	3.05511
554445	-0.04423233941126082	-1.0468020174850377	0.347328	3.0651
555444	-0.043673589606446732	-1.0567744851623597	0.349545	3.07509
556443	-0.043128303310344063	-1.0667476959037283	0.351744	3.08508
557442	-0.042596012066287929	-1.0767216065755298	0.353923	3.09507
558441	-0.042076268401258499	-1.0866961769728285	0.356085	3.10505
559440	-0.041568644691687542	-1.0966713695929737	0.358228	3.11504
560439	-0.041072732100098173	-1.1066471494287213	0.360354	3.12503
561438	-0.04058813957763336	-1.1166234837790243	0.362463	3.13502
562437	-0.04011449292790472	-1.1266003420758806	0.364554	3.14501
563436	-0.039651433927939385	-1.136577695725653	0.366628	3.155
564435	-0.039198619502313369	-1.1465555179636335	0.368686	3.16498
565434	-0.038755720946860334	-1.1565337837205365	0.370727	3.17497
566433	-0.038322423198604849	-1.1665124694999263	0.372753	3.18496
567432	-0.037898424148824057	-1.1764915532655307	0.374762	3.19495
568431	-0.037483433996363072	-1.1864710143376205	0.376755	3.20494
569430	-0.037077174638544257	-1.1964508332975947	0.378734	3.21492
570429	-0.036679379097202792	-1.2064309919000902	0.380697	3.22491
571428	-0.036289790977556809	-1.2164114729919604	0.382645	3.2349
572427	-0.035908163957789625	-1.2263922604375099	0.384578	3.24489
573426	-0.035534261307368947	-1.2363733390494778	0.386497	3.25488
574425	-0.035167855432270606	-1.2463546945252584	0.388401	3.26486
575424	-0.034808727445403705	-1.2563363133879437	0.390291	3.27485
576423	-0.034456666760651192	-1.2663181829317671	0.392168	3.28484
577422	-0.034111470709054299	-1.2763002911715882	0.39403	3.29483
578421	-0.033772944175766519	-1.2862826267960945	0.39588	3.30482
579420	-0.033440899256501087	-1.2962651791244149	0.397715	3.3148
580419	-0.033115154932281225	-1.3062479380658776	0.399538	3.32479
581418	-0.03279553676138397	-1.3162308940826382	0.401348	3.33478
582417	-0.0324818765874424	-1.3262140381549679	0.403145	3.34477
583416	-0.03217401226274124	-1.3361973617490059	0.404929	3.35476
584415	-0.031871787385804991	-1.346180856786749	0.406701	3.36475
585414	-0.031575051052436381	-1.356164515618137	0.40846	3.37473
586413	-0.031283657619419272	-1.3661483309950451	0.410208	3.38472
587412	-0.030997466480150896	-1.3761322960470821	0.411943	3.39471
588411	-0.030716341851516667	-1.386116404258984	0.413667	3.4047
589410	-0.030440152571362681	-1.3961006494495696	0.415379	3.41469
590409	-0.030168771905965831	-1.4060850257520845	0.41708	3.42467
591408	-0.029902077366936401	-1.4160695275958273	0.418769	3.43466
592407	-0.029639950537025665	-1.4260541496890271	0.420447	3.44465
593406	-0.029382276904342444	-1.4360388870027891	0.422114	3.45464
594405	-0.029128945704515678	-1.4460237347561022	0.42377	3.46463
595404	-0.028879849770365253	-1.4560086884018206	0.425415	3.47461
596403	-0.02863488538867481	-1.4659937436135182	0.42705	3.4846
597402	-0.028393952163680108	-1.4759788962731826	0.428674	3.49459
598401	-0.028156952886913823	-1.4859641424596737	0.430288	3.50458
599400	-0.027923793413067711	-1.4959494784379355	0.431892	3.51457
600399	-0.027694382541552365	-1.5059349006488167	0.433486	3.52455
601398	-0.027468631903456046	-1.5159204056995697	0.435069	3.53454
602397	-0.027246455853620056	-1.5259059903549037	0.436643	3.54453
603396	-0.02702777136756469	-1.5358916515285921	0.438207	3.55452
604395	-0.026812497943016777	-1.5458773862755644	0.439761	3.56451
605394	-0.026600557505801987	-1.555863191784489	0.441306	3.57449
606393	-0.026391874319880902	-1.5658490653707919	0.442842	3.58448
607392	-0.026186374901318886	-1.5758350044700895	0.444368	3.59447
608391	-0.025983987935992676	-1.5858210066319856	0.445885	3.60446
609390	-0.025784644200847258	-1.5958070695142608	0.447393	3.61445
610389	-0.025588276488526962	-1.6057931908773662	0.448892	3.62443
611388	-0.025394819535214972	-1.6157793685792552	0.450383	3.63442
612387	-0.025204209951524465	-1.6257656005704848	0.451864	3.64441
613386	-0.025016386156292966	-1.6357518848896322	0.453337	3.6544
614385	-0.024831288313139292	-1.6457382196589241	0.454801	3.66439
615384	-0.024648858269651831	-1.6557246030801436	0.456257	3.67437
616383	-0.02446903949908151	-1.6657110334307434	0.457704	3.68436
617382	-0.024291777044421332	-1.6756975090601884	0.459144	3.69435
618381	-0.024117017464760457	-1.6856840283864847	0.460575	3.70434
619380	-0.023944708783805842	-1.695670589892903	0.461998	3.71433
620379	-0.023774800440471266	-1.7056571921248862	0.463413	3.72432
621378	-0.023607243241437852	-1.7156438336871043	0.46482	3.7343
622377	-0.02344198931559557	-1.7256305132406879	0.466219	3.74429
623376	-0.023278992070280408	-1.7356172295005814	0.467611	3.75428
624375	-0.023118206149225315	-1.7456039812330788	0.468995	3.76427
625374	-0.022959587392147748	-1.7555907672534379	0.470371	3.77426
626373	-0.022803092795900117	-1.7655775864236463	0.47174	3.78424
627372	-0.022648680477114935	-1.775564437650307	0.473102	3.79423
628371	-0.022496309636276694	-1.7855513198826178	0.474456	3.80422
629370	-0.022345940523158726	-1.7955382321104516	0.475803	3.81421
630369	-0.022197534403565231	-1.8055251733625655	0.477143	3.8242
631368	-0.022051053527321517	-1.8155121427048508	0.478475	3.83418
632367	-0.021906461097458751	-1.8254991392387163	0.479801	3.84417
633366	-0.021763721240541396	-1.8354861620995202	0.48112	3.85416
634365	-0.021622798978088817	-1.8454732104550924	0.482432	3.86415
635364	-0.021483660199045063	-1.8554602835043401	0.483737	3.87414
636363	-0.021346271633251472	-1.8654473804759004	0.485035	3.88412
637362	-0.021210600825880728	-1.8754345006268747	0.486327	3.89411
638361	-0.021076616112792084	-1.8854216432416089	0.487612	3.9041
639360	-0.02094428659676938	-1.8954088076305564	0.48889	3.91409
640359	-0.020813582124605517	-1.9053959931291622	0.490162	3.92408
641358	-0.020684473264998414	-1.9153831990968384	0.491428	3.93406
642357	-0.020556931287225629	-1.9253704249159498	0.492688	3.94405
643356	-0.020430928140565775	-1.9353576699908839	0.493941	3.95404
644355	-0.020306436434436755	-1.9453449337471254	0.495188	3.96403
645354	-0.020183429419221469	-1.9553322156304127	0.496428	3.97402
646353	-0.020061880967754634	-1.9653195151059033	0.497663	3.984
647352	-0.019941765557443127	-1.9753068316573958	0.498892	3.99399
648351	-0.019823058252996212	-1.9852941647865783	0.500114	4.00398
649350	-0.019705734689739983	-1.9952815140123108	0.501331	4.01397
650349	-0.019589771057495119	-2.00526887886994	0.502542	4.02396
651348	-0.019475144084994227	-2.0152562589106693	0.503747	4.03394
652347	-0.01936183102481925	-2.0252436537009055	0.504946	4.04393
653346	-0.019249809638838378	-2.0352310628216874	0.50614	4.05392
654345	-0.019139058184122995	-2.0452184858681015	0.507328	4.06391
655344	-0.019029555399327304	-2.0552059224487307	0.50851	4.0739
656343	-0.018921280491512087	-2.0651933721851745	0.509687	4.08388
657342	-0.018814213123396512	-2.0751808347115208	0.510859	4.09387
658341	-0.018708333401021904	-2.0851683096738576	0.512025	4.10386
659340	-0.018603621861811716	-2.0951557967298426	0.513185	4.11385
660339	-0.01850005946301355	-2.1051432955482818	0.51434	4.12384
661338	-0.018397627570508585	-2.1151308058086542	0.51549	4.13382
662337	-0.018296307947975193	-2.1251183272007661	0.516635	4.14381
663336	-0.018196082746393741	-2.1351058594243573	0.517775	4.1538
664335	-0.018096934493880439	-2.1450934021887109	0.518909	4.16379
665334	-0.017998846085837853	-2.1550809552123353	0.520038	4.17378
666333	-0.017901800775410946	-2.1650685182226028	0.521162	4.18376
667332	-0.017805782164237366	-2.1750560909554517	0.522282	4.19375
668331	-0.017710774193482545	-2.1850436731550493	0.523396	4.20374
669330	-0.017616761135148054	-2.1950312645734935	0.524505	4.21373
670329	-0.017523727583644445	-2.20501886497056	0.52561	4.22372
671328	-0.017431658447619302	-2.2150064741134168	0.526709	4.23371
672327	-0.017340538942030779	-2.2249940917763462	0.527804	4.24369
673326	-0.01725035458045979	-2.2349817177404998	0.528894	4.25368
674325	-0.017161091167650085	-2.2449693517936686	0.52998	4.26367
675324	-0.017072734792270759	-2.2549569937300289	0.53106	4.27366
676323	-0.016985271819892376	-2.2649446433499629	0.532136	4.28365
677322	-0.01689868888616896	-2.2749323004597919	0.533208	4.29363
678321	-0.016812972890220441	-2.2849199648715905	0.534275	4.30362
679320	-0.016728110988207062	-2.294907636403019	0.535337	4.31361
680319	-0.016644090587090363	-2.3048953148770868	0.536395	4.3236
681318	-0.016560899338574121	-2.3148830001220042	0.537449	4.33359
682317	-0.016478525133219089	-2.3248706919709763	0.538498	4.34357
683316	-0.016396956094726432	-2.3348583902620668	0.539543	4.35356
684315	-0.016316180574383474	-2.3448460948380307	0.540583	4.36355
685314	-0.016236187145666561	-2.3548338055461158	0.541619	4.37354
686313	-0.016156964598996491	-2.3648215222379716	0.542651	4.38353
687312	-0.016078501936641194	-2.3748092447694762	0.543678	4.39351
688311	-0.016000788367760126	-2.3847969730005767	0.544702	4.4035
689310	-0.015923813303587303	-2.3947847067952099	0.545721	4.41349
690309	-0.015847566352747287	-2.4047724460211031	0.546736	4.42348
691308	-0.015772037316700405	-2.4147601905497376	0.547747	4.43347
692307	-0.015697216185312939	-2.4247479402561387	0.548754	4.44345
693306	-0.015623093132548123	-2.4347356950188064	0.549757	4.45344
694305	-0.015549658512274899	-2.4447234547196146	0.550756	4.46343
695304	-0.01547690285418948	-2.4547112192436611	0.551751	4.47342
696303	-0.015404816859847325	-2.4646989884792143	0.552743	4.48341
697302	-0.015333391398801757	-2.4746867623175879	0.55373	4.49339
698301	-0.015262617504845222	-2.484674540653049	0.554713	4.50338
699300	-0.015192486372351181	-2.4946623233827006	0.555693	4.51337
700299	-0.015122989352712574	-2.5046501104064465	0.556668	4.52336
701298	-0.01505411795087439	-2.5146379016268581	0.55764	4.53335
702297	-0.014985863821957258	-2.5246256969491103	0.558608	4.54333
703296	-0.014918218767969588	-2.5346134962808988	0.559573	4.55332
704295	-0.014851174734605045	-2.5446012995323759	0.560533	4.56331
705294	-0.014784723808123309	-2.5545891066160502	0.561491	4.5733
706293	-0.01471885821231146	-2.5645769174467237	0.562444	4.58329
707292	-0.01465357030552328	-2.5745647319414289	0.563394	4.59327
708291	-0.014588852577794685	-2.5845525500193505	0.56434	4.60326
709290	-0.014524697648032556	-2.5945403716018101	0.565283	4.61325
710289	-0.014461098261275097	-2.6045281966121134	0.566222	4.62324
711288	-0.014398047286021464	-2.6145160249755603	0.567158	4.63323
712287	-0.01433553771162872	-2.6245038566193584	0.56809	4.64321
713286	-0.014273562645774018	-2.634491691472574	0.569019	4.6532
714285	-0.014212115311980335	-2.6444795294660648	0.569944	4.66319
715284	-0.01415118904720376	-2.6544673705324677	0.570866	4.67318
716283	-0.014090777299480573	-2.6644552146060909	0.571784	4.68317
717282	-0.014030873625632377	-2.674443061622894	0.572699	4.69315
718281	-0.013971471689027881	-2.6844309115204528	0.573611	4.70314
719280	-0.013912565257399163	-2.6944187642378856	0.57452	4.71313
720279	-0.013854148200711574	-2.7044066197158241	0.575425	4.72312
721278	-0.013796214489085192	-2.7143944778963682	0.576327	4.73311
722277	-0.013738758190766661	-2.7243823387230424	0.577226	4.74309
723276	-0.013681773470149827	-2.7343702021407577	0.578121	4.75308
724275	-0.013625254585844165	-2.7443580680957704	0.579014	4.76307
725274	-0.01356919588878913	-2.7543459365356378	0.579903	4.77306
726273	-0.013513591820413574	-2.7643338074092059	0.580789	4.78305
727272	-0.013458436910838988	-2.7743216806665401	0.581672	4.79303
728271	-0.013403725777124958	-2.7843095562589077	0.582552	4.80302
729270	-0.013349453121556144	-2.7942974341387581	0.583429	4.81301
730269	-0.01329561372996942	-2.8042853142596531	0.584302	4.823
731268	-0.013242202470120151	-2.8142731965762864	0.585173	4.83299
732267	-0.013189214290086385	-2.8242610810444004	0.586041	4.84297
733266	-0.013136644216710184	-2.8342489676207996	0.586905	4.85296
734265	-0.013084487354075124	-2.8442368562632949	0.587767	4.86295
735264	-0.013032738882018505	-2.8542247469306932	0.588626	4.87294
736263	-0.012981394054677903	-2.8642126395827492	0.589482	4.88293
737262	-0.012930448199071064	-2.8742005341801695	0.590335	4.89291
738261	-0.012879896713707742	-2.884188430684572	0.591185	4.9029
739260	-0.012829735067233502	-2.8941763290584492	0.592032	4.91289
740259	-0.012779958797103896	-2.9041642292651622	0.592876	4.92288
741258	-0.012730563508288453	-2.9141521312689225	0.593717	4.93287
742257	-0.012681544872004007	-2.9241400350347297	0.594556	4.94286
743256	-0.012632898624476018	-2.934127940528414	0.595392	4.95284
744255	-0.012584620565727801	-2.9441158477165632	0.596225	4.96283
745254	-0.012536706558396355	-2.9541037565665209	0.597055	4.97282
746253	-0.012489152526574562	-2.964091667046366	0.597883	4.98281
747252	-0.012441954454678829	-2.9740795791249086	0.598708	4.9928
748251	-0.012395108386341598	-2.9840674927716413	0.59953	5.00278
749250	-0.012348610423328047	-2.9940554079567341	0.600349	5.01277
750249	-0.012302456724476538	-3.004043324651029	0.601166	5.02276
751248	-0.012256643504661865	-3.0140312428260092	0.60198	5.03275
752247	-0.012211167033781068	-3.024019162453786	0.602792	5.04274
753246	-0.012166023635761299	-3.0340070835070887	0.603601	5.05272
754245	-0.012121209687588643	-3.0439950059592404	0.604407	5.06271
755244	-0.012076721618357971	-3.0539829297841461	0.605211	5.0727
756243	-0.012032555908343061	-3.0639708549562759	0.606012	5.08269
757242	-0.011988709088086486	-3.0739587814506648	0.60681	5.09268
758241	-0.011945177737508654	-3.0839467092428752	0.607606	5.10266
759240	-0.011901958485035957	-3.0939346383089976	0.6084	5.11265
760239	-0.011859048006746949	-3.1039225686256424	0.609191	5.12264
761238	-0.011816443025536716	-3.1139105001699163	0.609979	5.13263
762237	-0.011774140310298475	-3.1238984329194111	0.610765	5.14262
763236	-0.011732136675122446	-3.1338863668522006	0.611549	5.1526
764235	-0.011690428978511164	-3.1438743019468207	0.61233	5.16259
765234	-0.011649014122611118	-3.1538622381822576	0.613109	5.17258
766233	-0.011607889052460341	-3.1638501755379513	0.613885	5.18257
767232	-0.011567050755251258	-3.1738381139937526	0.614659	5.19256
768231	-0.01152649625960874	-3.1838260535299496	0.61543	5.20254
769230	-0.011486222634882959	-3.1938139941272383	0.6162	5.21253
770229	-0.011446226990456537	-3.2038019357667129	0.616966	5.22252
771228	-0.011406506475065734	-3.2137898784298624	0.617731	5.23251
772227	-0.011367058276135558	-3.2237778220985502	0.618493	5.2425
773226	-0.011327879619127922	-3.2337657667550226	0.619253	5.25248
774225	-0.0112889677669033	-3.2437537123818925	0.62001	5.26247
775224	-0.011250320019094769	-3.2537416589621144	0.620765	5.27246
776223	-0.011211933711494822	-3.2637296064789987	0.621518	5.28245
777222	-0.011173806215454281	-3.2737175549161952	0.622269	5.29244
778221	-0.011135934937293056	-3.2837055042576768	0.623018	5.30242
779220	-0.011098317317722687	-3.2936934544877792	0.623764	5.31241
780219	-0.011060950831280125	-3.3036814055910724	0.624508	5.3224
781218	-0.011023832985772744	-3.313669357552508	0.62525	5.33239
782217	-0.010986961321734134	-3.3236573103573086	0.625989	5.34238
783216	-0.010950333411890478	-3.3336452639910048	0.626727	5.35236
784215	-0.010913946860637423	-3.3436332184394066	0.627462	5.36235
785214	-0.01087779930352703	-3.3536211736886021	0.628195	5.37234
786213	-0.010841888406764623	-3.3636091297249648	0.628926	5.38233
787212	-0.010806211866715302	-3.3735970865351299	0.629655	5.39232
788211	-0.010770767409420056	-3.3835850441059949	0.630382	5.4023
789210	-0.010735552790120903	-3.3935730024247115	0.631106	5.41229
790209	-0.010700565792795451	-3.4035609614786924	0.631829	5.42228
791208	-0.010665804229699876	-3.4135489212555861	0.632549	5.43227
792207	-0.01063126594092091	-3.4235368817432832	0.633268	5.44226
793206	-0.010596948793936177	-3.433524842929903	0.633984	5.45224
794205	-0.010562850683182762	-3.4435128048038059	0.634698	5.46223
795204	-0.010528969529633975	-3.4535007673535718	0.635411	5.47222
796203	-0.010495303280384062	-3.463488730567994	0.636121	5.48221
797202	-0.010461849908240436	-3.4734766944360826	0.636829	5.4922
798201	-0.010428607411323844	-3.4834646589470615	0.637535	5.50218
799200	-0.010395573812675715	-3.4934526240903545	0.63824	5.51217
800199	-0.010362747159872843	-3.5034405898555918	0.638942	5.52216
801198	-0.010330125524649153	-3.5134285562325926	0.639642	5.53215
802197	-0.010297707002524545	-3.5234165232113703	0.640341	5.54214
803196	-0.010265489712440297	-3.533404490782122	0.641037	5.55212
804195	-0.010233471796401382	-3.5433924589352426	0.641732	5.56211
805194	-0.010201651419125188	-3.5533804276612986	0.642424	5.5721
806193	-0.010170026767696646	-3.5633683969510246	0.643115	5.58209
807192	-0.010138596051229531	-3.573356366795339	0.643804	5.59208
808191	-0.010107357500534014	-3.5833443371853138	0.644491	5.60206
809190	-0.010076309367790087	-3.5933323081122044	0.645176	5.61205
810189	-0.010045449926226968	-3.6033202795674169	0.645859	5.62204
811188	-0.010014777469808079	-3.6133082515425099	0.64654	5.63203
812187	-0.0099842903129218584	-3.6232962240292146	0.647219	5.64202
813186	-0.0099539867900778414	-3.6332841970193948	0.647897	5.652
814185	-0.0099238652556083787	-3.6432721705050706	0.648573	5.66199
815184	-0.0098939240833753467	-3.6532601444784105	0.649247	5.67198
816183	-0.0098641616664824957	-3.663248118931719	0.649919	5.68197
817182	-0.0098345764169922596	-3.6732360938574402	0.650589	5.69196
818181	-0.0098051667656478807	-3.6832240692481566	0.651258	5.70194
819180	-0.0097759311616005557	-3.6932120450965868	0.651925	5.71193
820179	-0.0097468680721409552	-3.7032000213955802	0.65259	5.72192
821178	-0.0097179759824356626	-3.7131879981381166	0.653253	5.73191
822177	-0.0096892533952681117	-3.7231759753172606	0.653914	5.7419
823176	-0.0096606988307839821	-3.7331639529262577	0.654574	5.75188
824175	-0.0096323108262410147	-3.743151930958446	0.655232	5.76187
825174	-0.0096040879357632281	-3.7531399094072904	0.655888	5.77186
826173	-0.0095760287300991169	-3.7631278882663617	0.656543	5.78185
827172	-0.0095481317963842308	-3.7731158675293495	0.657196	5.79184
828171	-0.0095203957379075225	-3.7831038471900524	0.657847	5.80182
829170	-0.0094928191738820698	-3.7930918272423795	0.658496	5.81181
830169	-0.0094654007392192922	-3.8030798076803434	0.659144	5.8218
831168	-0.0094381390843072573	-3.8130677884980608	0.65979	5.83179
832167	-0.0094110328747924934	-3.8230557696897534	0.660435	5.84178
833166	-0.0093840807913656357	-3.8330437512497424	0.661077	5.85176
834165	-0.0093572815295507455	-3.8430317331724453	0.661719	5.86175
835164	-0.0093306337994978426	-3.8530197154523775	0.662358	5.87174
836163	-0.0093041363257792744	-3.8630076980841506	0.662996	5.88173
837162	-0.0092777878471891322	-3.8729956810624606	0.663632	5.89172
838161	-0.0092515871165462574	-3.8829836643821065	0.664267	5.90171
839160	-0.0092255329005003755	-3.8929716480379675	0.6649	5.91169
840159	-0.0091996239793413967	-3.902959632025008	0.665531	5.92168
841158	-0.009173859146812003	-3.9129476163382853	0.666161	5.93167
842157	-0.0091482372099231674	-3.9229356009729335	0.66679	5.94166
843156	-0.0091227569887727261	-3.9329235859241756	0.667416	5.95165
844155	-0.0090974173163670159	-3.9429115711873086	0.668041	5.96163
845154	-0.0090722170384451607	-3.9528995567577159	0.668665	5.97162
846153	-0.0090471550133066347	-3.9628875426308525	0.669287	5.98161
847152	-0.0090222301116411243	-3.9728755288022515	0.669908	5.9916
848151	-0.0089974412163614983	-3.9828635152675149	0.670527	6.00159
849150	-0.008972787222439358	-3.9928515020223285	0.671144	6.01157
850149	-0.0089482670367431114	-4.0028394890624437	0.67176	6.02156
851148	-0.0089238795778789105	-4.0128274763836789	0.672374	6.03155
852147	-0.0088996237760337708	-4.0228154639819316	0.672987	6.04154
853146	-0.0088754985728215618	-4.0328034518531508	0.673599	6.05153
854145	-0.008851502921131205	-4.0427914399933744	0.674209	6.06151
855144	-0.0088276357849772936	-4.0527794283986873	0.674817	6.0715
856143	-0.0088038961393532202	-4.0627674170652437	0.675424	6.08149
857142	-0.0087802829700864941	-4.0727554059892626	0.676029	6.09148
858141	-0.008756795273696329	-4.0827433951670127	0.676633	6.10147
859140	-0.0087334320572535849	-4.0927313845948516	0.677236	6.11145
860139	-0.0087101923382427206	-4.1027193742691699	0.677837	6.12144
861138	-0.0086870751444261107	-4.1127073641864298	0.678437	6.13143
862137	-0.0086640795137102548	-4.1226953543431337	0.679035	6.14142
863136	-0.0086412044940142509	-4.1326833447358648	0.679632	6.15141
864135	-0.0086184491431402915	-4.1426713353612401	0.680227	6.16139
865134	-0.0085958125286459235	-4.152659326215943	0.680821	6.17138
866133	-0.008573293727718664	-4.1626473172967087	0.681414	6.18137
867132	-0.0085508918270521504	-4.1726353086003183	0.682005	6.19136
868131	-0.0085286059227244852	-4.1826233001236037	0.682595	6.20135
869130	-0.0085064351200783289	-4.1926112918634564	0.683183	6.21133
870129	-0.0084843785336028172	-4.2025992838168111	0.68377	6.22132
871128	-0.0084624352868172183	-4.2125872759806544	0.684356	6.23131
872127	-0.0084406045121564917	-4.2225752683520152	0.68494	6.2413
873126	-0.008418885350858496	-4.2325632609279724	0.685523	6.25129
874125	-0.0083972769528529289	-4.24255125370565	0.686105	6.26127
875124	-0.0083757784766518555	-4.2525392466822121	0.686685	6.27126
876123	-0.008354389089242022	-4.2625272398548795	0.687264	6.28125
877122	-0.0083331079659787685	-4.2725152332209095	0.687841	6.29124
878121	-0.0083119342904813317	-4.2825032267775951	0.688418	6.30123
879120	-0.0082908672545299305	-4.2924912205222849	0.688993	6.31121
880119	-0.0082699060579643855	-4.3024792144523563	0.689566	6.3212
881118	-0.0082490499085840167	-4.3124672085652316	0.690138	6.33119
882117	-0.0082282980220493018	-4.3224552028583769	0.690709	6.34118
883116	-0.0082076496217847218	-4.3324431973293107	0.691279	6.35117
884115	-0.008187103938883309	-4.3424311919755398	0.691847	6.36115
885114	-0.0081666602120124641	-4.3524191867946609	0.692414	6.37114
886113	-0.0081463176873210405	-4.3624071817842891	0.69298	6.38113
887112	-0.0081260756183479735	-4.3723951769420761	0.693545	6.39112
888111	-0.0081059332659321887	-4.3823831722657021	0.694108	6.40111
889110	-0.0080858898981238016	-4.3923711677528967	0.69467	6.41109
890109	-0.0080659447900966134	-4.4023591634014112	0.695231	6.42108
891108	-0.008046097224061792	-4.4123471592090429	0.69579	6.43107
892107	-0.0080263464891830744	-4.4223351551736139	0.696348	6.44106
893106	-0.0080066918814927987	-4.4323231512929775	0.696905	6.45105
894105	-0.0079871327038094457	-4.4423111475650225	0.697461	6.46103
895104	-0.0079676682656563448	-4.4522991439876742	0.698016	6.47102
896103	-0.0079482978831813076	-4.462287140558864	0.698569	6.48101
897102	-0.0079290208790776945	-4.4722751372766139	0.699121	6.491
898101	-0.0079098365825063886	-4.4822631341389165	0.699672	6.50099
899100	-0.0078907443290190584	-4.4922511311438109	0.700222	6.51097
900099	-0.0078717434604823732	-4.5022391282893732	0.70077	6.52096
901098	-0.0078528333250033108	-4.5122271255737001	0.701317	6.53095
902097	-0.007834013276855718	-4.5222151229949157	0.701863	6.54094
903096	-0.0078152826764074368	-4.5322031205511841	0.702408	6.55093
904095	-0.0077966408900491035	-4.54219111824069	0.702952	6.56091
905094	-0.0077780872901233433	-4.5521791160616329	0.703494	6.5709
906093	-0.0077596212548553369	-4.5621671140122553	0.704036	6.58089
907092	-0.0077412421682841832	-4.5721551120908046	0.704576	6.59088
908091	-0.0077229494201952915	-4.5821431102955925	0.705115	6.60087
909090	-0.0077047424060536938	-4.5921311086249164	0.705653	6.61085
910089	-0.0076866205269382768	-4.6021191070771197	0.706189	6.62084
911088	-0.0076685831894768887	-4.6121071056505558	0.706725	6.63083
912087	-0.0076506298057824277	-4.62209510434361	0.707259	6.64082
913086	-0.007632759793389737	-4.6320831031546934	0.707792	6.65081
914085	-0.0076149725751933897	-4.6420711020822365	0.708325	6.66079
915084	-0.0075972675793863319	-4.6520591011246859	0.708855	6.67078
916083	-0.0075796442393993458	-4.6620471002805273	0.709385	6.68077
917082	-0.0075621019938414205	-4.6720350995482463	0.709914	6.69076
918081	-0.0075446402864407765	-4.6820230989263765	0.710442	6.70075
919080	-0.0075272585659868297	-4.6920110984134515	0.710968	6.71073
920079	-0.0075099562862729037	-4.70199909800803	0.711494	6.72072
921078	-0.0074927329060396819	-4.7119870977086959	0.712018	6.73071
922077	-0.0074755878889194794	-4.7219750975140533	0.712541	6.7407
923076	-0.0074585207033812297	-4.7319630974227227	0.713063	6.75069
924075	-0.0074415308226761937	-4.7419510974333425	0.713584	6.76067
925074	-0.0074246177247844439	-4.7519390975445734	0.714104	6.77066
926073	-0.0074077808923620637	-4.7619270977550991	0.714623	6.78065
927072	-0.0073910198126889643	-4.7719150980636114	0.715141	6.79064
928071	-0.0073743339776174942	-4.7819030984688249	0.715658	6.80063
929070	-0.0073577228835217503	-4.7918910989694821	0.716173	6.81061
930069	-0.007341186031247433	-4.8018790995643297	0.716688	6.8206
931068	-0.0073247229260624503	-4.8118671002521411	0.717201	6.83059
932067	-0.0073083330776082221	-4.8218551010316979	0.717714	6.84058
933066	-0.0072920159998515113	-4.8318431019018062	0.718225	6.85057
934065	-0.0072757712110369764	-4.8418311028612795	0.718736	6.86055
935064	-0.0072595982336402911	-4.851819103908964	0.719245	6.87054
936063	-0.0072434965943219288	-4.8618071050437122	0.719754	6.88053
937062	-0.0072274658238815426	-4.8717951062643854	0.720261	6.89052
938061	-0.0072115054572128613	-4.881783107569877	0.720767	6.90051
939060	-0.0071956150332592624	-4.8917711089590741	0.721272	6.91049
940059	-0.0071797940949699154	-4.9017591104308993	0.721777	6.92048
941058	-0.0071640421892564298	-4.9117471119842868	0.72228	6.93047
942057	-0.0071483588669501372	-4.9217351136181691	0.722782	6.94046
943056	-0.0071327436827598734	-4.9317231153315122	0.723283	6.95045
944055	-0.0071171961952303251	-4.9417111171232859	0.723783	6.96043
945054	-0.007101715966700884	-4.9516991189924804	0.724283	6.97042
946053	-0.0070863025632650805	-4.9616871209380955	0.724781	6.98041
947052	-0.007070955554730504	-4.9716751229591409	0.725278	6.9904
948051	-0.0070556745145792217	-4.9816631250546486	0.725774	7.00039
949050	-0.0070404590199287338	-4.9916511272236583	0.72627	7.01037
950049	-0.0070253086514934114	-5.0016391294652252	0.726764	7.02036
951048	-0.007010222993546378	-5.0116271317784138	0.727257	7.03035
952047	-0.0069952016338819516	-5.0216151341623068	0.72775	7.04034
953046	-0.0069802441637785246	-5.0316031366159892	0.728241	7.05033
954045	-0.0069653501779618973	-5.0415911391385713	0.728731	7.06031
955044	-0.0069505192745691023	-5.0515791417291629	0.729221	7.0703
956043	-0.0069357510551126562	-5.0615671443868955	0.729709	7.08029
957042	-0.0069210451244452473	-5.0715551471109084	0.730197	7.09028
958041	-0.0069064010907249748	-5.0815431499003525	0.730683	7.10027
959040	-0.0068918185653807735	-5.0915311527543841	0.731169	7.11025
960039	-0.0068772971630786011	-5.1015191556721842	0.731654	7.12024
961038	-0.0068628365016877796	-5.1115071586529313	0.732137	7.13023
962037	-0.0068484362022478706	-5.1214951616958206	0.73262	7.14022
963036	-0.006834095888935925	-5.1314831648000574	0.733102	7.15021
964035	-0.0068198151890341355	-5.1414711679648653	0.733583	7.1602
965034	-0.0068055937328979545	-5.1514591711894617	0.734063	7.17018
966033	-0.0067914311539245221	-5.1614471744730883	0.734542	7.18017
967032	-0.0067773270885215127	-5.1714351778149892	0.735021	7.19016
968031	-0.0067632811760763257	-5.1814231812144227	0.735498	7.20015
969030	-0.0067492930589257297	-5.1914111846706517	0.735974	7.21014
970029	-0.0067353623823258445	-5.2013991881829567	0.73645	7.22012
971028	-0.0067214887944224214	-5.21138719175062	0.736924	7.23011
972027	-0.0067076719462216064	-5.2213751953729357	0.737398	7.2401
973026	-0.006693911491560952	-5.2313631990492082	0.737871	7.25009
974025	-0.0066802070870808604	-5.2413512027787474	0.738343	7.26008
975024	-0.0066665583921962776	-5.2513392065608846	0.738814	7.27006
976023	-0.0066529650690688212	-5.2613272103949438	0.739284	7.28005
977022	-0.0066394267825791971	-5.2713152142802642	0.739753	7.29004
978021	-0.0066259432002999472	-5.2813032182161912	0.740221	7.30003
979020	-0.0066125139924685643	-5.2912912222020827	0.740689	7.31002
980019	-0.0065991388319608232	-5.301279226237301	0.741156	7.32
981018	-0.0065858173942645957	-5.3112672303212269	0.741621	7.32999
982017	-0.0065725493574538231	-5.3212552344532362	0.742086	7.33998
983016	-0.0065593344021628768	-5.3312432386327151	0.74255	7.34997
984015	-0.0065461722115611959	-5.3412312428590658	0.743013	7.35996
985014	-0.0065330624713282395	-5.3512192471316871	0.743476	7.36994
986013	-0.0065200048696287486	-5.3612072514499944	0.743937	7.37993
987012	-0.0065069990970882561	-5.3711952558134026	0.744398	7.38992
988011	-0.0064940448467689354	-5.381183260221345	0.744858	7.39991
989010	-0.006481141814145653	-5.3911712646732468	0.745316	7.4099
990009	-0.0064682896970824563	-5.4011592691685575	0.745775	7.41988
991008	-0.006455488195809116	-5.4111472737067201	0.746232	7.42987
992007	-0.0064427370128981856	-5.4211352782871849	0.746688	7.43986
993006	-0.0064300358532420991	-5.4311232829094287	0.747144	7.44985
994005	-0.0064173844240306708	-5.4411112875729071	0.747598	7.45984
995004	-0.0064047824347288835	-5.4510992922771067	0.748052	7.46982
996003	-0.006392229597054838	-5.461087297021499	0.748505	7.47981
997002	-0.0063797256249579683	-5.471075301805576	0.748958	7.4898
998001	-0.0063672702345975779	-5.4810633066288368	0.749409	7.49979
999000	-0.0063548631443215518	-5.4910513114907822	0.74986	7.50978
999999	-0.0063425040746454171	-5.501039316390913	0.75031	7.51976
