# Filename: 2Dvpt_K0cFind2_Plot_Op3374_K0.637_y0.125_step1000000.dat
# Source: 2Dvpt_K0cFind2_Plot.c
# Source version: 1 (2012 Jun 29 - ...)
# Constant values: PI= 3.141592653589793116, PISQ=9.8696044010893579923, PICU=31.0062766802998162063
# Parameter values: OpA=3, OpAa=3, OpB=7, OpC=4, B=124.025106721199264825, THETA=0.6, N=2, initialdl=1e-05, trajectorydl=0.0001, initialds=1e-05, trajectorydsMax=1e-05, uncertainty=1e-13, dataskipdl=100, dataskipds=999
# Option-dependent values: K=0.636619772367581382433, y=                0.125, Kstar=                  -10, ystar=                  -10, c=                    0, Z=                    0, lambda=                    0, initialKdir=0, flowdir=-1, Max_steps=1000000
# Initialized values: Deltas=0, Deltal=0, count_steps=0, count_passes=0, K0c=0, oldK0c=-100
# Input-file parameter: Cc=0
# step	K	y	path-length-l	path-length-s (in K-y-space)
0	0.63661977236758138	            0.125	0	0
1	0.63661977236758138	            0.125	2.07519e-317	0
2	0.63662976265408333	0.12500000000623773	-1.58998e-06	9.99029e-06
3	0.63663975294039654	0.1250000000249504	-3.17991e-06	1.99806e-05
4	0.6366497432265209	0.12500000005613723	-4.76979e-06	2.99709e-05
5	0.63665973351245653	0.12500000009979745	-6.35961e-06	3.99611e-05
6	0.6366697237982033	0.12500000015593027	-7.94939e-06	4.99514e-05
7	0.63667971408376134	0.12500000022453489	-9.53912e-06	5.99417e-05
8	0.63668970436913053	0.12500000030561054	-1.11288e-05	6.9932e-05
9	0.63669969465431087	0.12500000039915643	-1.27184e-05	7.99223e-05
10	0.63670968493930236	0.12500000050517177	-1.4308e-05	8.99126e-05
999	0.64658998179185745	0.1250060853321216	-0.00156231	0.00997021
1998	0.65656997835373376	0.12502387173220025	-0.0030785	0.0199502
2997	0.66654975923278093	0.12505265490371345	-0.00454898	0.02993
3996	0.67652931404878236	0.12509177735123816	-0.00597565	0.0399097
4995	0.68650863426255426	0.12514062476545504	-0.00736033	0.0498891
5994	0.69648771290792821	0.12519862272384774	-0.00870472	0.0598684
6993	0.70646654436165424	0.12526523368108544	-0.0100104	0.0698474
7992	0.71644512414572792	0.125339954220415	-0.0112791	0.0798263
8991	0.72642344875745457	0.12542231254052852	-0.012512	0.0898049
9990	0.73640151552328015	0.12551186615514251	-0.0137107	0.0997834
10989	0.7463793224730022	0.1256081997849523	-0.0148764	0.109762
11988	0.75635686823151149	0.12571092342380377	-0.0160105	0.11974
12987	0.76633415192556431	0.12581967056280019	-0.0171141	0.129718
13986	0.77631117310352382	0.1259340965577829	-0.0181883	0.139695
14985	0.78628793166626476	0.12605387712708649	-0.0192342	0.149673
15984	0.7962644278076968	0.12617870696782524	-0.020253	0.15965
16983	0.80624066196358846	0.12630829848012448	-0.0212455	0.169627
17982	0.81621663476756945	0.12644238058978421	-0.0222127	0.179604
18981	0.82619234701331923	0.12658069766077545	-0.0231555	0.189581
19980	0.8361677996221164	0.12672300848981874	-0.0240747	0.199557
20979	0.84614299361501777	0.12686908537603811	-0.0249713	0.209533
21978	0.85611793008904913	0.12701871325934455	-0.0258459	0.219509
22977	0.86609261019685824	0.12717168892180788	-0.0266993	0.229485
23976	0.87606703512938122	0.12732782024680731	-0.0275323	0.239461
24975	0.88604120610110249	0.12748692553122948	-0.0283454	0.249436
25974	0.89601512433756247	0.12764883284641915	-0.0291395	0.259412
26973	0.9059887910648271	0.12781337944397647	-0.029915	0.269387
27972	0.91596220750062485	0.12798041120283385	-0.0306727	0.279361
28971	0.92593537484696231	0.12814978211437614	-0.031413	0.289336
29970	0.93590829428399391	0.12832135380264337	-0.0321366	0.29931
30969	0.94588096696497459	0.12849499507690529	-0.032844	0.309285
31968	0.95585339401216807	0.12867058151415486	-0.0335356	0.319259
32967	0.96582557651355128	0.12884799506924013	-0.0342121	0.329232
33966	0.97579751552022653	0.12902712371058206	-0.0348737	0.339206
34965	0.9857692120444389	0.12920786107957224	-0.0355211	0.349179
35964	0.99574066705809972	0.12939010617191574	-0.0361545	0.359152
36963	1.0057118814917581	0.12957376303931947	-0.0367746	0.369125
37962	1.0156828562339462	0.12975874051006284	-0.0373815	0.379098
38961	1.0256535921308507	0.1299449519270961	-0.0379759	0.38907
39960	1.0356240899862514	0.13013231490242955	-0.0385579	0.399043
40959	1.0455943505616971	0.13032075108666819	-0.0391279	0.409015
41958	1.0555643745768555	0.13051018595264074	-0.0396864	0.418987
42957	1.0655341627100621	0.13070054859214536	-0.0402337	0.428958
43956	1.0755037155989571	0.13089177152492226	-0.0407699	0.43893
44955	1.085473033841265	0.13108379051901803	-0.0412956	0.448901
45954	1.0954421179956646	0.13127654442178113	-0.0418109	0.458872
46953	1.1054109685826925	0.13146997500077559	-0.0423162	0.468842
47952	1.1153795860857543	0.1316640267939608	-0.0428116	0.478813
48951	1.1253479709521186	0.13185864696852451	-0.0432976	0.488783
49950	1.1353161235940092	0.13205378518781571	-0.0437744	0.498753
50949	1.1452840443896501	0.13224939348584516	-0.0442421	0.508723
51948	1.1552517336843748	0.13244542614887167	-0.0447011	0.518693
52947	1.1652191917917065	0.13264183960362855	-0.0451515	0.528662
53946	1.1751864189944763	0.132838592311769	-0.0455936	0.538631
54945	1.1851534155458709	0.1330356446701377	-0.0460277	0.5486
55944	1.1951201816705399	0.13323295891651568	-0.0464538	0.558569
56943	1.2050867175656392	0.13343049904049328	-0.0468723	0.568537
57942	1.215053023401883	0.13362823069916341	-0.0472833	0.578506
58941	1.2250190993245622	0.13382612113733819	-0.047687	0.588474
59940	1.2349849454545414	0.13402413911202274	-0.0480836	0.598442
60939	1.2449505618892494	0.13422225482088418	-0.0484732	0.608409
61938	1.2549159487036246	0.13442043983448335	-0.0488561	0.618377
62937	1.2648811059510499	0.13461866703205086	-0.0492324	0.628344
63936	1.2748460336642431	0.13481691054058947	-0.0496023	0.638311
64935	1.284810731856139	0.13501514567712092	-0.0499658	0.648277
65934	1.294775200520736	0.13521334889388992	-0.0503233	0.658244
66933	1.3047394396339136	0.13541149772635783	-0.0506747	0.66821
67932	1.314703449154248	0.13560957074382371	-0.0510204	0.678176
68931	1.3246672290237447	0.13580754750252977	-0.0513603	0.688142
69930	1.3346307791685956	0.13600540850111095	-0.0516946	0.698107
70929	1.3445940994999139	0.13620313513825058	-0.0520235	0.708072
71928	1.3545571899143871	0.13640070967243098	-0.0523471	0.718037
72927	1.3645200502949717	0.13659811518365539	-0.0526655	0.728002
73926	1.3744826805115191	0.13679533553703732	-0.0529788	0.737967
74925	1.3844450804213855	0.1369923553481546	-0.0532872	0.747931
75924	1.3944072498700433	0.13718915995007319	-0.0535907	0.757895
76923	1.4043691886916367	0.13738573536195287	-0.0538895	0.767859
77922	1.4143308967095238	0.13758206825914396	-0.0541836	0.777823
78921	1.4242923737368354	0.13777814594470833	-0.0544732	0.787786
79920	1.4342536195769369	0.13797395632227508	-0.0547584	0.797749
80919	1.444214634023941	0.13816948787017436	-0.0550392	0.807712
81918	1.4541754168631635	0.13836472961677151	-0.0553158	0.817675
82917	1.4641359678715868	0.13855967111694881	-0.0555882	0.827637
83916	1.4740962868182599	0.13875430242967238	-0.0558566	0.8376
84915	1.4840563734647325	0.13894861409658268	-0.0561209	0.847562
85914	1.4940162275654543	0.13914259712156771	-0.0563814	0.857523
86913	1.5039758488681321	0.13933624295126254	-0.0566381	0.867485
87912	1.5139352371140991	0.13952954345642782	-0.056891	0.877446
88911	1.5238943920386729	0.1397224909141685	-0.0571403	0.887407
89910	1.5338533133714802	0.13991507799094527	-0.057386	0.897368
90909	1.543812000836783	0.14010729772634378	-0.0576282	0.907329
91908	1.5537704541537638	0.14029914351756292	-0.0578669	0.917289
92907	1.5637286730368487	0.14049060910458558	-0.0581023	0.927249
93906	1.5736866571959613	0.14068168855600355	-0.0583344	0.937209
94905	1.5836444063368114	0.14087237625545804	-0.0585632	0.947168
95904	1.593601920161128	0.14106266688867206	-0.0587889	0.957128
96903	1.6035591983669286	0.14125255543104318	-0.0590115	0.967087
97902	1.6135162406487349	0.14144203713577191	-0.059231	0.977046
98901	1.6234730466978173	0.14163110752249686	-0.0594475	0.987004
99900	1.6334296162023982	0.14181976236642141	-0.0596611	0.996963
100899	1.6433859488478526	0.14200799768789529	-0.0598719	1.00692
101898	1.6533420443169125	0.14219580974244292	-0.0600798	1.01688
102897	1.6632979022898604	0.14238319501121116	-0.0602849	1.02684
103896	1.6732535224446958	0.14257015019181615	-0.0604874	1.03679
104895	1.6832089044573222	0.14275667218957741	-0.0606871	1.04675
105894	1.6931640480016965	0.14294275810911244	-0.0608843	1.05671
106893	1.7031189527499948	0.14312840524628234	-0.0610789	1.06666
107892	1.7130736183727615	0.1433136110804735	-0.061271	1.07662
108891	1.7230280445390558	0.14349837326719128	-0.0614606	1.08658
109890	1.7329822309165865	0.14368268963096192	-0.0616478	1.09653
110889	1.7429361771718317	0.14386655815852331	-0.0618326	1.10649
111888	1.7528898829701844	0.14404997699229363	-0.0620151	1.11644
112887	1.7628433479760584	0.14423294442410248	-0.0621953	1.1264
113886	1.7727965718530008	0.14441545888918089	-0.0623732	1.13635
114885	1.782749554263807	0.14459751896038747	-0.0625489	1.14631
115884	1.7927022948706297	0.14477912334267223	-0.0627224	1.15626
116883	1.8026547933350661	0.14496027086775565	-0.0628938	1.16622
117882	1.8126070493182502	0.14514096048902569	-0.0630631	1.17617
118881	1.8225590624809609	0.14532119127663445	-0.0632304	1.18612
119880	1.832510832483691	0.14550096241279156	-0.0633956	1.19608
120879	1.8424623589867382	0.14568027318724025	-0.0635588	1.20603
121878	1.8524136416502772	0.14585912299291598	-0.0637201	1.21598
122877	1.8623646801344407	0.14603751132177042	-0.0638795	1.22594
123876	1.8723154740993846	0.14621543776076221	-0.0640369	1.23589
124875	1.882266023205359	0.14639290198800639	-0.0641925	1.24584
125874	1.8922163271127646	0.14656990376906687	-0.0643463	1.25579
126873	1.9021663854822295	0.14674644295340061	-0.0644983	1.26574
127872	1.9121161979746528	0.1469225194709331	-0.0646485	1.2757
128871	1.922065764251264	0.14709813332877134	-0.064797	1.28565
129870	1.932015083973684	0.1472732846080376	-0.0649438	1.2956
130869	1.9419641568039574	0.14744797346083033	-0.0650889	1.30555
131868	1.9519129824046242	0.14762220010729862	-0.0652323	1.3155
132867	1.9618615604387417	0.14779596483282811	-0.0653741	1.32545
133866	1.9718098905699466	0.14796926798533622	-0.0655143	1.3354
134865	1.981757972462473	0.14814210997266958	-0.065653	1.34535
135864	1.9917058057812138	0.14831449126009855	-0.0657901	1.3553
136863	2.0016533901917426	0.14848641236790797	-0.0659256	1.36525
137862	2.0116007253603687	0.14865787386907955	-0.0660597	1.3752
138861	2.0215478109541314	0.1488288763870598	-0.0661923	1.38514
139860	2.0314946466408803	0.14899942059361596	-0.0663234	1.39509
140859	2.0414412320892539	0.14916950720676572	-0.0664531	1.40504
141858	2.0513875669687458	0.14933913698879112	-0.0665814	1.41499
142857	2.0613336509497118	0.14950831074432344	-0.0667084	1.42494
143856	2.0712794837034045	0.14967702931850096	-0.0668339	1.43488
144855	2.0812250649020041	0.14984529359519327	-0.0669581	1.44483
145854	2.0911703942186017	0.15001310449529545	-0.067081	1.45478
146853	2.1011154713272742	0.15018046297508103	-0.0672026	1.46472
147852	2.1110602959030613	0.15034737002462004	-0.0673229	1.47467
148851	2.1210048676219997	0.15051382666625451	-0.067442	1.48462
149850	2.1309491861611436	0.15067983395312951	-0.0675597	1.49456
150849	2.1408932511985714	0.15084539296777813	-0.0676763	1.50451
151848	2.1508370624134217	0.15101050482076286	-0.0677917	1.51445
152847	2.1607806194858692	0.15117517064936123	-0.0679059	1.5244
153846	2.1707239220971744	0.15133939161630239	-0.0680189	1.53434
154845	2.1806669699296761	0.15150316890855103	-0.0681307	1.54429
155844	2.1906097626667993	0.15166650373613774	-0.0682414	1.55423
156843	2.2005522999931002	0.15182939733102824	-0.068351	1.56417
157842	2.210494581594225	0.15199185094603376	-0.0684595	1.57412
158841	2.2204366071569441	0.15215386585376814	-0.0685669	1.58406
159840	2.2303783763691825	0.15231544334563574	-0.0686732	1.594
160839	2.2403198889199829	0.15247658473086012	-0.0687785	1.60395
161838	2.2502611444995413	0.15263729133554882	-0.0688827	1.61389
162837	2.2602021427992005	0.15279756450178933	-0.0689859	1.62383
163836	2.2701428835114621	0.15295740558678098	-0.0690881	1.63377
164835	2.2800833663299951	0.15311681596199964	-0.0691893	1.64372
165834	2.2900235909496311	0.15327579701238855	-0.0692894	1.65366
166833	2.2999635570663823	0.1534343501355819	-0.0693887	1.6636
167832	2.3099032643774136	0.1535924767411582	-0.0694869	1.67354
168831	2.3198427125811021	0.15375017824991766	-0.0695843	1.68348
169830	2.3297819013769647	0.15390745609318843	-0.0696806	1.69342
170829	2.3397208304657191	0.15406431171215723	-0.0697761	1.70336
171828	2.3496594995492677	0.15422074655722448	-0.0698707	1.7133
172827	2.3595979083306911	0.15437676208738332	-0.0699644	1.72324
173826	2.3695360565142516	0.15453235976962459	-0.0700571	1.73318
174825	2.3794739438054062	0.15468754107835625	-0.0701491	1.74312
175824	2.3894115699107874	0.15484230749485178	-0.0702401	1.75306
176823	2.399348934538208	0.15499666050671598	-0.0703303	1.763
177822	2.409286037396694	0.15515060160736743	-0.0704197	1.77293
178821	2.4192228781964231	0.15530413229554729	-0.0705083	1.78287
179820	2.4291594566487635	0.15545725407483871	-0.070596	1.79281
180819	2.4390957724662754	0.15560996845320929	-0.0706829	1.80275
181818	2.4490318253626775	0.15576227694256786	-0.0707691	1.81268
182817	2.458967615052889	0.15591418105833901	-0.0708545	1.82262
183816	2.4689031412529769	0.15606568231905171	-0.070939	1.83256
184815	2.478838403680212	0.15621678224594773	-0.0710229	1.84249
185814	2.4887734020530017	0.15636748236259859	-0.071106	1.85243
186813	2.4987081360909467	0.15651778419454276	-0.0711883	1.86237
187812	2.5086426055148108	0.15666768926893093	-0.0712699	1.8723
188811	2.5185768100465076	0.15681719911418932	-0.0713508	1.88224
189810	2.5285107494090977	0.1569663152596952	-0.0714309	1.89217
190809	2.5384444233268217	0.15711503923545916	-0.0715104	1.90211
191808	2.5483778315250469	0.15726337257183001	-0.0715892	1.91204
192807	2.5583109737302925	0.15741131679919948	-0.0716672	1.92198
193806	2.5682438496702304	0.15755887344772662	-0.0717446	1.93191
194805	2.5781764590736689	0.15770604404706823	-0.0718214	1.94184
195804	2.5881088016705469	0.15785283012612392	-0.0718974	1.95178
196803	2.5980408771919286	0.15799923321278481	-0.0719729	1.96171
197802	2.6079726853700009	0.15814525483369909	-0.0720476	1.97164
198801	2.6179042259380791	0.1582908965140423	-0.0721218	1.98158
199800	2.6278354986306054	0.15843615977729661	-0.0721953	1.99151
200799	2.6377665031831126	0.15858104614504126	-0.0722681	2.00144
201798	2.6476972393322522	0.1587255571367519	-0.0723404	2.01137
202797	2.6576277068157648	0.15886969426960285	-0.072412	2.0213
203796	2.6675579053725111	0.15901345905828293	-0.0724831	2.03123
204795	2.6774878347424176	0.15915685301481616	-0.0725536	2.04117
205794	2.6874174946665232	0.15929987764839032	-0.0726234	2.0511
206793	2.6973468848869251	0.15944253446519324	-0.0726927	2.06103
207792	2.7072760051468077	0.15958482496825263	-0.0727615	2.07096
208791	2.7172048551904191	0.15972675065728828	-0.0728296	2.08089
209790	2.7271334347631018	0.15986831302856522	-0.0728972	2.09082
210789	2.7370617436112243	0.16000951357475551	-0.0729643	2.10075
211788	2.7469897814822253	0.16015035378480608	-0.0730308	2.11067
212787	2.7569175481245893	0.16029083514381331	-0.0730968	2.1206
213786	2.7668450432878537	0.16043095913289851	-0.0731622	2.13053
214785	2.7767722667225816	0.16057072722909324	-0.0732271	2.14046
215784	2.7866992181803751	0.16071014090522934	-0.0732915	2.15039
216783	2.7966258974138754	0.16084920162983313	-0.0733554	2.16032
217782	2.8065523041767331	0.16098791086702305	-0.0734188	2.17024
218781	2.8164784382236205	0.16112627007641414	-0.0734816	2.18017
219780	2.8264042993102221	0.16126428071302595	-0.073544	2.1901
220779	2.8363298871932217	0.16140194422719578	-0.0736059	2.20002
221778	2.8462552016303042	0.16153926206449287	-0.0736673	2.20995
222777	2.8561802423801659	0.16167623566564227	-0.0737282	2.21988
223776	2.8661050092024749	0.16181286646644827	-0.0737886	2.2298
224775	2.876029501857881	0.16194915589772174	-0.0738486	2.23973
225774	2.8859537201080299	0.16208510538521284	-0.0739081	2.24965
226773	2.8958776637155283	0.16222071634954799	-0.0739671	2.25958
227772	2.9058013324439433	0.16235599020616542	-0.0740257	2.2695
228771	2.915724726057813	0.16249092836526136	-0.0740839	2.27943
229770	2.9256478443226204	0.16262553223173212	-0.0741416	2.28935
230769	2.9355706870048066	0.16275980320512493	-0.0741988	2.29927
231768	2.9454932538717644	0.16289374267958845	-0.0742556	2.3092
232767	2.9554155446918262	0.16302735204382696	-0.074312	2.31912
233766	2.9653375592342388	0.16316063268105727	-0.074368	2.32904
234765	2.9752592972691798	0.16329358596896834	-0.0744236	2.33897
235764	2.9851807585677732	0.16342621327968476	-0.0744787	2.34889
236763	2.9951019429020374	0.1635585159797299	-0.0745334	2.35881
237762	3.0050228500449121	0.16369049542999253	-0.0745877	2.36873
238761	3.0149434797702326	0.16382215298570021	-0.0746416	2.37865
239760	3.0248638318527501	0.16395348999638579	-0.0746952	2.38857
240759	3.0347839060681041	0.16408450780586414	-0.0747483	2.3985
241758	3.0447037021928156	0.16421520775220966	-0.074801	2.40842
242757	3.054623220004304	0.16434559116772865	-0.0748534	2.41834
243756	3.0645424592808488	0.16447565937894498	-0.0749053	2.42826
244755	3.0744614198016249	0.16460541370657875	-0.0749569	2.43818
245754	3.0843801013466616	0.16473485546553052	-0.0750081	2.4481
246753	3.0942985036968551	0.16486398596486598	-0.075059	2.45802
247752	3.1042166266339666	0.16499280650780432	-0.0751095	2.46793
248751	3.1141344699406037	0.16512131839170477	-0.0751596	2.47785
249750	3.1240520334002073	0.16524952290805847	-0.0752093	2.48777
250749	3.1339693167970863	0.16537742134247913	-0.0752587	2.49769
251748	3.1438863199163674	0.1655050149746963	-0.0753078	2.50761
252747	3.1538030425440162	0.16563230507855017	-0.0753565	2.51752
253746	3.1637194844668288	0.16575929292198552	-0.0754049	2.52744
254745	3.1736356454724191	0.16588597976705177	-0.0754529	2.53736
255744	3.183551525349205	0.16601236686989909	-0.0755006	2.54728
256743	3.1934671238864363	0.16613845548077813	-0.0755479	2.55719
257742	3.203382440874166	0.16626424684404165	-0.0755949	2.56711
258741	3.2132974761032389	0.16638974219814542	-0.0756416	2.57702
259740	3.2232122293653047	0.16651494277565154	-0.075688	2.58694
260739	3.2331267004528019	0.16663984980323288	-0.075734	2.59685
261738	3.2430408891589475	0.16676446450167592	-0.0757798	2.60677
262737	3.252954795277764	0.16688878808588933	-0.0758252	2.61668
263736	3.2628684186040227	0.16701282176490892	-0.0758703	2.6266
264735	3.2727817589332764	0.16713656674190538	-0.0759151	2.63651
265734	3.2826948160618659	0.16726002421419287	-0.0759596	2.64643
266733	3.2926075897868583	0.1673831953732397	-0.0760038	2.65634
267732	3.3025200799061136	0.16750608140467688	-0.0760477	2.66625
268731	3.3124322862182187	0.16762868348830931	-0.0760913	2.67617
269730	3.3223442085225265	0.16775100279812802	-0.0761346	2.68608
270729	3.3322558466191268	0.16787304050232107	-0.0761776	2.69599
271728	3.3421672003088418	0.16799479776328782	-0.0762203	2.7059
272727	3.3520782693932567	0.16811627573765187	-0.0762628	2.71582
273726	3.3619890536746526	0.16823747557627633	-0.0763049	2.72573
274725	3.3718995529560649	0.1683583984242765	-0.0763468	2.73564
275724	3.381809767041231	0.16847904542103739	-0.0763884	2.74555
276723	3.3917196957346141	0.16859941770022757	-0.0764298	2.75546
277722	3.4016293388413881	0.16871951638981816	-0.0764708	2.76537
278721	3.4115386961674345	0.16883934261209696	-0.0765116	2.77528
279720	3.4214477675193371	0.16895889748368872	-0.0765522	2.78519
280719	3.4313565527043792	0.16907818211557024	-0.0765924	2.7951
281718	3.4412650515305399	0.16919719761309096	-0.0766324	2.80501
282717	3.4511732638065031	0.16931594507598824	-0.0766722	2.81492
283716	3.461081189341626	0.16943442559841124	-0.0767116	2.82483
284715	3.4709888279459484	0.16955264026893777	-0.0767509	2.83473
285714	3.4808961794301827	0.16967059017059244	-0.0767899	2.84464
286713	3.4908032436057441	0.16978827638087041	-0.0768286	2.85455
287712	3.500710020284679	0.16990569997175539	-0.0768671	2.86446
288711	3.5106165092797283	0.17002286200974098	-0.0769053	2.87437
289710	3.520522710404288	0.17013976355585175	-0.0769433	2.88427
290709	3.530428623472408	0.17025640566566647	-0.0769811	2.89418
291708	3.5403342482987936	0.17037278938933612	-0.0770186	2.90409
292707	3.5502395846987955	0.17048891577160874	-0.0770559	2.91399
293706	3.5601446324884289	0.17060478585185074	-0.0770929	2.9239
294705	3.5700493914843427	0.17072040066406938	-0.0771297	2.9338
295704	3.5799538615038058	0.17083576123693384	-0.0771663	2.94371
296703	3.5898580423647477	0.17095086859380051	-0.0772027	2.95361
297702	3.5997619338857176	0.17106572375273349	-0.0772388	2.96352
298701	3.609665535885886	0.17118032772652977	-0.0772747	2.97342
299700	3.6195688481850619	0.17129468152274202	-0.0773104	2.98333
300699	3.6294718706036613	0.1714087861437012	-0.0773459	2.99323
301698	3.6393746029627247	0.17152264258654024	-0.0773811	3.00313
302697	3.6492770450839012	0.17163625184321843	-0.0774162	3.01304
303696	3.6591791967894363	0.17174961490054594	-0.077451	3.02294
304695	3.6690810579022046	0.17186273274020539	-0.0774856	3.03284
305694	3.678982628245663	0.17197560633877854	-0.07752	3.04274
306693	3.6888839076438709	0.17208823666776929	-0.0775542	3.05264
307692	3.6987848959214906	0.17220062469362793	-0.0775882	3.06255
308691	3.7086855929037648	0.17231277137777506	-0.077622	3.07245
309690	3.7185859984165366	0.17242467767662742	-0.0776556	3.08235
310689	3.7284861122862161	0.17253634454162131	-0.0776889	3.09225
311688	3.7383859343397998	0.17264777291923636	-0.0777221	3.10215
312687	3.7482854644048582	0.17275896375102281	-0.0777551	3.11205
313686	3.7581847023095563	0.17286991797362367	-0.0777879	3.12195
314685	3.7680836478826079	0.17298063651880019	-0.0778205	3.13185
315684	3.7779823009532927	0.17309112031345558	-0.0778529	3.14175
316683	3.7878806613514748	0.17320137027966218	-0.0778851	3.15165
317682	3.7977787289075633	0.17331138733468432	-0.0779171	3.16155
318681	3.8076765034525115	0.17342117239100382	-0.0779489	3.17144
319680	3.8175739848178556	0.17353072635634434	-0.0779806	3.18134
320679	3.8274711728356645	0.1736400501336961	-0.0780121	3.19124
321678	3.8373680673385513	0.17374914462134117	-0.0780433	3.20114
322677	3.8472646681596934	0.1738580107128784	-0.0780744	3.21104
323676	3.8571609751327891	0.17396664929724753	-0.0781054	3.22093
324675	3.8670569880920782	0.17407506125875397	-0.0781361	3.23083
325674	3.8769527068723373	0.17418324747709402	-0.0781667	3.24073
326673	3.8868481313088963	0.17429120882737914	-0.078197	3.25062
327672	3.896743261237587	0.1743989461801615	-0.0782273	3.26052
328671	3.9066380964947776	0.17450646040145765	-0.0782573	3.27041
329670	3.9165326369173532	0.17461375235277252	-0.0782872	3.28031
330669	3.9264268823427306	0.17472082289112681	-0.0783169	3.2902
331668	3.9363208326088324	0.17482767286907741	-0.0783464	3.3001
332667	3.9462144875540983	0.17493430313474592	-0.0783758	3.30999
333666	3.956107847017468	0.17504071453184097	-0.078405	3.31988
334665	3.966000910838428	0.17514690789968174	-0.078434	3.32978
335664	3.975893678856929	0.17525288407322437	-0.0784629	3.33967
336663	3.9857861509134516	0.17535864388308608	-0.0784916	3.34956
337662	3.9956783268489531	0.17546418815556625	-0.0785201	3.35946
338661	4.0055702065049017	0.17556951771267454	-0.0785485	3.36935
339660	4.0154617897232541	0.17567463337215389	-0.0785768	3.37924
340659	4.0253530763464802	0.1757795359475027	-0.0786048	3.38913
341658	4.0352440662175084	0.17588422624800001	-0.0786328	3.39903
342657	4.0451347591797848	0.1759887050787303	-0.0786605	3.40892
343656	4.0550251550771854	0.17609297324060408	-0.0786881	3.41881
344655	4.0649152537541209	0.17619703153038688	-0.0787156	3.4287
345654	4.0748050550554575	0.17630088074071781	-0.0787429	3.43859
346653	4.0846945588265466	0.17640452166013582	-0.0787701	3.44848
347652	4.0945837649131969	0.17650795507310113	-0.0787971	3.45837
348651	4.1044726731617063	0.17661118176002197	-0.078824	3.46826
349650	4.1143612834188295	0.17671420249727393	-0.0788507	3.47815
350649	4.1242495955317855	0.17681701805722649	-0.0788773	3.48804
351648	4.1341376093482722	0.17691962920826365	-0.0789037	3.49792
352647	4.1440253247164289	0.17702203671480707	-0.07893	3.50781
353646	4.1539127414848345	0.17712424133734225	-0.0789562	3.5177
354645	4.1637998595025891	0.17722624383243685	-0.0789822	3.52759
355644	4.173686678619184	0.17732804495276613	-0.0790081	3.53748
356643	4.1835731986845826	0.17742964544713485	-0.0790338	3.54736
357642	4.1934594195491917	0.17753104606050013	-0.0790594	3.55725
358641	4.2033453410638657	0.17763224753399312	-0.0790849	3.56714
359640	4.2132309630799174	0.17773325060494266	-0.0791102	3.57702
360639	4.2231162854490645	0.17783405600689539	-0.0791354	3.58691
361638	4.2330013080234856	0.17793466446964085	-0.0791605	3.59679
362637	4.242886030655808	0.17803507671923019	-0.0791854	3.60668
363636	4.2527704531990711	0.17813529347800147	-0.0792102	3.61656
364635	 4.26265457550676	0.17823531546459784	-0.0792349	3.62645
365634	4.272538397432788	0.17833514339399295	-0.0792594	3.63633
366633	4.2824219188314903	0.17843477797750878	-0.0792838	3.64622
367632	4.2923051395576106	0.17853421992284127	-0.0793081	3.6561
368631	4.3021880594663449	0.17863346993407761	-0.0793323	3.66598
369630	4.3120706784133001	0.1787325287117208	-0.0793563	3.67587
370629	4.3219529962545034	0.17883139695270919	-0.0793802	3.68575
371628	4.3318350128463834	0.17893007535043842	-0.079404	3.69563
372627	4.3417167280457987	0.1790285645947812	-0.0794277	3.70551
373626	4.3515981417100136	0.17912686537210878	-0.0794512	3.7154
374625	4.361479253696694	0.17922497836531193	-0.0794747	3.72528
375624	4.3713600638639285	0.17932290425382119	-0.079498	3.73516
376623	4.3812405720702019	0.17942064371362837	-0.0795212	3.74504
377622	4.3911207781744066	0.17951819741730524	-0.0795442	3.75492
378621	4.4010006820357974	0.17961556603402579	-0.0795672	3.7648
379620	4.4108802835141239	0.17971275022958458	-0.07959	3.77468
380619	4.4207595824694552	0.17980975066641799	-0.0796128	3.78456
381618	4.430638578762264	0.1799065680036247	-0.0796354	3.79444
382617	4.4405172722534338	0.18000320289698343	-0.0796579	3.80432
383616	4.450395662804226	0.18009965599897584	-0.0796802	3.8142
384615	4.4602737502763201	0.18019592795880229	-0.0797025	3.82408
385614	4.4701515345317251	0.18029201942240464	-0.0797247	3.83396
386613	4.4800290154328914	0.18038793103248454	-0.0797467	3.84383
387612	4.4899061928426143	0.18048366342852321	-0.0797687	3.85371
388611	4.4997830666241088	0.18057921724680026	-0.0797905	3.86359
389610	4.5096596366409427	0.18067459312041106	-0.0798122	3.87347
390609	4.5195359027570507	0.18076979167928897	-0.0798339	3.88334
391608	4.5294118648367743	0.18086481355022266	-0.0798554	3.89322
392607	4.5392875227448251	0.18095965935687353	-0.0798768	3.90309
393606	4.5491628763462666	0.18105432971979743	-0.0798981	3.91297
394605	4.5590379255065399	0.18114882525646095	-0.0799193	3.92285
395604	4.5689126700914686	0.1812431465812597	-0.0799404	3.93272
396603	4.5787871099672195	0.1813372943055386	-0.0799614	3.9426
397602	4.5886612450003437	0.1814312690376077	-0.0799823	3.95247
398601	4.5985350750577361	0.181525071382762	-0.080003	3.96234
399600	4.6084086000066717	0.18161870194329932	-0.0800237	3.97222
400599	4.6182818197147819	0.18171216131853749	-0.0800443	3.98209
401598	4.6281547340500433	0.1818054501048319	-0.0800648	3.99197
402597	4.6380273428808048	0.18189856889559511	-0.0800852	4.00184
403596	4.6478996460757536	0.18199151828131216	-0.0801055	4.01171
404595	4.6577716435039411	0.18208429884955946	-0.0801257	4.02158
405594	4.6676433350347724	0.1821769111850215	-0.0801458	4.03146
406593	4.6775147205379879	0.18226935586950779	-0.0801658	4.04133
407592	4.6873857998836845	0.18236163348197085	-0.0801857	4.0512
408591	4.697256572942301	0.18245374459852406	-0.0802055	4.06107
409590	4.707127039584635	0.18254568979245614	-0.0802253	4.07094
410589	4.7169971996818054	0.18263746963424965	-0.0802449	4.08081
411588	4.7268670531053019	0.18272908469159815	-0.0802644	4.09068
412587	4.7367365997268926	0.1828205355294211	-0.0802839	4.10055
413586	4.7466058394187556	0.18291182270988121	-0.0803032	4.11042
414585	4.7564747720533722	0.18300294679240314	-0.0803225	4.12029
415584	4.7663433975035447	0.18309390833368633	-0.0803417	4.13016
416583	4.776211715642428	0.18318470788772173	-0.0803607	4.14003
417582	4.7860797263435053	0.18327534600580997	-0.0803797	4.1499
418581	4.7959474294806039	0.18336582323657627	-0.0803986	4.15977
419580	4.8058148249278299	0.18345614012598632	-0.0804175	4.16963
420579	4.815681912559679	0.18354629721736243	-0.0804362	4.1795
421578	4.8255486922509361	0.18363629505139811	-0.0804548	4.18937
422577	4.8354151638767133	0.18372613416617511	-0.0804734	4.19924
423576	4.8452813273124464	0.18381581509717804	-0.0804919	4.2091
424575	4.8551471824338917	0.18390533837731099	-0.0805103	4.21897
425574	4.8650127291171499	0.18399470453691105	-0.0805286	4.22883
426573	4.8748779672385858	0.18408391410376479	-0.0805468	4.2387
427572	4.8847428966749291	0.18417296760312263	-0.0805649	4.24857
428571	4.8946075173031911	0.18426186555771565	-0.080583	4.25843
429570	4.9044718290007356	0.18435060848776796	-0.080601	4.26829
430569	4.9143358316451975	0.18443919691101265	-0.0806189	4.27816
431568	4.9241995251145489	0.18452763134270853	-0.0806367	4.28802
432567	4.9340629092870385	0.18461591229565133	-0.0806544	4.29789
433566	4.9439259840412886	0.18470404028018994	-0.0806721	4.30775
434565	4.9537887492561676	0.18479201580424098	-0.0806897	4.31761
435564	4.9636512048108745	0.18487983937330335	-0.0807072	4.32748
436563	4.9735133505848914	0.18496751149047261	-0.0807246	4.33734
437562	4.9833751864580362	0.18505503265645293	-0.0807419	4.3472
438561	4.993236712310388	0.18514240336957485	-0.0807592	4.35706
439560	5.0030979280223757	0.18522962412580682	-0.0807764	4.36692
440559	5.012958833474662	0.18531669541876908	-0.0807935	4.37679
441558	5.0228194285482521	0.18540361773974923	-0.0808105	4.38665
442557	5.0326797131244412	0.18549039157771349	-0.0808275	4.39651
443556	5.0425396870848145	0.1855770174193232	-0.0808443	4.40637
444555	5.0523993503112443	0.18566349574894611	-0.0808612	4.41623
445554	5.0622587026858943	0.18574982704867032	-0.0808779	4.42609
446553	5.0721177440912353	0.18583601179831818	-0.0808946	4.43595
447552	5.0819764744100153	0.18592205047545998	-0.0809112	4.44581
448551	5.0918348935252631	0.18600794355542605	-0.0809277	4.45567
449550	5.1016930013203003	0.18609369151132041	-0.0809441	4.46552
450549	 5.11155079767875	0.18617929481403322	-0.0809605	4.47538
451548	5.1214082824845084	0.18626475393225558	-0.0809768	4.48524
452547	5.1312654556217421	0.18635006933249079	-0.080993	4.4951
453546	5.1411223169748981	0.18643524147906546	-0.0810092	4.50495
454545	5.1509788664287433	0.18652027083414682	-0.0810253	4.51481
455544	5.1608351038682727	0.18660515785775209	-0.0810413	4.52467
456543	5.1706910291787782	0.18668990300776056	-0.0810573	4.53452
457542	5.1805466422458437	0.18677450673992796	-0.0810731	4.54438
458541	5.1904019429553214	0.18685896950789763	-0.081089	4.55424
459540	5.2002569311933247	0.18694329176321406	-0.0811047	4.56409
460539	5.2101116068462625	0.18702747395533262	-0.0811204	4.57395
461538	5.2199659698007954	0.18711151653163483	-0.081136	4.5838
462537	5.229820019943852	0.18719541993743813	-0.0811516	4.59366
463536	5.2396737571626657	0.18727918461600795	-0.0811671	4.60351
464535	5.2495271813447077	0.18736281100857186	-0.0811825	4.61336
465534	5.2593802923777169	0.18744629955432834	-0.0811978	4.62322
466533	5.2692330901497053	0.18752965069046015	-0.0812131	4.63307
467532	5.2790855745489589	0.18761286485214707	-0.0812283	4.64292
468531	5.2889377454640236	0.18769594247257398	-0.0812435	4.65278
469530	5.2987896027836943	0.18777888398294607	-0.0812586	4.66263
470529	5.308641146397064	0.18786168981249865	-0.0812736	4.67248
471528	5.318492376193424	0.18794436038850834	-0.0812886	4.68233
472527	5.3283432920623772	0.18802689613630427	-0.0813035	4.69218
473526	5.3381938938937825	0.18810929747928049	-0.0813184	4.70203
474525	5.3480441815777349	0.18819156483890548	-0.0813332	4.71188
475524	5.3578941550045949	0.18827369863473467	-0.0813479	4.72173
476523	5.3677438140649754	0.18835569928442025	-0.0813625	4.73158
477522	5.377593158649761	0.18843756720372226	-0.0813771	4.74143
478521	5.3874421886500814	0.18851930280652102	-0.0813917	4.75128
479520	5.3972909039573018	0.18860090650482553	-0.0814062	4.76113
480519	5.4071393044630591	0.18868237870878513	-0.0814206	4.77098
481518	5.4169873900592291	0.18876371982670187	-0.081435	4.78083
482517	5.4268351606379293	0.1888449302650376	-0.0814493	4.79068
483516	5.4366826160915656	0.18892601042842772	-0.0814635	4.80053
484515	5.4465297563127564	0.18900696071968892	-0.0814777	4.81037
485514	5.4563765811943634	0.18908778153983261	-0.0814918	4.82022
486513	5.4662230906295068	0.18916847328807165	-0.0815059	4.83007
487512	5.4760692845115653	0.18924903636183266	-0.0815199	4.83991
488511	5.4859151627341074	0.1893294711567671	-0.0815339	4.84976
489510	5.4957607251910057	0.18940977806675896	-0.0815478	4.85961
490509	5.5056059717763368	0.18948995748393657	-0.0815616	4.86945
491508	5.515450902384436	0.18957000979868155	-0.0815754	4.8793
492507	5.5252955169098863	0.18964993539963956	-0.0815892	4.88914
493506	5.5351398152474767	0.18972973467372886	-0.0816028	4.89899
494505	5.5449837972922609	0.18980940800615123	-0.0816165	4.90883
495504	5.554827462939512	0.18988895578040241	-0.08163	4.91867
496503	5.5646708120847661	0.18996837837827862	-0.0816436	4.92852
497502	5.5745138446237652	0.19004767617988982	-0.081657	4.93836
498501	5.5843565604524885	0.19012684956366621	-0.0816704	4.9482
499500	5.5941989594671711	0.19020589890636988	-0.0816838	4.95805
500499	5.6040410415642539	0.19028482458310356	-0.0816971	4.96789
501498	5.6138828066404338	0.19036362696731826	-0.0817104	4.97773
502497	5.6237242545926058	0.19044230643082447	-0.0817236	4.98757
503496	5.6335653853179268	0.19052086334380164	-0.0817367	4.99741
504495	5.6434061987137571	0.19059929807480655	-0.0817498	5.00726
505494	5.6532466946777014	0.19067761099078143	-0.0817628	5.0171
506493	5.663086873107579	0.19075580245706347	-0.0817758	5.02694
507492	5.6729267339014484	0.190833872837396	-0.0817888	5.03678
508491	5.6827662769575884	0.19091182249393449	-0.0818017	5.04662
509490	5.6926055021744979	0.19098965178725641	-0.0818145	5.05646
510489	5.7024444094508961	0.19106736107637029	-0.0818273	5.0663
511488	5.7122829986857324	0.19114495071872484	-0.0818401	5.07613
512487	5.7221212697781274	0.19122242107021667	-0.0818528	5.08597
513486	5.7319592226275597	0.19129977248519858	-0.0818654	5.09581
514485	5.7417968571335889	0.19137700531648993	-0.081878	5.10565
515484	5.7516341731960567	0.19145411991538347	-0.0818905	5.11549
516483	5.7614711707150006	0.19153111663165415	-0.081903	5.12532
517482	5.7713078495906638	0.19160799581356849	-0.0819155	5.13516
518481	5.781144209723557	0.19168475780789118	-0.0819279	5.145
519480	5.7909802510143669	0.19176140295989574	-0.0819402	5.15483
520479	5.8008159733639983	0.19183793161337012	-0.0819526	5.16467
521478	5.8106513766735306	0.19191434411062622	-0.0819648	5.17451
522477	5.8204864608443998	0.19199064079250847	-0.081977	5.18434
523476	5.8303212257781034	0.19206682199840172	-0.0819892	5.19418
524475	5.8401556713763956	0.19214288806623708	-0.0820013	5.20401
525474	5.8499897975412622	0.19221883933250425	-0.0820134	5.21385
526473	5.8598236041748892	0.19229467613225421	-0.0820254	5.22368
527472	5.8696570911796417	0.19237039879911277	-0.0820374	5.23351
528471	5.879490258458155	0.19244600766528241	-0.0820494	5.24335
529470	5.8893231059132223	0.19252150306155447	-0.0820613	5.25318
530469	5.8991556334478545	0.19259688531731542	-0.0820731	5.26301
531468	5.9089878409652803	0.19267215476055446	-0.0820849	5.27285
532467	5.9188197283689234	0.19274731171787046	-0.0820967	5.28268
533466	5.9286512955624273	0.19282235651448176	-0.0821084	5.29251
534465	5.9384825424496173	0.19289728947423099	-0.0821201	5.30234
535464	5.9483134689345265	0.19297211091959421	-0.0821317	5.31217
536463	5.9581440749214165	0.19304682117168659	-0.0821433	5.322
537462	5.9679743603147113	0.1931214205502734	-0.0821548	5.33183
538461	5.9778043250190676	0.19319590937377351	-0.0821663	5.34166
539460	5.9876339689393427	0.19327028795926762	-0.0821778	5.35149
540459	5.9974632919805604	0.19334455662250766	-0.0821892	5.36132
541458	6.0072922940479589	0.19341871567792049	-0.0822006	5.37115
542457	6.0171209750469972	0.1934927654386184	-0.0822119	5.38098
543456	6.0269493348833052	0.19356670621640365	-0.0822232	5.39081
544455	6.0367773734627272	0.19364053832177697	-0.0822345	5.40064
545454	6.0466050906912985	0.19371426206394451	-0.0822457	5.41047
546453	6.0564324864752388	0.19378787775082382	-0.0822568	5.42029
547452	6.0662595607209795	0.1938613856890517	-0.082268	5.43012
548451	6.0760863133351179	0.19393478618399088	-0.082279	5.43995
549450	6.0859127442245011	0.19400807953973662	-0.0822901	5.44978
550449	6.0957388532960826	0.19408126605912326	-0.0823011	5.4596
551448	6.1055646404570769	0.19415434604373169	-0.0823121	5.46943
552447	6.1153901056148747	0.19422731979389524	-0.082323	5.47925
553446	6.1252152486770441	0.19430018760870657	-0.0823339	5.48908
554445	6.1350400695513407	0.19437294978602515	-0.0823447	5.4989
555444	6.1448645681457474	0.19444560662248306	-0.0823555	5.50873
556443	6.1546887443683893	0.19451815841349179	-0.0823663	5.51855
557442	6.1645125981276001	0.19459060545324725	-0.082377	5.52838
558441	6.1743361293319028	0.19466294803473888	-0.0823877	5.5382
559440	6.1841593378900193	0.19473518644975396	-0.0823984	5.54802
560439	6.1939822237108038	0.19480732098888495	-0.082409	5.55785
561438	6.2038047867033503	0.19487935194153555	-0.0824196	5.56767
562437	6.2136270267769156	0.19495127959592637	-0.0824301	5.57749
563436	6.2234489438409435	0.19502310423910335	-0.0824406	5.58732
564435	6.2332705378050663	0.19509482615694032	-0.0824511	5.59714
565434	6.2430918085790923	0.19516644563414831	-0.0824615	5.60696
566433	6.252912756073016	0.19523796295428117	-0.0824719	5.61678
567432	6.2627333801970169	0.19530937839974041	-0.0824822	5.6266
568431	6.2725536808614324	0.19538069225178228	-0.0824926	5.63642
569430	6.282373657976815	0.19545190479052327	-0.0825028	5.64624
570429	6.2921933114538779	0.19552301629494542	-0.0825131	5.65606
571428	6.3020126412035076	0.19559402704290438	-0.0825233	5.66588
572427	6.3118316471367883	0.19566493731113346	-0.0825335	5.6757
573426	6.3216503291649646	0.19573574737524987	-0.0825436	5.68552
574425	6.3314686871994565	0.19580645750976153	-0.0825537	5.69534
575424	6.3412867211518735	0.19587706798807161	-0.0825638	5.70516
576423	6.3511044309339928	0.19594757908248381	-0.0825738	5.71497
577422	6.3609218164577683	0.19601799106421125	-0.0825838	5.72479
578421	6.3707388776353531	0.19608830420337742	-0.0825938	5.73461
579420	6.380555614379011	0.19615851876902582	-0.0826037	5.74443
580419	6.3903720266012378	0.19622863502912355	-0.0826136	5.75424
581418	6.4001881142146955	0.1962986532505677	-0.0826235	5.76406
582417	6.410003877132187	0.19636857369919017	-0.0826333	5.77388
583416	6.4198193152667313	0.19643839663976442	-0.0826431	5.78369
584415	6.4296344285314699	0.19650812233600889	-0.0826528	5.79351
585414	6.4394492168397655	0.19657775105059433	-0.0826626	5.80332
586413	6.4492636801051022	0.19664728304514897	-0.0826723	5.81314
587412	6.4590778182411697	0.19671671858026255	-0.0826819	5.82295
588411	6.4688916311618012	0.19678605791549364	-0.0826915	5.83276
589410	6.4787051187810505	0.19685530130937282	-0.0827011	5.84258
590409	6.4885182810130448	0.19692444901940975	-0.0827107	5.85239
591408	6.4983311177721612	0.19699350130209786	-0.0827202	5.8622
592407	6.5081436289729169	0.1970624584129185	-0.0827297	5.87202
593406	6.5179558145299934	0.19713132060634753	-0.0827392	5.88183
594405	6.5277676743582385	0.19720008813585946	-0.0827486	5.89164
595404	6.5375792083726614	0.197268761253934	-0.082758	5.90145
596403	6.5473904164884402	0.19733734021205906	-0.0827674	5.91126
597402	6.5572012986209245	0.19740582526073791	-0.0827767	5.92108
598401	6.5670118546856164	0.19747421664949219	-0.082786	5.93089
599400	6.5768220845982039	0.19754251462686911	-0.0827953	5.9407
600399	6.5866319882744833	0.19761071944044384	-0.0828045	5.95051
601398	6.5964415656304629	0.19767883133682629	-0.0828137	5.96032
602397	6.6062508165822988	0.19774685056166605	-0.0828229	5.97013
603396	6.6160597410463096	0.19781477735965625	-0.0828321	5.97994
604395	6.6258683389389761	0.19788261197453916	-0.0828412	5.98974
605394	6.6356766101769207	0.19795035464910998	-0.0828503	5.99955
606393	6.6454845546769414	0.19801800562522315	-0.0828593	6.00936
607392	6.655292172356007	0.19808556514379613	-0.0828684	6.01917
608391	6.6650994631312193	0.19815303344481341	-0.0828774	6.02898
609390	6.6749064269198488	0.19822041076733268	-0.0828863	6.03878
610389	6.684713063639359	0.19828769734949006	-0.0828953	6.04859
611388	6.6945193732072763	0.1983548934285011	-0.0829042	6.0584
612387	6.704325355541366	0.19842199924067089	-0.082913	6.0682
613386	6.7141310105595338	0.1984890150213918	-0.0829219	6.07801
614385	6.7239363381798292	0.19855594100515539	-0.0829307	6.08782
615384	6.7337413383204625	0.19862277742555137	-0.0829395	6.09762
616383	6.7435460108997809	0.1986895245152755	-0.0829483	6.10743
617382	6.7533503558363188	0.19875618250613034	-0.082957	6.11723
618381	6.7631543730487227	0.19882275162903359	-0.0829657	6.12703
619380	6.7729580624558414	0.19888923211402132	-0.0829744	6.13684
620379	6.7827614239766447	0.19895562419025059	-0.082983	6.14664
621378	6.7925644575302639	0.1990219280860068	-0.0829917	6.15644
622377	6.802367163035953	0.19908814402870484	-0.0830003	6.16625
623376	6.8121695404131595	0.1991542722448956	-0.0830088	6.17605
624375	6.8219715895814588	0.19922031296026968	-0.0830174	6.18585
625374	6.8317733104605782	0.19928626639966204	-0.0830259	6.19565
626373	6.8415747029703908	0.1993521327870553	-0.0830344	6.20546
627372	6.8513757670309507	0.1994179123455834	-0.0830428	6.21526
628371	6.8611765025624143	0.19948360529753825	-0.0830512	6.22506
629370	6.8709769094851243	0.19954921186437199	-0.0830596	6.23486
630369	6.880776987719547	0.19961473226670076	-0.083068	6.24466
631368	6.8905767371863007	0.19968016672431108	-0.0830764	6.25446
632367	6.9003761578061322	0.19974551545616148	-0.0830847	6.26426
633366	6.9101752494999982	0.1998107786803881	-0.083093	6.27406
634365	6.9199740121889386	0.1998759566143079	-0.0831012	6.28386
635364	6.9297724457941641	0.19994104947442234	-0.0831095	6.29366
636363	6.9395705502370246	0.20000605747642308	-0.0831177	6.30345
637362	6.9493683254390124	0.20007098083519381	-0.0831259	6.31325
638361	6.9591657713217812	0.20013581976481559	-0.0831341	6.32305
639360	6.9689628878071046	0.20020057447857048	-0.0831422	6.33285
640359	6.978759674816911	0.20026524518894542	-0.0831503	6.34264
641358	6.9885561322732785	0.20032983210763616	-0.0831584	6.35244
642357	6.9983522600984109	0.20039433544555027	-0.0831664	6.36224
643356	7.0081480582146884	0.20045875541281172	-0.0831745	6.37203
644355	7.0179435265445615	0.2005230922187656	-0.0831825	6.38183
645354	7.0277386650106912	0.20058734607198017	-0.0831905	6.39162
646353	7.0375334735358628	0.20065151718025118	-0.0831984	6.40142
647352	7.0473279520429761	0.20071560575060607	-0.0832064	6.41121
648351	7.0571221004551159	0.20077961198930719	-0.0832143	6.42101
649350	7.0669159186954786	0.2008435361018561	-0.0832222	6.4308
650349	7.0767094066873879	0.20090737829299662	-0.08323	6.4406
651348	7.0865025643543245	0.2009711387667189	-0.0832379	6.45039
652347	7.0962953916199023	0.20103481772626197	-0.0832457	6.46018
653346	7.1060878884078775	0.2010984153741194	-0.0832535	6.46998
654345	7.1158800546421412	0.2011619319120411	-0.0832612	6.47977
655344	7.1256718902467044	0.20122536754103698	-0.083269	6.48956
656343	7.1354633951457664	0.20128872246138232	-0.0832767	6.49935
657342	7.1452545692636065	0.20135199687261862	-0.0832844	6.50914
658341	7.1550454125246699	0.20141519097355906	-0.083292	6.51893
659340	7.1648359248535138	0.20147830496229205	-0.0832997	6.52872
660339	7.1746261061748413	0.20154133903618252	-0.0833073	6.53851
661338	7.1844159564135159	0.20160429339187808	-0.0833149	6.5483
662337	7.1942054754945142	0.20166716822531028	-0.0833225	6.55809
663336	7.2039946633429306	0.20172996373169963	-0.08333	6.56788
664335	7.2137835198840179	0.20179268010555815	-0.0833375	6.57767
665334	7.2235720450431513	0.20185531754069294	-0.0833451	6.58746
666333	7.2333602387458553	0.20191787623020899	-0.0833525	6.59725
667332	7.2431481009177325	0.2019803563665139	-0.08336	6.60704
668331	7.2529356314845783	0.2020427581413187	-0.0833674	6.61683
669330	7.262722830372299	0.2021050817456449	-0.0833748	6.62661
670329	7.2725096975069317	0.20216732736982268	-0.0833822	6.6364
671328	7.2822962328146383	0.20222949520349962	-0.0833896	6.64619
672327	7.2920824362217189	0.20229158543564008	-0.0833969	6.65597
673326	7.3018683076546083	0.20235359825452892	-0.0834043	6.66576
674325	7.3116538470398611	0.20241553384777797	-0.0834116	6.67555
675324	7.3214390543041628	0.20247739240232399	-0.0834189	6.68533
676323	7.3312239293743238	0.20253917410443534	-0.0834261	6.69512
677322	7.3410084721772986	0.20260087913971497	-0.0834333	6.7049
678321	7.3507926826401064	0.20266250769310173	-0.0834406	6.71468
679320	7.3605765606900402	0.20272405994887488	-0.0834478	6.72447
680319	7.3703601062543926	0.20278553609065758	-0.0834549	6.73425
681318	7.3801433192606076	0.20284693630141859	-0.0834621	6.74404
682317	7.3899261996362782	0.20290826076347512	-0.0834692	6.75382
683316	7.399708747309103	0.20296950965849925	-0.0834763	6.7636
684315	7.4094909622069176	0.20303068316751491	-0.0834834	6.77338
685314	7.419272844257689	0.20309178147090667	-0.0834905	6.78317
686313	7.4290543933894995	0.20315280474842093	-0.0834975	6.79295
687312	7.4388356095305497	0.20321375317916676	-0.0835045	6.80273
688311	7.4486164926092018	0.20327462694162077	-0.0835115	6.81251
689310	7.4583970425538926	0.20333542621363052	-0.0835185	6.82229
690309	7.4681772592932214	0.203396151172416	-0.0835255	6.83207
691308	7.4779571427559093	0.20345680199457239	-0.0835324	6.84185
692307	7.4877366928707394	0.20351737885607621	-0.0835393	6.85163
693306	7.4975159095666974	0.20357788193228205	-0.0835462	6.86141
694305	7.5072947927728517	0.20363831139793251	-0.0835531	6.87119
695304	7.5170733424184029	0.20369866742715523	-0.08356	6.88097
696303	7.5268515584326767	0.2037589501934689	-0.0835668	6.89075
697302	7.5366294407451146	0.20381915986978588	-0.0835736	6.90053
698301	7.5464069892852796	0.20387929662841275	-0.0835804	6.9103
699300	7.5561842039828484	0.20393936064105581	-0.0835872	6.92008
700299	 7.56596108476763	0.2039993520788223	-0.083594	6.92986
701298	7.575737631569555	0.20405927111222352	-0.0836007	6.93963
702297	7.5855138443186672	0.20411911791117682	-0.0836074	6.94941
703296	7.5952897229451573	0.20417889264501046	-0.0836141	6.95919
704295	7.6050652673792563	0.20423859548246398	-0.0836208	6.96896
705294	7.6148404775513923	0.20429822659169214	-0.0836275	6.97874
706293	7.6246153533920937	0.20435778614026612	-0.0836341	6.98851
707292	7.6343898948319904	0.20441727429517872	-0.0836408	6.99829
708291	7.6441641018018469	0.20447669122284429	-0.0836474	7.00806
709290	7.6539379742325391	0.20453603708910284	-0.0836539	7.01784
710289	7.6637115120550572	0.20459531205922335	-0.0836605	7.02761
711288	7.6734847152005079	0.20465451629790399	-0.0836671	7.03738
712287	7.6832575836001196	0.20471364996927716	-0.0836736	7.04716
713286	7.6930301171852422	0.20477271323690974	-0.0836801	7.05693
714285	7.7028023158873369	0.20483170626380834	-0.0836866	7.0667
715284	7.7125741796379677	0.20489062921241924	-0.0836931	7.07647
716283	7.7223457083687945	0.20494948224463302	-0.0836995	7.08624
717282	7.7321169020117031	0.20500826552178528	-0.083706	7.09602
718281	7.7418877604985727	0.20506697920466005	-0.0837124	7.10579
719280	7.7516582837614409	0.2051256234534925	-0.0837188	7.11556
720279	7.7614284717324447	0.20518419842796956	-0.0837252	7.12533
721278	7.771198324343854	0.20524270428723634	-0.0837315	7.1351
722277	7.7809678415280512	0.20530114118989426	-0.0837379	7.14487
723276	7.7907370232175204	0.20535950929400615	-0.0837442	7.15464
724275	7.8005058693448692	0.20541780875709728	-0.0837505	7.16441
725274	7.8102743798428147	0.20547603973615824	-0.0837568	7.17418
726273	7.8200425546441847	0.20553420238764805	-0.0837631	7.18394
727272	7.8298103936819086	0.20559229686749522	-0.0837693	7.19371
728271	7.8395778968890486	0.20565032333110048	-0.0837756	7.20348
729270	7.8493450641987907	0.20570828193333907	-0.0837818	7.21325
730269	7.8591118955443662	0.20576617282856521	-0.083788	7.22301
731268	7.8688783908591899	0.20582399617061087	-0.0837942	7.23278
732267	7.8786445500767517	0.20588175211279064	-0.0838004	7.24255
733266	7.8884103731306521	0.20593944080790266	-0.0838065	7.25231
734265	7.8981758599546179	0.20599706240823112	-0.0838127	7.26208
735264	7.9079410104824754	0.20605461706554967	-0.0838188	7.27184
736263	7.9177058246481531	0.20611210493112289	-0.0838249	7.28161
737262	7.9274703023857116	0.20616952615570661	-0.083831	7.29137
738261	7.9372344436292854	0.20622688088955515	-0.083837	7.30114
739260	7.9469982483131574	0.20628416928241722	-0.0838431	7.3109
740259	7.9567617163716919	0.20634139148354344	-0.0838491	7.32067
741258	7.9665248477393664	0.206398547641685	-0.0838551	7.33043
742257	 7.97628764235077	0.20645563790509872	-0.0838611	7.34019
743256	7.9860501001406261	0.20651266242154692	-0.0838671	7.34995
744255	7.9958122210436846	0.20656962133829948	-0.0838731	7.35972
745254	8.0055740049948838	0.20662651480213753	-0.083879	7.36948
746253	8.0153354519292357	0.20668334295935589	-0.083885	7.37924
747252	8.0250965617818544	0.20674010595576395	-0.0838909	7.389
748251	8.0348573344879899	0.20679680393668692	-0.0838968	7.39876
749250	8.044617769982974	0.20685343704697162	-0.0839027	7.40852
750249	8.0543778682022378	0.20691000543098298	-0.0839085	7.41828
751248	8.0641376290813156	0.20696650923261034	-0.0839144	7.42804
752247	8.073897052555882	0.20702294859526907	-0.0839202	7.4378
753246	8.0836561385616843	0.2070793236619019	-0.0839261	7.44756
754245	8.0934148870345783	0.20713563457498149	-0.0839319	7.45732
755244	 8.10317329791053	0.20719188147650983	-0.0839377	7.46708
756243	8.1129313711256295	0.20724806450802397	-0.0839434	7.47684
757242	8.1226891066160043	0.20730418381059657	-0.0839492	7.4866
758241	8.1324465043179597	0.20736023952483792	-0.0839549	7.49635
759240	8.1422035641678558	0.20741623179089749	-0.0839607	7.50611
760239	8.1519602861021863	0.2074721607484665	-0.0839664	7.51587
761238	8.1617166700575616	0.20752802653677918	-0.0839721	7.52562
762237	8.1714727159706353	0.20758382929461502	-0.0839778	7.53538
763236	8.1812284237781974	0.20763956916030227	-0.0839834	7.54514
764235	8.1909837934171534	0.20769524627171684	-0.0839891	7.55489
765234	8.2007388248244926	0.20775086076628768	-0.0839947	7.56465
766233	8.2104935179373086	0.20780641278099518	-0.0840003	7.5744
767232	8.2202478726928092	0.20786190245237607	-0.0840059	7.58416
768231	8.2300018890282729	0.2079173299165247	-0.0840115	7.59391
769230	8.2397555668811027	0.20797269530909121	-0.0840171	7.60366
770229	8.2495089061887104	0.20802799876529007	-0.0840227	7.61342
771228	8.2592619068888204	0.20808324041989665	-0.0840282	7.62317
772227	8.2690145689191397	0.20813842040725133	-0.0840338	7.63292
773226	8.2787668922174209	0.20819353886126052	-0.0840393	7.64268
774225	8.2885188767215556	0.20824859591539926	-0.0840448	7.65243
775224	8.2982705223695508	0.20830359170271207	-0.0840503	7.66218
776223	8.3080218290994932	0.20835852635581639	-0.0840557	7.67193
777222	8.3177727968495745	0.2084134000069022	-0.0840612	7.68168
778221	8.3275234255580948	0.20846821278773578	-0.0840666	7.69143
779220	8.3372737151634269	0.20852296482966015	-0.0840721	7.70118
780219	8.3470236656040893	0.20857765626359706	-0.0840775	7.71093
781218	8.3567732768186342	0.20863228722005001	-0.0840829	7.72068
782217	8.3665225487457668	0.20868685782910484	-0.0840883	7.73043
783216	8.3762714813242649	0.20874136822043138	-0.0840937	7.74018
784215	8.3860200744930076	0.20879581852328663	-0.084099	7.74993
785214	8.3957683281909858	0.20885020886651373	-0.0841044	7.75968
786213	8.4055162423572334	0.20890453937854725	-0.0841097	7.76943
787212	8.4152638169309437	0.20895881018741153	-0.084115	7.77917
788211	8.4250110518513743	0.20901302142072511	-0.0841203	7.78892
789210	8.434757947057884	0.2090671732056999	-0.0841256	7.79867
790209	8.4445045024898988	0.20912126566914591	-0.0841309	7.80842
791208	8.4542507180870405	0.20917529893746981	-0.0841361	7.81816
792207	8.4639965937888988	0.20922927313667897	-0.0841414	7.82791
793206	8.4737421295352409	0.20928318839238244	-0.0841466	7.83765
794205	8.4834873252658838	0.20933704482979124	-0.0841519	7.8474
795204	8.4932321809207743	0.20939084257372201	-0.0841571	7.85714
796203	 8.50297669643993	0.2094445817485979	-0.0841623	7.86689
797202	8.5127208717634666	0.20949826247844858	-0.0841674	7.87663
798201	8.5224647068315935	0.20955188488691576	-0.0841726	7.88638
799200	8.532208201584627	0.20960544909725107	-0.0841778	7.89612
800199	8.541951355963036	0.20965895523231898	-0.0841829	7.90586
801198	8.5516941699071616	0.20971240341459871	-0.084188	7.91561
802197	8.5614366433576645	0.20976579376618573	-0.0841932	7.92535
803196	8.5711787762552234	0.20981912640879269	-0.0841983	7.93509
804195	8.580920568540618	0.20987240146375269	-0.0842033	7.94483
805194	8.590662020154701	0.20992561905201851	-0.0842084	7.95458
806193	8.6004031310384264	0.20997877929416556	-0.0842135	7.96432
807192	8.6101439011328225	0.21003188231039352	-0.0842185	7.97406
808191	8.6198843303790582	0.21008492822052691	-0.0842236	7.9838
809190	8.6296244187183575	0.21013791714401786	-0.0842286	7.99354
810189	8.6393641660920579	0.21019084919994765	-0.0842336	8.00328
811188	8.6491035724415415	0.21024372450702616	-0.0842386	8.01302
812187	8.6588426377082932	0.21029654318359664	-0.0842436	8.02276
813186	8.6685813618339544	0.21034930534763316	-0.0842486	8.0325
814185	8.6783197447601825	0.21040201111674578	-0.0842535	8.04223
815184	8.6880577864286881	0.21045466060818138	-0.0842585	8.05197
816183	8.6977954867814571	0.21050725393882319	-0.0842634	8.06171
817182	8.7075328457603884	0.21055979122519405	-0.0842683	8.07145
818181	8.7172698633075338	0.21061227258345652	-0.0842732	8.08119
819180	8.7270065393650054	0.21066469812941635	-0.0842781	8.09092
820179	8.7367428738750235	0.21071706797852177	-0.084283	8.10066
821178	8.7464788667799134	0.210769382245867	-0.0842879	8.11039
822177	8.7562145180220732	0.21082164104619147	-0.0842928	8.12013
823176	8.7659498275439756	0.21087384449388299	-0.0842976	8.12987
824175	8.7756847952882087	0.21092599270297852	-0.0843025	8.1396
825174	8.7854194211974281	0.21097808578716551	-0.0843073	8.14934
826173	8.7951537052143749	0.2110301238597827	-0.0843121	8.15907
827172	8.8048876472819124	0.21108210703382427	-0.0843169	8.1688
828171	8.8146212473429522	0.21113403542193679	-0.0843217	8.17854
829170	8.8243545053404961	0.21118590913642474	-0.0843265	8.18827
830169	8.8340874212176228	0.2112377282892498	-0.0843312	8.198
831168	8.8438199949176006	0.21128949299203223	-0.084336	8.20774
832167	8.8535522263836484	0.21134120335605291	-0.0843407	8.21747
833166	8.863284115559134	0.21139285949225431	-0.0843455	8.2272
834165	8.8730156623875001	0.21144446151124205	-0.0843502	8.23693
835164	8.8827468668122904	0.21149600952328679	-0.0843549	8.24666
836163	8.8924777287771093	0.21154750363832414	-0.0843596	8.2564
837162	8.9022082482256621	0.21159894396595688	-0.0843643	8.26613
838161	8.9119384251017468	0.21165033061545624	-0.0843689	8.27586
839160	8.9216682593492393	0.21170166369576313	-0.0843736	8.28559
840159	8.9313977509120832	0.21175294331549022	-0.0843783	8.29532
841158	8.9411268997343214	0.21180416958292189	-0.0843829	8.30505
842157	8.9508557057601141	0.21185534260601629	-0.0843875	8.31477
843156	8.9605841689336465	0.21190646249240655	-0.0843921	8.3245
844155	8.9703122891992244	0.21195752934940226	-0.0843967	8.33423
845154	8.9800400665012354	0.21200854328399038	-0.0844013	8.34396
846153	8.9897675007841205	0.21205950440283661	-0.0844059	8.35369
847152	8.9994945919924678	0.21211041281228829	-0.0844105	8.36341
848151	9.0092213400708872	0.21216126861837128	-0.084415	8.37314
849150	9.0189477449641053	0.21221207192679589	-0.0844196	8.38287
850149	9.0286738066169292	0.21226282284295606	-0.0844241	8.39259
851148	9.0383995249742384	0.21231352147193047	-0.0844287	8.40232
852147	9.0481248999809729	0.21236416791848511	-0.0844332	8.41204
853146	9.0578499315822114	0.21241476228707279	-0.0844377	8.42177
854145	9.0675746197230627	0.21246530468183536	-0.0844422	8.43149
855144	9.0772989643487563	0.21251579520660485	-0.0844467	8.44122
856143	9.0870229654045804	0.21256623396490376	-0.0844511	8.45094
857142	9.0967466228359068	0.21261662105994852	-0.0844556	8.46067
858141	9.1064699365882102	0.21266695659464846	-0.08446	8.47039
859140	9.1161929066069973	0.21271724067160797	-0.0844645	8.48011
860139	9.1259155328379276	0.21276747339312671	-0.0844689	8.48984
861138	9.1356378152266888	0.21281765486120285	-0.0844733	8.49956
862137	 9.14535975371912	0.21286778517753219	-0.0844777	8.50928
863136	9.1550813482609641	0.21291786444351091	-0.0844821	8.519
864135	9.1648025987982358	0.21296789276023523	-0.0844865	8.52872
865134	9.1745235052769569	0.21301787022850419	-0.0844909	8.53845
866133	9.1842440676432293	0.21306779694881925	-0.0844953	8.54817
867132	9.1939642858432418	0.21311767302138634	-0.0844996	8.55789
868131	9.2036841598232577	0.21316749854611672	-0.084504	8.56761
869130	9.2134036895296259	0.21321727362262899	-0.0845083	8.57733
870129	9.223122874908789	0.21326699835024798	-0.0845126	8.58705
871128	9.232841715907222	0.21331667282800953	-0.0845169	8.59676
872127	9.242560212471524	0.21336629715465752	-0.0845212	8.60648
873126	9.2522783645483209	0.21341587142864737	-0.0845255	8.6162
874125	9.2619961720844088	0.21346539574814735	-0.0845298	8.62592
875124	9.2717136350265914	0.21351487021103899	-0.0845341	8.63564
876123	9.2814307533217733	0.21356429491491738	-0.0845384	8.64535
877122	9.2911475269169213	0.21361366995709427	-0.0845426	8.65507
878121	9.3008639557590804	0.21366299543459694	-0.0845469	8.66479
879120	9.3105800397954326	0.21371227144417135	-0.0845511	8.6745
880119	9.320295778973124	0.21376149808228281	-0.0845553	8.68422
881118	9.3300111732394715	0.2138106754451142	-0.0845595	8.69393
882117	9.3397262225418398	0.21385980362857143	-0.0845637	8.70365
883116	9.3494409268276737	0.21390888272828112	-0.0845679	8.71336
884115	9.3591552860444907	0.21395791283959423	-0.0845721	8.72308
885114	9.3688693001399095	0.21400689405758586	-0.0845763	8.73279
886113	9.3785829690615898	0.21405582647705459	-0.0845804	8.74251
887112	9.3882962927572748	0.21410471019252714	-0.0845846	8.75222
888111	9.3980092711748089	0.21415354529825653	-0.0845887	8.76193
889110	9.4077219042620825	0.21420233188822499	-0.0845929	8.77165
890109	9.4174341919670912	0.21425107005614291	-0.084597	8.78136
891108	9.4271461342378764	0.21429975989545216	-0.0846011	8.79107
892107	9.4368577310225916	0.2143484014993253	-0.0846052	8.80078
893106	9.4465689822694241	0.21439699496066739	-0.0846093	8.81049
894105	9.4562798879266747	0.21444554037211755	-0.0846134	8.82021
895104	9.4659904479427031	0.21449403782604934	-0.0846175	8.82992
896103	9.4757006622658793	0.21454248741457138	-0.0846216	8.83963
897102	9.4854105308448204	0.2145908892295291	-0.0846256	8.84934
898101	9.4951200536280602	0.21463924336250464	-0.0846297	8.85905
899100	9.5048292305642583	0.21468754990481942	-0.0846337	8.86876
900099	9.5145380616021544	0.21473580894753402	-0.0846377	8.87846
901098	9.5242465466905504	0.21478402058144974	-0.0846418	8.88817
902097	9.533954685778335	0.21483218489710881	-0.0846458	8.89788
903096	9.5436624788144631	0.21488030198479702	-0.0846498	8.90759
904095	9.5533699257479636	0.21492837193454184	-0.0846538	8.9173
905094	9.5630770265279477	0.21497639483611589	-0.0846578	8.927
906093	9.5727837811035883	0.21502437077903747	-0.0846617	8.93671
907092	9.5824901894241581	0.21507229985257012	-0.0846657	8.94642
908091	9.5921962514389456	0.21512018214572584	-0.0846697	8.95612
909090	9.6019019670973673	0.2151680177472633	-0.0846736	8.96583
910089	9.611607336348893	0.2152158067456916	-0.0846776	8.97553
911088	9.6213123591430794	0.21526354922926938	-0.0846815	8.98524
912087	9.6310170354295259	0.21531124528600606	-0.0846854	8.99494
913086	9.6407213651579511	0.21535889500366326	-0.0846893	9.00465
914085	9.6504253482780822	0.21540649846975468	-0.0846932	9.01435
915084	9.6601289847397709	0.21545405577154872	-0.0846971	9.02406
916083	9.6698322744929257	0.21550156699606762	-0.084701	9.03376
917082	9.6795352174875262	0.21554903223008909	-0.0847049	9.04346
918081	9.6892378136736212	0.21559645156014837	-0.0847088	9.05317
919080	9.6989400630013396	0.21564382507253838	-0.0847126	9.06287
920079	9.708641965420858	0.21569115285330756	-0.0847165	9.07257
921078	9.7183435208824562	0.21573843498826614	-0.0847203	9.08227
922077	9.7280447293364674	0.21578567156298395	-0.0847241	9.09197
923076	9.7377455907333008	0.21583286266279009	-0.084728	9.10167
924075	9.7474461050234229	0.21588000837277752	-0.0847318	9.11137
925074	9.7571462721574047	0.2159271087778013	-0.0847356	9.12108
926073	9.7668460920858511	0.21597416396247995	-0.0847394	9.13078
927072	9.7765455647594663	0.21602117401119642	-0.0847432	9.14047
928071	9.7862446901290081	0.2160681390080989	-0.084747	9.15017
929070	9.795943468145305	0.2161150590371014	-0.0847507	9.15987
930069	9.8056418987592497	0.21616193418188603	-0.0847545	9.16957
931068	9.8153399819216727	0.21620876452590126	-0.0847583	9.17927
932067	9.8250377175839319	0.21625555015236567	-0.084762	9.18897
933066	9.8347351056969767	0.21630229114426747	-0.0847658	9.19866
934065	9.8444321462119859	0.21634898758436411	-0.0847695	9.20836
935064	9.8541288390802162	0.21639563955518562	-0.0847732	9.21806
936063	9.8638251842529741	0.21644224713903315	-0.0847769	9.22776
937062	9.8735211816816442	0.21648881041798118	-0.0847806	9.23745
938061	9.8832168313177107	0.21653532947387749	-0.0847843	9.24715
939060	9.8929121331126755	0.21658180438834584	-0.084788	9.25684
940059	9.9026070870181329	0.21662823524278368	-0.0847917	9.26654
941058	9.9123016929857783	0.21667462211836597	-0.0847954	9.27623
942057	9.9219959509673288	0.2167209650960441	-0.0847991	9.28593
943056	9.9316898609145898	0.21676726425654755	-0.0848027	9.29562
944055	9.9413834227794116	0.21681351968038501	-0.0848064	9.30531
945054	9.9510766365137329	0.21685973144784262	-0.08481	9.31501
946053	9.960769502069569	0.21690589963898901	-0.0848137	9.3247
947052	9.9704620193989886	0.21695202433367333	-0.0848173	9.33439
948051	9.9801541884541276	0.21699810561152577	-0.0848209	9.34409
949050	9.9898460091871861	0.21704414355196047	-0.0848245	9.35378
950049	9.999537481550469	0.21709013823417339	-0.0848281	9.36347
951048	10.009228605496306	0.21713608973714604	-0.0848317	9.37316
952047	10.018919380977096	0.21718199813964439	-0.0848353	9.38285
953046	10.028609807945312	0.21722786352022028	-0.0848389	9.39254
954045	10.038299886353519	0.21727368595721222	-0.0848425	9.40223
955044	10.047989616154327	0.21731946552874498	-0.084846	9.41192
956043	10.057678997300377	0.21736520231273329	-0.0848496	9.42161
957042	10.067368029744436	0.21741089638687944	-0.0848531	9.4313
958041	10.077056713439299	0.21745654782867477	-0.0848567	9.44099
959040	10.086745048337869	0.21750215671540202	-0.0848602	9.45068
960039	10.09643303439308	0.21754772312413517	-0.0848637	9.46037
961038	10.106120671557921	0.21759324713173914	-0.0848672	9.47005
962037	10.115807959785476	0.2176387288148714	-0.0848708	9.47974
963036	10.12549489902886	0.21768416824998491	-0.0848743	9.48943
964035	10.135181489241301	0.21772956551332345	-0.0848778	9.49911
965034	10.144867730376081	0.21777492068092746	-0.0848812	9.5088
966033	10.15455362238651	0.21782023382863314	-0.0848847	9.51849
967032	10.164239165225995	0.21786550503207214	-0.0848882	9.52817
968031	10.17392435884797	0.21791073436667269	-0.0848917	9.53786
969030	10.183609203206036	0.21795592190766205	-0.0848951	9.54754
970029	10.193293698253752	0.218001067730065	-0.0848986	9.55723
971028	10.202977843944776	0.2180461719087059	-0.084902	9.56691
972027	10.212661640232829	0.21809123451820808	-0.0849055	9.5766
973026	10.222345087071702	0.21813625563299632	-0.0849089	9.58628
974025	10.232028184415244	0.21818123532729661	-0.0849123	9.59596
975024	10.241710932217368	0.2182261736751373	-0.0849157	9.60565
976023	10.251393330432045	0.21827107075034777	-0.0849191	9.61533
977022	10.261075379013347	0.21831592662656193	-0.0849225	9.62501
978021	10.270757077915375	0.21836074137721798	-0.0849259	9.63469
979020	10.280438427092278	0.21840551507555844	-0.0849293	9.64437
980019	10.290119426498309	0.21845024779463079	-0.0849327	9.65405
981018	10.299800076087728	0.2184949396072895	-0.084936	9.66374
982017	10.309480375814974	0.21853959058619513	-0.0849394	9.67342
983016	10.319160325634435	0.2185842008038163	-0.0849428	9.6831
984015	10.328839925500581	0.21862877033242911	-0.0849461	9.69278
985014	10.338519175367981	0.21867329924411935	-0.0849495	9.70245
986013	10.348198075191235	0.21871778761078117	-0.0849528	9.71213
987012	10.357876624925039	0.21876223550412011	-0.0849561	9.72181
988011	10.367554824524122	0.2188066429956522	-0.0849594	9.73149
989010	10.377232673943276	0.2188510101567038	-0.0849628	9.74117
990009	10.386910173137377	0.21889533705841499	-0.0849661	9.75085
991008	10.396587322061347	0.21893962377173709	-0.0849694	9.76052
992007	10.406264120670167	0.21898387036743688	-0.0849727	9.7702
993006	10.415940568918888	0.21902807691609336	-0.084976	9.77988
994005	10.425616666762641	0.21907224348810098	-0.0849792	9.78955
995004	10.435292414156571	0.2191163701536698	-0.0849825	9.79923
996003	10.444967811055921	0.21916045698282538	-0.0849858	9.8089
997002	10.454642857415987	0.2192045040454107	-0.084989	9.81858
998001	10.464317553192139	0.21924851141108492	-0.0849923	9.82825
999000	10.473991898339793	0.21929247914932642	-0.0849955	9.83793
999999	10.483665892814416	0.21933640732943149	-0.0849988	9.8476
