# Filename: 2Dvpt_K0cFind2_Plot_Op3341_K0.637_y0.000_step4000000.dat
# Source: 2Dvpt_K0cFind2_Plot.c
# Source version: 1 (2012 Jun 29 - ...)
# Constant values: PI= 3.141592653589793116, PISQ=9.8696044010893579923, PICU=31.0062766802998162063
# Parameter values: OpA=3, OpAa=3, OpB=4, OpC=1, B=124.025106721199264825, THETA=0.6, N=2, initialdl=1e-05, trajectorydl=0.0001, initialds=1e-05, trajectorydsMax=1e-05, uncertainty=1e-13, dataskipdl=10000, dataskipds=99999
# Option-dependent values: K=0.636619762367581332185, y=1.00000000000000002092e-08, Kstar=                  -10, ystar=                  -10, c=                    0, Z=                    0, lambda=                    0, initialKdir=0, flowdir=1, Max_steps=4000000
# Initialized values: Deltas=0, Deltal=0, count_steps=0, count_passes=0, K0c=0, oldK0c=-100
# Input-file parameter: Cc=6.92679e-310
# step	K	y	path-length-l	path-length-s (in K-y-space)
0	0.63661976236758133	            1e-08	0	0
1	0.6366197623625548	1.0000000000006285e-08	1e-05	5.02653e-12
2	0.63661976235752826	1.0000000000012573e-08	2e-05	1.00531e-11
3	0.63661976235250173	1.0000000000018865e-08	3e-05	1.50796e-11
4	0.63661976234747519	1.000000000002516e-08	4e-05	2.01061e-11
5	0.63661976234244866	1.0000000000031458e-08	5e-05	2.51327e-11
6	0.63661976233742212	1.0000000000037758e-08	6e-05	3.01592e-11
7	0.63661976233239559	1.0000000000044061e-08	7e-05	3.51857e-11
8	0.63661976232736905	1.0000000000050367e-08	8e-05	4.02123e-11
9	0.63661976232234252	1.0000000000056677e-08	9e-05	4.52388e-11
10	0.63661976231731598	1.000000000006299e-08	0.0001	5.02653e-11
10000	0.63661971210223389	1.0000000220745104e-08	0.1	5.02653e-08
20000	0.63661966183688645	1.0000000757316723e-08	0.2	1.00531e-07
30000	0.63661961157153901	1.0000001609714911e-08	0.3	1.50796e-07
40000	0.63661956130619157	1.0000002777939743e-08	0.4	2.01061e-07
50000	0.63661951104084413	1.000000426199134e-08	0.5	2.51327e-07
60000	0.63661946077549669	1.0000006061869863e-08	0.6	3.01592e-07
70000	0.63661941051014925	1.0000008177575398e-08	0.7	3.51857e-07
80000	0.63661936024480181	1.0000010609108245e-08	0.8	4.02123e-07
90000	0.63661930997945437	1.0000013356468549e-08	0.9	4.52388e-07
100000	0.63661925971410693	1.0000016419656644e-08	1	5.02653e-07
110000	0.63661920944875949	1.0000019798672785e-08	1.1	5.52919e-07
120000	0.63661915918341205	1.0000023493517319e-08	1.2	6.03184e-07
130000	0.63661910891806461	1.0000027504190541e-08	1.3	6.5345e-07
140000	0.63661905865271717	1.0000031830692914e-08	1.4	7.03715e-07
150000	0.63661900838736973	1.0000036473024741e-08	1.5	7.5398e-07
160000	0.63661895812202229	1.0000041431186509e-08	1.6	8.04246e-07
170000	0.63661890785667485	1.0000046705178732e-08	1.7	8.54511e-07
180000	0.63661885759132741	1.0000052295001846e-08	1.8	9.04776e-07
190000	0.63661880732597997	1.0000058200656483e-08	1.9	9.55042e-07
200000	0.63661875706063253	1.0000064422142807e-08	2	1.00531e-06
210000	0.63661870679528509	1.0000070959461729e-08	2.1	1.05557e-06
220000	0.63661865652993765	1.0000077812614203e-08	2.2	1.10584e-06
230000	0.63661860626459021	1.0000084981600472e-08	2.3	1.1561e-06
240000	0.63661855599924277	1.0000092466421203e-08	2.4	1.20637e-06
250000	0.63661850573389533	1.0000100267077311e-08	2.5	1.25663e-06
260000	0.63661845546854789	1.000010838356946e-08	2.6	1.3069e-06
270000	0.63661840520320045	1.0000116815898308e-08	2.7	1.35716e-06
280000	0.63661835493785301	1.0000125564064701e-08	2.8	1.40743e-06
290000	0.6366183046717776	1.0000134628071026e-08	2.9	1.4577e-06
300000	0.63661825440531994	1.0000144007923143e-08	3	1.50796e-06
310000	0.63661820413886228	1.0000153703622377e-08	3.1	1.55823e-06
320000	0.63661815387240461	1.0000163715169645e-08	3.2	1.6085e-06
330000	0.63661810360594695	1.0000174042565903e-08	3.3	1.65876e-06
340000	0.63661805333948929	1.0000184685812117e-08	3.4	1.70903e-06
350000	0.63661800307303162	1.0000195644909293e-08	3.5	1.75929e-06
360000	0.63661795280657396	1.0000206919858491e-08	3.6	1.80956e-06
370000	0.6366179025401163	1.000021851066076e-08	3.7	1.85983e-06
380000	0.63661785227365864	1.0000230417317209e-08	3.8	1.91009e-06
390000	0.63661780200720097	1.0000242639828963e-08	3.9	1.96036e-06
400000	0.63661775174074331	1.0000255178197174e-08	4	2.01063e-06
410000	0.63661770147428565	1.0000268032423038e-08	4.1	2.06089e-06
420000	0.63661765120782798	1.0000281202507762e-08	4.2	2.11116e-06
430000	0.63661760094137032	1.00002946884526e-08	4.3	2.16143e-06
440000	0.63661755067491266	1.0000308490258834e-08	4.4	2.21169e-06
450000	0.63661750040845499	1.0000322607927769e-08	4.5	2.26196e-06
460000	0.63661745014199733	1.0000337041460744e-08	4.6	2.31223e-06
470000	0.63661739987553967	1.0000351790859121e-08	4.7	2.36249e-06
480000	0.63661734960908201	1.0000366856124305e-08	4.8	2.41276e-06
490000	0.63661729934261679	1.0000382237257723e-08	4.9	2.46302e-06
500000	0.63661724907504891	1.0000397934264357e-08	5	2.51329e-06
510000	0.63661719880748102	1.0000413947149144e-08	5.1	2.56356e-06
520000	0.63661714853991314	1.0000430275913606e-08	5.2	2.61383e-06
530000	0.63661709827234525	1.0000446920559282e-08	5.3	2.6641e-06
540000	0.63661704800477736	1.0000463881087749e-08	5.4	2.71436e-06
550000	0.63661699773720948	1.0000481157500616e-08	5.5	2.76463e-06
560000	0.63661694746964159	1.0000498749799522e-08	5.6	2.8149e-06
570000	0.63661689720207371	1.0000516657986131e-08	5.7	2.86517e-06
580000	0.63661684693450582	1.0000534882062142e-08	5.8	2.91543e-06
590000	0.63661679666693793	1.0000553422029287e-08	5.9	2.9657e-06
600000	0.63661674639937005	1.0000572277889312e-08	6	3.01597e-06
610000	0.63661669613180216	1.0000591449644007e-08	6.1	3.06624e-06
620000	0.63661664586423428	1.000061093729519e-08	6.2	3.1165e-06
630000	0.63661659559632633	1.0000630740845037e-08	6.3	3.16677e-06
640000	0.63661654532764822	1.0000650860300391e-08	6.4	3.21704e-06
650000	0.63661649505897011	1.000067129566484e-08	6.5	3.26731e-06
660000	0.636616444790292	1.0000692046940332e-08	6.6	3.31758e-06
670000	0.63661639452161389	1.000071311412881e-08	6.7	3.36785e-06
680000	0.63661634425293578	1.0000734497232281e-08	6.8	3.41811e-06
690000	0.63661629398425768	1.0000756196252774e-08	6.9	3.46838e-06
700000	0.63661624371557957	1.0000778211192343e-08	7	3.51865e-06
710000	0.63661619344690146	1.0000800542053071e-08	7.1	3.56892e-06
720000	0.63661614317822335	1.0000823188837075e-08	7.2	3.61919e-06
730000	0.63661609290954524	1.00008461515465e-08	7.3	3.66946e-06
740000	0.63661604264055882	1.0000869430183798e-08	7.4	3.71973e-06
750000	0.63661599237077049	1.000089302475607e-08	7.5	3.77e-06
760000	0.63661594210098216	1.000091693526735e-08	7.6	3.82027e-06
770000	0.63661589183119383	1.0000941161719908e-08	7.7	3.87054e-06
780000	0.63661584156140549	1.0000965704116063e-08	7.8	3.92081e-06
790000	0.63661579129161716	1.0000990562458108e-08	7.9	3.97108e-06
800000	0.63661574102182883	1.0001015736748415e-08	8	4.02135e-06
810000	0.6366156907520405	1.0001041226989371e-08	8.1	4.07162e-06
820000	0.63661564048225217	1.0001067033183387e-08	8.2	4.12189e-06
830000	0.63661559021246383	1.0001093155332902e-08	8.3	4.17216e-06
840000	0.63661553994180353	1.000111959344256e-08	8.4	4.22243e-06
850000	0.63661548967090498	1.0001146347519526e-08	8.5	4.2727e-06
860000	0.63661543940000642	1.0001173417566488e-08	8.6	4.32297e-06
870000	0.63661538912910787	1.0001200803586011e-08	8.7	4.37324e-06
880000	0.63661533885820931	1.0001228505580695e-08	8.8	4.42351e-06
890000	0.63661528858731076	1.0001256523553171e-08	8.9	4.47378e-06
900000	0.6366152383164122	1.000128485750608e-08	9	4.52405e-06
910000	0.63661518804551365	1.0001313507442118e-08	9.1	4.57432e-06
920000	0.63661513777425494	1.0001342473364362e-08	9.2	4.62459e-06
930000	0.63661508750224616	1.0001371755280579e-08	9.3	4.67487e-06
940000	0.63661503723023738	1.0001401353195133e-08	9.4	4.72514e-06
950000	0.6366149869582286	1.0001431267110826e-08	9.5	4.77541e-06
960000	0.63661493668621982	1.0001461497030504e-08	9.6	4.82568e-06
970000	0.63661488641421105	1.0001492042957024e-08	9.7	4.87595e-06
980000	0.63661483614220227	1.0001522904893279e-08	9.8	4.92623e-06
990000	0.63661478587019349	1.0001554082842194e-08	9.9	4.9765e-06
1000000	0.63661473559749904	1.0001585576808065e-08	10	5.02677e-06
1010000	0.63661468532438004	1.0001617386798999e-08	10.1	5.07704e-06
1020000	0.63661463505126104	1.000164951281853e-08	10.2	5.12732e-06
1030000	0.63661458477814203	1.0001681954869695e-08	10.3	5.17759e-06
1040000	0.63661453450502303	1.0001714712955578e-08	10.4	5.22786e-06
1050000	0.63661448423190403	1.000174778707927e-08	10.5	5.27814e-06
1060000	0.63661443395878503	1.0001781177243919e-08	10.6	5.32841e-06
1070000	0.63661438368511847	1.0001814883453527e-08	10.7	5.37868e-06
1080000	0.63661433341088924	1.0001848905716515e-08	10.8	5.42896e-06
1090000	0.63661428313666002	1.0001883244037041e-08	10.9	5.47923e-06
1100000	0.6366142328624308	1.0001917898418318e-08	11	5.52951e-06
1110000	0.63661418258820157	1.0001952868863655e-08	11.1	5.57978e-06
1120000	0.63661413231397235	1.0001988155376353e-08	11.2	5.63005e-06
1130000	0.63661408203974312	1.0002023757959758e-08	11.3	5.68033e-06
1140000	0.6366140317645852	1.0002059676619694e-08	11.4	5.7306e-06
1150000	0.63661398148924575	1.0002095911364006e-08	11.5	5.78088e-06
1160000	0.6366139312139063	1.0002132462196212e-08	11.6	5.83115e-06
1170000	0.63661388093856686	1.0002169329119784e-08	11.7	5.88143e-06
1180000	0.63661383066322741	1.0002206512138209e-08	11.8	5.9317e-06
1190000	0.63661378038788796	1.0002244011255049e-08	11.9	5.98198e-06
1200000	0.63661373011192035	1.0002281826474918e-08	12	6.03226e-06
1210000	0.63661367983547068	1.0002319957806621e-08	12.1	6.08253e-06
1220000	0.63661362955902101	1.0002358405254439e-08	12.2	6.13281e-06
1230000	0.63661357928257134	1.0002397168822009e-08	12.3	6.18309e-06
1240000	0.63661352900612167	1.0002436248513019e-08	12.4	6.23336e-06
1250000	0.636613478729672	1.0002475644331169e-08	12.5	6.28364e-06
1260000	0.63661342845253299	1.0002515356281526e-08	12.6	6.33392e-06
1270000	0.6366133781749731	1.0002555384373002e-08	12.7	6.38419e-06
1280000	0.63661332789741321	1.0002595728609877e-08	12.8	6.43447e-06
1290000	0.63661327761985331	1.0002636388995977e-08	12.9	6.48475e-06
1300000	0.63661322734229342	1.0002677365535159e-08	13	6.53503e-06
1310000	0.63661317706473353	1.000271865823131e-08	13.1	6.5853e-06
1320000	0.63661312678611237	1.0002760267091526e-08	13.2	6.63558e-06
1330000	0.63661307650744225	1.0002802192123543e-08	13.3	6.68586e-06
1340000	0.63661302622877214	1.0002844433331334e-08	13.4	6.73614e-06
1350000	0.63661297595010202	1.0002886990718908e-08	13.5	6.78642e-06
1360000	0.63661292567143191	1.00029298642903e-08	13.6	6.8367e-06
1370000	0.63661287539216838	1.000297305405056e-08	13.7	6.88698e-06
1380000	0.63661282511238804	1.0003016560009021e-08	13.8	6.93726e-06
1390000	0.6366127748326077	1.0003060382170558e-08	13.9	6.98753e-06
1400000	0.63661272455282736	1.0003104520539325e-08	14	7.03781e-06
1410000	0.63661267427304702	1.0003148975119494e-08	14.1	7.08809e-06
1420000	0.63661262399290275	1.0003193745915673e-08	14.2	7.13837e-06
1430000	0.63661257371201219	1.0003238832937131e-08	14.3	7.18866e-06
1440000	0.63661252343112162	1.0003284236189713e-08	14.4	7.23894e-06
1450000	0.63661247315023106	1.0003329955677723e-08	14.5	7.28922e-06
1460000	0.6366124228693405	1.000337599140549e-08	14.6	7.3395e-06
1470000	0.63661237258810333	1.0003422343377721e-08	14.7	7.38978e-06
1480000	0.63661232230610254	1.0003469011603806e-08	14.8	7.44006e-06
1490000	0.63661227202410176	1.0003515996089809e-08	14.9	7.49034e-06
1500000	0.63661222174210097	1.0003563296840198e-08	15	7.54063e-06
1510000	0.63661217146010018	1.0003610913859439e-08	15.1	7.59091e-06
1520000	0.6366121211775797	1.0003658847152786e-08	15.2	7.64119e-06
1530000	0.6366120708944687	1.0003707096730085e-08	15.3	7.69147e-06
1540000	0.63661202061135769	1.0003755662596845e-08	15.4	7.74176e-06
1550000	0.63661197032824668	1.0003804544757696e-08	15.5	7.79204e-06
1560000	0.63661192004513567	1.000385374321725e-08	15.6	7.84232e-06
1570000	0.63661186976115969	1.0003903257982307e-08	15.7	7.89261e-06
1580000	0.63661181947693846	1.0003953089062229e-08	15.8	7.94289e-06
1590000	0.63661176919271723	1.0004003236461924e-08	15.9	7.99317e-06
1600000	0.63661171890849599	1.0004053700186144e-08	16	8.04346e-06
1610000	0.6366116686240183	1.0004104480239868e-08	16.1	8.09374e-06
1620000	0.63661161833868685	1.0004155576632627e-08	16.2	8.14403e-06
1630000	0.63661156805335539	1.0004206989371334e-08	16.3	8.19431e-06
1640000	0.63661151776802394	1.0004258718460859e-08	16.4	8.2446e-06
1650000	0.63661146748269248	1.0004310763906149e-08	16.5	8.29488e-06
1660000	0.63661141719645953	1.0004363125714375e-08	16.6	8.34517e-06
1670000	0.63661136691001785	1.0004415803895084e-08	16.7	8.39546e-06
1680000	0.63661131662357617	1.0004468798453386e-08	16.8	8.44574e-06
1690000	0.6366112663371345	1.0004522109394317e-08	16.9	8.49603e-06
1700000	0.63661121605012472	1.0004575736723834e-08	17	8.54632e-06
1710000	0.63661116576257282	1.0004629680452265e-08	17.1	8.59661e-06
1720000	0.63661111547502092	1.0004683940585562e-08	17.2	8.64689e-06
1730000	0.63661106518746902	1.0004738517128858e-08	17.3	8.69718e-06
1740000	0.63661101489956085	1.0004793410087694e-08	17.4	8.74747e-06
1750000	0.63661096461089872	1.0004848619472276e-08	17.5	8.79776e-06
1760000	0.6366109143222366	1.000490414528946e-08	17.6	8.84805e-06
1770000	0.63661086403357448	1.0004959987544516e-08	17.7	8.89833e-06
1780000	0.636610813744655	1.000501614624291e-08	17.8	8.94862e-06
1790000	0.63661076345488266	1.000507262139471e-08	17.9	8.99891e-06
1800000	0.63661071316511031	1.0005129413007325e-08	18	9.0492e-06
1810000	0.63661066287533796	1.0005186521086133e-08	18.1	9.09949e-06
1820000	0.63661061258530216	1.0005243945636766e-08	18.2	9.14978e-06
1830000	0.63661056229441959	1.0005301686669474e-08	18.3	9.20007e-06
1840000	0.63661051200353702	1.0005359744191629e-08	18.4	9.25036e-06
1850000	0.63661046171265445	1.000541811820881e-08	18.5	9.30065e-06
1860000	0.6366104114214044	1.0005476808726932e-08	18.6	9.35095e-06
1870000	0.63661036112941161	1.0005535815756596e-08	18.7	9.40124e-06
1880000	0.63661031083741881	1.0005595139304968e-08	18.8	9.45153e-06
1890000	0.63661026054542602	1.0005654779377667e-08	18.9	9.50182e-06
1900000	0.63661021025286979	1.0005714735981245e-08	19	9.55211e-06
1910000	0.63661015995976677	1.0005775009126631e-08	19.1	9.60241e-06
1920000	0.63661010966666376	1.0005835598820375e-08	19.2	9.6527e-06
1930000	0.63661005937356074	1.0005896505068234e-08	19.3	9.70299e-06
1940000	0.63661000907961218	1.0005957727878e-08	19.4	9.75329e-06
1950000	0.63660995878539894	1.0006019267260226e-08	19.5	9.80358e-06
1960000	0.63660990849118571	1.0006081123220971e-08	19.6	9.85388e-06
1970000	0.63660985819687377	1.0006143295766122e-08	19.7	9.90417e-06
1980000	0.63660980790155031	1.0006205784905626e-08	19.8	9.95447e-06
1990000	0.63660975760622684	1.0006268590648311e-08	19.9	1.00048e-05
2000000	0.63660970731090338	1.0006331713000115e-08	20	1.00551e-05
2010000	0.63660965701504124	1.0006395151967874e-08	20.1	1.01054e-05
2020000	0.63660960671860756	1.0006458907562832e-08	20.2	1.01556e-05
2030000	0.63660955642217387	1.0006522979791956e-08	20.3	1.02059e-05
2040000	0.63660950612574019	1.0006587368661338e-08	20.4	1.02562e-05
2050000	0.63660945582825534	1.0006652074180179e-08	20.5	1.03065e-05
2060000	0.63660940553071144	1.0006717096358482e-08	20.6	1.03568e-05
2070000	0.63660935523316753	1.0006782435202423e-08	20.7	1.04071e-05
2080000	0.63660930493510159	1.0006848090718965e-08	20.8	1.04574e-05
2090000	0.63660925463644746	1.000691406291957e-08	20.9	1.05077e-05
2100000	0.63660920433779333	1.0006980351811512e-08	21	1.0558e-05
2110000	0.63660915403908114	1.0007046957401009e-08	21.1	1.06083e-05
2120000	0.63660910373931678	1.0007113879698261e-08	21.2	1.06586e-05
2130000	0.63660905343955243	1.0007181118712754e-08	21.3	1.07089e-05
2140000	0.63660900313978808	1.0007248674450852e-08	21.4	1.07592e-05
2150000	0.63660895283925734	1.0007316546920624e-08	21.5	1.08095e-05
2160000	0.63660890253838276	1.0007384736133521e-08	21.6	1.08598e-05
2170000	0.63660885223750818	1.0007453242096317e-08	21.7	1.09101e-05
2180000	0.63660880193621006	1.0007522064816022e-08	21.8	1.09604e-05
2190000	0.63660875163422526	1.0007591204304305e-08	21.9	1.10107e-05
2200000	0.63660870133224046	1.000766066056906e-08	22	1.1061e-05
2210000	0.63660865103011866	1.0007730433616937e-08	22.1	1.11113e-05
2220000	0.63660860072702363	1.0007800523458793e-08	22.2	1.11616e-05
2230000	0.63660855042392861	1.0007870930103966e-08	22.3	1.12119e-05
2240000	0.63660850012083359	1.0007941653559135e-08	22.4	1.12622e-05
2250000	0.63660844981672393	1.0008012693833916e-08	22.5	1.13126e-05
2260000	0.63660839951251869	1.0008084050939094e-08	22.6	1.13629e-05
2270000	0.63660834920831344	1.0008155724881463e-08	22.7	1.14132e-05
2280000	0.63660829890327475	1.0008227715669796e-08	22.8	1.14635e-05
2290000	0.63660824859795928	1.0008300023315711e-08	22.9	1.15138e-05
2300000	0.63660819829264381	1.0008372647826288e-08	23	1.15641e-05
2310000	0.63660814798662668	1.0008445589209818e-08	23.1	1.16144e-05
2320000	0.63660809768020099	1.0008518847478328e-08	23.2	1.16647e-05
2330000	0.6366080473737753	1.0008592422639255e-08	23.3	1.1715e-05
2340000	0.63660799706673243	1.0008666314700641e-08	23.4	1.17653e-05
2350000	0.63660794675919652	1.000874052367472e-08	23.5	1.18156e-05
2360000	0.6366078964516606	1.0008815049569224e-08	23.6	1.18659e-05
2370000	0.6366078461435466	1.0008889892392174e-08	23.7	1.19162e-05
2380000	0.63660779583490046	1.0008965052155896e-08	23.8	1.19665e-05
2390000	0.63660774552625432	1.0009040528868324e-08	23.9	1.20168e-05
2400000	0.63660769521702543	1.0009116322537587e-08	24	1.20672e-05
2410000	0.63660764490726907	1.0009192433176106e-08	24.1	1.21175e-05
2420000	0.6366075945975127	1.0009268860791881e-08	24.2	1.21678e-05
2430000	0.63660754428712696	1.00093456053933e-08	24.3	1.22181e-05
2440000	0.63660749397626037	1.0009422666992856e-08	24.4	1.22684e-05
2450000	0.63660744366539379	1.0009500045598501e-08	24.5	1.23187e-05
2460000	0.63660739335381078	1.0009577741219033e-08	24.6	1.2369e-05
2470000	0.63660734304183397	1.0009655753866926e-08	24.7	1.24193e-05
2480000	0.63660729272985717	1.0009734083550016e-08	24.8	1.24696e-05
2490000	0.6366072424170377	1.000981273027775e-08	24.9	1.252e-05
2500000	0.63660719210395067	1.0009891694062354e-08	25	1.25703e-05
2510000	0.63660714179086364	1.0009970974911533e-08	25.1	1.26206e-05
2520000	0.63660709147677019	1.0010050572835747e-08	25.2	1.26709e-05
2530000	0.63660704116257294	1.0010130487846517e-08	25.3	1.27212e-05
2540000	0.63660699084827943	1.0010210719951483e-08	25.4	1.27715e-05
2550000	0.63660694053297195	1.001029126916236e-08	25.5	1.28218e-05
2560000	0.63660689021766448	1.0010372135489692e-08	25.6	1.28721e-05
2570000	0.63660683990202549	1.0010453318941472e-08	25.7	1.29225e-05
2580000	0.63660678958560779	1.0010534819530355e-08	25.8	1.29728e-05
2590000	0.63660673926919009	1.0010616637265788e-08	25.9	1.30231e-05
2600000	0.63660668895217154	1.0010698772156572e-08	26	1.30734e-05
2610000	0.63660663863464362	1.0010781224215708e-08	26.1	1.31237e-05
2620000	0.6366065883171157	1.0010863993451781e-08	26.2	1.31741e-05
2630000	0.63660653799868483	1.001094707987493e-08	26.3	1.32244e-05
2640000	0.63660648768004668	1.0011030483497614e-08	26.4	1.32747e-05
2650000	0.63660643736128186	1.0011114204327913e-08	26.5	1.3325e-05
2660000	0.63660638704153349	1.0011198242377976e-08	26.6	1.33753e-05
2670000	0.63660633672178513	1.0011282597658497e-08	26.7	1.34256e-05
2680000	0.63660628640154526	1.0011367270178191e-08	26.8	1.3476e-05
2690000	0.63660623608068667	1.00114522599503e-08	26.9	1.35263e-05
2700000	0.63660618575982808	1.0011537566983983e-08	27	1.35766e-05
2710000	0.6366061354380832	1.001162319128955e-08	27.1	1.36269e-05
2720000	0.63660608511611438	1.0011709132879753e-08	27.2	1.36773e-05
2730000	0.63660603479394562	1.001179539176302e-08	27.3	1.37276e-05
2740000	0.63660598447086658	1.0011881967952066e-08	27.4	1.37779e-05
2750000	0.63660593414778754	1.0011968861457412e-08	27.5	1.38282e-05
2760000	0.63660588382405658	1.001205607228855e-08	27.6	1.38785e-05
2770000	0.63660583349986732	1.0012143600458928e-08	27.7	1.39289e-05
2780000	0.63660578317565686	1.0012231445977455e-08	27.8	1.39792e-05
2790000	0.63660573285035738	1.001231960885611e-08	27.9	1.40295e-05
2800000	0.63660568252505789	1.0012408089106595e-08	28	1.40798e-05
2810000	0.63660563219923116	1.0012496886738118e-08	28.1	1.41302e-05
2820000	0.63660558187282146	1.0012586001764339e-08	28.2	1.41805e-05
2830000	0.63660553154641175	1.0012675434194675e-08	28.3	1.42308e-05
2840000	0.63660548121894278	1.0012765184040805e-08	28.4	1.42811e-05
2850000	0.63660543089142285	1.0012855251315046e-08	28.5	1.43315e-05
2860000	0.63660538056339677	1.0012945636026683e-08	28.6	1.43818e-05
2870000	0.63660533023476662	1.00130363381895e-08	28.7	1.44321e-05
2880000	0.63660527990613647	1.0013127357813183e-08	28.8	1.44825e-05
2890000	0.63660522957641841	1.0013218694909706e-08	28.9	1.45328e-05
2900000	0.63660517924667803	1.001331034949138e-08	29	1.45831e-05
2910000	0.63660512891635435	1.0013402321567872e-08	29.1	1.46335e-05
2920000	0.63660507858550375	1.0013494611153143e-08	29.2	1.46838e-05
2930000	0.63660502825455112	1.0013587218256778e-08	29.3	1.47341e-05
2940000	0.6366049779225903	1.0013680142891641e-08	29.4	1.47844e-05
2950000	0.63660492759062948	1.001377338506944e-08	29.5	1.48348e-05
2960000	0.63660487725791493	1.0013866944800641e-08	29.6	1.48851e-05
2970000	0.63660482692484388	1.0013960822099138e-08	29.7	1.49354e-05
2980000	0.63660477659145553	1.001405501697449e-08	29.8	1.49858e-05
2990000	0.63660472625727427	1.0014149529440572e-08	29.9	1.50361e-05
3000000	0.636604675923093	1.0014244359508137e-08	30	1.50864e-05
3010000	0.6366046255878991	1.0014339507189093e-08	30.1	1.51368e-05
3020000	0.63660457525260761	1.0014434972496523e-08	30.2	1.51871e-05
3030000	0.63660452491669717	1.0014530755440614e-08	30.3	1.52375e-05
3040000	0.63660447458029545	1.0014626856035685e-08	30.4	1.52878e-05
3050000	0.63660442424364794	1.001472327429171e-08	30.5	1.53381e-05
3060000	0.636604373906136	1.0014820010222542e-08	30.6	1.53885e-05
3070000	0.63660432356862406	1.0014917063839493e-08	30.7	1.54388e-05
3080000	0.63660427323010915	1.0015014435154625e-08	30.8	1.54891e-05
3090000	0.63660422289148699	1.0015112124181287e-08	30.9	1.55395e-05
3100000	0.63660417255219526	1.0015210130930075e-08	31	1.55898e-05
3110000	0.63660412221246288	1.0015308455415478e-08	31.1	1.56402e-05
3120000	0.636604071872375	1.0015407097647695e-08	31.2	1.56905e-05
3130000	0.63660402153153239	1.0015506057641138e-08	31.3	1.57408e-05
3140000	0.63660397119062972	1.0015605335406831e-08	31.4	1.57912e-05
3150000	0.6366039208486769	1.0015704930958049e-08	31.5	1.58415e-05
3160000	0.63660387050672407	1.0015804844307384e-08	31.6	1.58919e-05
3170000	0.63660382016387784	1.0015905075466577e-08	31.7	1.59422e-05
3180000	0.63660376982081479	1.0016005624449759e-08	31.8	1.59925e-05
3190000	0.63660371947711736	1.0016106491267746e-08	31.9	1.60429e-05
3200000	0.63660366913294408	1.0016207675935329e-08	32	1.60932e-05
3210000	0.63660361878837779	1.0016309178463196e-08	32.1	1.61436e-05
3220000	0.63660356844309429	1.0016410998866075e-08	32.2	1.61939e-05
3230000	0.63660351809764193	1.0016513137155186e-08	32.3	1.62443e-05
3240000	0.63660346775124821	1.0016615593344633e-08	32.4	1.62946e-05
3250000	0.63660341740485449	1.0016718367446649e-08	32.5	1.6345e-05
3260000	0.63660336705738896	1.0016821459474262e-08	32.6	1.63953e-05
3270000	0.63660331670988501	1.0016924869440977e-08	32.7	1.64457e-05
3280000	0.63660326636150011	1.0017028597358859e-08	32.8	1.6496e-05
3290000	0.63660321601288594	1.0017132643242377e-08	32.9	1.65464e-05
3300000	0.63660316566356534	1.0017237007102981e-08	33	1.65967e-05
3310000	0.63660311531384095	1.0017341688955702e-08	33.1	1.66471e-05
3320000	0.63660306496356878	1.0017446688811791e-08	33.2	1.66974e-05
3330000	0.63660301461273416	1.0017552006686473e-08	33.3	1.67478e-05
3340000	0.63660296426149476	1.0017657642591125e-08	33.4	1.67981e-05
3350000	0.63660291390954993	1.0017763596540883e-08	33.5	1.68485e-05
3360000	0.6366028635573282	1.0017869868547444e-08	33.6	1.68988e-05
3370000	0.63660281320427314	1.0017976458625718e-08	33.7	1.69492e-05
3380000	0.63660276285105399	1.0018083366787879e-08	33.8	1.69995e-05
3390000	0.63660271249688871	1.0018190593048444e-08	33.9	1.70499e-05
3400000	0.63660266214265748	1.0018298137420172e-08	34	1.71002e-05
3410000	0.63660261178738198	1.0018405999917174e-08	34.1	1.71506e-05
3420000	0.63660256143210647	1.0018514180552608e-08	34.2	1.72009e-05
3430000	0.63660251107573851	1.0018622679340463e-08	34.3	1.72513e-05
3440000	0.63660246071935278	1.00187314962945e-08	34.4	1.73016e-05
3450000	0.63660241036194409	1.0018840631428032e-08	34.5	1.7352e-05
3460000	0.63660236000444814	1.0018950084755428e-08	34.6	1.74024e-05
3470000	0.63660230964598485	1.0019059856289764e-08	34.7	1.74527e-05
3480000	0.63660225928737868	1.0019169946045751e-08	34.8	1.75031e-05
3490000	0.63660220892784725	1.0019280354036336e-08	34.9	1.75534e-05
3500000	0.63660215856813085	1.0019391080276486e-08	35	1.76038e-05
3510000	0.63660210820751773	1.0019502124779098e-08	35.1	1.76542e-05
3520000	0.63660205784669111	1.0019613487559295e-08	35.2	1.77045e-05
3530000	0.63660200748498308	1.0019725168630012e-08	35.3	1.77549e-05
3540000	0.63660195712304624	1.0019837168006494e-08	35.4	1.78052e-05
3550000	0.63660190676023043	1.0019949485701733e-08	35.5	1.78556e-05
3560000	0.63660185639718336	1.0020062121731067e-08	35.6	1.7906e-05
3570000	0.63660180603324712	1.0020175076107551e-08	35.7	1.79563e-05
3580000	0.63660175566908983	1.0020288348846559e-08	35.8	1.80067e-05
3590000	0.63660170530402049	1.0020401939961369e-08	35.9	1.80571e-05
3600000	0.63660165493875298	1.0020515849467275e-08	36	1.81074e-05
3610000	0.63660160457253834	1.0020630077377779e-08	36.1	1.81578e-05
3620000	0.6366015542061606	1.00207446237081e-08	36.2	1.82082e-05
3630000	0.63660150383878855	1.0020859488472001e-08	36.3	1.82585e-05
3640000	0.63660145347130059	1.002097467168457e-08	36.4	1.83089e-05
3650000	0.63660140310275914	1.0021090173359937e-08	36.5	1.83593e-05
3660000	0.63660135273414686	1.0021205993512909e-08	36.6	1.84096e-05
3670000	0.63660130236443846	1.00213221321581e-08	36.7	1.846e-05
3680000	0.63660125199463369	1.0021438589309984e-08	36.8	1.85104e-05
3690000	0.63660120162381506	1.0021555364983665e-08	36.9	1.85607e-05
3700000	0.63660115125280636	1.0021672459193286e-08	37	1.86111e-05
3710000	0.63660110088087751	1.0021789871954467e-08	37.1	1.86615e-05
3720000	0.63660105050865368	1.0021907603281026e-08	37.2	1.87119e-05
3730000	0.6366010001356146	1.0022025653188992e-08	37.3	1.87622e-05
3740000	0.63660094976216475	1.0022144021691966e-08	37.4	1.88126e-05
3750000	0.63660089938801545	1.0022262708806302e-08	37.5	1.8863e-05
3760000	0.6366008490133287	1.0022381714545552e-08	37.6	1.89134e-05
3770000	0.63660079863806918	1.0022501038926249e-08	37.7	1.89637e-05
3780000	0.63660074826213486	1.002262068196195e-08	37.8	1.90141e-05
3790000	0.63660069788576512	1.0022740643669205e-08	37.9	1.90645e-05
3800000	0.6366006475085727	1.0022860924061878e-08	38	1.91149e-05
3810000	0.63660059713109274	1.0022981523156257e-08	38.1	1.91652e-05
3820000	0.636600546752632	1.0023102440966745e-08	38.2	1.92156e-05
3830000	0.63660049637400284	1.002322367750908e-08	38.3	1.9266e-05
3840000	0.63660044599430243	1.0023345232798574e-08	38.4	1.93164e-05
3850000	0.63660039561438464	1.0023467106850184e-08	38.5	1.93668e-05
3860000	0.63660034523357401	1.0023589299680082e-08	38.6	1.94171e-05
3870000	0.6366002948523577	1.0023711811302632e-08	38.7	1.94675e-05
3880000	0.63660024447043684	1.0023834641734592e-08	38.8	1.95179e-05
3890000	0.63660019408791224	1.0023957790990086e-08	38.9	1.95683e-05
3900000	0.63660014370488116	1.0024081259086084e-08	39	1.96187e-05
3910000	0.63660009332103873	1.0024205046036894e-08	39.1	1.9669e-05
3920000	0.63660004293689743	1.0024329151859189e-08	39.2	1.97194e-05
3930000	0.63659999255172761	1.0024453576568013e-08	39.3	1.97698e-05
3940000	0.63659994216633131	1.0024578320179227e-08	39.4	1.98202e-05
3950000	0.63659989177996956	1.0024703382709024e-08	39.5	1.98706e-05
3960000	0.63659984139322734	1.0024828764172346e-08	39.6	1.9921e-05
3970000	0.63659979100575537	1.0024954464586198e-08	39.7	1.99714e-05
3980000	0.63659974061765812	1.0025080483965158e-08	39.8	2.00217e-05
3990000	0.63659969022907592	1.002520682232643e-08	39.9	2.00721e-05
4000000	0.63659963983961465	1.0025333479684897e-08	40	2.01225e-05
