# Filename: 2Dvpt_K0cFind2_Plot_Op3374_K-2.546_y-0.075_step1000000.dat
# Source: 2Dvpt_K0cFind2_Plot.c
# Source version: 1 (2012 Jun 29 - ...)
# Constant values: PI= 3.141592653589793116, PISQ=9.8696044010893579923, PICU=31.0062766802998162063
# Parameter values: OpA=3, OpAa=3, OpB=7, OpC=4, B=124.025106721199264825, THETA=0.6, N=2, initialdl=1e-05, trajectorydl=0.0001, initialds=1e-05, trajectorydsMax=1e-05, uncertainty=1e-13, dataskipdl=100, dataskipds=999
# Option-dependent values: K=-2.54647908947032552973, y=-0.0749999999999999972244, Kstar=                  -10, ystar=                  -10, c=                    0, Z=                    0, lambda=                    0, initialKdir=0, flowdir=-1, Max_steps=1000000
# Initialized values: Deltas=0, Deltal=0, count_steps=0, count_passes=0, K0c=0, oldK0c=-100
# Input-file parameter: Cc=0
# step	K	y	path-length-l	path-length-s (in K-y-space)
0	-2.5464790894703255	-0.074999999999999997	0	0
1	-2.5464790894703255	-0.074999999999999997	2.07519e-317	0
2	-2.5464890727378897	-0.074999751737086937	-1.65509e-07	9.98635e-06
3	-2.5464990560054996	-0.074999503475340679	-3.31016e-07	1.99727e-05
4	-2.5465090392731553	-0.074999255214761223	-4.96524e-07	2.99591e-05
5	-2.5465190225408567	-0.074999006955348557	-6.6203e-07	3.99454e-05
6	-2.5465290058086039	-0.074998758697102666	-8.27536e-07	4.99318e-05
7	-2.5465389890763968	-0.074998510440023536	-9.93041e-07	5.99181e-05
8	-2.5465489723442354	-0.074998262184111167	-1.15854e-06	6.99045e-05
9	-2.5465589556121198	-0.074998013929365531	-1.32405e-06	7.98908e-05
10	-2.5465689388800499	-0.074997765675786629	-1.48955e-06	8.98772e-05
999	-2.5564424132437811	-0.074752812347625056	-0.000164806	0.00996639
1998	-2.5664157658116666	-0.074506530377962926	-0.000329038	0.0199428
2997	-2.5763891637624576	-0.074261391933427442	-0.000492537	0.0299192
3996	-2.5863626069581382	-0.074017386729974669	-0.000655311	0.0398956
4995	-2.5963360952665191	-0.073774504618809467	-0.000817368	0.0498721
5994	-2.6063096285611138	-0.073532735584061176	-0.000978714	0.0598485
6993	-2.6162832067210053	-0.073292069740509086	-0.00113936	0.069825
7992	-2.6262568296306852	-0.073052497331356187	-0.0012993	0.0798015
8991	-2.6362304971799642	-0.072814008726048776	-0.00145856	0.089778
9990	-2.6462042092638081	-0.072576594418141474	-0.00161714	0.0997546
10989	-2.6561779657822391	-0.072340245023207378	-0.00177503	0.109731
11988	-2.6661517666401902	-0.072104951276791021	-0.00193226	0.119708
12987	-2.6761256117474481	-0.071870704032403809	-0.00208883	0.129684
13986	-2.6860995010184525	-0.071637494259559301	-0.00224474	0.139661
14985	-2.6960734343722499	-0.071405313041851382	-0.00240001	0.149638
15984	-2.7060474117323534	-0.071174151575068623	-0.00255463	0.159614
16983	-2.716021433026651	-0.07094400116534956	-0.00270861	0.169591
17982	-2.7259954981873178	-0.07071485322737317	-0.00286196	0.179568
18981	-2.7359696071506803	-0.070486699282587231	-0.00301469	0.189544
19980	-2.7459437598571377	-0.070259530957471686	-0.0031668	0.199521
20979	-2.7559179562510741	-0.070033339981837014	-0.0033183	0.209498
21978	-2.7658921962807641	-0.069808118187155432	-0.00346919	0.219475
22977	-2.775866479898256	-0.069583857504927543	-0.00361948	0.229451
23976	-2.7858408070593303	-0.069360549965078427	-0.00376917	0.239428
24975	-2.7958151777233731	-0.069138187694387551	-0.00391828	0.249405
25974	-2.8057895918533191	-0.06891676291494897	-0.0040668	0.259382
26973	-2.8157640494155207	-0.06869626794266126	-0.00421475	0.269359
27972	-2.8257385503797585	-0.068476695185745881	-0.00436212	0.279336
28971	-2.8357130947190865	-0.068258037143297534	-0.00450892	0.289313
29970	-2.8456876824097832	-0.068040286403858841	-0.00465517	0.29929
30969	-2.8556623134312704	-0.067823435644025154	-0.00480085	0.309267
31968	-2.8656369877660564	-0.067607477627074725	-0.00494599	0.319244
32967	-2.8756117053996575	-0.06739240520162515	-0.00509058	0.329221
33966	-2.8855864663205137	-0.0671782113003173	-0.00523463	0.339198
34965	-2.8955612705199525	-0.066964888938520692	-0.00537814	0.349175
35964	-2.905536117992098	-0.066752431213067731	-0.00552112	0.359152
36963	-2.9155110087338181	-0.0665408313010077	-0.00566358	0.369129
37962	-2.9254859427446589	-0.066330082458387202	-0.00580551	0.379106
38961	-2.935460920026788	-0.066120178019051956	-0.00594693	0.389083
39960	-2.9454359405849329	-0.065911111393470709	-0.00608783	0.399061
40959	-2.9554110044263271	-0.065702876067583044	-0.00622823	0.409038
41958	-2.9653861115606364	-0.065495465601666025	-0.00636813	0.419015
42957	-2.9753612619999315	-0.06528887362922374	-0.00650753	0.428992
43956	-2.9853364557586124	-0.065083093855895224	-0.00664644	0.43897
44955	-2.9953116928533583	-0.064878120058384142	-0.00678486	0.448947
45954	-3.0052869733030914	-0.064673946083408596	-0.00692279	0.458924
46953	-3.0152622971289094	-0.064470565846667813	-0.00706025	0.468902
47952	-3.0252376643540493	-0.06426797333182907	-0.00719723	0.478879
48951	-3.0352130750038175	-0.064066162589532183	-0.00733374	0.488857
49950	-3.0451885291055949	-0.063865127736413771	-0.00746978	0.498834
50949	-3.0551640266887192	-0.06366486295414707	-0.00760536	0.508812
51948	-3.065139567784493	-0.063465362488498447	-0.00774048	0.518789
52947	-3.0751151524261182	-0.063266620648403715	-0.00787515	0.528767
53946	-3.0850907806486609	-0.06306863180505827	-0.00800936	0.538744
54945	-3.0950664524890152	-0.062871390391023768	-0.00814313	0.548722
55944	-3.1050421679858431	-0.062674890899351604	-0.00827646	0.5587
56943	-3.1150179271795526	-0.062479127882720878	-0.00840935	0.568677
57942	-3.1249937301122555	-0.062284095952592121	-0.00854181	0.578655
58941	-3.1349695768277206	-0.062089789778375148	-0.00867383	0.588633
59940	-3.1449454673713504	-0.061896204086612408	-0.00880543	0.598611
60939	-3.1549214017901317	-0.061703333660175184	-0.00893661	0.608588
61938	-3.164897380132619	-0.0615111733374748	-0.00906737	0.618566
62937	-3.1748734024488718	-0.061319718011687403	-0.00919771	0.628544
63936	-3.184849468790437	-0.061128962629991457	-0.00932764	0.638522
64935	-3.1948255792103302	-0.060938902192818625	-0.00945716	0.6485
65934	-3.2048017337629626	-0.060749531753117654	-0.00958628	0.658478
66933	-3.214777932504151	-0.060560846415630608	-0.009715	0.668456
67932	-3.2247541754910705	-0.060372841336181635	-0.00984332	0.678434
68931	-3.2347304627822084	-0.060185511720977233	-0.00997124	0.688412
69930	-3.2447067944373802	-0.059998852825918915	-0.0100988	0.69839
70929	-3.2546831705176467	-0.059812859955927111	-0.0102259	0.708368
71928	-3.2646595910853153	-0.059627528464276457	-0.0103527	0.718346
72927	-3.2746360562039039	-0.059442853751942609	-0.0104791	0.728324
73926	-3.2846125659381156	-0.059258831266958932	-0.0106051	0.738303
74925	-3.2945891203538209	-0.059075456503785297	-0.0107307	0.748281
75924	-3.3045657195180205	-0.058892725002685761	-0.010856	0.758259
76923	-3.3145423634988109	-0.058710632349117976	-0.0109809	0.768237
77922	-3.3245190523653858	-0.058529174173131797	-0.0111054	0.778216
78921	  -3.334495786188	-0.058348346148777937	-0.0112296	0.788194
79920	-3.3444725650379268	-0.058168143993526281	-0.0113534	0.798173
80919	-3.3544493889874656	-0.057988563467693668	-0.0114768	0.808151
81918	-3.3644262581098991	-0.057809600373881352	-0.0116	0.818129
82917	-3.3744031724794872	-0.057631250556420835	-0.0117227	0.828108
83916	-3.3843801321714153	-0.057453509900829217	-0.0118451	0.838086
84915	-3.3943571372618044	-0.057276374333273511	-0.0119672	0.848065
85914	-3.4043341878276778	-0.057099839820042568	-0.0120889	0.858044
86913	-3.4143112839469434	-0.056923902367028989	-0.0122103	0.868022
87912	-3.4242884256983768	-0.056748558019217597	-0.0123314	0.878001
88911	-3.4342656131615543	-0.056573802860183445	-0.0124521	0.88798
89910	-3.4442428464169215	-0.056399633011596798	-0.0125725	0.897958
90909	-3.4542201255457119	-0.056226044632736921	-0.0126926	0.907937
91908	-3.4641974506299515	-0.056053033920012291	-0.0128123	0.917916
92907	-3.474174821752432	-0.055880597106489752	-0.0129318	0.927895
93906	-3.4841522389966859	-0.055708730461429982	-0.0130509	0.937874
94905	-3.4941297024469855	-0.055537430289830686	-0.0131697	0.947853
95904	-3.5041072121883263	-0.055366692931976422	-0.0132882	0.957832
96903	-3.5140847683063878	-0.055196514762996696	-0.0134063	0.967811
97902	-3.5240623708875467	-0.055026892192428969	-0.0135242	0.97779
98901	-3.5340400200188427	-0.054857821663790135	-0.0136418	0.987769
99900	-3.5440177157879629	-0.05468929965415395	-0.0137591	0.997748
100899	-3.5539954582832429	-0.054521322673734461	-0.013876	1.00773
101898	-3.5639732475936188	-0.054353887265476651	-0.0139927	1.01771
102897	-3.5739510838086526	-0.05418699000465288	-0.0141091	1.02769
103896	-3.5839289670184917	-0.054020627498465229	-0.0142252	1.03766
104895	-3.5939068973138557	-0.053854796385654664	-0.014341	1.04764
105894	-3.603884874786047	-0.053689493336115661	-0.0144565	1.05762
106893	-3.6138628995269064	-0.053524715050516009	-0.0145717	1.0676
107892	-3.6238409716288311	-0.05336045825992352	-0.0146867	1.07758
108891	-3.633819091184693	-0.053196719725437609	-0.0148013	1.08756
109890	-3.6437972582879312	-0.053033496237826695	-0.0149157	1.09754
110889	-3.6537754730324634	-0.052870784617170534	-0.0150299	1.10752
111888	-3.6637537355126986	-0.052708581712508619	-0.0151437	1.1175
112887	-3.6737320458235123	-0.052546884401492688	-0.0152573	1.12748
113886	-3.6837104040602657	-0.052385689590045997	-0.0153706	1.13746
114885	-3.6936888103187506	-0.052224994212026012	-0.0154836	1.14744
115884	-3.703667264695218	-0.05206479522889302	-0.0155964	1.15742
116883	-3.7136457672863301	-0.05190508962938345	-0.015709	1.1674
117882	-3.7236243181891968	-0.051745874429187343	-0.0158212	1.17738
118881	-3.7336029175013086	-0.051587146670631211	-0.0159332	1.18736
119880	-3.7435815653205702	-0.0514289034223658	-0.016045	1.19734
120879	-3.7535602617452759	-0.05127114177905729	-0.0161565	1.20732
121878	-3.7635390068741073	-0.051113858861084153	-0.0162677	1.2173
122877	-3.7735178008060779	-0.050957051814236966	-0.0163788	1.22728
123876	-3.7834966436406003	-0.050800717809424328	-0.0164895	1.23726
124875	-3.7934755354774286	-0.050644854042381192	-0.0166	1.24724
125874	-3.8034544764166425	-0.050489457733383064	-0.0167103	1.25722
126873	-3.8134334665586804	-0.05033452612696282	-0.0168204	1.2672
127872	-3.8234125060042818	-0.05018005649163236	-0.0169302	1.27718
128871	-3.833391594854513	-0.050026046119608238	-0.0170397	1.28716
129870	-3.8433707332107376	-0.049872492326540743	-0.0171491	1.29714
130869	-3.8533499211746149	-0.049719392451246756	-0.0172582	1.30712
131868	-3.86332915884811	-0.049566743855447321	-0.017367	1.3171
132867	-3.8733084463334637	-0.049414543923507567	-0.0174757	1.32708
133866	-3.8832877837331776	-0.049262790062181296	-0.0175841	1.33706
134865	-3.89326717115003	-0.049111479700358868	-0.0176923	1.34704
135864	-3.9032466086870641	-0.048960610288817943	-0.0178003	1.35702
136863	-3.9132260964475627	-0.048810179299978454	-0.017908	1.367
137862	-3.9232056345350674	-0.04866018422766144	-0.0180156	1.37698
138861	-3.9331852230533366	-0.048510622586849329	-0.0181229	1.38696
139860	-3.9431648621063773	-0.048361491913451835	-0.01823	1.39695
140859	-3.9531445517984158	-0.048212789764073082	-0.0183369	1.40693
141858	-3.9631242922338772	-0.048064513715783269	-0.0184436	1.41691
142857	-3.9731040835174283	-0.047916661365892947	-0.0185501	1.42689
143856	-3.9830839257539092	-0.047769230331730132	-0.0186564	1.43687
144855	-3.9930638190483809	-0.047622218250421254	-0.0187625	1.44685
145854	-4.0030437635060796	-0.047475622778673961	-0.0188683	1.45683
146853	-4.0130237592324329	-0.047329441592563699	-0.018974	1.46681
147852	-4.0230038063330573	-0.047183672387323176	-0.0190795	1.47679
148851	-4.0329839049137117	-0.047038312877133621	-0.0191848	1.48677
149850	-4.0429640550803594	-0.046893360794920687	-0.0192898	1.49676
150849	-4.0529442569391021	-0.046748813892151297	-0.0193947	1.50674
151848	-4.0629245105962006	-0.046604669938634019	-0.0194994	1.51672
152847	-4.0729048161580872	-0.046460926722322271	-0.0196039	1.5267
153846	-4.0828851737313121	-0.046317582049119649	-0.0197082	1.53668
154845	-4.0928655834225713	-0.04617463374268823	-0.0198124	1.54666
155844	-4.102846045338703	-0.046032079644259094	-0.0199163	1.55664
156843	-4.112826559586698	-0.045889917612445832	-0.0200201	1.56663
157842	-4.1228071262736332	-0.045748145523059468	-0.0201236	1.57661
158841	-4.132787745506735	-0.045606761268927321	-0.020227	1.58659
159840	-4.1427684173933104	-0.045465762759712904	-0.0203303	1.59657
160839	-4.1527491420408236	-0.045325147921739244	-0.0204333	1.60655
161838	-4.1627299195568259	-0.045184914697813071	-0.0205362	1.61653
162837	-4.1727107500489486	-0.045045061047053081	-0.0206389	1.62652
163836	-4.1826916336249722	-0.044905584944719121	-0.0207414	1.6365
164835	-4.192672570392701	-0.044766484382043899	-0.0208437	1.64648
165834	-4.2026535604600923	-0.04462775736606709	-0.0209459	1.65646
166833	-4.2126346039351636	-0.044489401919471504	-0.0210479	1.66644
167832	-4.222615700926001	-0.044351416080421174	-0.0211498	1.67642
168831	-4.2325968515407926	-0.044213797902401583	-0.0212515	1.68641
169830	-4.2425780558877895	-0.044076545454062303	-0.021353	1.69639
170829	-4.25255931407529	-0.043939656819060556	-0.0214543	1.70637
171828	-4.2625406262117069	-0.043803130095908603	-0.0215555	1.71635
172827	-4.2725219924054691	-0.043666963397820911	-0.0216566	1.72634
173826	-4.2825034127651014	-0.043531154852565118	-0.0217575	1.73632
174825	-4.292484887399147	-0.043395702602313811	-0.0218582	1.7463
175824	-4.3024664164162347	-0.043260604803498179	-0.0219588	1.75628
176823	-4.3124479999250234	-0.043125859626664091	-0.0220592	1.76627
177822	-4.3224296380342171	-0.042991465256329561	-0.0221595	1.77625
178821	-4.3324113308525645	-0.042857419890844246	-0.0222596	1.78623
179820	-4.3423930784888425	-0.042723721742250052	-0.0223596	1.79621
180819	-4.3523748810518708	-0.042590369036144417	-0.0224594	1.8062
181818	-4.3623567386505284	-0.042457360011544612	-0.0225591	1.81618
182817	-4.3723386513936839	-0.042324692920754255	-0.0226586	1.82616
183816	-4.3823206193902449	-0.042192366029230544	-0.022758	1.83614
184815	-4.3923026427491596	-0.042060377615454024	-0.0228573	1.84613
185814	-4.4022847215793499	-0.041928725970800176	-0.0229564	1.85611
186813	-4.412266855989798	-0.041797409399411047	-0.0230554	1.86609
187812	-4.422249046089501	-0.041666426218070478	-0.0231542	1.87608
188811	-4.4322312919874314	-0.041535774756079114	-0.0232529	1.88606
189810	-4.4422135937926264	-0.04140545335513178	-0.0233515	1.89604
190809	-4.452195951614085	-0.041275460369196701	-0.0234499	1.90603
191808	-4.4621783655608249	-0.041145794164395171	-0.0235482	1.91601
192807	-4.4721608357418798	-0.041016453118883564	-0.0236464	1.92599
193806	-4.482143362266239	-0.040887435622736404	-0.0237445	1.93598
194805	-4.4921259452429396	-0.040758740077830383	-0.0238424	1.94596
195804	-4.5021085847809825	-0.040630364897730975	-0.0239402	1.95594
196803	-4.5120912809893516	-0.040502308507579146	-0.0240379	1.96593
197802	-4.522074033977078	-0.040374569343980177	-0.0241354	1.97591
198801	-4.5320568438531268	-0.040247145854893591	-0.0242328	1.98589
199800	-4.5420397107264581	-0.0401200364995241	-0.0243302	1.99588
200799	-4.5520226347060175	-0.039993239748214532	-0.0244273	2.00586
201798	-4.5620056159007518	-0.039866754082339452	-0.0245244	2.01584
202797	-4.5719886544195534	-0.039740577994200041	-0.0246214	2.02583
203796	-4.5819717503713102	-0.039614709986920869	-0.0247182	2.03581
204795	-4.5919549038648748	-0.039489148574346752	-0.0248149	2.0458
205794	-4.6019381150091183	-0.039363892280941781	-0.0249115	2.05578
206793	-4.6119213839128248	-0.039238939641689355	-0.025008	2.06576
207792	-4.6219047106847633	-0.039114289201993141	-0.0251044	2.07575
208791	-4.6318880954336903	-0.038989939517578974	-0.0252007	2.08573
209790	-4.6418715382682993	-0.038865889154398793	-0.0252969	2.09572
210789	-4.651855039297276	-0.038742136688534386	-0.025393	2.1057
211788	-4.6618385986292497	-0.038618680706103796	-0.0254889	2.11569
212787	-4.6718222163728234	-0.038495519803167101	-0.0255848	2.12567
213786	-4.6818058926365396	-0.038372652585635332	-0.0256805	2.13565
214785	-4.6917896275289142	-0.038250077669177776	-0.0257762	2.14564
215784	-4.7017734211584257	-0.038127793679132896	-0.0258717	2.15562
216783	-4.7117572736334932	-0.038005799250418866	-0.0259672	2.16561
217782	-4.721741185062486	-0.037884093027445678	-0.0260626	2.17559
218781	-4.7317251555537458	-0.037762673664027892	-0.0261578	2.18558
219780	-4.7417091852155204	-0.037641539823298278	-0.026253	2.19556
220779	-4.751693274156052	-0.037520690177622842	-0.0263481	2.20555
221778	-4.7616774224835163	-0.037400123408517227	-0.026443	2.21553
222777	-4.7716616303060126	-0.037279838206562485	-0.0265379	2.22552
223776	-4.7816458977315968	-0.037159833271323522	-0.0266327	2.2355
224775	-4.7916302248682872	-0.037040107311267632	-0.0267274	2.24549
225774	-4.8016146118240277	-0.036920659043683711	-0.026822	2.25547
226773	-4.8115990587066939	-0.036801487194603237	-0.0269166	2.26546
227772	-4.8215835656241035	-0.036682590498721135	-0.027011	2.27544
228771	-4.8315681326840174	-0.036563967699318189	-0.0271054	2.28543
229770	-4.8415527599941361	-0.036445617548184386	-0.0271996	2.29541
230769	-4.8515374476620927	-0.036327538805542306	-0.0272938	2.3054
231768	-4.8615221957954518	-0.036209730239972301	-0.0273879	2.31538
232767	-4.8715070045017166	-0.036092190628338114	-0.027482	2.32537
233766	-4.8814918738883124	-0.035974918755713091	-0.0275759	2.33535
234765	-4.891476804062596	-0.035857913415307668	-0.0276698	2.34534
235764	-4.9014617951318513	-0.035741173408397504	-0.0277636	2.35533
236763	-4.9114468472033064	-0.035624697544251856	-0.0278573	2.36531
237762	-4.9214319603841483	-0.035508484640063558	-0.027951	2.3753
238761	-4.9314171347813609	-0.035392533520879191	-0.0280446	2.38528
239760	-4.9414023705019972	-0.035276843019530477	-0.0281381	2.39527
240759	-4.9513876676529653	-0.035161411976565714	-0.0282315	2.40526
241758	-4.9613730263410991	-0.035046239240183186	-0.0283248	2.41524
242757	-4.971358446673185	-0.03493132366616377	-0.0284181	2.42523
243756	-4.9813439287559111	-0.034816664117805325	-0.0285114	2.43521
244755	-4.9913294726958837	-0.034702259465857262	-0.0286045	2.4452
245754	-5.001315078599645	-0.034588108588456359	-0.0286976	2.45519
246753	-5.0113007465736192	-0.034474210371062873	-0.0287907	2.46517
247752	-5.0212864767241854	-0.034360563706397319	-0.0288836	2.47516
248751	-5.0312722691576353	-0.034247167494377673	-0.0289765	2.48514
249750	-5.0412581239801577	-0.034134020642058338	-0.0290694	2.49513
250749	-5.0512440412978936	-0.034021122063568186	-0.0291621	2.50512
251748	-5.0612300212168586	-0.033908470680050554	-0.0292549	2.5151
252747	-5.0712160638430026	-0.033796065419603373	-0.0293475	2.52509
253746	-5.0812021692821849	-0.033683905217219742	-0.0294402	2.53508
254745	-5.0911883376401663	-0.033571989014729679	-0.0295327	2.54506
255744	-5.1011745690226542	-0.033460315760741675	-0.0296252	2.55505
256743	-5.1111608635352361	-0.033348884410585596	-0.0297177	2.56504
257742	-5.121147221283417	-0.033237693926256209	-0.0298101	2.57503
258741	-5.1311336423726086	-0.033126743276356431	-0.0299024	2.58501
259740	-5.1411201269081577	-0.033016031436042162	-0.0299947	2.595
260739	-5.151106674995285	-0.032905557386966884	-0.0300869	2.60499
261738	-5.1610932867391357	-0.032795320117227814	-0.0301791	2.61497
262737	-5.1710799622448009	-0.032685318621311757	-0.0302713	2.62496
263736	-5.1810667016171585	-0.032575551900041445	-0.0303634	2.63495
264735	-5.1910535049611202	-0.032466018960523535	-0.0304555	2.64494
265734	-5.2010403723814447	-0.032356718816095545	-0.0305475	2.65492
266733	-5.2110273039828323	-0.032247650486274829	-0.0306395	2.66491
267732	-5.2210142998698394	-0.032138812996707129	-0.0307314	2.6749
268731	-5.2310013601469523	-0.032030205379116279	-0.0308233	2.68489
269730	-5.2409884849185682	-0.031921826671253602	-0.0309151	2.69487
270729	-5.2509756742889788	-0.031813675916848701	-0.031007	2.70486
271728	-5.260962928362372	-0.031705752165560271	-0.0310987	2.71485
272727	-5.2709502472428644	-0.031598054472927718	-0.0311905	2.72484
273726	-5.2809376310344396	-0.031490581900322535	-0.0312822	2.73483
274725	-5.2909250798409984	-0.031383333514901274	-0.0313739	2.74481
275724	-5.3009125937663386	-0.031276308389558277	-0.0314655	2.7548
276723	-5.3109001729141738	-0.031169505602878796	-0.0315571	2.76479
277722	-5.3208878173881047	-0.031062924239093001	-0.0316487	2.77478
278721	-5.3308755272916262	-0.030956563388030392	-0.0317403	2.78477
279720	-5.3408633027281169	-0.030850422145074347	-0.0318318	2.79475
280719	-5.3508511438009165	-0.03074449961111745	-0.0319233	2.80474
281718	-5.3608390506132029	-0.030638794892517127	-0.0320148	2.81473
282717	-5.3708270232680864	-0.03053330710105159	-0.0321062	2.82472
283716	-5.3808150618685406	-0.030428035353876722	-0.0321976	2.83471
284715	-5.3908031665174629	-0.030322978773482737	-0.032289	2.8447
285714	-5.4007913373176448	-0.030218136487651592	-0.0323804	2.85469
286713	-5.4107795743717739	-0.030113507629414935	-0.0324718	2.86467
287712	-5.4207678777824304	-0.030009091337012361	-0.0325631	2.87466
288711	-5.4307562476520852	-0.029904886753849853	-0.0326544	2.88465
289710	-5.4407446840831222	-0.029800893028459015	-0.0327457	2.89464
290709	-5.4507331871778009	-0.029697109314456537	-0.032837	2.90463
291708	-5.4607217570382964	-0.029593534770503898	-0.0329283	2.91462
292707	-5.4707103937666481	-0.02949016856026776	-0.0330196	2.92461
293706	-5.4806990974648242	-0.029387009852380613	-0.0331108	2.9346
294705	-5.4906878682346649	-0.029284057820401568	-0.033202	2.94459
295704	-5.5006767061779041	-0.029181311642778089	-0.0332932	2.95458
296703	-5.5106656113961705	-0.029078770502807549	-0.0333845	2.96457
297702	-5.520654583991031	-0.028976433588599301	-0.0334757	2.97456
298701	-5.5306436240638739	-0.028874300093037521	-0.0335669	2.98455
299700	-5.5406327317160313	-0.028772369213743758	-0.033658	2.99453
300699	-5.550621907048698	-0.028670640153040279	-0.0337492	3.00452
301698	-5.5606111501629689	-0.028569112117913655	-0.0338404	3.01451
302697	-5.5706004611598612	-0.02846778431997881	-0.0339316	3.0245
303696	-5.580589840140239	-0.028366655975443095	-0.0340228	3.03449
304695	-5.5905792872048874	-0.028265726305071136	-0.0341139	3.04448
305694	-5.5963289998646131	-0.028207723435241069	-0.0341664	3.05023
306693	-5.6013237686113335	-0.028157389694064464	-0.034212	3.05523
307692	-5.6063185544389027	-0.028107105220541228	-0.0342576	3.06022
308691	-5.6113133573598901	-0.028056869918853655	-0.0343032	3.06522
309690	-5.6163081773868413	-0.028006683693460883	-0.0343487	3.07021
310689	-5.6213030145323204	-0.027956546449098261	-0.0343943	3.07521
311688	-5.6262978688088587	-0.027906458090775934	-0.0344399	3.0802
312687	-5.6312927402290143	-0.027856418523778102	-0.0344855	3.0852
313686	-5.6362876288053068	-0.027806427653661824	-0.0345311	3.09019
314685	-5.6412825345502728	-0.027756485386255931	-0.0345767	3.09519
315684	-5.6462774574764154	-0.027706591627660114	-0.0346223	3.10018
316683	-5.6512723975962471	-0.027656746284243753	-0.0346679	3.10518
317682	-5.6562673549222859	-0.027606949262645075	-0.0347135	3.11018
318681	-5.6612623294670223	-0.027557200469769873	-0.0347591	3.11517
319680	-5.6662573212429503	-0.027507499812790791	-0.0348047	3.12017
320679	-5.671252330262547	-0.027457847199146082	-0.0348503	3.12516
321678	-5.6762473565382923	-0.027408242536538719	-0.0348959	3.13016
322677	-5.681242400082664	-0.027358685732935321	-0.0349415	3.13515
323676	-5.6862374609081003	-0.027309176696565195	-0.0349871	3.14015
324675	-5.6912325390270952	-0.027259715335919404	-0.0350327	3.14514
325674	-5.696227634452085	-0.027210301559749673	-0.0350783	3.15014
326673	-5.7012227471955121	-0.027160935277067415	-0.035124	3.15513
327672	-5.7062178772698093	-0.027111616397142803	-0.0351696	3.16013
328671	-5.7112130246874102	-0.027062344829503801	-0.0352152	3.16512
329670	-5.7162081894607377	-0.027013120483935192	-0.0352608	3.17012
330669	-5.7212033716022148	-0.026963943270477481	-0.0353065	3.17511
331668	-5.7261985711242369	-0.026914813099426227	-0.0353521	3.18011
332667	-5.7311937880392163	-0.02686572988133068	-0.0353977	3.18511
333666	-5.7361890223595484	-0.026816693526993309	-0.0354434	3.1901
334665	-5.7411842740976198	-0.026767703947468423	-0.035489	3.1951
335664	-5.7461795432658125	-0.026718761054061405	-0.0355347	3.20009
336663	-5.7511748298765015	-0.026669864758327843	-0.0355803	3.20509
337662	-5.7561701339420601	-0.026621014972072619	-0.035626	3.21008
338661	-5.7611654554748517	-0.02657221160734867	-0.0356717	3.21508
339660	-5.7661607944872273	-0.026523454576456464	-0.0357173	3.22007
340659	-5.771156150991529	-0.026474743791942753	-0.035763	3.22507
341658	-5.7761515250000954	-0.026426079166599999	-0.0358087	3.23007
342657	-5.7811469165252731	-0.026377460613464989	-0.0358544	3.23506
343656	-5.7861423255793873	-0.026328888045818427	-0.0359001	3.24006
344655	-5.7911377521747518	-0.026280361377183675	-0.0359458	3.24505
345654	-5.7961331963236855	-0.026231880521326016	-0.0359915	3.25005
346653	-5.8011286580384951	-0.02618344539225188	-0.0360372	3.25504
347652	-5.8061241373314871	-0.026135055904207598	-0.0360829	3.26004
348651	-5.8111196342149345	-0.026086711971678708	-0.0361286	3.26504
349650	-5.8161151487011375	-0.026038413509389076	-0.0361743	3.27003
350649	-5.821110680802378	-0.025990160432300222	-0.0362201	3.27503
351648	-5.8261062305309261	-0.025941952655610008	-0.0362658	3.28002
352647	-5.8311017978990449	-0.02589379009475206	-0.0363115	3.28502
353646	-5.8360973829189913	-0.025845672665394889	-0.0363573	3.29001
354645	-5.8410929856030247	-0.025797600283440934	-0.0364031	3.29501
355644	-5.8460886059633861	-0.025749572865025768	-0.0364488	3.30001
356643	-5.8510842440123092	-0.025701590326517185	-0.0364946	3.305
357642	-5.8560798997620305	-0.02565365258451438	-0.0365404	3.31
358641	-5.8610755732247659	-0.025605759555847242	-0.0365862	3.31499
359640	-5.8660712644128452	-0.025557911157575115	-0.036632	3.31999
360639	-5.8710669733382792	-0.025510107306986437	-0.0366778	3.32499
361638	-5.8760627000133621	-0.025462347921597517	-0.0367236	3.32998
362637	-5.8810584444502974	-0.02541463291915207	-0.0367694	3.33498
363636	-5.8860542066612727	-0.025366962217619939	-0.0368152	3.33997
364635	-5.8910499866584676	-0.025319335735196704	-0.0368611	3.34497
365634	-5.8960457844540626	-0.025271753390302552	-0.0369069	3.34997
366633	-5.9010416000602257	-0.02522421510158172	-0.0369528	3.35496
367632	-5.9060374334891188	-0.025176720787901296	-0.0369986	3.35996
368631	-5.9110332847528984	-0.02512927036835098	-0.0370445	3.36495
369630	-5.9160291538637129	-0.025081863762241714	-0.0370904	3.36995
370629	-5.9210250408337011	-0.025034500889105176	-0.0371363	3.37495
371628	-5.9260209456750026	-0.024987181668692959	-0.0371822	3.37994
372627	-5.9310168683997357	-0.024939906020975684	-0.0372281	3.38494
373626	-5.9360128090200277	-0.02489267386614237	-0.037274	3.38993
374625	-5.9410087675479959	-0.024845485124599376	-0.0373199	3.39493
375624	-5.9460047439957462	-0.02479833971696983	-0.0373659	3.39993
376623	-5.9510007383753747	-0.024751237564092921	-0.0374118	3.40492
377622	-5.9559967506989731	-0.024704178587022743	-0.0374578	3.40992
378621	-5.9609927809786383	-0.024657162707028092	-0.0375037	3.41491
379620	-5.965988829226438	-0.024610189845591084	-0.0375497	3.41991
380619	-5.9709848954544533	-0.024563259924406913	-0.0375957	3.42491
381618	-5.9759809796747474	-0.024516372865382666	-0.0376417	3.4299
382617	-5.9809770818993755	-0.024469528590636853	-0.0376877	3.4349
383616	-5.9859732021403804	-0.024422727022498446	-0.0377338	3.4399
384615	-5.9909693404098361	-0.024375968083506352	-0.0377798	3.44489
385614	-5.9959654967197578	-0.024329251696408462	-0.0378259	3.44989
386613	-6.0009616710821803	-0.024282577784161007	-0.0378719	3.45489
387612	-6.0059578635091313	-0.024235946269927776	-0.037918	3.45988
388611	-6.0109540740126306	-0.0241893570770794	-0.0379641	3.46488
389610	-6.0159503026046837	-0.024142810129192456	-0.0380102	3.46987
390609	-6.0209465492972898	-0.024096305350048992	-0.0380563	3.47487
391608	-6.02594281410245	-0.024049842663635849	-0.0381024	3.47987
392607	-6.0309390970321601	-0.024003421994143504	-0.0381485	3.48486
393606	-6.0359353980983954	-0.023957043265965688	-0.0381947	3.48986
394605	-6.0409317173131365	-0.023910706403698499	-0.0382409	3.49486
395604	-6.0459280546883294	-0.023864411332139963	-0.038287	3.49985
396603	-6.0509244102359858	-0.023818157976289053	-0.0383332	3.50485
397602	-6.0559207839680216	-0.023771946261344906	-0.0383794	3.50985
398601	-6.0609171758963951	-0.02372577611270632	-0.0384256	3.51484
399600	-6.0659135860330453	-0.023679647455971193	-0.0384719	3.51984
400599	-6.0709100143899084	-0.023633560216935353	-0.0385181	3.52484
401598	-6.0759064609789153	-0.023587514321592139	-0.0385644	3.52983
402597	-6.0809029258119871	-0.023541509696131852	-0.0386106	3.53483
403596	-6.0858994089010334	-0.023495546266940694	-0.0386569	3.53983
404595	-6.0908959102579647	-0.023449623960600432	-0.0387032	3.54482
405594	-6.0958924298946799	-0.023403742703887471	-0.0387495	3.54982
406593	-6.1008889678230656	-0.02335790242377218	-0.0387959	3.55482
407592	-6.1058855240550152	-0.023312103047418625	-0.0388422	3.55981
408591	-6.1108820986023948	-0.023266344502183151	-0.0388886	3.56481
409590	-6.1158786914770973	-0.023220626715614198	-0.0389349	3.56981
410589	-6.1208753026909779	-0.023174949615451742	-0.0389813	3.5748
411588	-6.1258719322559037	-0.023129313129626277	-0.0390277	3.5798
412587	-6.1308685801837175	-0.023083717186258193	-0.0390742	3.5848
413586	-6.1358652464862624	-0.023038161713657385	-0.0391206	3.58979
414585	-6.1408619311753716	-0.022992646640322367	-0.0391671	3.59479
415584	-6.1458586342628942	-0.022947171894939635	-0.0392135	3.59979
416583	-6.1508553557606396	-0.022901737406383103	-0.03926	3.60479
417582	-6.1558520956804328	-0.022856343103713324	-0.0393065	3.60978
418581	-6.1608488540340751	-0.022810988916176892	-0.0393531	3.61478
419580	-6.165845630833382	-0.022765674773205898	-0.0393996	3.61978
420579	-6.1708424260901547	-0.02272040060441716	-0.0394462	3.62477
421578	-6.1758392398161632	-0.022675166339611637	-0.0394927	3.62977
422577	-6.1808360720231956	-0.022629971908773756	-0.0395393	3.63477
423576	-6.1858329227230353	-0.022584817242070801	-0.0395859	3.63976
424575	-6.1908297919274498	-0.022539702269852312	-0.0396326	3.64476
425574	-6.1958266796481984	-0.022494626922649343	-0.0396792	3.64976
426573	-6.2008235858970382	-0.022449591131173983	-0.0397259	3.65476
427572	-6.205820510685724	-0.022404594826318652	-0.0397726	3.65975
428571	-6.2108174540259844	-0.022359637939155391	-0.0398193	3.66475
429570	-6.215814415929561	-0.022314720400935517	-0.039866	3.66975
430569	-6.2208113964081813	-0.022269842143088706	-0.0399127	3.67474
431568	-6.2258083954735719	-0.022225003097222459	-0.0399595	3.67974
432567	-6.2308054131374284	-0.022180203195121581	-0.0400063	3.68474
433566	-6.2358024494114295	-0.022135442368747638	-0.0400531	3.68974
434565	-6.2407995043073665	-0.02209072055023812	-0.0400999	3.69473
435564	-6.2457965778368889	-0.022046037671905952	-0.0401467	3.69973
436563	-6.250793670011678	-0.022001393666239023	-0.0401936	3.70473
437562	-6.2557907808434141	-0.021956788465899234	-0.0402405	3.70973
438561	-6.2607879103437689	-0.021912222003722288	-0.0402874	3.71472
439560	-6.2657850585244121	-0.021867694212716862	-0.0403343	3.71972
440559	-6.2707822253969994	-0.021823205026064236	-0.0403812	3.72472
441558	-6.2757794109731933	-0.02177875437711739	-0.0404282	3.72971
442557	-6.2807766152646307	-0.021734342199400684	-0.0404752	3.73471
443556	-6.2857738382829469	-0.021689968426609113	-0.0405222	3.73971
444555	-6.2907710800397751	-0.021645632992607883	-0.0405692	3.74471
445554	-6.2957683405467471	-0.021601335831431662	-0.0406163	3.7497
446553	-6.3007656198154836	-0.021557076877284122	-0.0406633	3.7547
447552	-6.3057629178575816	-0.021512856064537313	-0.0407104	3.7597
448551	-6.3107602346846621	-0.021468673327731211	-0.0407575	3.7647
449550	-6.3157575703083122	-0.021424528601572904	-0.0408047	3.76969
450549	-6.3207549247401218	-0.021380421820936149	-0.0408518	3.77469
451548	-6.3257522979916789	-0.021336352920860981	-0.040899	3.77969
452547	-6.3307496900745539	-0.021292321836552788	-0.0409462	3.78469
453546	-6.3357471010003312	-0.021248328503382249	-0.0409935	3.78968
454545	-6.3407445307805661	-0.021204372856884243	-0.0410407	3.79468
455544	-6.3457419794268208	-0.021160454832757563	-0.041088	3.79968
456543	-6.3507394469506409	-0.021116574366864489	-0.0411353	3.80468
457542	-6.3557369333635716	-0.02107273139522995	-0.0411826	3.80968
458541	-6.3607344386771443	-0.021028925854041182	-0.04123	3.81467
459540	-6.3657319629028954	-0.020985157679647135	-0.0412773	3.81967
460539	-6.3707295060523395	-0.020941426808557869	-0.0413247	3.82467
461538	-6.3757270681370048	-0.020897733177444099	-0.0413721	3.82967
462537	-6.3807246491683918	-0.020854076723136515	-0.0414196	3.83466
463536	-6.3857222491580075	-0.020810457382625585	-0.0414671	3.83966
464535	-6.3907198681173352	-0.020766875093060407	-0.0415146	3.84466
465534	-6.3957175060578741	-0.020723329791748842	-0.0415621	3.84966
466533	-6.4007151629911068	-0.020679821416156503	-0.0416096	3.85466
467532	-6.4057128389285101	-0.020636349903906809	-0.0416572	3.85965
468531	-6.4107105338815451	-0.020592915192779636	-0.0417048	3.86465
469530	-6.4157082478616809	-0.020549517220711317	-0.0417524	3.86965
470529	-6.4207059808803688	-0.020506155925794186	-0.0418001	3.87465
471528	-6.4257037329491009	-0.020462831246275799	-0.0418478	3.87964
472527	-6.4307015040792281	-0.020419543120558579	-0.0418955	3.88464
473526	-6.4356992942822338	-0.020376291487199171	-0.0419432	3.88964
474525	-6.4406971035695433	-0.020333076284908085	-0.041991	3.89464
475524	-6.4456949319525831	-0.020289897452549083	-0.0420388	3.89964
476523	-6.4506927794427593	-0.020246754929138643	-0.0420866	3.90463
477522	-6.4556906460514867	-0.020203648653845569	-0.0421344	3.90963
478521	-6.460688531790157	-0.020160578565990329	-0.0421823	3.91463
479520	-6.4656864366701639	-0.020117544605044911	-0.0422302	3.91963
480519	-6.4706843607029079	-0.020074546710631764	-0.0422781	3.92463
481518	-6.4756823038997515	-0.020031584822523617	-0.0423261	3.92963
482517	-6.480680266272083	-0.019988658880643172	-0.0423741	3.93462
483516	-6.4856782478312676	-0.019945768825062264	-0.0424221	3.93962
484515	-6.4906762485886551	-0.019902914596001409	-0.0424701	3.94462
485514	-6.4956742685556161	-0.019860096133829618	-0.0425182	3.94962
486513	-6.5006723077434829	-0.019817313379063551	-0.0425663	3.95462
487512	-6.5056703661635993	-0.019774566272367285	-0.0426144	3.95961
488511	-6.5106684438272993	-0.019731854754551706	-0.0426626	3.96461
489510	-6.5156665407459116	-0.019689178766573914	-0.0427108	3.96961
490509	-6.5206646569307525	-0.019646538249537226	-0.042759	3.97461
491508	-6.525662792393133	-0.019603933144689913	-0.0428073	3.97961
492507	-6.5306609471443693	-0.019561363393425419	-0.0428556	3.98461
493506	-6.5356591211957493	-0.019518828937281626	-0.0429039	3.9896
494505	-6.5406573145585751	-0.019476329717940319	-0.0429523	3.9946
495504	-6.5456555272441275	-0.019433865677226912	-0.0430006	3.9996
496503	-6.5506537592636906	-0.019391436757109703	-0.0430491	4.0046
497502	-6.5556520106285383	-0.019349042899699537	-0.0430975	4.0096
498501	-6.5606502813499246	-0.019306684047249553	-0.043146	4.0146
499500	-6.5656485714391239	-0.019264360142154376	-0.0431945	4.01959
500499	-6.570646880907371	-0.019222071126949819	-0.043243	4.02459
501498	-6.5756452097659279	-0.019179816944312523	-0.0432916	4.02959
502497	-6.5806435580260318	-0.019137597537059313	-0.0433402	4.03459
503496	-6.5856419256989041	-0.019095412848146802	-0.0433889	4.03959
504495	-6.59064031279578	-0.019053262820670987	-0.0434376	4.04459
505494	-6.5956387193278747	-0.019011147397866864	-0.0434863	4.04959
506493	-6.600637145306405	-0.018969066523107751	-0.043535	4.05458
507492	-6.6056355907425726	-0.018927020139905	-0.0435838	4.05958
508491	-6.6106340556475791	-0.018885008191907571	-0.0436326	4.06458
509490	-6.6156325400326201	-0.018843030622901633	-0.0436815	4.06958
510489	-6.6206310439089044	-0.018801087376809786	-0.0437304	4.07458
511488	-6.6256295672875458	-0.018759178397691065	-0.0437793	4.07958
512487	-6.6306281101797575	-0.01871730362974024	-0.0438282	4.08458
513486	-6.6356266725967101	-0.018675463017287518	-0.0438772	4.08958
514485	-6.6406252545495557	-0.01863365650479782	-0.0439263	4.09457
515484	-6.6456238560494443	-0.018591884036870874	-0.0439753	4.09957
516483	-6.6506224771075226	-0.018550145558240232	-0.0440244	4.10457
517482	-6.6556211177349374	-0.018508441013773146	-0.0440736	4.10957
518481	-6.6606197779428093	-0.018466770348470055	-0.0441227	4.11457
519480	-6.6656184577422684	-0.018425133507464192	-0.044172	4.11957
520479	-6.6706171571444353	-0.018383530436021079	-0.0442212	4.12457
521478	-6.6756158761604238	-0.018341961079538411	-0.0442705	4.12957
522477	-6.680614614801339	-0.018300425383545028	-0.0443198	4.13456
523476	-6.6856133730782785	-0.018258923293701029	-0.0443692	4.13956
524475	-6.6906121510023411	-0.018217454755797283	-0.0444186	4.14456
525474	-6.695610948584604	-0.018176019715754738	-0.044468	4.14956
526473	-6.700609765836143	-0.018134618119624291	-0.0445175	4.15456
527472	-6.7056086027680442	-0.018093249913586254	-0.044567	4.15956
528471	-6.7106074593913672	-0.018051915043949918	-0.0446166	4.16456
529470	-6.7156063357171707	-0.018010613457153074	-0.0446662	4.16956
530469	-6.7206052317565064	-0.01796934509976188	-0.0447158	4.17456
531468	-6.7256041475204276	-0.017928109918470221	-0.0447655	4.17956
532467	-6.7306030830199699	-0.017886907860099437	-0.0448152	4.18456
533466	-6.7356020382661663	-0.017845738871597662	-0.044865	4.18955
534465	-6.74060101327004	-0.017804602900039688	-0.0449148	4.19455
535464	-6.7456000080426177	-0.017763499892626575	-0.0449647	4.19955
536463	-6.7505990225949075	-0.017722429796685077	-0.0450145	4.20455
537462	-6.755598056937921	-0.017681392559667403	-0.0450645	4.20955
538461	-6.7605971110826468	-0.017640388129150576	-0.0451144	4.21455
539460	-6.7655961850400903	-0.017599416452836376	-0.0451645	4.21955
540459	-6.7705952788212285	-0.017558477478550754	-0.0452145	4.22455
541458	-6.7755943924370481	-0.017517571154243437	-0.0452646	4.22955
542457	-6.780593525898527	-0.017476697427987548	-0.0453148	4.23455
543456	-6.7855926792166263	-0.017435856247979241	-0.0453649	4.23955
544455	-6.7905918524023061	-0.017395047562537298	-0.0454152	4.24455
545454	-6.7955910454665176	-0.017354271320102952	-0.0454654	4.24955
546453	-6.8005902584202147	-0.017313527469239011	-0.0455158	4.25454
547452	-6.8055894912743389	-0.017272815958629992	-0.0455661	4.25954
548451	-6.8105887440398201	-0.017232136737081453	-0.0456165	4.26454
549450	-6.8155880167275829	-0.017191489753519661	-0.045667	4.26954
550449	-6.8205873093485598	-0.017150874956991229	-0.0457175	4.27454
551448	-6.8255866219136587	-0.017110292296662822	-0.045768	4.27954
552447	-6.8305859544337855	-0.017069741721820759	-0.0458186	4.28454
553446	-6.8355853069198398	-0.017029223181870355	-0.0458693	4.28954
554445	-6.8405846793827196	-0.016988736626335984	-0.0459199	4.29454
555444	-6.8455840718333167	-0.016948282004860499	-0.0459707	4.29954
556443	-6.8505834842825122	-0.016907859267204822	-0.0460214	4.30454
557442	-6.8555829167411746	-0.016867468363247637	-0.0460723	4.30954
558441	-6.8605823692201762	-0.016827109242985049	-0.0461231	4.31454
559440	-6.8655818417303811	-0.01678678185653016	-0.0461741	4.31954
560439	-6.8705813342826483	-0.016746486154112741	-0.046225	4.32454
561438	-6.8755808468878241	-0.016706222086078835	-0.046276	4.32954
562437	-6.8805803795567426	-0.016665989602890417	-0.0463271	4.33454
563436	-6.8855799323002538	-0.016625788655125172	-0.0463782	4.33954
564435	-6.8905795051291667	-0.016585619193475756	-0.0464294	4.34454
565434	-6.8955790980543279	-0.016545481168749904	-0.0464806	4.34954
566433	-6.9005787110865482	-0.016505374531869822	-0.0465319	4.35454
567432	-6.9055783442366296	-0.016465299233871904	-0.0465832	4.35954
568431	-6.9105779975153752	-0.016425255225906182	-0.0466345	4.36454
569430	-6.9155776709335903	-0.016385242459236251	-0.046686	4.36954
570429	-6.9205773645020585	-0.016345260885238938	-0.0467374	4.37454
571428	-6.9255770782315791	-0.01630531045540359	-0.046789	4.37954
572427	-6.930576812132907	-0.016265391121332157	-0.0468405	4.38454
573426	-6.9355765662168229	-0.016225502834738541	-0.0468922	4.38954
574425	-6.9405763404940908	-0.016185645547448422	-0.0469438	4.39454
575424	-6.945576134975477	-0.016145819211398852	-0.0469956	4.39954
576423	-6.9505759496717223	-0.016106023778637884	-0.0470473	4.40454
577422	-6.9555757845935773	-0.016066259201324297	-0.0470992	4.40954
578421	-6.96057563975178	-0.016026525431727192	-0.0471511	4.41454
579420	-6.9655755151570524	-0.015986822422225763	-0.047203	4.41954
580419	-6.9705754108201354	-0.015947150125308857	-0.047255	4.42454
581418	-6.9755753267517351	-0.015907508493574626	-0.0473071	4.42954
582417	-6.9805752629625664	-0.015867897479730306	-0.0473592	4.43454
583416	-6.9855752194633443	-0.015828317036591735	-0.0474113	4.43954
584415	-6.990575196264758	-0.015788767117083224	-0.0474636	4.44454
585414	-6.9955751933775066	-0.015749247674237073	-0.0475158	4.44954
586413	-7.0005752108122792	-0.015709758661193163	-0.0475682	4.45454
587412	-7.0055752485797482	-0.015670300031198868	-0.0476206	4.45954
588411	-7.0105753066905931	-0.015630871737608357	-0.047673	4.46454
589410	-7.0155753851554783	-0.015591473733882973	-0.0477255	4.46954
590409	-7.0205754839850654	-0.015552105973590023	-0.0477781	4.47454
591408	-7.0255756031900116	-0.0155127684104031	-0.0478307	4.47954
592407	-7.0305757427809015	-0.01547346099810149	-0.0478834	4.48454
593406	-7.0355759027684917	-0.015434183690569883	-0.0479361	4.48954
594405	-7.0405760831633737	-0.015394936441798089	-0.0479889	4.49454
595404	-7.0455762839761595	-0.015355719205880802	-0.0480418	4.49954
596403	-7.0505765052174754	-0.015316531937017003	-0.0480947	4.50454
597402	-7.0555767468979367	-0.015277374589509993	-0.0481477	4.50954
598401	-7.0605770090281625	-0.015238247117766881	-0.0482007	4.51454
599400	-7.0655772916187445	-0.015199149476298227	-0.0482538	4.51954
600399	-7.0705775946802776	-0.01516008161971791	-0.048307	4.52454
601398	-7.0755779182233569	-0.015121043502742661	-0.0483602	4.52954
602397	-7.0805782622585633	-0.015082035080191849	-0.0484135	4.53454
603396	-7.0855786267964751	-0.015043056306987119	-0.0484669	4.53954
604395	-7.0905790118476606	-0.01500410713815209	-0.0485203	4.54454
605394	-7.0955794174226865	-0.014965187528812107	-0.0485738	4.54954
606393	-7.1005798435321186	-0.014926297434193844	-0.0486273	4.55454
607392	-7.1055802901864915	-0.014887436809625013	-0.0486809	4.55954
608391	-7.1105807573963684	-0.01484860561053415	-0.0487346	4.56454
609390	-7.1155812451722689	-0.014809803792450253	-0.0487883	4.56955
610389	-7.1205817535247338	-0.014771031311002493	-0.0488421	4.57455
611388	-7.1255822824642863	-0.014732288121919837	-0.048896	4.57955
612387	-7.130582832001445	-0.014693574181030924	-0.0489499	4.58455
613386	-7.1355834021467226	-0.014654889444263582	-0.0490039	4.58955
614385	-7.1405839929106323	-0.014616233867644704	-0.049058	4.59455
615384	-7.1455846043036679	-0.014577607407299705	-0.0491121	4.59955
616383	-7.150585236336326	-0.014539010019452583	-0.0491663	4.60455
617382	-7.1555858890190915	-0.014500441660425301	-0.0492206	4.60955
618381	-7.1605865623624396	-0.014461902286637683	-0.049275	4.61455
619380	-7.1655872563768588	-0.014423391854607063	-0.0493294	4.61955
620379	-7.1705879710727842	-0.014384910320947944	-0.0493838	4.62455
621378	-7.1755887064607151	-0.014346457642371831	-0.0494384	4.62955
622377	-7.1805894625510982	-0.014308033775686766	-0.049493	4.63456
623376	-7.1855902393543696	-0.014269638677797325	-0.0495477	4.63956
624375	-7.1905910368809831	-0.014231272305704062	-0.0496025	4.64456
625374	-7.1955918551413598	-0.014192934616503301	-0.0496573	4.64956
626373	-7.2005926941459411	-0.014154625567386945	-0.0497122	4.65456
627372	-7.2055935539051461	-0.014116345115642094	-0.0497672	4.65956
628371	-7.2105944344293915	-0.014078093218650729	-0.0498222	4.66456
629370	-7.2155953357290921	-0.014039869833889631	-0.0498774	4.66956
630369	-7.2205962578146456	-0.014001674918929863	-0.0499325	4.67456
631368	-7.2255972006964493	-0.013963508431436572	-0.0499878	4.67956
632367	-7.2305981643848964	-0.013925370329168883	-0.0500432	4.68457
633366	-7.2355991488903681	-0.013887260569979382	-0.0500986	4.68957
634365	-7.2406001542232241	-0.013849179111813933	-0.0501541	4.69457
635364	-7.2456011803938765	-0.013811125912711436	-0.0502097	4.69957
636363	-7.2506022274126751	-0.013773100930803502	-0.0502653	4.70457
637362	-7.2556032952899674	-0.013735104124314215	-0.050321	4.70957
638361	-7.2606043840361183	-0.013697135451559879	-0.0503768	4.71457
639360	-7.2656054936614636	-0.0136591948709487	-0.0504327	4.71957
640359	-7.2706066241763549	-0.013621282340980525	-0.0504887	4.72458
641358	-7.2756077755911068	-0.013583397820246597	-0.0505447	4.72958
642357	-7.2806089479160514	-0.013545541267429333	-0.0506009	4.73458
643356	-7.2856101411615244	-0.013507712641301909	-0.0506571	4.73958
644355	-7.2906113553378304	-0.01346991190072816	-0.0507133	4.74458
645354	-7.2956125904552751	-0.013432139004662213	-0.0507697	4.74958
646353	-7.3006138465241577	-0.013394393912148297	-0.0508261	4.75458
647352	-7.3056151235547766	-0.013356676582320422	-0.0508827	4.75959
648351	-7.3106164215574188	-0.013318986974402074	-0.0509393	4.76459
649350	-7.3156177405423692	-0.013281325047706098	-0.050996	4.76959
650349	-7.3206190805198998	-0.013243690761634353	-0.0510527	4.77459
651348	-7.3256204415002806	-0.013206084075677407	-0.0511096	4.77959
652347	-7.3306218234937717	-0.013168504949414338	-0.0511665	4.78459
653346	-7.3356232265106325	-0.013130953342512595	-0.0512236	4.78959
654345	-7.3406246505611152	-0.013093429214727429	-0.0512807	4.7946
655344	-7.3456260956554562	-0.01305593252590201	-0.0513379	4.7996
656343	-7.3506275618039005	-0.013018463235966822	-0.0513952	4.8046
657342	-7.3556290490166765	-0.012981021304939692	-0.0514525	4.8096
658341	-7.3606305573040052	-0.012943606692925399	-0.05151	4.8146
659340	-7.3656320866761105	-0.012906219360115424	-0.0515676	4.8196
660339	-7.3706336371431922	-0.012868859266787757	-0.0516252	4.82461
661338	-7.3756352087154742	-0.012831526373306647	-0.0516829	4.82961
662337	-7.3806368014031394	-0.012794220640122249	-0.0517407	4.83461
663336	-7.3856384152163796	-0.012756942027770474	-0.0517986	4.83961
664335	-7.3906400501653922	-0.012719690496872717	-0.0518566	4.84461
665334	-7.395641706260343	-0.012682466008135619	-0.0519147	4.84961
666333	-7.4006433835114205	-0.012645268522350919	-0.0519729	4.85462
667332	-7.4056450819287756	-0.01260809800039497	-0.0520312	4.85962
668331	-7.4106468015225735	-0.01257095440322867	-0.0520896	4.86462
669330	-7.415648542302975	-0.012533837691897209	-0.052148	4.86962
670329	-7.4206503042801204	-0.012496747827529776	-0.0522066	4.87462
671328	-7.4256520874641518	-0.012459684771339361	-0.0522652	4.87963
672327	-7.4306538918652016	-0.012422648484622502	-0.052324	4.88463
673326	-7.4356557174934013	-0.012385638928759076	-0.0523828	4.88963
674325	-7.440657564358867	-0.012348656065211962	-0.0524418	4.89463
675324	-7.4456594324717198	-0.012311699855526895	-0.0525008	4.89963
676323	-7.4506613218420608	-0.012274770261332228	-0.0525599	4.90464
677322	-7.4556632324800285	-0.012237867244338672	-0.0526192	4.90964
678321	-7.4606651643956647	-0.012200990766339065	-0.0526785	4.91464
679320	-7.465667117599069	-0.01216414078920813	-0.052738	4.91964
680319	-7.4706690921003434	-0.01212731727490224	-0.0527975	4.92464
681318	-7.4756710879095545	-0.012090520185459233	-0.0528571	4.92965
682317	-7.4806731050367752	-0.012053749482998114	-0.0529169	4.93465
683316	-7.4856751434920685	-0.012017005129718808	-0.0529767	4.93965
684315	-7.4906772032854896	-0.011980287087902133	-0.0530367	4.94465
685314	-7.495679284427089	-0.01194359531990921	-0.0530967	4.94965
686313	-7.5006813869269129	-0.011906929788181605	-0.0531569	4.95466
687312	-7.5056835107949924	-0.011870290455240835	-0.0532171	4.95966
688311	-7.5106856560413666	-0.011833677283688329	-0.0532775	4.96466
689310	-7.5156878226760533	-0.011797090236205067	-0.053338	4.96966
690309	-7.5206900107090755	-0.0117605292755514	-0.0533985	4.97467
691308	-7.5256922201504395	-0.011723994364566845	-0.0534592	4.97967
692307	-7.5306944510101639	-0.011687485466169862	-0.05352	4.98467
693306	-7.5356967032982309	-0.011651002543357636	-0.0535809	4.98967
694305	-7.5406989770246398	-0.011614545559205798	-0.0536419	4.99468
695304	-7.5457012721993637	-0.01157811447686821	-0.0537031	4.99968
696303	-7.5507035888323983	-0.011541709259576899	-0.0537643	5.00468
697302	-7.5557059269337126	-0.011505329870641604	-0.0538256	5.00968
698301	-7.5607082865132647	-0.011468976273449694	-0.0538871	5.01469
699300	-7.5657106675810128	-0.011432648431465959	-0.0539487	5.01969
700299	-7.5707130701469207	-0.011396346308232375	-0.0540104	5.02469
701298	-7.5757154942209315	-0.01136006986736786	-0.0540722	5.02969
702297	-7.5807179398129874	-0.011323819072568067	-0.0541341	5.0347
703296	-7.5857204069330075	-0.011287593887605132	-0.0541962	5.0397
704295	-7.5907228955909334	-0.011251394276327582	-0.0542583	5.0447
705294	-7.5957254057966717	-0.011215220202659965	-0.0543206	5.0497
706293	-7.6007279375601478	-0.011179071630602787	-0.054383	5.05471
707292	-7.6057304908912489	-0.011142948524232213	-0.0544455	5.05971
708291	-7.6107330657999013	-0.01110685084769983	-0.0545081	5.06471
709290	-7.6157356622959869	-0.011070778565232508	-0.0545709	5.06971
710289	-7.6207382803893911	-0.011034731641132205	-0.0546338	5.07472
711288	-7.6257409200899922	-0.010998710039775646	-0.0546968	5.07972
712287	-7.6307435814076667	-0.010962713725614215	-0.0547599	5.08472
713286	-7.6357462643522958	-0.0109267426631737	-0.0548231	5.08973
714285	-7.640748968933714	-0.010890796817054099	-0.0548865	5.09473
715284	-7.645751695161791	-0.010854876151929512	-0.05495	5.09973
716283	-7.6507544430463597	-0.010818980632547668	-0.0550137	5.10473
717282	-7.6557572125972673	-0.01078311022373005	-0.0550774	5.10974
718281	-7.6607600038243531	-0.010747264890371457	-0.0551413	5.11474
719280	-7.6657628167374412	-0.010711444597439916	-0.0552053	5.11974
720279	-7.6707656513463496	-0.010675649309976424	-0.0552695	5.12475
721278	-7.6757685076608935	-0.010639878993094733	-0.0553338	5.12975
722277	-7.6807713856909219	-0.010604133611981261	-0.0553982	5.13475
723276	-7.6857742854461524	-0.010568413131894737	-0.0554627	5.13975
724275	-7.6907772069364153	-0.010532717518166134	-0.0555274	5.14476
725274	-7.6957801501714993	-0.010497046736198374	-0.0555922	5.14976
726273	-7.7007831151611876	-0.010461400751466197	-0.0556572	5.15476
727272	-7.7057861019152476	-0.010425779529515872	-0.0557223	5.15977
728271	-7.710789110443458	-0.010390183035965166	-0.0557875	5.16477
729270	-7.7157921407555632	-0.010354611236502935	-0.0558529	5.16977
730269	-7.7207951928613197	-0.010319064096889142	-0.0559184	5.17478
731268	-7.7257982667704734	-0.010283541582954494	-0.055984	5.17978
732267	-7.7308013624927687	-0.010248043660600305	-0.0560498	5.18478
733266	-7.7358044800379329	-0.010212570295798366	-0.0561157	5.18979
734265	-7.7408076194156932	-0.010177121454590645	-0.0561818	5.19479
735264	-7.7458107806357672	-0.010141697103089166	-0.056248	5.19979
736263	-7.7508139637078663	-0.010106297207475785	-0.0563144	5.2048
737262	-7.7558171686416975	-0.010070921734002048	-0.0563809	5.2098
738261	-7.7608203954469568	-0.010035570648988934	-0.0564476	5.2148
739260	-7.7658236441333326	-0.010000243918826687	-0.0565144	5.21981
740259	-7.7708269147105078	-0.0099649415099746456	-0.0565814	5.22481
741258	-7.7758302071881626	-0.00992966338896107	-0.0566485	5.22981
742257	-7.7808335215759685	-0.0098944095223828694	-0.0567158	5.23482
743256	-7.785836857883587	-0.0098591798769054849	-0.0567832	5.23982
744255	-7.7908402161206798	-0.0098239744192628077	-0.0568508	5.24482
745254	-7.7958435962968835	-0.0097887931162567617	-0.0569185	5.24983
746253	-7.8008469984218438	-0.0097536359347572786	-0.0569864	5.25483
747252	-7.8058504225051966	-0.0097185028417020106	-0.0570544	5.25983
748251	-7.8108538685565758	-0.0096833938040962915	-0.0571226	5.26484
749250	-7.8158573365856006	-0.0096483087890128164	-0.057191	5.26984
750249	-7.8208608266018746	-0.0096132477635915269	-0.0572595	5.27484
751248	-7.8258643386150082	-0.0095782106950394064	-0.0573282	5.27985
752247	-7.8308678726346015	-0.0095431975506303016	-0.0573971	5.28485
753246	-7.835871428670254	-0.009508208297704759	-0.0574661	5.28986
754245	-7.8408750067315411	-0.0094732429036698471	-0.0575353	5.29486
755244	-7.8458786068280446	-0.0094383013359989297	-0.0576046	5.29986
756243	-7.8508822289693336	-0.0094033835622315386	-0.0576742	5.30487
757242	-7.8558858731649783	-0.0093684895499731319	-0.0577438	5.30987
758241	-7.860889539424524	-0.0093336192668949762	-0.0578137	5.31487
759240	-7.8658932277575264	-0.0092987726807340215	-0.0578837	5.31988
760239	-7.8708969381735239	-0.0092639497592925876	-0.057954	5.32488
761238	-7.8759006706820509	-0.009229150470438291	-0.0580243	5.32989
762237	-7.8809044252926359	-0.0091943747821038192	-0.0580949	5.33489
763236	-7.8859082020147975	-0.0091596226622867628	-0.0581656	5.33989
764235	-7.8909120008580427	-0.0091248940790494334	-0.0582366	5.3449
765234	-7.8959158218318857	-0.0090901890005187277	-0.0583077	5.3499
766233	-7.9009196649458113	-0.0090555073948859616	-0.0583789	5.35491
767232	-7.9059235302093471	-0.009020849230406653	-0.0584504	5.35991
768231	-7.9109274176320259	-0.0089862144754003122	-0.0585221	5.36491
769230	-7.9159313272231264	-0.0089516030982504206	-0.0585939	5.36992
770229	-7.9209352589922331	-0.0089170150674041226	-0.0586659	5.37492
771228	-7.9259392129487987	-0.0088824503513720305	-0.0587381	5.37993
772227	-7.9309431891022815	-0.0088479089187282565	-0.0588105	5.38493
773226	-7.9359471874621192	-0.0088133907381100027	-0.0588831	5.38993
774225	-7.9409512080377489	-0.0087788957782175426	-0.0589559	5.39494
775224	-7.9459552508386047	-0.0087444240078139931	-0.0590289	5.39994
776223	-7.9509593158741003	-0.0087099753957251575	-0.0591021	5.40495
777222	-7.9559634031536515	-0.0086755499108394068	-0.0591754	5.40995
778221	-7.9609675126866692	-0.0086411475221074424	-0.059249	5.41495
779220	-7.9659716444825461	-0.0086067681985421886	-0.0593228	5.41996
780219	-7.970975798550672	-0.0085724119092185479	-0.0593968	5.42496
781218	-7.9759799749004294	-0.0085380786232733177	-0.0594709	5.42997
782217	-7.9809841735411871	-0.0085037683099049959	-0.0595453	5.43497
783216	-7.9859883944823178	-0.0084694809383735782	-0.0596199	5.43998
784215	-7.9909926377331724	-0.0084352164780005286	-0.0596947	5.44498
785214	-7.9959969033031078	-0.0084009748981684115	-0.0597697	5.44998
786213	-8.0010011912014782	-0.0083667561683209938	-0.059845	5.45499
787212	-8.0060055014375884	-0.0083325602579627685	-0.0599204	5.45999
788211	-8.0110098340207738	-0.0082983871366590113	-0.0599961	5.465
789210	-8.0160141889603551	-0.0082642367740356579	-0.0600719	5.47
790209	-8.0210185662656386	-0.0082301091397788944	-0.060148	5.47501
791208	-8.0260229659459217	-0.0081960042036352716	-0.0602243	5.48001
792207	-8.0310273880105072	-0.0081619219354113828	-0.0603009	5.48502
793206	-8.036031832468673	-0.0081278623049737923	-0.0603776	5.49002
794205	-8.0410362993296971	-0.0080938252822488274	-0.0604546	5.49503
795204	-8.0460407886028396	-0.0080598108372224326	-0.0605319	5.50003
796203	-8.0510453002973694	-0.0080258189399399858	-0.0606093	5.50503
797202	-8.0560498344225255	-0.0079918495605062027	-0.060687	5.51004
798201	-8.0610543909875574	-0.0079579026690849413	-0.0607649	5.51504
799200	-8.0660589700017002	-0.0079239782358990658	-0.060843	5.52005
800199	-8.0710635714741752	-0.0078900762312302704	-0.0609214	5.52505
801198	-8.076068195414182	-0.0078561966254189191	-0.0610001	5.53006
802197	-8.0810728418309417	-0.0078223393888639282	-0.0610789	5.53506
803196	-8.0860775107336469	-0.0077885044920226309	-0.0611581	5.54007
804195	-8.0910822021314956	-0.0077546919054105436	-0.0612374	5.54507
805194	-8.0960869160336522	-0.0077209015996012537	-0.061317	5.55008
806193	-8.1010916524492824	-0.0076871335452263195	-0.0613969	5.55508
807192	-8.1060964113875684	-0.0076533877129750403	-0.061477	5.56009
808191	-8.1111011928576389	-0.0076196640735943328	-0.0615574	5.56509
809190	-8.1161059968686686	-0.0075859625978886144	-0.061638	5.5701
810189	-8.121110823429774	-0.007552283256719629	-0.0617189	5.5751
811188	-8.1261156725500747	-0.0075186260210062597	-0.0618	5.58011
812187	-8.13112054423868	-0.007484990861724476	-0.0618814	5.58511
813186	-8.1361254385047062	-0.0074513777499070587	-0.0619631	5.59012
814185	-8.141130355357248	-0.0074177866566435711	-0.0620451	5.59512
815184	-8.1461352948053687	-0.0073842175530801626	-0.0621273	5.60013
816183	-8.1511402568581879	-0.0073506704104193878	-0.0622098	5.60513
817182	-8.1561452415247402	-0.0073171451999201279	-0.0622925	5.61014
818181	-8.1611502488140975	-0.0072836418928974127	-0.0623756	5.61514
819180	-8.1661552787352942	-0.0072501604607222297	-0.0624589	5.62015
820179	-8.1711603312973704	-0.00721670087482147	-0.0625425	5.62515
821178	-8.176165406509357	-0.0071832631066777479	-0.0626264	5.63016
822177	-8.1811705043802547	-0.0071498471278291977	-0.0627106	5.63516
823176	-8.1861756249190858	-0.0071164529098694425	-0.0627951	5.64017
824175	-8.1911807681348421	-0.0070830804244473456	-0.0628798	5.64517
825174	-8.1961859340365386	-0.0070497296432669209	-0.0629649	5.65018
826173	-8.2011911226330856	-0.0070164005380872101	-0.0630503	5.65518
827172	-8.2061963339334785	-0.0069830930807220646	-0.0631359	5.66019
828171	-8.2112015679466648	-0.0069498072430400973	-0.0632219	5.66519
829170	-8.2162068246815902	-0.0069165429969644957	-0.0633082	5.6702
830169	-8.2212121041471882	-0.0068833003144728863	-0.0633948	5.6752
831168	-8.2262174063523794	-0.0068500791675972089	-0.0634817	5.68021
832167	-8.2312227313060689	-0.0068168795284235077	-0.0635689	5.68522
833166	-8.2362280790171525	-0.0067837013690918964	-0.0636564	5.69022
834165	-8.2412334494945299	-0.0067505446617963606	-0.0637443	5.69523
835164	-8.2462388427470543	-0.0067174093787846709	-0.0638325	5.70023
836163	-8.2512442587836059	-0.0066842954923581471	-0.063921	5.70524
837162	-8.2562496976130184	-0.0066512029748716124	-0.0640099	5.71024
838161	-8.2612551592441541	-0.0066181317987332308	-0.064099	5.71525
839160	-8.2662606436858308	-0.0065850819364043876	-0.0641886	5.72025
840159	-8.2712661509468486	-0.0065520533603994806	-0.0642784	5.72526
841158	-8.2762716810360342	-0.006519046043285878	-0.0643686	5.73027
842157	-8.2812772339621645	-0.0064860599576837584	-0.0644592	5.73527
843156	-8.286282809734022	-0.0064530950762659222	-0.0645501	5.74028
844155	-8.2912884083603657	-0.0064201513717577425	-0.0646414	5.74528
845154	-8.2962940298499515	-0.0063872288169369669	-0.064733	5.75029
846153	-8.3012996742115188	-0.0063543273846336078	-0.064825	5.75529
847152	-8.3063053414537915	-0.0063214470477298158	-0.0649173	5.7603
848151	-8.3113110315854879	-0.0062885877791597428	-0.0650101	5.76531
849150	-8.3163167446153103	-0.0062557495519094094	-0.0651032	5.77031
850149	-8.3213224805519452	-0.0062229323390165878	-0.0651966	5.77532
851148	-8.3263282394040523	-0.0061901361135706318	-0.0652905	5.78032
852147	-8.3313340211802931	-0.0061573608487123874	-0.0653847	5.78533
853146	-8.336339825889322	-0.0061246065176340722	-0.0654794	5.79034
854145	-8.3413456535397632	-0.0060918730935790909	-0.0655744	5.79534
855144	-8.3463515041402285	-0.0060591605498419663	-0.0656698	5.80035
856143	-8.3513573776993208	-0.0060264688597681708	-0.0657656	5.80535
857142	-8.3563632742256271	-0.0059937979967540156	-0.0658619	5.81036
858141	-8.3613691937277164	-0.0059611479342465135	-0.0659585	5.81537
859140	-8.3663751362141472	-0.0059285186457432807	-0.0660556	5.82037
860139	-8.3713811016934532	-0.0058959101047923743	-0.066153	5.82538
861138	-8.3763870901741644	-0.0058633222849921876	-0.0662509	5.83038
862137	-8.3813931016647931	-0.0058307551599913032	-0.0663493	5.83539
863136	-8.3863991361738179	-0.0057982087034884082	-0.066448	5.8404
864135	-8.3914051937097422	-0.0057656828892321231	-0.0665472	5.8454
865134	-8.3964112742809967	-0.0057331776910209105	-0.0666469	5.85041
866133	-8.4014173778959531	-0.0057006930827029371	-0.066747	5.85541
867132	-8.4064235045632305	-0.0056682290381759471	-0.0668475	5.86042
868131	-8.4114296542910605	-0.0056357855313871668	-0.0669485	5.86543
869130	-8.4164358270879074	-0.0056033625363331304	-0.06705	5.87043
870129	-8.4214420229621378	-0.0055709600270595992	-0.0671519	5.87544
871128	-8.4264482419220847	-0.0055385779776614399	-0.0672543	5.88045
872127	-8.4314544839761023	-0.0055062163622824779	-0.0673572	5.88545
873126	-8.4364607491324843	-0.0054738751551154036	-0.0674605	5.89046
874125	-8.4414670373995477	-0.0054415543304016378	-0.0675644	5.89546
875124	-8.4464733487855579	-0.0054092538624311891	-0.0676687	5.90047
876123	-8.4514796832987855	-0.0053769737255425941	-0.0677736	5.90548
877122	-8.4564860409474516	-0.0053447138941227325	-0.0678789	5.91048
878121	-8.4614924217397824	-0.0053124743426067669	-0.0679848	5.91549
879120	-8.4664988256839671	-0.0052802550454779827	-0.0680912	5.9205
880119	-8.4715052527881927	-0.0052480559772676875	-0.0681981	5.9255
881118	-8.4765117030606021	-0.005215877112555097	-0.0683055	5.93051
882117	-8.481518176509331	-0.0051837184259671872	-0.0684135	5.93552
883116	-8.4865246731424797	-0.0051515798921786156	-0.068522	5.94052
884115	-8.4915311929681376	-0.0051194614859115953	-0.0686311	5.94553
885114	-8.4965377359943819	-0.0050873631819358008	-0.0687408	5.95054
886113	-8.5015443022292256	-0.0050552849550681792	-0.068851	5.95554
887112	-8.5065508916806944	-0.0050232267801729145	-0.0689617	5.96055
888111	-8.5115575043567802	-0.0049911886321612978	-0.0690731	5.96556
889110	-8.5165641402654462	-0.0049591704859915427	-0.069185	5.97056
890109	-8.5215707994146221	-0.0049271723166688149	-0.0692975	5.97557
891108	-8.5265774818122377	-0.0048951940992449554	-0.0694107	5.98058
892107	-8.5315841874661675	-0.0048632358088184771	-0.0695244	5.98558
893106	-8.5365909163842666	-0.0048312974205344189	-0.0696387	5.99059
894105	-8.5415976685743775	-0.0047993789095842308	-0.0697537	5.9956
895104	-8.5466044440443021	-0.0047674802512057031	-0.0698693	6.0006
896103	-8.551611242801803	-0.0047356014206827481	-0.0699856	6.00561
897102	-8.556618064854618	-0.0047037423933454477	-0.0701025	6.01062
898101	-8.5616249102104831	-0.0046719031445698021	-0.07022	6.01562
899100	-8.5666317788770705	-0.0046400836497776897	-0.0703382	6.02063
900099	-8.5716386708620398	-0.0046082838844367638	-0.0704571	6.02564
901098	-8.576645586172992	-0.0045765038240603052	-0.0705767	6.03065
902097	-8.5816525248175193	-0.0045447434442071619	-0.070697	6.03565
903096	-8.5866594868031605	-0.0045130027204815992	-0.0708179	6.04066
904095	-8.5916664721374616	-0.0044812816285332022	-0.0709396	6.04567
905094	-8.5966734808278904	-0.0044495801440567759	-0.071062	6.05067
906093	-8.6016805128818881	-0.0044178982427922585	-0.0711852	6.05568
907092	-8.6066875683068691	-0.0043862359005246085	-0.071309	6.06069
908091	-8.6116946471102018	-0.0043545930930836609	-0.0714337	6.0657
909090	-8.6167017492992137	-0.0043229697963440466	-0.0715591	6.0707
910089	-8.6217088748812039	-0.0042913659862251008	-0.0716852	6.07571
911088	-8.6267160238634482	-0.0042597816386907772	-0.0718122	6.08072
912087	-8.6317231962530965	-0.0042282167297495003	-0.0719399	6.08572
913086	-8.6367303920573395	-0.0041966712354540858	-0.0720685	6.09073
914085	-8.6417376112832969	-0.0041651451319016496	-0.0721979	6.09574
915084	-8.6467448539380545	-0.0041336383952334417	-0.0723281	6.10075
916083	-8.6517521200286307	-0.004102151001634885	-0.0724591	6.10575
917082	-8.6567594095620226	-0.0040706829273353144	-0.0725911	6.11076
918081	-8.6617667225451509	-0.0040392341486079819	-0.0727238	6.11577
919080	-8.6667740589849007	-0.0040078046417699265	-0.0728575	6.12078
920079	-8.6717814188881022	-0.0039763943831818598	-0.0729921	6.12578
921078	-8.6767888022615374	-0.0039450033492480999	-0.0731276	6.13079
922077	-8.6817962091119316	-0.0039136315164164659	-0.073264	6.1358
923076	-8.686803639445948	-0.0038822788611781673	-0.0734013	6.14081
924075	-8.6918110932702088	-0.0038509453600677206	-0.0735396	6.14581
925074	-8.696818570591228	-0.0038196309896628465	-0.0736789	6.15082
926073	-8.701826071415514	-0.0037883357265843785	-0.0738191	6.15583
927072	-8.7068335957495044	-0.0037570595474961848	-0.0739604	6.16084
928071	-8.7118411435995551	-0.0037258024291050452	-0.0741026	6.16584
929070	-8.7168487149719489	-0.0036945643481605846	-0.0742459	6.17085
930069	-8.7218563098729263	-0.0036633452814551675	-0.0743903	6.17586
931068	-8.7268639283086209	-0.0036321452058238257	-0.0745357	6.18087
932067	-8.7318715702851186	-0.0036009640981441372	-0.0746822	6.18587
933066	-8.7368792358084342	-0.0035698019353361762	-0.0748298	6.19088
934065	-8.7418869248844899	-0.0035386586943623867	-0.0749786	6.19589
935064	-8.7468946375191496	-0.0035075343522275298	-0.0751285	6.2009
936063	-8.7519023737181563	-0.0034764288859785815	-0.0752795	6.20591
937062	-8.7569101334871924	-0.0034453422727046463	-0.0754317	6.21091
938061	-8.7619179168318482	-0.003414274489536853	-0.0755852	6.21592
939060	-8.766925723757625	-0.0033832255136483197	-0.0757398	6.22093
940059	-8.7719335542699373	-0.0033521953222540421	-0.0758957	6.22594
941058	-8.776941408374082	-0.0033211838926108092	-0.0760529	6.23095
942057	-8.7819492860752515	-0.0032901912020171288	-0.0762114	6.23595
943056	-8.7869571873785599	-0.0032592172278131603	-0.0763712	6.24096
944055	-8.7919651122889952	-0.0032282619473806163	-0.0765323	6.24597
945054	-8.7969730608114372	-0.0031973253381427057	-0.0766948	6.25098
946053	-8.8019810329506445	-0.0031664073775640486	-0.0768587	6.25599
947052	-8.8069890287112678	-0.0031355080431506007	-0.077024	6.26099
948051	-8.8119970480978154	-0.0031046273124495927	-0.0771908	6.266
949050	-8.8170050911146802	-0.0030737651630494437	-0.077359	6.27101
950049	-8.8220131577660528	-0.0030429215725797159	-0.0775287	6.27602
951048	-8.8270212480561678	-0.0030120965187110174	-0.0777	6.28103
952047	-8.8320293619889227	-0.0029812899791549631	-0.0778729	6.28603
953046	-8.8370374995681331	-0.0029505019316641021	-0.0780473	6.29104
954045	-8.8420456607974689	-0.0029197323540318468	-0.0782234	6.29605
955044	-8.8470538456804277	-0.0028889812240924296	-0.0784011	6.30106
956043	-8.8520620542203297	-0.0028582485197208296	-0.0785805	6.30607
957042	-8.8570702864203135	-0.0028275342188327328	-0.0787617	6.31108
958041	-8.8620785422833599	-0.0027968382993844654	-0.0789447	6.31608
959040	-8.8670868218122383	-0.002766160739372961	-0.0791294	6.32109
960039	-8.8720951250095172	-0.0027355015168356992	-0.079316	6.3261
961038	-8.8771034518775664	-0.0027048606098506469	-0.0795045	6.33111
962037	-8.8821118024185335	-0.0026742379965362518	-0.0796949	6.33612
963036	-8.8871201766343368	-0.0026436336550513888	-0.0798873	6.34113
964035	-8.8921285745266569	-0.0026130475635953178	-0.0800817	6.34613
965034	-8.8971369960969415	-0.0025824797004076515	-0.0802782	6.35114
966033	-8.902145441346347	-0.0025519300437683431	-0.0804768	6.35615
967032	-8.9071539102758006	-0.0025213985719976357	-0.0806776	6.36116
968031	-8.9121624028859152	-0.0024908852634560794	-0.0808806	6.36617
969030	-8.9171709191770088	-0.0024603900965444983	-0.0810859	6.37118
970029	-8.9221794591490973	-0.0024299130497039715	-0.0812934	6.37619
971028	-8.9271880228018681	-0.0023994541014158394	-0.0815034	6.3812
972027	-8.9321966101346408	-0.0023690132302016907	-0.0817158	6.3862
973026	-8.9372052211464421	-0.0023385904146234157	-0.0819308	6.39121
974025	-8.9422138558358562	-0.002308185633283165	-0.0821483	6.39622
975024	-8.9472225142010906	-0.0022777988648233906	-0.0823684	6.40123
976023	-8.9522311962399286	-0.0022474300879268892	-0.0825912	6.40624
977022	-8.9572399019497411	-0.0022170792813168225	-0.0828168	6.41125
978021	-8.9622486313273928	-0.002186746423756763	-0.0830453	6.41626
979020	-8.9672573843692955	-0.0021564314940507559	-0.0832767	6.42127
980019	-8.9722661610713246	-0.0021261344710433931	-0.0835111	6.42627
981018	-8.977274961428817	-0.0020958553336198737	-0.0837487	6.43128
982017	-8.9822837854365396	-0.0020655940607060891	-0.0839894	6.43629
983016	-8.987292633088666	-0.0020353506312687491	-0.0842334	6.4413
984015	-8.9923015043786858	-0.0020051250243154624	-0.0844807	6.44631
985014	-8.9973103992994226	-0.0019749172188949027	-0.0847316	6.45132
986013	-9.0023193178429946	-0.0019447271940969469	-0.084986	6.45633
987012	-9.0073282600007474	-0.0019145549290528179	-0.0852441	6.46134
988011	-9.0123372257632095	-0.0018844004029353006	-0.085506	6.46635
989010	-9.0173462151200283	-0.001854263594958945	-0.0857719	6.47135
990009	-9.0223552280599577	-0.0018241444843802815	-0.0860418	6.47636
991008	-9.0273642645707728	-0.0017940430504980963	-0.0863159	6.48137
992007	-9.0323733246391793	-0.0017639592726537106	-0.0865943	6.48638
993006	-9.0373824082507745	-0.0017338931302313058	-0.0868772	6.49139
994005	-9.0423915153899657	-0.0017038446026582782	-0.0871648	6.4964
995004	-9.0474006460398932	-0.0016738136694056179	-0.0874571	6.50141
996003	-9.0524098001823443	-0.0016438003099883639	-0.0877544	6.50642
997002	-9.0574189777975782	-0.0016138045039660782	-0.0880568	6.51143
998001	-9.062428178864355	-0.0015838262309433881	-0.0883646	6.51644
999000	-9.06743740335971	-0.0015538654705705721	-0.0886779	6.52145
999999	-9.07244665125884	-0.0015239222025442286	-0.0889969	6.52646
