# Filename: 2Dvpt_K0cFind2_Plot_Op3363_K-0.637_y-0.125_step1000000.dat
# Source: 2Dvpt_K0cFind2_Plot.c
# Source version: 1 (2012 Jun 29 - ...)
# Constant values: PI= 3.141592653589793116, PISQ=9.8696044010893579923, PICU=31.0062766802998162063
# Parameter values: OpA=3, OpAa=3, OpB=6, OpC=3, B=124.025106721199264825, THETA=0.6, N=2, initialdl=1e-05, trajectorydl=0.0001, initialds=1e-05, trajectorydsMax=1e-05, uncertainty=1e-13, dataskipdl=100, dataskipds=999
# Option-dependent values: K=-0.636619772367581382433, y=               -0.125, Kstar=                  -10, ystar=                  -10, c=                    0, Z=                    0, lambda=                    0, initialKdir=0, flowdir=1, Max_steps=1000000
# Initialized values: Deltas=0, Deltal=0, count_steps=0, count_passes=0, K0c=0, oldK0c=-100
# Input-file parameter: Cc=0
# step	K	y	path-length-l	path-length-s (in K-y-space)
0	-0.63661977236758138	           -0.125	0	0
1	-0.63661977236758138	           -0.125	2.07519e-317	0
2	-0.63661483172941946	-0.12500078633156239	7.86331e-07	5.00282e-06
3	-0.63660989109268018	-0.12500157267205225	1.57267e-06	1.00056e-05
4	-0.63660495045736365	-0.12500235902146978	2.35901e-06	1.50085e-05
5	-0.63660000982346976	-0.12500314537981513	3.14536e-06	2.00113e-05
6	-0.63659506919099873	-0.12500393174708849	3.93172e-06	2.50141e-05
7	-0.63659012855995045	-0.12500471812329	4.71809e-06	3.00169e-05
8	-0.63658518793032504	-0.12500550450841988	5.50446e-06	3.50198e-05
9	-0.63658024730212259	-0.12500629090247828	6.29084e-06	4.00226e-05
10	-0.63657530667534301	-0.12500707730546537	7.07723e-06	4.50254e-05
999	-0.63168973067021084	-0.1257892293515073	0.000788277	0.00499281
1998	-0.6267562134148934	-0.12658833093356028	0.00158448	0.00999063
2997	-0.62182420826296869	-0.12739669938061213	0.00238795	0.0149884
3996	-0.61689376411030927	-0.12821452051529578	0.00319882	0.0199863
4995	-0.61196493181512546	-0.12904198518265284	0.00401721	0.0249841
5994	-0.60703776429091083	-0.12987928941247642	0.00484326	0.0299819
6993	-0.60211231660434428	-0.13072663458730652	0.00567712	0.0349797
7992	-0.59718864607845823	-0.13158422761625502	0.00651891	0.0399775
8991	-0.59226681240138246	-0.13245228111483737	0.00736878	0.0449753
9990	-0.58734687774096894	-0.13333101359098776	0.00822689	0.0499731
10989	-0.5824289068656856	-0.13422064963743338	0.00909337	0.0549709
11988	-0.57751296727209056	-0.13512142013060266	0.0099684	0.0599686
12987	-0.57259912931931878	-0.1360335624362462	0.0108521	0.0649664
13986	-0.56768746637096379	-0.13695732062192495	0.0117447	0.0699642
14985	-0.56277805494481614	-0.13789294567654575	0.0126463	0.074962
15984	-0.5578709748708921	-0.1388406957370828	0.013557	0.0799597
16983	-0.55296630945826442	-0.13980083632264287	0.0144772	0.0849575
17982	-0.54806414567119466	-0.14077364057600544	0.0154069	0.0899553
18981	-0.54316457431512677	-0.14175938951275471	0.0163462	0.094953
19980	-0.53826769023311427	-0.14275837227811086	0.0172955	0.0999508
20979	-0.53337359251328209	-0.1437708864115437	0.0182549	0.104948
21978	-0.52848238470798403	-0.14479723811922493	0.0192246	0.109946
22977	-0.5235941750653148	-0.1458377425543517	0.0202048	0.114944
23976	-0.51870907677371247	-0.14689272410534274	0.0211956	0.119942
24975	-0.51382720822038974	-0.14796251669185656	0.0221974	0.124939
25974	-0.50894869326438164	-0.14904746406856176	0.0232102	0.129937
26973	-0.5040736615250524	-0.15014792013650965	0.0242344	0.134935
27972	-0.49920224868691526	-0.1512642492619275	0.0252701	0.139932
28971	-0.49433459682169412	-0.15239682660216447	0.0263176	0.14493
29970	-0.4894708547285494	-0.15354603843845691	0.0273771	0.149928
30969	-0.48461117829348188	-0.15471228251509284	0.0284489	0.154925
31968	-0.47975573086892503	-0.15589596838445077	0.0295331	0.159923
32967	-0.47490468367459182	-0.15709751775728975	0.0306301	0.164921
33966	-0.47005821622067395	-0.15831736485752929	0.03174	0.169918
34965	-0.46521651675452697	-0.15955595678063242	0.0328632	0.174916
35964	-0.46037978273197899	-0.16081375385453422	0.034	0.179914
36963	-0.45554822131445794	-0.16209123000189635	0.0351505	0.184911
37962	-0.4507220498931046	-0.16338887310226211	0.036315	0.189909
38961	-0.44590149664108075	-0.16470718535247558	0.0374939	0.194906
39960	-0.44108680109525256	-0.16604668362347927	0.0386874	0.199904
40959	-0.43627821476840439	-0.16740789981134391	0.0398958	0.204901
41958	-0.43147600179313517	-0.16879138118008261	0.0411194	0.209899
42957	-0.42668043959850055	-0.17019769069347263	0.0423585	0.214897
43956	-0.42189181962039923	-0.17162740733275531	0.0436135	0.219894
44955	-0.41711044804661496	-0.1730811263966833	0.0448845	0.224892
45954	-0.41233664659727065	-0.17455945977995824	0.0461721	0.229889
46953	-0.40757075334128628	-0.17606303622563405	0.0474763	0.234886
47952	-0.40281312354924409	-0.17759250154654604	0.0487977	0.239884
48951	-0.39806413058276985	-0.17914851881029331	0.0501365	0.244881
49950	-0.39332416682027166	-0.1807317684816967	0.0514931	0.249879
50949	-0.38859364461846913	-0.18234294851603963	0.0528677	0.254876
51948	-0.3838729973087236	-0.18398277439572749	0.0542608	0.259873
52947	-0.37916268022666022	-0.18565197910230077	0.0556726	0.264871
53946	-0.37446317177295935	-0.1873513130149998	0.0571036	0.269868
54945	-0.3697749745024983	-0.18908154372633473	0.058554	0.274865
55944	-0.36509861623821271	-0.19084345576431883	0.0600242	0.279863
56943	-0.36043465120513923	-0.19263785021025376	0.0615146	0.28486
57942	-0.35578366117901167	-0.19446554420018872	0.0630255	0.289857
58941	-0.35114625664266463	-0.19632737029740222	0.0645572	0.294854
59940	-0.34652307794210596	-0.19822417572258116	0.0661101	0.299852
60939	-0.34191479643272554	-0.20015682142771465	0.0676844	0.304849
61938	-0.33732211560441089	-0.20212618099921101	0.0692807	0.309846
62937	-0.33274577217265966	-0.20413313937534125	0.070899	0.314843
63936	-0.32818653712080825	-0.20617859136289682	0.0725399	0.31984
64935	-0.32364521667648638	-0.20826343993797536	0.0742035	0.324837
65934	-0.31912265320326427	-0.21038859431607446	0.0758902	0.329834
66933	-0.31461972598619936	-0.21255496777730651	0.0776001	0.334831
67932	-0.31013735188774072	-0.21476347523355305	0.0793337	0.339828
68931	-0.3056764858481304	-0.21701503052585111	0.0810911	0.344825
69930	-0.30123812120224319	-0.21931054344228751	0.0828725	0.349822
70929	-0.29682328978271755	-0.22165091644926146	0.0846781	0.354818
71928	-0.29243306177738215	-0.22403704113217357	0.0865081	0.359815
72927	-0.28806854530746034	-0.22646979434553399	0.0883627	0.364812
73926	-0.28373088569196153	-0.22895003407708839	0.0902418	0.369809
74925	-0.27942126436323916	-0.23147859503596416	0.0921457	0.374805
75924	-0.27514089739890696	-0.23405628398094153	0.0940742	0.379802
76923	-0.27089103363650119	-0.23668387481177619	0.0960275	0.384799
77922	-0.26667295233943844	-0.23936210345394193	0.0980055	0.389795
78921	-0.26248796038619265	-0.24209166257509931	0.100008	0.394792
79920	-0.25833738895927555	-0.24487319617988393	0.102035	0.399788
80919	-0.25422258971666806	-0.24770729413801665	0.104086	0.404785
81918	-0.25014493043588798	-0.25059448670899592	0.106161	0.409781
82917	-0.24610579012981829	-0.25353523913444947	0.10826	0.414777
83916	-0.2421065536438099	-0.25652994637620929	0.110382	0.419773
84915	-0.23814860575516217	-0.25957892808400396	0.112527	0.42477
85914	-0.23423332480872874	-0.26268242388088098	0.114694	0.429766
86913	-0.23036207593571037	-0.26584058905673646	0.116883	0.434762
87912	-0.22653620391634438	-0.26905349076030161	0.119093	0.439758
88911	-0.22275702576065126	-0.2723211047772453	0.121324	0.444754
89910	-0.21902582309413166	-0.27564331297664363	0.123575	0.44975
90909	-0.21534383444673755	-0.27901990149967387	0.125844	0.454746
91908	-0.21171224755299395	-0.28245055975318339	0.128132	0.459742
92907	-0.20813219177822487	-0.28593488025694019	0.130437	0.464737
93906	-0.20460473078999797	-0.28947235937712901	0.132758	0.469733
94905	-0.20113085559470575	-0.29306239896067071	0.135095	0.474729
95904	-0.19771147805643635	-0.29670430886565047	0.137446	0.479724
96903	-0.19434742500883026	-0.30039731036339762	0.139811	0.48472
97902	-0.19103943306060886	-0.30414054036823041	0.142187	0.489715
98901	-0.18778814418214115	-0.30793305643243268	0.144575	0.494711
99900	-0.18459410214425301	-0.31177384242730916	0.146973	0.499706
100899	-0.18145774986211241	-0.31566181481695976	0.149379	0.504702
101898	-0.17837942767711013	-0.31959582942012127	0.151794	0.509697
102897	-0.17535937258905954	-0.32357468854755855	0.154214	0.514692
103896	-0.17239771843050522	-0.32759714839815524	0.15664	0.519687
104895	-0.16949449695530633	-0.33166192659611865	0.159071	0.524682
105894	-0.16664963979559635	-0.33576770975444153	0.161504	0.529678
106893	-0.16386298122536713	-0.33991316095558854	0.16394	0.534673
107892	-0.16092633544586249	-0.344420950814396	0.166564	0.540053
108891	-0.15565003668038666	-0.35290345568641268	0.171435	0.550043
109890	-0.15060005557042588	-0.36152246148227118	0.176298	0.560032
110889	-0.14577137920632308	-0.37026723330292266	0.181145	0.570022
111888	-0.14115800041018323	-0.3791273506738761	0.18597	0.580011
112887	-0.13675310949187802	-0.3880928330557829	0.190766	0.590001
113886	-0.13254928172769112	-0.39715423198261651	0.195529	0.59999
114885	-0.12853865322470667	-0.40630269237941202	0.200254	0.609979
115884	-0.12471308012164631	-0.41552998692095533	0.204936	0.619968
116883	-0.12106427818843118	-0.42482852793891029	0.209574	0.629957
117882	-0.11758394166167385	-0.43419136150220017	0.214164	0.639946
118881	-0.11426384152389678	-0.44361214803855803	0.218703	0.649935
119880	-0.11109590440222773	-0.45308513337859935	0.223191	0.659924
120879	-0.108072273872916	-0.46260511350629807	0.227626	0.669912
121878	-0.10518535627778867	-0.47216739567850546	0.232008	0.679901
122877	-0.10242785325911972	-0.48176775798852317	0.236334	0.68989
123876	-0.099792783166330681	-0.491402408927333	0.240606	0.699878
124875	-0.097273493336899775	-0.50106794805520116	0.244823	0.709867
125874	-0.094863665048066689	-0.51076132853785261	0.248985	0.719855
126873	-0.092557312706972511	-0.52047982201964549	0.253093	0.729844
127872	-0.09034877861637397	-0.53022098609169643	0.257146	0.739832
128871	-0.088232724434741922	-0.53998263445475736	0.261146	0.74982
129870	-0.086204120251145711	-0.54976280976409098	0.265093	0.759809
130869	-0.084258232020456181	-0.55955975906684663	0.268987	0.769797
131868	-0.082390607953834627	-0.56937191169307955	0.27283	0.779786
132867	-0.080597064332270332	-0.57919785943261082	0.276622	0.789774
133866	-0.078873671105123139	-0.58903633881578688	0.280365	0.799762
134865	-0.077216737548796821	-0.59888621531263575	0.284058	0.80975
135864	-0.075622798190263629	-0.60874646926836029	0.287703	0.819739
136863	-0.074088599143691508	-0.61861618340129876	0.291301	0.829727
137862	-0.072611084963624534	-0.62849453170041181	0.294852	0.839715
138861	-0.071187386082998946	-0.63838076957184942	0.298358	0.849703
139860	-0.069814806876976304	-0.6482742250971002	0.301819	0.859692
140859	-0.068490814372650019	-0.65817429127822935	0.305237	0.86968
141858	-0.067213027608881024	-0.66808041915815652	0.308612	0.879668
142857	-0.065979207638779278	-0.67799211171572327	0.311945	0.889656
143856	-0.064787248158844485	-0.68790891844613855	0.315237	0.899645
144855	-0.063635166742795707	-0.69783043054741201	0.318489	0.909633
145854	-0.062521096654099648	-0.70775627664238105	0.321702	0.919621
146853	-0.061443279208708727	-0.7176861189741065	0.324876	0.929609
147852	-0.060400056658166029	-0.72761965001963602	0.328013	0.939597
148851	-0.05938986556276029	-0.73755658947365343	0.331112	0.949585
149850	-0.058411230624575872	-0.74749668155925819	0.334175	0.959574
150849	-0.05746275895091809	-0.75743969262819866	0.337203	0.969562
151848	-0.056543134719560406	-0.76738540901738883	0.340197	0.97955
152847	-0.055651114218445562	-0.77733363513246634	0.343156	0.989538
153846	-0.054785521233806651	-0.78728419173263675	0.346082	0.999526
154845	-0.053945242762089007	-0.7972369143941439	0.348976	1.00951
155844	-0.053129225022495251	-0.80719165213233179	0.351837	1.0195
156843	-0.052336469748426831	-0.81714826616467517	0.354668	1.02949
157842	-0.051566030737513216	-0.82710662879922325	0.357467	1.03948
158841	-0.050817010641297233	-0.8370666224346931	0.360237	1.04947
159840	-0.050088557976966527	-0.84702813866008775	0.362978	1.05945
160839	-0.049379864344776703	-0.8569910774430779	0.365689	1.06944
161838	-0.048690161836004796	-0.86695534639768412	0.368373	1.07943
162837	-0.048018720617383923	-0.87692086012280879	0.371028	1.08942
163836	-0.047364846679025976	-0.8868875396041711	0.373657	1.09941
164835	-0.04672787973380961	-0.89685531167302024	0.376258	1.1094
165834	-0.046107191257129934	-0.90682410851577222	0.378834	1.11938
166833	-0.045502182656745077	-0.91679386722931189	0.381384	1.12937
167832	-0.044912283563245649	-0.92676452941733822	0.383909	1.13936
168831	-0.044336950232394562	-0.93673604082361062	0.386409	1.14935
169830	-0.043775664051259641	-0.94670835099839201	0.388885	1.15934
170829	-0.043227930140677225	-0.95668141299481879	0.391338	1.16932
171828	-0.042693276047161867	-0.96665518309224885	0.393767	1.17931
172827	-0.04217125051789964	-0.97662962054395397	0.396173	1.1893
173826	-0.041661422352951193	-0.98660468734682183	0.398556	1.19929
174825	-0.041163379329239337	-0.99658034803094897	0.400918	1.20928
175824	-0.040676727191304378	-1.0065565694672312	0.403257	1.21926
176823	-0.040201088704194067	-1.0165333206912994	0.405576	1.22925
177822	-0.039736102764201829	-1.0265105727422352	0.407873	1.23924
178821	-0.039281423563489966	-1.0364882985146866	0.41015	1.24923
179820	-0.0388367198049294	-1.0464664726232376	0.412407	1.25922
180819	-0.038401673963763691	-1.0564450712778228	0.414644	1.2692
181818	-0.037975981592951048	-1.0664240721692659	0.416861	1.27919
182817	-0.037559350669273399	-1.0764034543639796	0.41906	1.28918
183816	-0.037151500977514379	-1.0863831982070837	0.421239	1.29917
184815	-0.036752163530202997	-1.0963632852331338	0.4234	1.30916
185814	-0.036361080020600844	-1.1063436980838333	0.425542	1.31915
186813	-0.035978002306780776	-1.1163244204321574	0.427667	1.32913
187812	-0.035602691924794864	-1.126305436912258	0.429774	1.33912
188811	-0.035234919629074039	-1.1362867330547397	0.431863	1.34911
189810	-0.034874464958333712	-1.1462682952268193	0.433935	1.3591
190809	-0.034521115825378028	-1.156250110576958	0.435991	1.36909
191808	-0.034174668129310824	-1.1662321669836182	0.43803	1.37907
192807	-0.033834925388762142	-1.1762144530077681	0.440053	1.38906
193806	-0.033501698394836368	-1.1861969578488938	0.442059	1.39905
194805	-0.033174804882576216	-1.1961796713041499	0.44405	1.40904
195804	-0.032854069219818351	-1.2061625837304788	0.446026	1.41903
196803	-0.032539322112392771	-1.2161456860094102	0.447986	1.42901
197802	-0.032230400324688852	-1.226128969514356	0.44993	1.439
198801	-0.031927146414674597	-1.2361124260801852	0.451861	1.44899
199800	-0.031629408482517329	-1.2460960479749232	0.453776	1.45898
200799	-0.031337039932009467	-1.2560798278734047	0.455677	1.46897
201798	-0.031049899244055743	-1.2660637588327257	0.457564	1.47895
202797	-0.030767849761525357	-1.2760478342693398	0.459437	1.48894
203796	-0.030490759484818039	-1.2860320479377498	0.461296	1.49893
204795	-0.030218500877534953	-1.2960163939105531	0.463141	1.50892
205794	-0.029950950681684008	-1.3060008665598746	0.464973	1.51891
206793	-0.029687989741883955	-1.3159854605399837	0.466792	1.52889
207792	-0.029429502838067036	-1.325970170771043	0.468598	1.53888
208791	-0.029175378526210532	-1.33595499242395	0.470391	1.54887
209790	-0.028925508986655208	-1.3459399209060898	0.472171	1.55886
210789	-0.028679789879598679	-1.3559249518480658	0.473939	1.56885
211788	-0.028438120207373459	-1.3659100810912148	0.475694	1.57883
212787	-0.028200402183146508	-1.3758953046759468	0.477438	1.58882
213786	-0.027966541105696439	-1.3858806188307817	0.479169	1.59881
214785	-0.027736445239946384	-1.3958660199620951	0.480889	1.6088
215784	-0.02751002570294887	-1.4058515046444637	0.482597	1.61879
216783	-0.027287196355038634	-1.4158370696116249	0.484293	1.62878
217782	-0.027067873695883753	-1.4258227117479825	0.485978	1.63876
218781	-0.026851976765182705	-1.4358084280805938	0.487652	1.64875
219780	-0.026639427047769216	-1.4457942157716812	0.489315	1.65874
220779	-0.026430148382900514	-1.4557800721115621	0.490967	1.66873
221778	-0.02622406687751724	-1.4657659945119956	0.492608	1.67872
222777	-0.026021110823275247	-1.4757519804999231	0.494238	1.6887
223776	-0.025821210617161389	-1.485738027711569	0.495859	1.69869
224775	-0.025624298685515468	-1.4957241338868881	0.497468	1.70868
225774	-0.025430309411290365	-1.5057102968643323	0.499068	1.71867
226773	-0.025239179064391708	-1.5156965145759067	0.500657	1.72866
227772	-0.025050845734947525	-1.5256827850425143	0.502236	1.73864
228771	-0.024865249269366483	-1.5356691063695542	0.503806	1.74863
229770	-0.024682331209050209	-1.5456554767427666	0.505366	1.75862
230769	-0.024502034731633787	-1.5556418944243307	0.506916	1.76861
231768	-0.024324304594633802	-1.5656283577491321	0.508456	1.7786
232767	-0.024149087081391119	-1.5756148651212729	0.509988	1.78858
233766	-0.023976329949200525	-1.5856014150107605	0.51151	1.79857
234765	-0.023805982379526049	-1.5955880059503795	0.513023	1.80856
235764	-0.023637994930204694	-1.6055746365327068	0.514526	1.81855
236763	-0.023472319489547776	-1.6155613054073241	0.516021	1.82854
237762	-0.023308909232253438	-1.6255480112781553	0.517507	1.83852
238761	-0.023147718577047071	-1.6355347529009363	0.518985	1.84851
239760	-0.022988703145972792	-1.6455215290808429	0.520453	1.8585
240759	-0.022831819725261417	-1.6555083386702245	0.521913	1.86849
241758	-0.022677026227704469	-1.6654951805664546	0.523365	1.87848
242757	-0.02252428165646822	-1.6754820537099055	0.524809	1.88846
243756	-0.022373546070283107	-1.6854689570819978	0.526244	1.89845
244755	-0.022224780549949599	-1.6954558897033938	0.527671	1.90844
245754	-0.022077947166102205	-1.705442850632233	0.52909	1.91843
246753	-0.021933008948178154	-1.7154298389624933	0.5305	1.92842
247752	-0.021789929854537447	-1.7254168538224131	0.531904	1.9384
248751	-0.02164867474368664	-1.7354038943729946	0.533299	1.94839
249750	-0.021509209346558516	-1.7453909598066049	0.534686	1.95838
250749	-0.021371500239802842	-1.7553780493455939	0.536066	1.96837
251748	-0.021235514820046316	-1.7653651622410369	0.537439	1.97836
252747	-0.021101221279080914	-1.7753522977714939	0.538804	1.98834
253746	-0.020968588579941806	-1.78533945524187	0.540161	1.99833
254745	-0.020837586433838418	-1.7953266339822718	0.541511	2.00832
255744	-0.020708185277903152	-1.8053138333469902	0.542855	2.01831
256743	-0.020580356253724813	-1.8153010527134674	0.54419	2.0283
257742	-0.020454071186634868	-1.8252882914813537	0.545519	2.03828
258741	-0.020329302565715166	-1.8352755490715917	0.546841	2.04827
259740	-0.020206023524499506	-1.8452628249255414	0.548156	2.05826
260739	-0.020084207822340178	-1.855250118504149	0.549464	2.06825
261738	-0.019963829826413659	-1.8652374292871672	0.550765	2.07824
262737	-0.019844864494339653	-1.8752247567723774	0.55206	2.08822
263736	-0.019727287357390183	-1.885212100474893	0.553348	2.09821
264735	-0.019611074504264577	-1.8951994599264634	0.554629	2.1082
265734	-0.019496202565409324	-1.9051868346747964	0.555904	2.11819
266733	-0.01938264869786074	-1.9151742242829515	0.557172	2.12818
267732	-0.019270390570591368	-1.9251616283287343	0.558434	2.13817
268731	-0.0191594063503399	-1.9351490464041181	0.55969	2.14815
269730	-0.019049674687906359	-1.9451364781147065	0.56094	2.15814
270729	-0.018941174704895716	-1.9551239230791886	0.562183	2.16813
271728	-0.018833885980891731	-1.9651113809288521	0.56342	2.17812
272727	-0.018727788541045964	-1.9750988513071035	0.564651	2.18811
273726	-0.018622862844065832	-1.9850863338690117	0.565876	2.19809
274725	-0.018519089770587013	-1.9950738282808511	0.567095	2.20808
275724	-0.018416450611916331	-2.0050613342196972	0.568308	2.21807
276723	-0.0183149270591309	-2.0150488513730096	0.569516	2.22806
277722	-0.018214501192521319	-2.0250363794382751	0.570717	2.23805
278721	-0.018115155471365166	-2.0350239181226102	0.571913	2.24803
279720	-0.018016872724020368	-2.0450114671424058	0.573103	2.25802
280719	-0.017919636138325454	-2.0549990262230051	0.574288	2.26801
281718	-0.017823429252296727	-2.0649865950983668	0.575467	2.278
282717	-0.01772823594511121	-2.0749741735107623	0.57664	2.28799
283716	-0.017634040428365496	-2.0849617612104465	0.577808	2.29797
284715	-0.017540827237600504	-2.0949493579554148	0.578971	2.30796
285714	-0.017448581224083163	-2.104936963511117	0.580128	2.31795
286713	-0.017357287546835354	-2.1149245776501724	0.58128	2.32794
287712	-0.017266931664902459	-2.1249122001521084	0.582427	2.33793
288711	-0.017177499329852328	-2.1348998308031608	0.583568	2.34791
289710	-0.017088976578497266	-2.1448874693960081	0.584705	2.3579
290709	-0.017001349725830867	-2.1548751157295549	0.585836	2.36789
291708	-0.016914605358173414	-2.1648627696087051	0.586962	2.37788
292707	-0.01682873032651706	-2.1748504308441787	0.588083	2.38787
293706	-0.01674371174006559	-2.1848380992522807	0.589199	2.39785
294705	-0.016659536959961706	-2.1948257746547482	0.59031	2.40784
295704	-0.016576193593194767	-2.2048134568785378	0.591416	2.41783
296703	-0.016493669486684556	-2.2148011457556538	0.592517	2.42782
297702	-0.016411952721533202	-2.224788841122971	0.593614	2.43781
298701	-0.016331031607441975	-2.2347765428221087	0.594706	2.44779
299700	-0.016250894677285441	-2.2447642506992183	0.595793	2.45778
300699	-0.016171530681839172	-2.2547519646048726	0.596875	2.46777
301698	-0.016092928584655129	-2.2647396843939029	0.597953	2.47776
302697	-0.016015077557081165	-2.2747274099252595	0.599026	2.48775
303696	-0.015937966973418056	-2.2847151410618918	0.600094	2.49773
304695	-0.015861586406211502	-2.2947028776705927	0.601158	2.50772
305694	-0.015785925621673982	-2.3046906196218901	0.602217	2.51771
306693	-0.01571097457523201	-2.3146783667899222	0.603272	2.5277
307692	-0.015636723407195227	-2.3246661190523286	0.604323	2.53769
308691	-0.015563162438543591	-2.3346538762901314	0.605369	2.54767
309690	-0.015490282166828614	-2.3446416383876096	0.606411	2.55766
310689	-0.015418073262185103	-2.3546294052322341	0.607448	2.56765
311688	-0.015346526563450277	-2.3646171767145336	0.608482	2.57764
312687	-0.015275633074386433	-2.3746049527280175	0.609511	2.58763
313686	-0.015205383960004565	-2.3845927331690704	0.610536	2.59761
314685	-0.015135770542985066	-2.3945805179368724	0.611556	2.6076
315684	-0.015066784300193248	-2.4045683069333021	0.612573	2.61759
316683	-0.014998416859286406	-2.4145561000628639	0.613585	2.62758
317682	-0.014930659995409781	-2.4245438972326032	0.614593	2.63757
318681	-0.014863505627978429	-2.4345316983520129	0.615597	2.64755
319680	-0.014796945817542871	-2.4445195033329878	0.616598	2.65754
320679	-0.014730972762735724	-2.4545073120897296	0.617594	2.66753
321678	-0.014665578797296961	-2.4644951245386775	0.618586	2.67752
322677	-0.014600756387175258	-2.4744829405984476	0.619575	2.68751
323676	-0.014536498127703544	-2.4844707601897982	0.620559	2.69749
324675	-0.014472796740846417	-2.4944585832354935	0.62154	2.70748
325674	-0.014409645072516932	-2.5044464096603054	0.622517	2.71747
326673	-0.014347036089961487	-2.5144342393909187	0.62349	2.72746
327672	-0.014284962879209998	-2.5244220723559008	0.624459	2.73745
328671	-0.014223418642590078	-2.5344099084856277	0.625425	2.74743
329670	-0.014162396696303163	-2.5443977477122415	0.626386	2.75742
330669	-0.01410189046806058	-2.5543855899695904	0.627345	2.76741
331668	-0.014041893494778168	-2.5643734351931924	0.628299	2.7774
332667	-0.013982399420327715	-2.5743612833201728	0.62925	2.78739
333666	-0.013923401993343319	-2.5843491342892158	0.630197	2.79738
334665	-0.013864895065081401	-2.5943369880405345	0.631141	2.80736
335664	-0.013806872587332906	-2.6043248445158218	0.632081	2.81735
336663	-0.013749328610385825	-2.6143127036582108	0.633018	2.82734
337662	-0.013692257281037014	-2.6243005654122022	0.633951	2.83733
338661	-0.013635652840651873	-2.6342884297236773	0.634881	2.84732
339660	-0.013579509623270345	-2.6442762965398323	0.635807	2.8573
340659	-0.013523822053758109	-2.6542641658091322	0.63673	2.86729
341658	-0.013468584646001718	-2.6642520374813099	0.637649	2.87728
342657	-0.013413792001146504	-2.6742399115072786	0.638566	2.88727
343656	-0.013359438805875958	-2.6842277878391405	0.639478	2.89726
344655	-0.013305519830731421	-2.6942156664301482	0.640388	2.90724
345654	-0.013252029928471395	-2.7042035472346506	0.641294	2.91723
346653	-0.013198964032468685	-2.7141914302080878	0.642197	2.92722
347652	-0.013146317155145037	-2.7241793153069551	0.643097	2.93721
348651	-0.013094084386441949	-2.7341672024887593	0.643993	2.9472
349650	-0.013042260892326605	-2.7441550917120177	0.644886	2.95718
350649	-0.012990841913332192	-2.7541429829362007	0.645776	2.96717
351648	-0.012939822763131565	-2.7641308761217438	0.646663	2.97716
352647	-0.01288919882714352	-2.7741187712299689	0.647547	2.98715
353646	-0.012838965561170533	-2.7841066682231195	0.648428	2.99714
354645	-0.012789118490067404	-2.7940945670642954	0.649305	3.00712
355644	-0.012739653206439902	-2.804082467717433	0.65018	3.01711
356643	-0.012690565369372712	-2.8140703701473235	0.651051	3.0271
357642	-0.012641850703185601	-2.8240582743195088	0.65192	3.03709
358641	-0.012593504996217595	-2.8340461802003531	0.652785	3.04708
359640	-0.012545524099637988	-2.8440340877569659	0.653648	3.05706
360639	-0.012497903926283582	-2.8540219969572074	0.654507	3.06705
361638	-0.012450640449521841	-2.8640099077696504	0.655364	3.07704
362637	-0.01240372970213882	-2.8739978201635759	0.656218	3.08703
363636	-0.012357167775251383	-2.8839857341089417	0.657068	3.09702
364635	-0.012310950817243399	-2.8939736495763722	0.657916	3.107
365634	-0.012265075032724657	-2.903961566537153	0.658761	3.11699
366633	-0.012219536681512953	-2.9139494849631942	0.659603	3.12698
367632	-0.012174332077637387	-2.9239374048270181	0.660443	3.13697
368631	-0.012129457588363781	-2.9339253261017681	0.661279	3.14696
369630	-0.012084909633240506	-2.9439132487611532	0.662113	3.15694
370629	-0.01204068468316497	-2.9539011727794628	0.662944	3.16693
371628	-0.011996779259469828	-2.9638890981315495	0.663772	3.17692
372627	-0.011953189933028597	-2.9738770247927957	0.664598	3.18691
373626	-0.011909913323380227	-2.9838649527391228	0.665421	3.1969
374625	-0.011866946097872122	-2.9938528819469674	0.666241	3.20688
375624	-0.011824284970821001	-3.0038408123932712	0.667058	3.21687
376623	-0.011781926702691507	-3.0138287440554667	0.667873	3.22686
377622	-0.011739868099291855	-3.0238166769114647	0.668685	3.23685
378621	-0.011698106010986156	-3.0338046109396446	0.669495	3.24684
379620	-0.01165663733192308	-3.0437925461188384	0.670302	3.25682
380619	-0.011615458999280506	-3.053780482428329	0.671106	3.26681
381618	-0.011574567992525561	-3.0637684198478343	0.671908	3.2768
382617	-0.011533961332689979	-3.0737563583574872	0.672707	3.28679
383616	-0.011493636081660197	-3.0837442979378471	0.673503	3.29678
384615	-0.011453589341481918	-3.093732238569868	0.674298	3.30676
385614	-0.011413818253678683	-3.1037201802348933	0.675089	3.31675
386613	-0.011374319998584469	-3.1137081229146699	0.675878	3.32674
387612	-0.011335091794689455	-3.1236960665912985	0.676665	3.33673
388611	-0.011296130897999246	-3.1336840112472668	0.677449	3.34672
389610	-0.011257434601406562	-3.1436719568654046	0.678231	3.3567
390609	-0.011219000234075896	-3.153659903428899	0.67901	3.36669
391608	-0.011180825160839935	-3.1636478509212784	0.679787	3.37668
392607	-0.011142906781608394	-3.1736357993263993	0.680561	3.38667
393606	-0.01110524253078835	-3.1836237486284471	0.681333	3.39666
394605	-0.011067829876715944	-3.1936116988119312	0.682103	3.40664
395604	-0.011030666321099298	-3.2035996498616663	0.68287	3.41663
396603	-0.010993749398472297	-3.2135876017627667	0.683635	3.42662
397602	-0.010957076675659322	-3.2235755545006488	0.684398	3.43661
398601	-0.010920645751249817	-3.2335635080610174	0.685158	3.4466
399600	-0.010884454255083683	-3.2435514624298607	0.685916	3.45658
400599	-0.010848499847746098	-3.2535394175934456	0.686672	3.46657
401598	-0.01081278022007248	-3.2635273735383041	0.687426	3.47656
402597	-0.010777293092662614	-3.2735153302512363	0.688177	3.48655
403596	-0.010742036215404385	-3.2835032877192978	0.688926	3.49654
404595	-0.010707007367006409	-3.2934912459298027	0.689673	3.50652
405594	-0.010672204354539604	-3.3034792048703072	0.690417	3.51651
406593	-0.010637625012987427	-3.3134671645286109	0.691159	3.5265
407592	-0.010603267204804812	-3.3234551248927433	0.691899	3.53649
408591	-0.010569128819485149	-3.3334430859509725	0.692637	3.54648
409590	-0.010535207773135564	-3.3434310476917899	0.693373	3.55646
410589	-0.010501502008060007	-3.3534190101039125	0.694107	3.56645
411588	-0.010468009492350551	-3.3634069731762528	0.694838	3.57644
412587	-0.010434728219485673	-3.3733949368979559	0.695567	3.58643
413586	-0.010401656207936451	-3.3833829012583649	0.696295	3.59642
414585	-0.010368791500779901	-3.3933708662470279	0.69702	3.6064
415584	-0.010336132165319485	-3.403358831853688	0.697743	3.61639
416583	-0.010303676292712586	-3.4133467980682797	0.698464	3.62638
417582	-0.010271421997604781	-3.4233347648809329	0.699183	3.63637
418581	-0.010239367417770873	-3.4333227322819528	0.699899	3.64636
419580	-0.010207510713762392	-3.4433107002618315	0.700614	3.65634
420579	-0.01017585006856154	-3.4532986688112408	0.701327	3.66633
421578	-0.010144383687241494	-3.4632866379210214	0.702038	3.67632
422577	-0.010113109796632668	-3.4732746075821841	0.702746	3.68631
423576	-0.010082026644995221	-3.4832625777859074	0.703453	3.6963
424575	-0.010051132501697153	-3.4932505485235317	0.704158	3.70629
425574	-0.010020425656898422	-3.5032385197865485	0.70486	3.71627
426573	-0.0099899044212406595	-3.5132264915666176	0.705561	3.72626
427572	-0.0099595671255422544	-3.5232144638555472	0.70626	3.73625
428571	-0.0099294121204990468	-3.5332024366452948	0.706957	3.74624
429570	-0.0098994377763903015	-3.5431904099279583	0.707652	3.75623
430569	-0.0098696424827895909	-3.5531783836957826	0.708345	3.76621
431568	-0.0098400246482812041	-3.5631663579411548	0.709036	3.7762
432567	-0.0098105827001812064	-3.5731543326565953	0.709725	3.78619
433566	-0.0097813150842635324	-3.5831423078347617	0.710412	3.79618
434565	-0.0097522202644907893	-3.5931302834684393	0.711097	3.80617
435564	-0.0097232967227498662	-3.6031182595505711	0.711781	3.81615
436563	-0.0096945429585918556	-3.6131062360741466	0.712463	3.82614
437562	-0.0096659574889768566	-3.6230942130323696	0.713142	3.83613
438561	-0.0096375388480228769	-3.6330821904185191	0.71382	3.84612
439560	-0.0096092855867591417	-3.643070168226004	0.714496	3.85611
440559	-0.0095811962728837557	-3.6530581464483443	0.715171	3.86609
441558	-0.0095532694905253387	-3.6630461250791782	0.715843	3.87608
442557	-0.0095255038400087998	-3.6730341041122525	0.716514	3.88607
443556	-0.0094978979376251198	-3.6830220835414234	0.717183	3.89606
444555	-0.0094704504154050611	-3.6930100633606546	0.71785	3.90605
445554	-0.0094431599208966762	-3.70299804356402	0.718515	3.91603
446553	-0.0094160251169463603	-3.7129860241456885	0.719179	3.92602
447552	-0.009389044681484042	-3.7229740050999371	0.719841	3.93601
448551	-0.0093622173073116093	-3.7329619864211336	0.720501	3.946
449550	-0.0093355417018950101	-3.7429499681037481	0.721159	3.95599
450549	-0.0093090165871597477	-3.7529379501423477	0.721816	3.96597
451548	-0.0092826406992898673	-3.7629259325315845	0.722471	3.97596
452547	-0.0092564127885303125	-3.7729139152662086	0.723124	3.98595
453546	-0.0092303316189924177	-3.7829018983410583	0.723775	3.99594
454545	-0.0092043959684626631	-3.7928898817510621	0.724425	4.00593
455544	-0.0091786046282147336	-3.8028778654912259	0.725073	4.01591
456543	-0.0091529564028243107	-3.8128658495566454	0.72572	4.0259
457542	-0.0091274501099872524	-3.8228538339425042	0.726364	4.03589
458541	-0.0091020845803405775	-3.8328418186440594	0.727008	4.04588
459540	-0.0090768586572864338	-3.8428298036566497	0.727649	4.05587
460539	-0.0090517711968187229	-3.8528177889756958	0.728289	4.06585
461538	-0.0090268210673529539	-3.8628057745966888	0.728927	4.07584
462537	-0.0090020071495583113	-3.8727937605151914	0.729564	4.08583
463536	-0.0089773283361929204	-3.8827817467268599	0.730199	4.09582
464535	-0.0089527835319413666	-3.8927697332274032	0.730832	4.10581
465534	-0.0089283716532551835	-3.9027577200126093	0.731464	4.11579
466533	-0.0089040916281955193	-3.9127457070783311	0.732094	4.12578
467532	-0.0088799423962786037	-3.9227336944204927	0.732722	4.13577
468531	-0.0088559229083235557	-3.9327216820350812	0.733349	4.14576
469530	-0.0088320321263026039	-3.9427096699181607	0.733975	4.15575
470529	-0.0088082690231936697	-3.9526976580658433	0.734599	4.16573
471528	-0.0087846325828352216	-3.962685646474319	0.735221	4.17572
472527	-0.0087611217997837672	-3.97267363513983	0.735842	4.18571
473526	-0.0087377356791729782	-3.9826616240586841	0.736461	4.1957
474525	-0.0087144732365754748	-3.9926496132272482	0.737079	4.20569
475524	-0.0086913334978666514	-4.0026376026419506	0.737695	4.21567
476523	-0.00866831549909069	-4.0126255922992717	0.73831	4.22566
477522	-0.0086454182863283883	-4.0226135821957527	0.738923	4.23565
478521	-0.0086226409155673606	-4.0326015723279856	0.739535	4.24564
479520	-0.0085999824525740728	-4.0425895626926227	0.740145	4.25563
480519	-0.0085774419727678887	-4.0525775532863664	0.740753	4.26561
481518	-0.0085550185610970986	-4.0625655441059738	0.741361	4.2756
482517	-0.0085327113119167339	-4.0725535351482511	0.741966	4.28559
483516	-0.0085105193288683018	-4.0825415264100551	0.742571	4.29558
484515	-0.0084884417247615192	-4.0925295178882903	0.743174	4.30557
485514	-0.0084664776214575278	-4.1025175095799113	0.743775	4.31555
486513	-0.0084446261497542353	-4.1125055014819276	0.744375	4.32554
487512	-0.0084228864492730451	-4.1224934935913913	0.744973	4.33553
488511	-0.0084012576683476226	-4.1324814859053962	0.74557	4.34552
489510	-0.0083797389639140851	-4.1424694784210905	0.746166	4.35551
490509	-0.0083583295014029932	-4.1524574711356612	0.74676	4.36549
491508	-0.0083370284546328919	-4.1624454640463284	0.747353	4.37548
492507	-0.0083158350057054593	-4.1724334571503752	0.747945	4.38547
493506	-0.0082947483449022884	-4.18242145044512	0.748535	4.39546
494505	-0.0082737676705831216	-4.1924094439279163	0.749123	4.40545
495504	-0.0082528921890855558	-4.2023974375961641	0.749711	4.41543
496503	-0.0082321211146264041	-4.2123854314472986	0.750296	4.42542
497502	-0.0082114536692042984	-4.2223734254787972	0.750881	4.43541
498501	-0.0081908890825040156	-4.2323614196881989	0.751464	4.4454
499500	-0.0081704265918018312	-4.2423494140730282	0.752046	4.45539
500499	-0.0081500654418726146	-4.2523374086308872	0.752626	4.46537
501498	-0.0081298048848980706	-4.2623254033594051	0.753206	4.47536
502497	-0.0081096441803763537	-4.2723133982562489	0.753783	4.48535
503496	-0.008089582595033255	-4.2823013933191181	0.75436	4.49534
504495	-0.0080696194027341274	-4.2922893885457478	0.754935	4.50533
505494	-0.008049753884397666	-4.3022773839338981	0.755509	4.51531
506493	-0.0080299853279106343	-4.3122653794813868	0.756081	4.5253
507492	-0.0080103130280437806	-4.3222533751860439	0.756652	4.53529
508491	-0.0079907362863691715	-4.3322413710457406	0.757222	4.54528
509490	-0.0079712544111786039	-4.3422293670583727	0.757791	4.55527
510489	-0.0079518667174031665	-4.3522173632218752	0.758358	4.56525
511488	-0.0079325725265338692	-4.3622053595342161	0.758924	4.57524
512487	-0.0079133711665436875	-4.3721933559933719	0.759489	4.58523
513486	-0.0078942619718103593	-4.3821813525973754	0.760052	4.59522
514485	-0.0078752442830405597	-4.3921693493442735	0.760614	4.60521
515484	-0.0078563174471950464	-4.402157346232153	0.761175	4.61519
516483	-0.00783748081741476	-4.412145343259116	0.761735	4.62518
517482	-0.0078187337529482537	-4.4221333404233096	0.762294	4.63517
518481	-0.0078000756190797181	-4.4321213377228901	0.762851	4.64516
519480	-0.007781505787058436	-4.4421093351560508	0.763407	4.65515
520479	-0.0077630236340289508	-4.4520973327210065	0.763961	4.66513
521478	-0.0077446285429623495	-4.4620853304160031	0.764515	4.67512
522477	-0.0077263199025884195	-4.4720733282393175	0.765067	4.68511
523476	-0.007708097107328807	-4.4820613261892355	0.765618	4.6951
524475	-0.0076899595572310787	-4.4920493242640758	0.766168	4.70509
525474	-0.0076719066579036968	-4.5020373224621837	0.766717	4.71507
526473	-0.0076539378204518961	-4.5120253207819285	0.767264	4.72506
527472	-0.0076360524614143988	 -4.5220133192217	0.76781	4.73505
528471	-0.0076182500027011518	-4.5320013177799146	0.768355	4.74504
529470	-0.0076005298715316576	-4.5419893164550045	0.768899	4.75503
530469	-0.0075828915003744411	-4.5519773152454341	0.769442	4.76501
531468	-0.0075653343268870625	-4.5619653141496803	0.769983	4.775
532467	-0.0075478577938572463	-4.57195331316625	0.770524	4.78499
533466	-0.0075304613491445531	-4.5819413122936696	0.771063	4.79498
534465	-0.0075131444456229156	-4.5919293115304791	0.771601	4.80497
535464	-0.0074959065411240519	-4.6019173108752511	0.772138	4.81495
536463	-0.0074787470983815234	-4.6119053103265699	0.772674	4.82494
537462	-0.0074616655849756236	-4.6218933098830401	0.773208	4.83493
538461	-0.007444661473278903	-4.6318813095432896	0.773742	4.84492
539460	-0.0074277342404025773	-4.641869309305962	0.774274	4.85491
540459	-0.0074108833681435461	-4.651857309169726	0.774805	4.86489
541458	-0.0073941083429321392	-4.6618453091332626	0.775335	4.87488
542457	-0.0073774086557805299	-4.6718333091952733	0.775864	4.88487
543456	-0.0073607838022319693	-4.6818213093544845	0.776392	4.89486
544455	-0.0073442332823104965	-4.6918093096096314	0.776918	4.90485
545454	-0.0073277566004714594	-4.7017973099594652	0.777444	4.91483
546453	-0.0073113532655526168	-4.7117853104027629	0.777969	4.92482
547452	-0.0072950227907259274	-4.7217733109383131	0.778492	4.93481
548451	-0.0072787646934499781	-4.731761311564922	0.779014	4.9448
549450	-0.007262578495422967	-4.7417493122814163	0.779535	4.95479
550449	-0.0072464637225363518	-4.7517373130866343	0.780055	4.96478
551448	-0.0072304199048291492	-4.7617253139794267	0.780575	4.97476
552447	-0.0072144465764427722	-4.7717133149586699	0.781092	4.98475
553446	-0.007198543275576408	-4.7817013160232467	0.781609	4.99474
554445	-0.007182709544443098	-4.7916893171720645	0.782125	5.00473
555444	-0.007166944929226253	-4.801677318404038	0.78264	5.01472
556443	-0.0071512489800368874	-4.8116653197181014	0.783154	5.0247
557442	-0.0071356212508712586	-4.8216533211131978	0.783666	5.03469
558441	-0.00712006129956912	-4.8316413225882888	0.784178	5.04468
559440	-0.0071045686877724695	-4.8416293241423505	0.784689	5.05467
560439	-0.0070891429808849216	-4.8516173257743676	0.785198	5.06466
561438	-0.0070737837480315162	-4.8616053274833515	0.785707	5.07464
562437	-0.0070584905620190022	-4.8715933292683129	0.786214	5.08463
563436	-0.0070432629992967684	-4.8815813311282819	0.78672	5.09462
564435	-0.0070281006399180888	-4.8915693330623071	0.787226	5.10461
565434	-0.0070130030675020459	-4.9015573350694321	0.78773	5.1146
566433	-0.0069979698691958088	-4.9115453371487323	0.788234	5.12458
567432	-0.0069830006356374555	-4.9215333392992875	0.788736	5.13457
568431	-0.0069680949609191474	-4.9315213415201899	0.789237	5.14456
569430	-0.0069532524425509577	-4.9415093438105453	0.789738	5.15455
570429	-0.0069384726814250173	-4.9514973461694662	0.790237	5.16454
571428	-0.0069237552817800752	-4.9614853485960886	0.790735	5.17452
572427	-0.0069090998511667145	-4.9714733510895464	0.791233	5.18451
573426	-0.006894506000412701	-4.9814613536489993	0.791729	5.1945
574425	-0.0068799733435890107	-4.9914493562736038	0.792225	5.20449
575424	-0.0068655014979761763	-5.0014373589625354	0.792719	5.21448
576423	-0.0068510900840310345	-5.0114253617149727	0.793212	5.22446
577422	-0.0068367387253539481	-5.0214133645301224	0.793705	5.23445
578421	-0.006822447048656372	-5.0314013674071889	0.794196	5.24444
579420	-0.0068082146837288469	-5.0413893703453843	0.794687	5.25443
580419	-0.0067940412634094061	-5.0513773733439375	0.795176	5.26442
581418	-0.0067799264235523455	-5.0613653764020823	0.795665	5.2744
582417	-0.0067658698029973343	-5.0713533795190751	0.796153	5.28439
583416	-0.0067518710435390226	-5.0813413826941662	0.796639	5.29438
584415	-0.0067379297898968816	-5.091329385926624	0.797125	5.30437
585414	-0.0067240456896854837	-5.1013173892157235	0.79761	5.31436
586413	-0.0067102183933851712	-5.1113053925607446	0.798094	5.32434
587412	-0.0066964475543130255	-5.1212933959609943	0.798577	5.33433
588411	-0.0066827328285942265	-5.1312813994157729	0.799059	5.34432
589410	-0.0066690738751336498	-5.1412694029243893	0.79954	5.35431
590409	-0.0066554703555880166	-5.1512574064861658	0.80002	5.3643
591408	-0.0066419219343381714	-5.1612454101004284	0.8005	5.37428
592407	-0.006628428278461833	-5.1712334137665277	0.800978	5.38427
593406	-0.0066149890577065513	-5.1812214174838029	0.801455	5.39426
594405	-0.0066016039444631068	-5.1912094212516182	0.801932	5.40425
595404	-0.0065882726137391811	-5.201197425069334	0.802407	5.41424
596403	-0.0065749947431332943	-5.2111854289363215	0.802882	5.42422
597402	-0.0065617700128090973	-5.2211734328519599	0.803356	5.43421
598401	-0.0065485981054699991	-5.2311614368156363	0.803829	5.4442
599400	-0.0065354787063339843	-5.2411494408267538	0.804301	5.45419
600399	-0.0065224115031089127	-5.2511374448847041	0.804772	5.46418
601398	-0.006509396185967904	-5.2611254489889117	0.805242	5.47416
602397	-0.0064964324475251444	-5.2711134531387929	0.805712	5.48415
603396	-0.0064835199828119517	-5.2811014573337705	0.80618	5.49414
604395	-0.0064706584892531204	-5.2910894615732795	0.806648	5.50413
605394	-0.0064578476666434827	-5.3010774658567605	0.807115	5.51412
606393	-0.0064450872171248341	-5.311065470183661	0.80758	5.5241
607392	-0.0064323768451630863	-5.3210534745534348	0.808045	5.53409
608391	-0.0064197162575256976	-5.3310414789655418	0.80851	5.54408
609390	-0.0064071051632593329	-5.3410294834194545	0.808973	5.55407
610389	-0.0063945432736678279	-5.3510174879146479	0.809435	5.56406
611388	-0.0063820303022903615	-5.3610054924505937	0.809897	5.57404
612387	-0.0063695659648799214	-5.3709934970267925	0.810358	5.58403
613386	-0.006357149979382009	-5.3809815016427365	0.810817	5.59402
614385	-0.0063447820659135743	-5.390969506297921	0.811276	5.60401
615384	-0.0063324619467422186	-5.4009575109918568	0.811735	5.614
616383	-0.0063201893462655721	-5.4109455157240562	0.812192	5.62398
617382	-0.0063079639909909974	-5.4209335204940352	0.812649	5.63397
618381	-0.0062957856095154493	-5.4309215253013265	0.813104	5.64396
619380	-0.0062836539325056154	-5.4409095301454515	0.813559	5.65395
620379	-0.0062715686926782775	-5.4508975350259528	0.814013	5.66394
621378	-0.0062595296247808432	-5.4608855399423692	0.814466	5.67392
622377	-0.0062475364655721691	-5.4708735448942543	0.814919	5.68391
623376	-0.0062355889538035269	-5.4808615498811522	0.81537	5.6939
624375	-0.0062236868301998854	-5.4908495549026348	0.815821	5.70389
625374	-0.0062118298374412772	-5.5008375599582555	0.816271	5.71388
626373	-0.00620001772014448	-5.5108255650475924	0.81672	5.72386
627372	-0.0061882502248448946	-5.520813570170211	0.817168	5.73385
628371	-0.0061765270999785205	-5.5308015753257029	0.817616	5.74384
629370	-0.0061648480958642745	-5.5407895805136445	0.818063	5.75383
630369	-0.006153212964686375	-5.5507775857336297	0.818509	5.76382
631368	-0.0061416214604770583	-5.560765590985258	0.818954	5.7738
632367	-0.006130073339099382	-5.5707535962681218	0.819398	5.78379
633366	-0.0061185683582302714	-5.5807416015818285	0.819842	5.79378
634365	-0.0061071062773437029	-5.5907296069259917	0.820285	5.80377
635364	-0.0060956868576941643	-5.6007176123002269	0.820727	5.81376
636363	-0.0060843098623001796	-5.6107056177041486	0.821168	5.82374
637362	-0.0060729750559281141	-5.6206936231373845	0.821608	5.83373
638361	-0.0060616822050761051	-5.6306816285995609	0.822048	5.84372
639360	-0.0060504310779582156	-5.6406696340903117	0.822487	5.85371
640359	-0.0060392214444886985	-5.6506576396092703	0.822925	5.8637
641358	-0.0060280530762664309	-5.660645645156082	0.823362	5.87368
642357	-0.0060169257465596763	-5.6706336507303972	0.823799	5.88367
643356	-0.0060058392302907593	-5.6806216563318639	0.824235	5.89366
644355	-0.0059947933040211008	-5.6906096619601305	0.82467	5.90365
645354	-0.00598378774593635	-5.7005976676148578	0.825104	5.91364
646353	-0.005972822335831662	-5.7105856732957143	0.825538	5.92362
647352	-0.0059618968550971541	-5.72057367900236	0.82597	5.93361
648351	-0.0059510110867035393	-5.7305616847344742	0.826403	5.9436
649350	-0.0059401648151878586	-5.740549690491723	0.826834	5.95359
650349	-0.005929357826639464	-5.7505376962737902	0.827264	5.96358
651348	-0.0059185899086860033	-5.7605257020803489	0.827694	5.97356
652347	-0.0059078608504797283	-5.770513707911098	0.828123	5.98355
653346	-0.0058971704426837909	-5.7805017137657222	0.828552	5.99354
654345	-0.0058865184774588115	-5.7904897196439089	0.828979	6.00353
655344	-0.0058759047484495232	-5.8004777255453641	0.829406	6.01352
656343	-0.0058653290507715405	-5.8104657314697823	0.829832	6.0235
657342	-0.0058547911809983611	-5.820453737416873	0.830258	6.03349
658341	-0.0058442909371483808	-5.8304417433863422	0.830683	6.04348
659340	-0.0058338281186721807	-5.8404297493778934	0.831107	6.05347
660339	-0.0058234025264398016	-5.850417755391252	0.83153	6.06346
661338	-0.0058130139627283047	-5.8604057614261293	0.831953	6.07344
662337	-0.0058026622312093157	-5.8703937674822502	0.832374	6.08343
663336	-0.0057923471369368366	-5.8803817735593347	0.832796	6.09342
664335	-0.0057820684863350933	-5.8903697796571111	0.833216	6.10341
665334	-0.0057718260871865582	-5.9003577857753173	0.833636	6.1134
666333	-0.0057616197486200157	-5.9103457919136817	0.834055	6.12338
667332	-0.005751449281098938	-5.9203337980719422	0.834473	6.13337
668331	-0.0057413144964097535	-5.9303218042498376	0.834891	6.14336
669330	-0.0057312152076503696	-5.940309810447113	0.835308	6.15335
670329	-0.005721151229218794	-5.9502978166635128	0.835724	6.16334
671328	-0.0057111223768019316	-5.9602858228987845	0.83614	6.17332
672327	-0.0057011284673643206	-5.9702738291526876	0.836554	6.18331
673326	-0.0056911693191372048	-5.9802618354249688	0.836969	6.1933
674325	-0.0056812447516075308	-5.9902498417153893	0.837382	6.20329
675324	-0.0056713545855072	-6.0002378480237084	0.837795	6.21328
676323	-0.0056614986428023704	-6.0102258543496916	0.838207	6.22326
677322	-0.0056516767466828375	-6.0202138606930973	0.838619	6.23325
678321	-0.0056418887215515801	-6.0302018670537088	0.839029	6.24324
679320	-0.005632134393014401	-6.0401898734312836	0.839439	6.25323
680319	-0.0056224135878696442	-6.0501778798255987	0.839849	6.26322
681318	-0.0056127261340980089	-6.0601658862364411	0.840258	6.2732
682317	-0.0056030718608525995	-6.0701538926635772	0.840666	6.28319
683316	-0.0055934505984488502	-6.0801418991067928	0.841073	6.29318
684315	-0.00558386217835474	-6.0901299055658731	0.84148	6.30317
685314	-0.0055743064331810355	-6.1001179120405995	0.841886	6.31316
686313	-0.0055647831966716141	-6.1101059185307749	0.842292	6.32314
687312	-0.0055552923036939258	-6.1200939250361772	0.842696	6.33313
688311	-0.0055458335902295458	-6.1300819315566022	0.8431	6.34312
689310	-0.0055364068933648038	-6.1400699380918535	0.843504	6.35311
690309	-0.0055270120512814613	-6.150057944641719	0.843907	6.3631
691308	-0.0055176489032476416	-6.1600459512060128	0.844309	6.37308
692307	-0.0055083172896086552	-6.1700339577845229	0.844711	6.38307
693306	-0.0054990170517780516	-6.1800219643770644	0.845111	6.39306
694305	-0.0054897480322286842	-6.1900099709834464	0.845512	6.40305
695304	-0.005480510074483913	-6.1999979776034735	0.845911	6.41304
696303	-0.0054713030231088823	-6.2099859842369565	0.84631	6.42302
697302	-0.0054621267237018661	-6.2199739908837124	0.846709	6.43301
698301	-0.0054529810228857263	-6.229961997543553	0.847106	6.443
699300	-0.0054438657682994293	-6.2399500042163076	0.847503	6.45299
700299	-0.0054347808085896763	-6.2499380109017819	0.8479	6.46298
701298	-0.0054257259934025956	-6.259926017599807	0.848296	6.47296
702297	-0.0054167011733754992	-6.2699140243102107	0.848691	6.48295
703296	-0.0054077062001287902	-6.2799020310328144	0.849086	6.49294
704295	-0.0053987409262578143	-6.2898900377674396	0.849479	6.50293
705294	-0.0053898052053249924	-6.2998780445139246	0.849873	6.51292
706293	-0.0053808988918518175	-6.3098660512721008	0.850266	6.5229
707292	-0.0053720218413110974	-6.3198540580417983	0.850658	6.53289
708291	-0.0053631739101191777	-6.3298420648228566	0.851049	6.54288
709290	-0.0053543549556282393	-6.3398300716151139	0.85144	6.55287
710289	-0.0053455648361187295	-6.349818078418406	0.85183	6.56286
711288	-0.0053368034107918686	-6.3598060852325711	0.85222	6.57285
712287	-0.0053280705397621472	-6.3697940920574618	0.852609	6.58283
713286	-0.0053193660840499266	-6.379782098892921	0.852997	6.59282
714285	-0.005310689905574208	-6.3897701057387888	0.853385	6.60281
715284	-0.0053020418671453186	-6.399758112594915	0.853773	6.6128
716283	-0.0052934218324577889	-6.4097461194611514	0.854159	6.62279
717282	-0.0052848296660832211	-6.419734126337354	0.854545	6.63277
718281	-0.0052762652334633012	-6.4297221332233674	0.854931	6.64276
719280	-0.0052677284009027756	-6.439710140119046	0.855316	6.65275
720279	-0.0052592190355625996	-6.4496981470242609	0.8557	6.66274
721278	-0.0052507370054530912	-6.4596861539388524	0.856084	6.67273
722277	-0.0052422821794271476	-6.4696741608626924	0.856467	6.68271
723276	-0.0052338544271735669	-6.4796621677956328	0.856849	6.6927
724275	-0.0052254536192104344	-6.4896501747375392	0.857231	6.70269
725274	-0.0052170796268784497	-6.499638181688284	0.857612	6.71268
726273	-0.0052087323223345468	-6.5096261886477222	0.857993	6.72267
727272	-0.0052004115785453308	-6.5196141956157163	0.858373	6.73265
728271	-0.0051921172692807379	-6.5296022025921614	0.858753	6.74264
729270	-0.0051838492691077351	-6.5395902095768994	0.859132	6.75263
730269	-0.0051756074533839819	-6.5495782165698104	0.85951	6.76262
731268	-0.0051673916982516626	-6.5595662235707728	0.859888	6.77261
732267	-0.0051592018806313183	-6.5695542305796595	0.860266	6.78259
733266	-0.005151037878215756	-6.5795422375963435	0.860642	6.79258
734265	-0.0051428995694640326	-6.589530244620688	0.861019	6.80257
735264	-0.0051347868335954476	-6.5995182516526087	0.861394	6.81256
736263	-0.0051266995505836171	-6.6095062586919493	0.861769	6.82255
737262	-0.0051186376011505986	-6.6194942657385996	0.862144	6.83253
738261	-0.0051106008667610951	-6.6294822727924512	0.862518	6.84252
739260	-0.0051025892296166862	-6.6394702798533896	0.862891	6.85251
740259	-0.0050946025726501384	-6.6494582869212957	0.863264	6.8625
741258	-0.0050866407795197273	-6.659446293996047	0.863636	6.87249
742257	-0.0050787037346036058	-6.6694343010775334	0.864008	6.88247
743256	-0.0050707913229943091	-6.6794223081656536	0.864379	6.89246
744255	-0.0050629034304932362	-6.6894103152602931	0.86475	6.90245
745254	-0.0050550399436051965	-6.6993983223613354	0.86512	6.91244
746253	-0.0050472007495329886	-6.7093863294686811	0.865489	6.92243
747252	-0.0050393857361720933	-6.7193743365822236	0.865858	6.93241
748251	-0.0050315947921053721	-6.7293623437018546	0.866227	6.9424
749250	-0.0050238278065977441	-6.7393503508274613	0.866594	6.95239
750249	-0.0050160846695910593	-6.7493383579589628	0.866962	6.96238
751248	-0.0050083652716989505	-6.7593263650962365	0.867329	6.97237
752247	-0.0050006695042016311	-6.7693143722391991	0.867695	6.98235
753246	-0.0049929972590409726	-6.7793023793877296	0.868061	6.99234
754245	-0.0049853484288153041	-6.7892903865417393	0.868426	7.00233
755244	-0.0049777229067746341	-6.7992783937011385	0.86879	7.01232
756243	-0.0049701205868155776	-6.8092664008658303	0.869155	7.02231
757242	-0.0049625413634765535	-6.8192544080357127	0.869518	7.03229
758241	-0.004954985131932938	-6.8292424152106834	0.869881	7.04228
759240	-0.0049474517879922351	-6.8392304223906528	0.870244	7.05227
760239	-0.0049399412280893762	-6.8492184295755498	0.870606	7.06226
761238	-0.0049324533492819539	-6.8592064367652537	0.870967	7.07225
762237	-0.0049249880492456075	-6.8691944439596746	0.871328	7.08223
763236	-0.0049175452262693545	-6.879182451158762	0.871689	7.09222
764235	-0.0049101247792510483	-6.8891704583623925	0.872049	7.10221
765234	-0.0049027266076928453	-6.8991584655704825	0.872408	7.1122
766233	-0.0048953506116966253	-6.9091464727829432	0.872767	7.12219
767232	-0.0048879966919596384	-6.9191344799996974	0.873125	7.13217
768231	-0.0048806647497699873	-6.9291224872206785	0.873483	7.14216
769230	-0.0048733546870023143	-6.9391104944457611	0.873841	7.15215
770229	-0.0048660664061134012	-6.949098501674893	0.874197	7.16214
771228	-0.0048587998101379346	-6.9590865089079719	0.874554	7.17213
772227	-0.0048515548026841823	-6.9690745161449472	0.87491	7.18211
773226	-0.0048443312879297906	-6.9790625233857035	0.875265	7.1921
774225	-0.0048371291706175374	-6.9890505306301725	0.87562	7.20209
775224	-0.0048299483560513157	-6.9990385378782838	0.875974	7.21208
776223	-0.0048227887500918469	-7.0090265451299638	0.876328	7.22207
777222	-0.0048156502591527291	-7.0190145523851335	0.876681	7.23205
778221	-0.0048085327901962833	-7.0290025596437102	0.877034	7.24204
779220	-0.0048014362507296437	-7.038990566905607	0.877386	7.25203
780219	-0.0047943605488007142	-7.0489785741707554	0.877738	7.26202
781218	-0.0047873055929942903	-7.0589665814391207	0.87809	7.27201
782217	-0.0047802712924280713	-7.0689545887105574	0.878441	7.28199
783216	-0.0047732575567488236	-7.0789425959850734	0.878791	7.29198
784215	-0.0047662642961285922	-7.0889306032625452	0.879141	7.30197
785214	-0.0047592914212608098	-7.0989186105428974	0.87949	7.31196
786213	-0.0047523388433566025	-7.1089066178260749	0.879839	7.32195
787212	-0.0047454064741409927	-7.1188946251120342	0.880187	7.33193
788211	-0.0047384942258492085	-7.1288826324006793	0.880535	7.34192
789210	-0.0047316020112230109	-7.1388706396919464	0.880883	7.35191
790209	-0.0047247297435070775	-7.1488586469857927	0.88123	7.3619
791208	-0.0047178773364453461	-7.1588466542821259	0.881576	7.37189
792207	-0.0047110447042774568	-7.168834661580866	0.881922	7.38187
793206	-0.0047042317617351807	-7.178822668881951	0.882268	7.39186
794205	-0.0046974384240389523	-7.1888106761853834	0.882613	7.40185
795204	-0.0046906646068942941	-7.1987986834909856	0.882957	7.41184
796203	-0.0046839102264884499	-7.2087866907988269	0.883301	7.42183
797202	-0.0046771751994868875	-7.2187746981087431	0.883645	7.43181
798201	-0.0046704594430299184	-7.2287627054206745	0.883988	7.4418
799200	-0.0046637628747293316	-7.2387507127346549	0.884331	7.45179
800199	-0.0046570854126650497	-7.2487387200505529	0.884673	7.46178
801198	-0.0046504269753818092	-7.2587267273683098	0.885015	7.47177
802197	-0.0046437874818858645	-7.2687147346878715	0.885356	7.48175
803196	-0.0046371668516417292	-7.278702742009183	0.885697	7.49174
804195	-0.0046305650045689794	-7.2886907493321784	0.886037	7.50173
805194	-0.0046239818610390076	-7.2986787566567894	0.886377	7.51172
806193	-0.0046174173418718593	-7.3086667639830516	0.886717	7.52171
807192	-0.0046108713683330705	-7.3186547713108254	0.887055	7.53169
808191	-0.004604343862130566	-7.3286427786400061	0.887394	7.54168
809190	-0.0045978347454115574	-7.3386307859706843	0.887732	7.55167
810189	-0.0045913439407594663	-7.3486187933026628	0.88807	7.56166
811188	-0.0045848713711908419	-7.3586068006360037	0.888407	7.57165
812187	-0.0045784169601524125	-7.3685948079704975	0.888743	7.58163
813186	-0.0045719806315180416	-7.3785828153063431	0.88908	7.59162
814185	-0.0045655623095857602	-7.3885708226432758	0.889415	7.60161
815184	-0.0045591619190748335	-7.3985588299812717	0.889751	7.6116
816183	-0.0045527793851228137	-7.4085468373203023	0.890086	7.62159
817182	-0.0045464146332826671	-7.4185348446603996	0.89042	7.63157
818181	-0.0045400675895199303	-7.4285228520014481	0.890754	7.64156
819180	-0.0045337381802097862	-7.4385108593433813	0.891088	7.65155
820179	-0.0045274263321342847	-7.4484988666861458	0.891421	7.66154
821178	-0.004521131972479565	-7.4584868740297514	0.891753	7.67153
822177	-0.0045148550288329871	-7.4684748813741724	0.892085	7.68151
823176	-0.0045085954291804895	-7.4784628887192861	0.892417	7.6915
824175	-0.0045023531019037734	-7.4884508960649958	0.892749	7.70149
825174	-0.0044961279757776132	-7.4984389034112633	0.893079	7.71148
826173	-0.0044899199799671814	-7.5084269107583346	0.89341	7.72147
827172	-0.0044837290440253455	-7.5184149181057061	0.89374	7.73145
828171	-0.00447755509789008	-7.5284029254537481	0.89407	7.74144
829170	-0.0044713980718817823	-7.5383909328020504	0.894399	7.75143
830169	-0.0044652578967007035	-7.5483789401509798	0.894727	7.76142
831168	-0.0044591345034243708	-7.5583669474999091	0.895056	7.77141
832167	-0.0044530278235050255	-7.5683549548495685	0.895383	7.78139
833166	-0.0044469377887670757	-7.5783429621993852	0.895711	7.79138
834165	-0.0044408643314045341	-7.5883309695492018	0.896038	7.80137
835164	-0.0044348073839786256	-7.5983189768990185	0.896364	7.81136
836163	-0.0044287668794152149	-7.6083069842496087	0.896691	7.82135
837162	-0.0044227427510023605	-7.6182949916003126	0.897016	7.83133
838161	-0.0044167349323879198	-7.6282829989510166	0.897342	7.84132
839160	-0.0044107433575771076	-7.6382710063017205	0.897666	7.85131
840159	-0.0044047679609301197	-7.6482590136524244	0.897991	7.8613
841158	-0.0043988086771596848	-7.6582470210031284	0.898315	7.87129
842157	-0.0043928654413287593	-7.6682350283538323	0.898639	7.88127
843156	-0.004386938188848181	-7.67822303570403	0.898962	7.89126
844155	-0.0043810268554743403	-7.6882110430538466	0.899285	7.90125
845154	-0.0043751313773068784	-7.6981990504036633	0.899607	7.91124
846153	-0.0043692516907863771	-7.7081870577534799	0.899929	7.92123
847152	-0.004363387732692149	-7.7181750651028933	0.90025	7.93121
848151	-0.0043575394401398852	-7.7281630724518227	0.900571	7.9412
849150	-0.0043517067505795589	-7.738151079800752	0.900892	7.95119
850149	-0.0043458896017930905	-7.7481390871489548	0.901212	7.96118
851148	-0.0043400879318922191	-7.7581270944969969	0.901532	7.97117
852147	-0.0043343016793163033	-7.7681151018444163	0.901852	7.98115
853146	-0.0043285307828301554	-7.7781031091915711	0.902171	7.99114
854145	-0.0043227751815218818	-7.7880911165379478	0.90249	8.00113
855144	-0.0043170348148008162	-7.7980791238839986	0.902808	8.01112
856143	-0.0043113096223953446	-7.8080671312293788	0.903126	8.02111
857142	-0.0043055995443508207	-7.818055138574092	0.903443	8.03109
858141	-0.004299904521027513	-7.8280431459182589	0.90376	8.04108
859140	-0.0042942244930985292	-7.8380311532618041	0.904077	8.05107
860139	-0.0042885594015477525	-7.8480191606045224	0.904393	8.06106
861138	-0.0042829091876678419	-7.8580071679464956	0.904709	8.07105
862137	-0.0042772737930582118	-7.8679951752877306	0.905024	8.08103
863136	-0.0042716531596230156	-7.8779831826281823	0.905339	8.09102
864135	-0.0042660472295691617	-7.8879711899678115	0.905654	8.10101
865134	-0.0042604559454043909	-7.8979591973065837	0.905968	8.111
866133	-0.0042548792499352839	-7.9079472046444677	0.906282	8.12099
867132	-0.0042493170862653255	-7.917935211981435	0.906596	8.13097
868131	-0.0042437693977930039	-7.9279232193174627	0.906909	8.14096
869130	-0.0042382361282098675	-7.9379112266525276	0.907221	8.15095
870129	-0.0042327172214986697	-7.9478992339866092	0.907534	8.16094
871128	-0.0042272126219314839	-7.9578872413196748	0.907846	8.17093
872127	-0.0042217222740678411	-7.9678752486515823	0.908157	8.18091
873126	-0.0042162461227528347	-7.9778632559824398	0.908468	8.1909
874125	-0.0042107841131153907	-7.9878512633122307	0.908779	8.20089
875124	-0.0042053361905663332	-7.9978392706409283	0.909089	8.21088
876123	-0.004199902300796656	-8.0078272779681274	0.909399	8.22087
877122	-0.0041944823897756911	-8.0178152852946152	0.909709	8.23085
878121	-0.0041890764037493394	-8.0278032926195877	0.910018	8.24084
879120	-0.0041836842892383139	-8.037791299943315	0.910327	8.25083
880119	-0.0041783059930363834	-8.04777930726598	0.910635	8.26082
881118	-0.0041729414622086129	-8.0577673145874034	0.910943	8.27081
882117	-0.0041675906440896953	-8.0677553219071694	0.911251	8.28079
883116	-0.0041622534862821858	-8.0777433292257506	0.911558	8.29078
884115	-0.0041569299366548034	-8.0877313365430901	0.911865	8.30077
885114	-0.0041516199433407827	-8.0977193438591417	0.912172	8.31076
886113	-0.0041463234547361692	-8.1077073511734667	0.912478	8.32075
887112	-0.0041410404194981891	-8.1176953584864062	0.912784	8.33073
888111	-0.0041357707865435443	-8.1276833657979637	0.913089	8.34072
889110	-0.0041305145050468646	-8.1376713731080983	0.913394	8.35071
890109	-0.0041252715244389912	-8.1476593804167763	0.913699	8.3607
891108	-0.0041200417944054369	-8.1576473877239604	0.914003	8.37069
892107	-0.0041148252648847451	-8.1676353950294125	0.914307	8.38067
893106	-0.0041096218860669238	-8.1776234023332925	0.914611	8.39066
894105	-0.0041044316083918677	-8.1876114096356165	0.914914	8.40065
895104	-0.0040992543825477557	-8.1975994169363542	0.915217	8.41064
896103	-0.004094090159469598	-8.2075874242354772	0.915519	8.42063
897102	-0.0040889388903375965	-8.2175754315329552	0.915821	8.43061
898101	-0.0040838005265756618	-8.2275634388287671	0.916123	8.4406
899100	-0.0040786750198498999	-8.2375514461228896	0.916424	8.45059
900099	-0.0040735623220670442	-8.2475394534152997	0.916725	8.46058
901098	-0.0040684623853730825	-8.2575274607059725	0.917026	8.47057
902097	-0.0040633751621516829	-8.2675154679948903	0.917326	8.48055
903096	-0.0040583006050227037	-8.2775034752820318	0.917626	8.49054
904095	-0.0040532386668408254	-8.2874914825673809	0.917926	8.50053
905094	-0.0040481893006940207	-8.2974794898509181	0.918225	8.51052
906093	-0.0040431524599021445	-8.3074674971326274	0.918524	8.52051
907092	-0.0040381280980154779	-8.3174555044124894	0.918822	8.53049
908091	-0.0040331161688133632	-8.3274435116904897	0.919121	8.54048
909090	-0.0040281166263027622	-8.3374315189666159	0.919418	8.55047
910089	-0.0040231294247168557	-8.3474195262408486	0.919716	8.56046
911088	-0.0040181545185136421	-8.3574075335131752	0.920013	8.57045
912087	-0.0040131918623745946	-8.3673955407835798	0.92031	8.58043
913086	-0.004008241411203292	-8.3773835480520535	0.920606	8.59042
914085	-0.004003303120124019	-8.3873715553185111	0.920902	8.60041
915084	-0.0039983769444804952	-8.397359562582885	0.921198	8.6104
916083	-0.0039934628398344335	-8.4073475698452746	0.921493	8.62039
917082	-0.0039885607619643331	-8.4173355771056713	0.921788	8.63037
918081	-0.0039836706668640249	-8.4273235843640641	0.922083	8.64036
919080	-0.0039787925107414961	-8.4373115916204444	0.922377	8.65035
920079	-0.0039739262500175111	-8.4472995988747979	0.922671	8.66034
921078	-0.0039690718413243377	-8.457287606126954	0.922964	8.67033
922077	-0.0039642292415044793	-8.46727561337695	0.923258	8.68031
923076	-0.0039593984076094118	-8.4772636206248819	0.923551	8.6903
924075	-0.0039545792968982783	-8.4872516278707444	0.923843	8.70029
925074	-0.0039497718668366801	-8.4972396351145285	0.924135	8.71028
926073	-0.0039449760750954136	-8.5072276423560282	0.924427	8.72027
927072	-0.0039401918795492668	-8.5172156495952951	0.924719	8.73026
928071	-0.0039354192382757272	-8.5272036568324499	0.92501	8.74024
929070	-0.0039306581095538426	-8.5371916640674836	0.925301	8.75023
930069	-0.0039259084518629304	-8.5471796713002455	0.925591	8.76022
931068	-0.0039211702238814931	-8.5571676785306501	0.925882	8.77021
932067	-0.0039164433844859035	-8.5671556857589088	0.926171	8.7802
933066	-0.0039117278927492958	-8.5771436929850129	0.926461	8.79018
934065	-0.0039070237079403842	-8.5871317002086816	0.92675	8.80017
935064	-0.0039023307895222482	-8.5971197074300569	0.927039	8.81016
936063	-0.0038976490971512688	-8.607107714649251	0.927327	8.82015
937062	-0.0038929785906758989	-8.617095721866125	0.927616	8.83014
938061	-0.0038883192301355472	-8.6270837290805176	0.927903	8.84012
939060	-0.0038836709757594633	-8.6370717362927074	0.928191	8.85011
940059	-0.0038790337879655769	-8.6470597435026075	0.928478	8.8601
941058	-0.0038744076273594151	-8.6570477507099319	0.928765	8.87009
942057	-0.0038697924547329773	-8.6670357579150323	0.929052	8.88008
943056	-0.0038651882310636394	-8.6770237651177862	0.929338	8.89006
944055	-0.003860594917513054	-8.6870117723179572	0.929624	8.90005
945054	-0.0038560124754260928	-8.6969997795158847	0.929909	8.91004
946053	-0.0038514408663297265	-8.7069877867113377	0.930194	8.92003
947052	-0.0038468800519319835	-8.7169757939042825	0.930479	8.93002
948051	-0.0038423299941208662	-8.7269638010949659	0.930764	8.94
949050	-0.0038377906549633229	-8.736951808282976	0.931048	8.94999
950049	-0.0038332619967041898	-8.7469398154686253	0.931332	8.95998
951048	-0.0038287439817651365	-8.7569278226518534	0.931616	8.96997
952047	-0.0038242365727436437	-8.7669158298324295	0.931899	8.97996
953046	-0.0038197397324119947	-8.7769038370107157	0.932182	8.98994
954045	-0.0038152534237162125	-8.78689184418627	0.932465	8.99993
955044	-0.0038107776097751024	-8.7968798513594404	0.932747	9.00992
956043	-0.0038063122538792094	-8.8068678585300528	0.933029	9.01991
957042	-0.0038018573194898196	-8.8168558656980736	0.933311	9.0299
958041	-0.0037974127702380032	-8.826843872863682	0.933592	9.03988
959040	-0.0037929785699235986	-8.8368318800265211	0.933873	9.04987
960039	-0.0037885546825142482	-8.8468198871870349	0.934154	9.05986
961038	-0.0037841410721444328	-8.8568078943446942	0.934434	9.06985
962037	-0.0037797377031145024	-8.8667959014999909	0.934714	9.07984
963036	-0.003775344539889714	-8.8767839086525093	0.934994	9.08982
964035	-0.0037709615470992875	-8.8867719158025604	0.935273	9.09981
965034	-0.003766588689535473	-8.896759922949883	0.935553	9.1098
966033	-0.0037622259321525853	-8.9067479300946637	0.935832	9.11979
967032	-0.0037578732400660969	-8.9167359372367461	0.93611	9.12978
968031	-0.0037535305785517249	-8.9267239443762314	0.936388	9.13976
969030	-0.0037491979130444752	-8.9367119515130238	0.936666	9.14975
970029	-0.0037448752091377574	-8.9466999586471907	0.936944	9.15974
971028	-0.0037405624325824735	-8.9566879657786469	0.937221	9.16973
972027	-0.0037362595492861218	-8.9666759729074723	0.937498	9.17972
973026	-0.0037319665253119161	-8.9766639800335497	0.937775	9.1897
974025	-0.0037276833268778588	-8.9866519871570141	0.938051	9.19969
975024	-0.0037234099203559095	-8.9966399942776647	0.938327	9.20968
976023	-0.0037191462722710737	-9.0066280013957449	0.938603	9.21967
977022	-0.003714892349300546	-9.0166160085109368	0.938879	9.22966
978021	-0.0037106481182728355	-9.0266040156236134	0.939154	9.23964
979020	-0.0037064135461669623	-9.0365920227333039	0.939429	9.24963
980019	-0.0037021886001115238	-9.0465800298404915	0.939703	9.25962
981018	-0.0036979732473839174	-9.0565680369447144	0.939977	9.26961
982017	-0.0036937674554094629	-9.0665560440463402	0.940251	9.2796
983016	-0.0036895711917605731	-9.0765440511451132	0.940525	9.28958
984015	-0.0036853844241559425	-9.0865320582411435	0.940798	9.29957
985014	-0.00368120712045972	-9.0965200653344489	0.941072	9.30956
986013	-0.0036770392486806702	-9.1065080724248499	0.941344	9.31955
987012	-0.0036728807769713691	-9.1164960795126664	0.941617	9.32954
988011	-0.0036687316736274365	-9.1264840865974151	0.941889	9.33952
989010	-0.0036645919070866753	-9.1364720936795507	0.942161	9.34951
990009	-0.0036604614459283314	-9.1464601007587891	0.942432	9.3595
991008	-0.0036563402588722553	-9.1564481078352173	0.942704	9.36949
992007	-0.0036522283147781432	-9.1664361149089348	0.942975	9.37948
993006	-0.003648125582644754	-9.1764241219796272	0.943245	9.38946
994005	-0.0036440320316091426	-9.1864121290476621	0.943516	9.39945
995004	-0.0036399476309458543	-9.1964001361127323	0.943786	9.40944
996003	-0.0036358723500662243	-9.2063881431749834	0.944056	9.41943
997002	-0.0036318061585175515	-9.2163761502344954	0.944325	9.42942
998001	-0.0036277490259824037	-9.2263641572909414	0.944595	9.4394
999000	-0.003623700922277828	-9.2363521643446873	0.944864	9.44939
999999	-0.0036196618173545956	-9.2463401713954987	0.945132	9.45938
