l	K	y

# DK0 = 2.5	(data set 1)
0	5	3.13941e-23

# DK0 = 0.0390625	(data set 2)
0	0.703125	0.00068469
0.0333	0.719374	0.000692157
0.0666	0.735749	0.000697698
0.0999	0.752257	0.000701308
0.1332	0.768913	0.000702998
0.1665	0.785731	0.000702796
0.1998	0.802728	0.000700743
0.2331	0.819925	0.000696891
0.2664	0.837345	0.000691306
0.2997	0.855011	0.000684064
0.333	0.872951	0.000675251
0.3663	0.891195	0.000664959
0.3996	0.909772	0.000653289
0.4329	0.928716	0.000640348
0.4662	0.948061	0.000626246
0.4995	0.967842	0.000611098
0.5328	0.988097	0.00059502
0.5661	1.00887	0.000577883
0.5994	1.03021	0.000557805
0.6327	1.05224	0.000534602
0.666	1.07506	0.000508603
0.6993	1.09879	0.000480183
0.7326	1.12353	0.000449756
0.7659	1.14942	0.000417768
0.7992	1.17657	0.000384689
0.8325	1.20509	0.000351005
0.8658	1.2351	0.000317205
0.8991	1.26673	0.000283772
0.9324	1.30007	0.000251167
0.9657	1.33522	0.000219822
0.999	1.37229	0.000190118
1.0323	1.41136	0.000162384
1.0656	1.45251	0.00013688
1.0989	1.49579	0.000113792
1.1322	1.54128	9.32289e-05
1.1655	1.589	7.52205e-05
1.1988	1.63901	5.97238e-05
1.2321	1.69132	4.66291e-05
1.2654	1.74596	3.57712e-05
1.2987	1.80295	2.69429e-05
1.332	1.86231	1.99091e-05
1.3653	1.92404	1.44217e-05
1.3986	1.98818	1.02329e-05
1.4319	2.05474	7.1065e-06
1.4652	2.12375	4.82654e-06
1.4985	2.19526	3.20323e-06
1.5318	2.26932	2.07564e-06
1.5651	2.34596	1.31209e-06
1.5984	2.42527	8.08432e-07
1.6317	2.50731	4.85077e-07
1.665	2.59215	2.83184e-07
1.6983	2.67989	1.60698e-07
1.7316	2.77062	8.85559e-08
1.7649	2.86442	4.7343e-08
1.7982	2.96141	2.4529e-08
1.8315	3.06168	1.23035e-08
1.8648	3.16535	5.96791e-09
1.8981	3.27253	2.79621e-09
1.9314	3.38333	1.26404e-09
1.9647	3.4979	5.50646e-10
1.998	3.61634	2.30863e-10
2.0313	3.73879	9.30351e-11
2.0646	3.86539	3.59888e-11
2.0979	3.99627	1.33448e-11
2.1312	4.13159	4.73655e-12
2.1645	4.27149	1.60684e-12
2.1978	4.41612	5.20209e-13
2.2311	4.56565	1.60469e-13
2.2644	4.72025	4.70872e-14
2.2977	4.88008	1.31213e-14

# DK0 = 0.000610352	(data set 3)
0	0.631104	0.00144423
0.0333	0.639656	0.00148131
0.0666	0.647832	0.00151677
0.0999	0.655628	0.0015506
0.1332	0.663046	0.00158281
0.1665	0.670085	0.00161341
0.1998	0.676752	0.00164244
0.2331	0.68305	0.00166993
0.2664	0.688988	0.00169593
0.2997	0.694575	0.00172049
0.333	0.69982	0.00174367
0.3663	0.704735	0.00176552
0.3996	0.709331	0.0017861
0.4329	0.71362	0.00180549
0.4662	0.717615	0.00182375
0.4995	0.721328	0.00184093
0.5328	0.724772	0.00185711
0.5661	0.727961	0.00187235
0.5994	0.730906	0.00188671
0.6327	0.733619	0.00190025
0.666	0.736114	0.00191303
0.6993	0.7384	0.00192511
0.7326	0.74049	0.00193655
0.7659	0.742394	0.0019474
0.7992	0.744122	0.0019577
0.8325	0.745684	0.00196752
0.8658	0.747088	0.00197689
0.8991	0.748344	0.00198587
0.9324	0.749459	0.00199449
0.9657	0.75044	0.0020028
0.999	0.751295	0.00201083
1.0323	0.75203	0.00201863
1.0656	0.752651	0.00202623
1.0989	0.753163	0.00203367
1.1322	0.75357	0.00204098
1.1655	0.753879	0.0020482
1.1988	0.754091	0.00205535
1.2321	0.754212	0.00206248
1.2654	0.754244	0.0020696
1.2987	0.754189	0.00207675
1.332	0.754051	0.00208395
1.3653	0.75383	0.00209125
1.3986	0.75353	0.00209866
1.4319	0.75315	0.00210622
1.4652	0.752692	0.00211395
1.4985	0.752157	0.00212188
1.5318	0.751545	0.00213004
1.5651	0.750855	0.00213847
1.5984	0.750088	0.00214719
1.6317	0.749243	0.00215624
1.665	0.748319	0.00216565
1.6983	0.747315	0.00217544
1.7316	0.746229	0.00218567
1.7649	0.74506	0.00219635
1.7982	0.743806	0.00220754
1.8315	0.742464	0.00221927
1.8648	0.741032	0.00223159
1.8981	0.739507	0.00224454
1.9314	0.737887	0.00225816
1.9647	0.736167	0.00227252
1.998	0.734344	0.00228766
2.0313	0.732414	0.00230364
2.0646	0.730373	0.00232052
2.0979	0.728216	0.00233838
2.1312	0.725938	0.00235728
2.1645	0.723535	0.0023773
2.1978	0.721	0.00239853
2.2311	0.718329	0.00242105
2.2644	0.715514	0.00244497
2.2977	0.712549	0.00247039
2.331	0.709428	0.00249742
2.3643	0.706142	0.00252621
2.3976	0.702685	0.00255688
2.4309	0.699047	0.00258959
2.4642	0.695222	0.00262451
2.4975	0.691199	0.00266182
2.5308	0.686969	0.00270172
2.5641	0.682523	0.00274445
2.5974	0.677849	0.00279024
2.6307	0.672938	0.00283937
2.664	0.667778	0.00289216
2.6973	0.662357	0.00294894
2.7306	0.656662	0.00301009
2.7639	0.650681	0.00307605
2.7972	0.644401	0.00314728
2.8305	0.637807	0.00322434
2.8638	0.630885	0.00330784
2.8971	0.62362	0.00339845
2.9304	0.615997	0.00349698
2.9637	0.607999	0.00360432
2.997	0.59961	0.00372148
3.0303	0.590814	0.00384963
3.0636	0.581594	0.00399014
3.0969	0.571931	0.00414455
3.1302	0.561809	0.00431467
3.1635	0.551211	0.00450261
3.1968	0.540118	0.00471081
3.2301	0.528515	0.00494215
3.2634	0.516385	0.00520003
3.2967	0.503713	0.00548847
3.33	0.490485	0.00581224
3.3633	0.476689	0.00617705
3.3966	0.462315	0.00658975
3.4299	0.447357	0.00705862
3.4632	0.43181	0.0075937
3.4965	0.415677	0.00820727
3.5298	0.398964	0.00891437
3.5631	0.381686	0.00973359
3.5964	0.363864	0.010688
3.6297	0.345529	0.0118066
3.663	0.326723	0.0131256
3.6963	0.307501	0.014691
3.7296	0.287932	0.0165614
3.7629	0.2681	0.018812
3.7962	0.248106	0.0215397
3.8295	0.228069	0.0248704
3.8628	0.208123	0.0289685
3.8961	0.188421	0.03405
3.9294	0.169128	0.0404003
3.9627	0.150416	0.0483977
3.996	0.132464	0.0585469
4.0293	0.115443	0.0715231
4.0626	0.0995143	0.0882322
4.0959	0.0848142	0.109894
4.1292	0.0714485	0.138151
4.1625	0.0594842	0.175223
4.1958	0.0489456	0.224106
4.2291	0.0398132	0.288852
4.2624	0.0320272	0.374934
4.2957	0.025494	0.489751
4.329	0.0200952	0.643297
4.3623	0.0156978	0.849071
4.3956	0.0121636	1.1253
4.4289	0.0093573	1.4966
4.4622	0.00715321	1.99619
4.4955	0.00543859	2.6689
4.5288	0.0041158	3.57525
4.5621	0.00310256	4.79689
4.5954	0.00233114	6.44402
4.6287	0.0017468	8.66535
4.662	0.00130603	11.6616
4.6953	0.000974717	15.7034
4.7286	0.000726389	21.1564
4.7619	0.000540691	28.5137
4.7952	0.000402087	38.4406
4.8285	0.000298788	51.8353
4.8618	0.000221896	69.9094
4.8951	0.000164713	94.2984
4.9284	0.000122221	127.209
4.9617	9.06647e-05	171.619
4.995	6.72403e-05	231.547
5.0283	4.98589e-05	312.415
5.0616	3.69654e-05	421.543
5.0949	2.74031e-05	568.804
5.1282	2.03127e-05	767.525
5.1615	1.50559e-05	1035.69
5.1948	1.1159e-05	1397.56
5.2281	8.27035e-06	1885.89
5.2614	6.12929e-06	2544.87
5.2947	4.54241e-06	3434.12
5.328	3.36631e-06	4634.13
5.3613	2.49469e-06	6253.49
5.3946	1.84873e-06	8438.74
5.4279	1.37002e-06	11387.6
5.4612	1.01526e-06	15367
5.4945	7.52363e-07	20737
5.5278	5.57538e-07	27983.6
5.5611	4.13162e-07	37762.5
5.5944	3.06172e-07	50958.7
5.6277	2.26887e-07	68766.3
5.661	1.68133e-07	92796.9
5.6943	1.24594e-07	125225
5.7276	9.23294e-08	168985
5.7609	6.842e-08	228038
5.7942	5.0702e-08	307727
5.8275	3.75723e-08	415263
5.8608	2.78426e-08	560378
5.8941	2.06325e-08	756204
5.9274	1.52895e-08	1.02046e+06
5.9607	1.13302e-08	1.37707e+06
5.994	8.39612e-09	1.85829e+06

# DK0 = 9.53674e-06	(data set 4)
0	0.632038	0.00143031
0.0333	0.640707	0.00146674
0.0666	0.649007	0.00150151
0.0999	0.656934	0.00153463
0.1332	0.664489	0.00156608
0.1665	0.671673	0.00159589
0.1998	0.678491	0.00162409
0.2331	0.684949	0.00165071
0.2664	0.691054	0.00167579
0.2997	0.696816	0.00169938
0.333	0.702244	0.00172153
0.3663	0.70735	0.00174231
0.3996	0.712146	0.00176177
0.4329	0.716644	0.00177997
0.4662	0.720858	0.00179697
0.4995	0.724799	0.00181283
0.5328	0.728482	0.00182762
0.5661	0.73192	0.00184139
0.5994	0.735125	0.00185421
0.6327	0.738111	0.00186612
0.666	0.74089	0.00187719
0.6993	0.743474	0.00188747
0.7326	0.745875	0.001897
0.7659	0.748105	0.00190585
0.7992	0.750173	0.00191404
0.8325	0.752091	0.00192164
0.8658	0.753868	0.00192867
0.8991	0.755514	0.00193518
0.9324	0.757037	0.0019412
0.9657	0.758447	0.00194677
0.999	0.75975	0.00195193
1.0323	0.760955	0.0019567
1.0656	0.762068	0.0019611
1.0989	0.763096	0.00196518
1.1322	0.764045	0.00196894
1.1655	0.76492	0.00197242
1.1988	0.765728	0.00197564
1.2321	0.766472	0.00197861
1.2654	0.767159	0.00198136
1.2987	0.767791	0.00198391
1.332	0.768373	0.00198626
1.3653	0.768909	0.00198843
1.3986	0.769402	0.00199044
1.4319	0.769856	0.0019923
1.4652	0.770273	0.00199403
1.4985	0.770656	0.00199563
1.5318	0.771007	0.00199711
1.5651	0.77133	0.00199848
1.5984	0.771625	0.00199976
1.6317	0.771896	0.00200095
1.665	0.772144	0.00200205
1.6983	0.77237	0.00200308
1.7316	0.772577	0.00200404
1.7649	0.772765	0.00200493
1.7982	0.772937	0.00200577
1.8315	0.773093	0.00200656
1.8648	0.773234	0.0020073
1.8981	0.773361	0.002008
1.9314	0.773476	0.00200866
1.9647	0.773579	0.00200928
1.998	0.773671	0.00200988
2.0313	0.773753	0.00201044
2.0646	0.773825	0.00201098
2.0979	0.773888	0.0020115
2.1312	0.773943	0.002012
2.1645	0.77399	0.00201249
2.1978	0.774029	0.00201296
2.2311	0.774061	0.00201342
2.2644	0.774087	0.00201387
2.2977	0.774106	0.00201431
2.331	0.774118	0.00201475
2.3643	0.774125	0.00201518
2.3976	0.774126	0.00201562
2.4309	0.774122	0.00201605
2.4642	0.774112	0.00201649
2.4975	0.774097	0.00201693
2.5308	0.774077	0.00201738
2.5641	0.774052	0.00201783
2.5974	0.774022	0.00201829
2.6307	0.773987	0.00201877
2.664	0.773948	0.00201925
2.6973	0.773903	0.00201975
2.7306	0.773853	0.00202027
2.7639	0.773799	0.0020208
2.7972	0.77374	0.00202135
2.8305	0.773675	0.00202192
2.8638	0.773605	0.00202251
2.8971	0.77353	0.00202313
2.9304	0.77345	0.00202377
2.9637	0.773364	0.00202444
2.997	0.773272	0.00202513
3.0303	0.773174	0.00202586
3.0636	0.77307	0.00202662
3.0969	0.77296	0.00202742
3.1302	0.772844	0.00202825
3.1635	0.77272	0.00202912
3.1968	0.77259	0.00203004
3.2301	0.772452	0.00203099
3.2634	0.772306	0.002032
3.2967	0.772152	0.00203305
3.33	0.77199	0.00203416
3.3633	0.771819	0.00203532
3.3966	0.771639	0.00203654
3.4299	0.771449	0.00203782
3.4632	0.771249	0.00203916
3.4965	0.771038	0.00204057
3.5298	0.770817	0.00204206
3.5631	0.770584	0.00204362
3.5964	0.770339	0.00204525
3.6297	0.770081	0.00204698
3.663	0.769809	0.00204879
3.6963	0.769524	0.00205069
3.7296	0.769224	0.0020527
3.7629	0.768908	0.00205481
3.7962	0.768577	0.00205702
3.8295	0.768228	0.00205935
3.8628	0.767861	0.00206181
3.8961	0.767476	0.00206439
3.9294	0.76707	0.0020671
3.9627	0.766645	0.00206996
3.996	0.766197	0.00207297
4.0293	0.765726	0.00207614
4.0626	0.765232	0.00207948
4.0959	0.764712	0.00208299
4.1292	0.764166	0.00208669
4.1625	0.763592	0.00209058
4.1958	0.762988	0.00209469
4.2291	0.762354	0.00209901
4.2624	0.761688	0.00210356
4.2957	0.760988	0.00210836
4.329	0.760252	0.00211342
4.3623	0.759478	0.00211875
4.3956	0.758666	0.00212437
4.4289	0.757812	0.0021303
4.4622	0.756914	0.00213655
4.4955	0.755971	0.00214314
4.5288	0.75498	0.0021501
4.5621	0.753939	0.00215744
4.5954	0.752844	0.00216519
4.6287	0.751694	0.00217337
4.662	0.750486	0.00218201
4.6953	0.749216	0.00219114
4.7286	0.747882	0.00220078
4.7619	0.74648	0.00221097
4.7952	0.745006	0.00222175
4.8285	0.743458	0.00223314
4.8618	0.741831	0.0022452
4.8951	0.740122	0.00225795
4.9284	0.738326	0.00227146
4.9617	0.736438	0.00228576
4.995	0.734455	0.00230091
5.0283	0.732371	0.00231697
5.0616	0.730182	0.002334
5.0949	0.727881	0.00235207
5.1282	0.725464	0.00237124
5.1615	0.722924	0.00239161
5.1948	0.720256	0.00241325
5.2281	0.717452	0.00243626
5.2614	0.714506	0.00246074
5.2947	0.711412	0.0024868
5.328	0.70816	0.00251456
5.3613	0.704745	0.00254415
5.3946	0.701156	0.00257572
5.4279	0.697387	0.00260943
5.4612	0.693427	0.00264546
5.4945	0.689268	0.00268399
5.5278	0.684899	0.00272524
5.5611	0.68031	0.00276945
5.5944	0.675491	0.00281688
5.6277	0.67043	0.00286781
5.661	0.665115	0.00292258
5.6943	0.659535	0.00298155
5.7276	0.653676	0.00304511
5.7609	0.647524	0.00311373
5.7942	0.641068	0.00318792
5.8275	0.634291	0.00326824
5.8608	0.627179	0.00335536
5.8941	0.619717	0.00345001
5.9274	0.61189	0.00355303
5.9607	0.60368	0.00366538
5.994	0.595071	0.00378816

# DK0 = 1.49012e-07	(data set 5)
0	0.632049	0.00143015
0.0333	0.64072	0.00146657
0.0666	0.64902	0.00150133
0.0999	0.656949	0.00153444
0.1332	0.664506	0.00156588
0.1665	0.671692	0.00159569
0.1998	0.678512	0.00162387
0.2331	0.684971	0.00165048
0.2664	0.691078	0.00167555
0.2997	0.696842	0.00169913
0.333	0.702273	0.00172128
0.3663	0.707381	0.00174204
0.3996	0.712179	0.00176149
0.4329	0.71668	0.00177967
0.4662	0.720896	0.00179666
0.4995	0.72484	0.0018125
0.5328	0.728526	0.00182727
0.5661	0.731967	0.00184103
0.5994	0.735175	0.00185383
0.6327	0.738164	0.00186572
0.666	0.740946	0.00187677
0.6993	0.743534	0.00188703
0.7326	0.745939	0.00189654
0.7659	0.748172	0.00190536
0.7992	0.750244	0.00191353
0.8325	0.752166	0.0019211
0.8658	0.753948	0.00192811
0.8991	0.755598	0.00193459
0.9324	0.757127	0.00194058
0.9657	0.758541	0.00194612
0.999	0.75985	0.00195125
1.0323	0.76106	0.00195598
1.0656	0.762179	0.00196035
1.0989	0.763213	0.00196439
1.1322	0.764168	0.00196811
1.1655	0.76505	0.00197155
1.1988	0.765865	0.00197472
1.2321	0.766617	0.00197765
1.2654	0.767311	0.00198035
1.2987	0.767951	0.00198284
1.332	0.768542	0.00198514
1.3653	0.769087	0.00198726
1.3986	0.76959	0.00198921
1.4319	0.770053	0.00199101
1.4652	0.77048	0.00199267
1.4985	0.770874	0.00199419
1.5318	0.771237	0.0019956
1.5651	0.771571	0.0019969
1.5984	0.771879	0.0019981
1.6317	0.772163	0.0019992
1.665	0.772425	0.00200021
1.6983	0.772666	0.00200115
1.7316	0.772888	0.00200201
1.7649	0.773092	0.00200281
1.7982	0.773281	0.00200354
1.8315	0.773454	0.00200421
1.8648	0.773614	0.00200483
1.8981	0.773761	0.0020054
1.9314	0.773896	0.00200593
1.9647	0.774021	0.00200642
1.998	0.774135	0.00200686
2.0313	0.774241	0.00200728
2.0646	0.774338	0.00200766
2.0979	0.774427	0.00200801
2.1312	0.77451	0.00200833
2.1645	0.774585	0.00200863
2.1978	0.774655	0.0020089
2.2311	0.774719	0.00200915
2.2644	0.774778	0.00200939
2.2977	0.774832	0.0020096
2.331	0.774882	0.0020098
2.3643	0.774928	0.00200998
2.3976	0.77497	0.00201015
2.4309	0.775008	0.00201031
2.4642	0.775044	0.00201045
2.4975	0.775076	0.00201059
2.5308	0.775106	0.00201071
2.5641	0.775134	0.00201082
2.5974	0.775159	0.00201093
2.6307	0.775182	0.00201103
2.664	0.775203	0.00201112
2.6973	0.775222	0.0020112
2.7306	0.77524	0.00201128
2.7639	0.775256	0.00201136
2.7972	0.77527	0.00201143
2.8305	0.775284	0.00201149
2.8638	0.775296	0.00201155
2.8971	0.775307	0.00201161
2.9304	0.775317	0.00201166
2.9637	0.775326	0.00201171
2.997	0.775334	0.00201176
3.0303	0.775341	0.0020118
3.0636	0.775347	0.00201185
3.0969	0.775353	0.00201189
3.1302	0.775358	0.00201193
3.1635	0.775362	0.00201196
3.1968	0.775366	0.002012
3.2301	0.775369	0.00201204
3.2634	0.775371	0.00201207
3.2967	0.775374	0.0020121
3.33	0.775375	0.00201214
3.3633	0.775376	0.00201217
3.3966	0.775377	0.0020122
3.4299	0.775377	0.00201223
3.4632	0.775377	0.00201227
3.4965	0.775376	0.0020123
3.5298	0.775375	0.00201233
3.5631	0.775374	0.00201237
3.5964	0.775372	0.0020124
3.6297	0.77537	0.00201243
3.663	0.775368	0.00201247
3.6963	0.775365	0.0020125
3.7296	0.775362	0.00201254
3.7629	0.775358	0.00201258
3.7962	0.775354	0.00201262
3.8295	0.77535	0.00201266
3.8628	0.775345	0.0020127
3.8961	0.77534	0.00201274
3.9294	0.775335	0.00201279
3.9627	0.775329	0.00201283
3.996	0.775323	0.00201288
4.0293	0.775316	0.00201293
4.0626	0.775309	0.00201299
4.0959	0.775301	0.00201304
4.1292	0.775293	0.0020131
4.1625	0.775285	0.00201316
4.1958	0.775276	0.00201322
4.2291	0.775266	0.00201329
4.2624	0.775256	0.00201336
4.2957	0.775245	0.00201343
4.329	0.775234	0.00201351
4.3623	0.775222	0.00201359
4.3956	0.77521	0.00201367
4.4289	0.775197	0.00201376
4.4622	0.775183	0.00201385
4.4955	0.775168	0.00201395
4.5288	0.775153	0.00201405
4.5621	0.775136	0.00201416
4.5954	0.775119	0.00201427
4.6287	0.775101	0.00201439
4.662	0.775083	0.00201451
4.6953	0.775063	0.00201464
4.7286	0.775042	0.00201478
4.7619	0.77502	0.00201492
4.7952	0.774997	0.00201507
4.8285	0.774972	0.00201523
4.8618	0.774947	0.0020154
4.8951	0.77492	0.00201557
4.9284	0.774892	0.00201575
4.9617	0.774862	0.00201595
4.995	0.774831	0.00201615
5.0283	0.774798	0.00201636
5.0616	0.774764	0.00201659
5.0949	0.774727	0.00201682
5.1282	0.774689	0.00201707
5.1615	0.774649	0.00201733
5.1948	0.774607	0.0020176
5.2281	0.774563	0.00201789
5.2614	0.774517	0.00201819
5.2947	0.774468	0.00201851
5.328	0.774417	0.00201884
5.3613	0.774363	0.00201919
5.3946	0.774306	0.00201956
5.4279	0.774247	0.00201994
5.4612	0.774184	0.00202035
5.4945	0.774118	0.00202078
5.5278	0.774049	0.00202122
5.5611	0.773977	0.0020217
5.5944	0.7739	0.00202219
5.6277	0.77382	0.00202271
5.661	0.773736	0.00202326
5.6943	0.773648	0.00202384
5.7276	0.773554	0.00202444
5.7609	0.773457	0.00202508
5.7942	0.773354	0.00202575
5.8275	0.773246	0.00202645
5.8608	0.773133	0.00202719
5.8941	0.773014	0.00202797
5.9274	0.772888	0.00202879
5.9607	0.772757	0.00202964
5.994	0.772618	0.00203055

# DK0 = 2.32831e-09	(data set 6)
0	0.632049	0.00143014
0.0333	0.64072	0.00146657
0.0666	0.649021	0.00150133
0.0999	0.656949	0.00153443
0.1332	0.664506	0.00156588
0.1665	0.671692	0.00159568
0.1998	0.678512	0.00162387
0.2331	0.684972	0.00165048
0.2664	0.691079	0.00167555
0.2997	0.696843	0.00169913
0.333	0.702273	0.00172127
0.3663	0.707382	0.00174204
0.3996	0.71218	0.00176148
0.4329	0.716681	0.00177966
0.4662	0.720897	0.00179665
0.4995	0.724841	0.0018125
0.5328	0.728527	0.00182727
0.5661	0.731967	0.00184102
0.5994	0.735176	0.00185382
0.6327	0.738165	0.00186571
0.666	0.740947	0.00187676
0.6993	0.743535	0.00188702
0.7326	0.74594	0.00189653
0.7659	0.748173	0.00190535
0.7992	0.750245	0.00191353
0.8325	0.752167	0.00192109
0.8658	0.753949	0.0019281
0.8991	0.7556	0.00193458
0.9324	0.757128	0.00194057
0.9657	0.758543	0.00194611
0.999	0.759852	0.00195124
1.0323	0.761062	0.00195597
1.0656	0.762181	0.00196034
1.0989	0.763215	0.00196437
1.1322	0.76417	0.0019681
1.1655	0.765053	0.00197154
1.1988	0.765867	0.00197471
1.2321	0.766619	0.00197764
1.2654	0.767313	0.00198034
1.2987	0.767954	0.00198282
1.332	0.768545	0.00198512
1.3653	0.76909	0.00198724
1.3986	0.769592	0.00198919
1.4319	0.770056	0.00199099
1.4652	0.770483	0.00199264
1.4985	0.770877	0.00199417
1.5318	0.77124	0.00199558
1.5651	0.771575	0.00199688
1.5984	0.771883	0.00199807
1.6317	0.772167	0.00199917
1.665	0.772429	0.00200019
1.6983	0.77267	0.00200112
1.7316	0.772893	0.00200198
1.7649	0.773097	0.00200277
1.7982	0.773286	0.0020035
1.8315	0.77346	0.00200417
1.8648	0.77362	0.00200479
1.8981	0.773767	0.00200536
1.9314	0.773903	0.00200589
1.9647	0.774028	0.00200637
1.998	0.774143	0.00200682
2.0313	0.774249	0.00200723
2.0646	0.774346	0.0020076
2.0979	0.774436	0.00200795
2.1312	0.774519	0.00200827
2.1645	0.774595	0.00200857
2.1978	0.774665	0.00200884
2.2311	0.774729	0.00200909
2.2644	0.774789	0.00200932
2.2977	0.774844	0.00200953
2.331	0.774894	0.00200972
2.3643	0.77494	0.0020099
2.3976	0.774983	0.00201007
2.4309	0.775022	0.00201022
2.4642	0.775058	0.00201036
2.4975	0.775092	0.00201049
2.5308	0.775122	0.00201061
2.5641	0.775151	0.00201071
2.5974	0.775177	0.00201082
2.6307	0.7752	0.00201091
2.664	0.775222	0.00201099
2.6973	0.775243	0.00201107
2.7306	0.775261	0.00201114
2.7639	0.775278	0.00201121
2.7972	0.775294	0.00201127
2.8305	0.775309	0.00201133
2.8638	0.775322	0.00201138
2.8971	0.775334	0.00201143
2.9304	0.775346	0.00201147
2.9637	0.775356	0.00201151
2.997	0.775366	0.00201155
3.0303	0.775375	0.00201158
3.0636	0.775383	0.00201162
3.0969	0.77539	0.00201165
3.1302	0.775397	0.00201167
3.1635	0.775403	0.0020117
3.1968	0.775409	0.00201172
3.2301	0.775414	0.00201174
3.2634	0.775419	0.00201176
3.2967	0.775424	0.00201178
3.33	0.775428	0.0020118
3.3633	0.775432	0.00201181
3.3966	0.775435	0.00201183
3.4299	0.775438	0.00201184
3.4632	0.775441	0.00201185
3.4965	0.775444	0.00201186
3.5298	0.775447	0.00201187
3.5631	0.775449	0.00201188
3.5964	0.775451	0.00201189
3.6297	0.775453	0.0020119
3.663	0.775455	0.00201191
3.6963	0.775456	0.00201191
3.7296	0.775458	0.00201192
3.7629	0.775459	0.00201193
3.7962	0.77546	0.00201193
3.8295	0.775461	0.00201194
3.8628	0.775462	0.00201194
3.8961	0.775463	0.00201195
3.9294	0.775464	0.00201195
3.9627	0.775465	0.00201196
3.996	0.775465	0.00201196
4.0293	0.775466	0.00201197
4.0626	0.775466	0.00201197
4.0959	0.775467	0.00201197
4.1292	0.775467	0.00201198
4.1625	0.775467	0.00201198
4.1958	0.775468	0.00201198
4.2291	0.775468	0.00201199
4.2624	0.775468	0.00201199
4.2957	0.775468	0.00201199
4.329	0.775468	0.002012
4.3623	0.775468	0.002012
4.3956	0.775468	0.002012
4.4289	0.775468	0.00201201
4.4622	0.775468	0.00201201
4.4955	0.775468	0.00201201
4.5288	0.775468	0.00201201
4.5621	0.775468	0.00201202
4.5954	0.775467	0.00201202
4.6287	0.775467	0.00201202
4.662	0.775467	0.00201203
4.6953	0.775467	0.00201203
4.7286	0.775466	0.00201204
4.7619	0.775466	0.00201204
4.7952	0.775465	0.00201204
4.8285	0.775465	0.00201205
4.8618	0.775464	0.00201205
4.8951	0.775464	0.00201206
4.9284	0.775463	0.00201206
4.9617	0.775463	0.00201207
4.995	0.775462	0.00201207
5.0283	0.775461	0.00201208
5.0616	0.77546	0.00201208
5.0949	0.77546	0.00201209
5.1282	0.775459	0.00201209
5.1615	0.775458	0.0020121
5.1948	0.775457	0.00201211
5.2281	0.775456	0.00201211
5.2614	0.775455	0.00201212
5.2947	0.775454	0.00201213
5.328	0.775453	0.00201214
5.3613	0.775451	0.00201214
5.3946	0.77545	0.00201215
5.4279	0.775449	0.00201216
5.4612	0.775447	0.00201217
5.4945	0.775446	0.00201218
5.5278	0.775444	0.00201219
5.5611	0.775442	0.0020122
5.5944	0.775441	0.00201221
5.6277	0.775439	0.00201223
5.661	0.775437	0.00201224
5.6943	0.775435	0.00201225
5.7276	0.775432	0.00201227
5.7609	0.77543	0.00201228
5.7942	0.775428	0.0020123
5.8275	0.775425	0.00201231
5.8608	0.775423	0.00201233
5.8941	0.77542	0.00201235
5.9274	0.775417	0.00201237
5.9607	0.775414	0.00201239
5.994	0.77541	0.00201241

# DK0 = 3.63798e-11	(data set 7)
0	0.632049	0.00143014
0.0333	0.64072	0.00146657
0.0666	0.649021	0.00150133
0.0999	0.65695	0.00153443
0.1332	0.664506	0.00156588
0.1665	0.671692	0.00159568
0.1998	0.678512	0.00162387
0.2331	0.684972	0.00165048
0.2664	0.691079	0.00167555
0.2997	0.696843	0.00169913
0.333	0.702273	0.00172127
0.3663	0.707382	0.00174204
0.3996	0.71218	0.00176148
0.4329	0.716681	0.00177966
0.4662	0.720897	0.00179665
0.4995	0.724841	0.0018125
0.5328	0.728527	0.00182727
0.5661	0.731967	0.00184102
0.5994	0.735176	0.00185382
0.6327	0.738165	0.00186571
0.666	0.740947	0.00187676
0.6993	0.743535	0.00188702
0.7326	0.74594	0.00189653
0.7659	0.748173	0.00190535
0.7992	0.750245	0.00191353
0.8325	0.752168	0.00192109
0.8658	0.753949	0.0019281
0.8991	0.7556	0.00193458
0.9324	0.757128	0.00194057
0.9657	0.758543	0.00194611
0.999	0.759852	0.00195124
1.0323	0.761062	0.00195597
1.0656	0.762181	0.00196034
1.0989	0.763215	0.00196437
1.1322	0.76417	0.0019681
1.1655	0.765053	0.00197154
1.1988	0.765867	0.00197471
1.2321	0.766619	0.00197764
1.2654	0.767313	0.00198033
1.2987	0.767954	0.00198282
1.332	0.768545	0.00198512
1.3653	0.76909	0.00198724
1.3986	0.769593	0.00198919
1.4319	0.770056	0.00199099
1.4652	0.770483	0.00199264
1.4985	0.770877	0.00199417
1.5318	0.77124	0.00199558
1.5651	0.771575	0.00199688
1.5984	0.771883	0.00199807
1.6317	0.772168	0.00199917
1.665	0.772429	0.00200019
1.6983	0.772671	0.00200112
1.7316	0.772893	0.00200198
1.7649	0.773098	0.00200277
1.7982	0.773286	0.0020035
1.8315	0.77346	0.00200417
1.8648	0.77362	0.00200479
1.8981	0.773767	0.00200536
1.9314	0.773903	0.00200589
1.9647	0.774028	0.00200637
1.998	0.774143	0.00200682
2.0313	0.774249	0.00200722
2.0646	0.774346	0.0020076
2.0979	0.774436	0.00200795
2.1312	0.774519	0.00200827
2.1645	0.774595	0.00200856
2.1978	0.774665	0.00200883
2.2311	0.77473	0.00200908
2.2644	0.774789	0.00200931
2.2977	0.774844	0.00200953
2.331	0.774894	0.00200972
2.3643	0.774941	0.0020099
2.3976	0.774983	0.00201006
2.4309	0.775023	0.00201022
2.4642	0.775059	0.00201036
2.4975	0.775092	0.00201048
2.5308	0.775123	0.0020106
2.5641	0.775151	0.00201071
2.5974	0.775177	0.00201081
2.6307	0.775201	0.00201091
2.664	0.775223	0.00201099
2.6973	0.775243	0.00201107
2.7306	0.775262	0.00201114
2.7639	0.775279	0.00201121
2.7972	0.775295	0.00201127
2.8305	0.775309	0.00201132
2.8638	0.775323	0.00201138
2.8971	0.775335	0.00201142
2.9304	0.775346	0.00201147
2.9637	0.775357	0.00201151
2.997	0.775367	0.00201155
3.0303	0.775375	0.00201158
3.0636	0.775384	0.00201161
3.0969	0.775391	0.00201164
3.1302	0.775398	0.00201167
3.1635	0.775404	0.00201169
3.1968	0.77541	0.00201171
3.2301	0.775416	0.00201173
3.2634	0.77542	0.00201175
3.2967	0.775425	0.00201177
3.33	0.775429	0.00201179
3.3633	0.775433	0.0020118
3.3966	0.775437	0.00201182
3.4299	0.77544	0.00201183
3.4632	0.775443	0.00201184
3.4965	0.775446	0.00201185
3.5298	0.775448	0.00201186
3.5631	0.775451	0.00201187
3.5964	0.775453	0.00201188
3.6297	0.775455	0.00201189
3.663	0.775457	0.00201189
3.6963	0.775458	0.0020119
3.7296	0.77546	0.00201191
3.7629	0.775461	0.00201191
3.7962	0.775463	0.00201192
3.8295	0.775464	0.00201192
3.8628	0.775465	0.00201193
3.8961	0.775466	0.00201193
3.9294	0.775467	0.00201193
3.9627	0.775468	0.00201194
3.996	0.775469	0.00201194
4.0293	0.775469	0.00201194
4.0626	0.77547	0.00201194
4.0959	0.775471	0.00201195
4.1292	0.775471	0.00201195
4.1625	0.775472	0.00201195
4.1958	0.775472	0.00201195
4.2291	0.775473	0.00201196
4.2624	0.775473	0.00201196
4.2957	0.775473	0.00201196
4.329	0.775474	0.00201196
4.3623	0.775474	0.00201196
4.3956	0.775474	0.00201196
4.4289	0.775475	0.00201196
4.4622	0.775475	0.00201196
4.4955	0.775475	0.00201196
4.5288	0.775475	0.00201197
4.5621	0.775476	0.00201197
4.5954	0.775476	0.00201197
4.6287	0.775476	0.00201197
4.662	0.775476	0.00201197
4.6953	0.775476	0.00201197
4.7286	0.775476	0.00201197
4.7619	0.775476	0.00201197
4.7952	0.775477	0.00201197
4.8285	0.775477	0.00201197
4.8618	0.775477	0.00201197
4.8951	0.775477	0.00201197
4.9284	0.775477	0.00201197
4.9617	0.775477	0.00201197
4.995	0.775477	0.00201197
5.0283	0.775477	0.00201197
5.0616	0.775477	0.00201197
5.0949	0.775477	0.00201197
5.1282	0.775477	0.00201197
5.1615	0.775477	0.00201197
5.1948	0.775477	0.00201197
5.2281	0.775477	0.00201197
5.2614	0.775477	0.00201197
5.2947	0.775477	0.00201197
5.328	0.775477	0.00201197
5.3613	0.775478	0.00201197
5.3946	0.775478	0.00201197
5.4279	0.775478	0.00201197
5.4612	0.775478	0.00201197
5.4945	0.775478	0.00201197
5.5278	0.775478	0.00201197
5.5611	0.775478	0.00201197
5.5944	0.775478	0.00201197
5.6277	0.775478	0.00201198
5.661	0.775478	0.00201198
5.6943	0.775478	0.00201198
5.7276	0.775478	0.00201198
5.7609	0.775478	0.00201198
5.7942	0.775478	0.00201198
5.8275	0.775478	0.00201198
5.8608	0.775478	0.00201198
5.8941	0.775478	0.00201198
5.9274	0.775478	0.00201198
5.9607	0.775478	0.00201198
5.994	0.775478	0.00201198

# DK0 = 5.68434e-13	(data set 8)
0	0.632049	0.00143014
0.0333	0.64072	0.00146657
0.0666	0.649021	0.00150133
0.0999	0.65695	0.00153443
0.1332	0.664506	0.00156588
0.1665	0.671692	0.00159568
0.1998	0.678512	0.00162387
0.2331	0.684972	0.00165048
0.2664	0.691079	0.00167555
0.2997	0.696843	0.00169913
0.333	0.702273	0.00172127
0.3663	0.707382	0.00174204
0.3996	0.71218	0.00176148
0.4329	0.716681	0.00177966
0.4662	0.720897	0.00179665
0.4995	0.724841	0.0018125
0.5328	0.728527	0.00182727
0.5661	0.731967	0.00184102
0.5994	0.735176	0.00185382
0.6327	0.738165	0.00186571
0.666	0.740947	0.00187676
0.6993	0.743535	0.00188702
0.7326	0.74594	0.00189653
0.7659	0.748173	0.00190535
0.7992	0.750245	0.00191353
0.8325	0.752168	0.00192109
0.8658	0.753949	0.0019281
0.8991	0.7556	0.00193458
0.9324	0.757128	0.00194057
0.9657	0.758543	0.00194611
0.999	0.759852	0.00195124
1.0323	0.761062	0.00195597
1.0656	0.762181	0.00196034
1.0989	0.763215	0.00196437
1.1322	0.76417	0.0019681
1.1655	0.765053	0.00197154
1.1988	0.765867	0.00197471
1.2321	0.766619	0.00197764
1.2654	0.767313	0.00198033
1.2987	0.767954	0.00198282
1.332	0.768545	0.00198512
1.3653	0.76909	0.00198724
1.3986	0.769593	0.00198919
1.4319	0.770056	0.00199099
1.4652	0.770483	0.00199264
1.4985	0.770877	0.00199417
1.5318	0.77124	0.00199558
1.5651	0.771575	0.00199688
1.5984	0.771883	0.00199807
1.6317	0.772168	0.00199917
1.665	0.772429	0.00200019
1.6983	0.772671	0.00200112
1.7316	0.772893	0.00200198
1.7649	0.773098	0.00200277
1.7982	0.773286	0.0020035
1.8315	0.77346	0.00200417
1.8648	0.77362	0.00200479
1.8981	0.773767	0.00200536
1.9314	0.773903	0.00200589
1.9647	0.774028	0.00200637
1.998	0.774143	0.00200682
2.0313	0.774249	0.00200722
2.0646	0.774346	0.0020076
2.0979	0.774436	0.00200795
2.1312	0.774519	0.00200827
2.1645	0.774595	0.00200856
2.1978	0.774665	0.00200883
2.2311	0.77473	0.00200908
2.2644	0.774789	0.00200931
2.2977	0.774844	0.00200953
2.331	0.774894	0.00200972
2.3643	0.774941	0.0020099
2.3976	0.774983	0.00201006
2.4309	0.775023	0.00201022
2.4642	0.775059	0.00201036
2.4975	0.775092	0.00201048
2.5308	0.775123	0.0020106
2.5641	0.775151	0.00201071
2.5974	0.775177	0.00201081
2.6307	0.775201	0.00201091
2.664	0.775223	0.00201099
2.6973	0.775243	0.00201107
2.7306	0.775262	0.00201114
2.7639	0.775279	0.00201121
2.7972	0.775295	0.00201127
2.8305	0.775309	0.00201132
2.8638	0.775323	0.00201138
2.8971	0.775335	0.00201142
2.9304	0.775346	0.00201147
2.9637	0.775357	0.00201151
2.997	0.775367	0.00201154
3.0303	0.775375	0.00201158
3.0636	0.775384	0.00201161
3.0969	0.775391	0.00201164
3.1302	0.775398	0.00201167
3.1635	0.775404	0.00201169
3.1968	0.77541	0.00201171
3.2301	0.775416	0.00201173
3.2634	0.77542	0.00201175
3.2967	0.775425	0.00201177
3.33	0.775429	0.00201179
3.3633	0.775433	0.0020118
3.3966	0.775437	0.00201182
3.4299	0.77544	0.00201183
3.4632	0.775443	0.00201184
3.4965	0.775446	0.00201185
3.5298	0.775448	0.00201186
3.5631	0.775451	0.00201187
3.5964	0.775453	0.00201188
3.6297	0.775455	0.00201189
3.663	0.775457	0.00201189
3.6963	0.775458	0.0020119
3.7296	0.77546	0.00201191
3.7629	0.775461	0.00201191
3.7962	0.775463	0.00201192
3.8295	0.775464	0.00201192
3.8628	0.775465	0.00201193
3.8961	0.775466	0.00201193
3.9294	0.775467	0.00201193
3.9627	0.775468	0.00201194
3.996	0.775469	0.00201194
4.0293	0.775469	0.00201194
4.0626	0.77547	0.00201194
4.0959	0.775471	0.00201195
4.1292	0.775471	0.00201195
4.1625	0.775472	0.00201195
4.1958	0.775472	0.00201195
4.2291	0.775473	0.00201196
4.2624	0.775473	0.00201196
4.2957	0.775473	0.00201196
4.329	0.775474	0.00201196
4.3623	0.775474	0.00201196
4.3956	0.775474	0.00201196
4.4289	0.775475	0.00201196
4.4622	0.775475	0.00201196
4.4955	0.775475	0.00201196
4.5288	0.775475	0.00201197
4.5621	0.775476	0.00201197
4.5954	0.775476	0.00201197
4.6287	0.775476	0.00201197
4.662	0.775476	0.00201197
4.6953	0.775476	0.00201197
4.7286	0.775476	0.00201197
4.7619	0.775477	0.00201197
4.7952	0.775477	0.00201197
4.8285	0.775477	0.00201197
4.8618	0.775477	0.00201197
4.8951	0.775477	0.00201197
4.9284	0.775477	0.00201197
4.9617	0.775477	0.00201197
4.995	0.775477	0.00201197
5.0283	0.775477	0.00201197
5.0616	0.775477	0.00201197
5.0949	0.775477	0.00201197
5.1282	0.775477	0.00201197
5.1615	0.775477	0.00201197
5.1948	0.775477	0.00201197
5.2281	0.775477	0.00201197
5.2614	0.775477	0.00201197
5.2947	0.775478	0.00201197
5.328	0.775478	0.00201197
5.3613	0.775478	0.00201197
5.3946	0.775478	0.00201197
5.4279	0.775478	0.00201197
5.4612	0.775478	0.00201197
5.4945	0.775478	0.00201197
5.5278	0.775478	0.00201197
5.5611	0.775478	0.00201197
5.5944	0.775478	0.00201197
5.6277	0.775478	0.00201197
5.661	0.775478	0.00201197
5.6943	0.775478	0.00201197
5.7276	0.775478	0.00201197
5.7609	0.775478	0.00201197
5.7942	0.775478	0.00201197
5.8275	0.775478	0.00201197
5.8608	0.775478	0.00201197
5.8941	0.775478	0.00201197
5.9274	0.775478	0.00201197
5.9607	0.775478	0.00201197
5.994	0.775478	0.00201197
6.0273	0.775478	0.00201197
6.0606	0.775478	0.00201197
6.0939	0.775478	0.00201197
6.1272	0.775478	0.00201197
6.1605	0.775478	0.00201197
6.1938	0.775478	0.00201197
6.2271	0.775478	0.00201197
6.2604	0.775478	0.00201197
6.2937	0.775478	0.00201197
6.327	0.775478	0.00201197
6.3603	0.775478	0.00201197
6.3936	0.775478	0.00201197
6.4269	0.775478	0.00201197
6.4602	0.775478	0.00201197
6.4935	0.775478	0.00201197
6.5268	0.775478	0.00201197
6.5601	0.775478	0.00201197
6.5934	0.775478	0.00201197
6.6267	0.775478	0.00201197
6.66	0.775478	0.00201197
6.6933	0.775478	0.00201197
6.7266	0.775478	0.00201197
6.7599	0.775478	0.00201197
6.7932	0.775478	0.00201197
6.8265	0.775478	0.00201197
6.8598	0.775478	0.00201197
6.8931	0.775478	0.00201197
6.9264	0.775478	0.00201197
6.9597	0.775478	0.00201197
6.993	0.775478	0.00201197
7.0263	0.775478	0.00201197
7.0596	0.775478	0.00201197
7.0929	0.775478	0.00201197
7.1262	0.775478	0.00201197
7.1595	0.775478	0.00201197
7.1928	0.775478	0.00201197
7.2261	0.775478	0.00201197
7.2594	0.775478	0.00201197
7.2927	0.775478	0.00201197
7.326	0.775478	0.00201197
7.3593	0.775478	0.00201197
7.3926	0.775478	0.00201197
7.4259	0.775478	0.00201197
7.4592	0.775478	0.00201197
7.4925	0.775478	0.00201197
7.5258	0.775478	0.00201197
7.5591	0.775478	0.00201197
7.5924	0.775478	0.00201197
7.6257	0.775478	0.00201197
7.659	0.775478	0.00201197
7.6923	0.775478	0.00201197
7.7256	0.775478	0.00201197
7.7589	0.775478	0.00201197
7.7922	0.775478	0.00201197
7.8255	0.775478	0.00201197
7.8588	0.775478	0.00201197
7.8921	0.775478	0.00201197
7.9254	0.775478	0.00201197
7.9587	0.775478	0.00201197
7.992	0.775478	0.00201197
8.0253	0.775478	0.00201197
8.0586	0.775478	0.00201197
8.0919	0.775478	0.00201197
8.1252	0.775478	0.00201197
8.1585	0.775478	0.00201197
8.1918	0.775478	0.00201197
8.2251	0.775478	0.00201197
8.2584	0.775478	0.00201197
8.2917	0.775478	0.00201197
8.325	0.775478	0.00201197
8.3583	0.775478	0.00201197
8.3916	0.775479	0.00201197
8.4249	0.775479	0.00201197
8.4582	0.775479	0.00201197
8.4915	0.775479	0.00201197
8.5248	0.775479	0.00201197
8.5581	0.775479	0.00201197
8.5914	0.775479	0.00201197
8.6247	0.775479	0.00201197
8.658	0.775479	0.00201197
8.6913	0.775479	0.00201197
8.7246	0.775479	0.00201197
8.7579	0.775479	0.00201197
8.7912	0.775479	0.00201197
8.8245	0.775479	0.00201197
8.8578	0.775479	0.00201197
8.8911	0.775479	0.00201197
8.9244	0.775479	0.00201197
8.9577	0.775479	0.00201197
8.991	0.775479	0.00201196
9.0243	0.77548	0.00201196
9.0576	0.77548	0.00201196
9.0909	0.77548	0.00201196
9.1242	0.77548	0.00201196
9.1575	0.77548	0.00201196
9.1908	0.77548	0.00201196
9.2241	0.77548	0.00201196
9.2574	0.77548	0.00201196
9.2907	0.77548	0.00201196
9.324	0.77548	0.00201196
9.3573	0.775481	0.00201196
9.3906	0.775481	0.00201196
9.4239	0.775481	0.00201196
9.4572	0.775481	0.00201195
9.4905	0.775481	0.00201195
9.5238	0.775481	0.00201195
9.5571	0.775482	0.00201195
9.5904	0.775482	0.00201195
9.6237	0.775482	0.00201195
9.657	0.775482	0.00201195
9.6903	0.775482	0.00201195
9.7236	0.775483	0.00201194
9.7569	0.775483	0.00201194
9.7902	0.775483	0.00201194
9.8235	0.775483	0.00201194
9.8568	0.775484	0.00201194
9.8901	0.775484	0.00201194
9.9234	0.775484	0.00201193
9.9567	0.775485	0.00201193
9.99	0.775485	0.00201193
10.0233	0.775485	0.00201193
10.0566	0.775486	0.00201193
10.0899	0.775486	0.00201192
10.1232	0.775486	0.00201192
10.1565	0.775487	0.00201192
10.1898	0.775487	0.00201191
10.2231	0.775488	0.00201191
10.2564	0.775488	0.00201191
10.2897	0.775489	0.0020119
10.323	0.775489	0.0020119
10.3563	0.77549	0.0020119
10.3896	0.775491	0.00201189
10.4229	0.775491	0.00201189
10.4562	0.775492	0.00201188
10.4895	0.775493	0.00201188
10.5228	0.775493	0.00201187
10.5561	0.775494	0.00201187
10.5894	0.775495	0.00201186
10.6227	0.775496	0.00201186
10.656	0.775497	0.00201185
10.6893	0.775498	0.00201185
10.7226	0.775499	0.00201184
10.7559	0.7755	0.00201183
10.7892	0.775501	0.00201183
10.8225	0.775502	0.00201182
10.8558	0.775503	0.00201181
10.8891	0.775505	0.0020118
10.9224	0.775506	0.00201179
10.9557	0.775507	0.00201178
10.989	0.775509	0.00201177
11.0223	0.775511	0.00201176
11.0556	0.775512	0.00201175
11.0889	0.775514	0.00201174
11.1222	0.775516	0.00201173
11.1555	0.775518	0.00201172
11.1888	0.77552	0.0020117
11.2221	0.775522	0.00201169
11.2554	0.775524	0.00201168
11.2887	0.775526	0.00201166
11.322	0.775529	0.00201165
11.3553	0.775532	0.00201163
11.3886	0.775534	0.00201161
11.4219	0.775537	0.00201159
11.4552	0.77554	0.00201157
11.4885	0.775543	0.00201155
11.5218	0.775547	0.00201153
11.5551	0.77555	0.00201151
11.5884	0.775554	0.00201149
11.6217	0.775558	0.00201146
11.655	0.775562	0.00201143
11.6883	0.775566	0.00201141
11.7216	0.77557	0.00201138
11.7549	0.775575	0.00201135
11.7882	0.77558	0.00201132
11.8215	0.775585	0.00201128
11.8548	0.775591	0.00201125
11.8881	0.775596	0.00201121
11.9214	0.775602	0.00201117
11.9547	0.775609	0.00201113
11.988	0.775615	0.00201109
12.0213	0.775622	0.00201104
12.0546	0.77563	0.00201099
12.0879	0.775637	0.00201094
12.1212	0.775646	0.00201089
12.1545	0.775654	0.00201084
12.1878	0.775663	0.00201078
12.2211	0.775672	0.00201072
12.2544	0.775682	0.00201066
12.2877	0.775693	0.00201059
12.321	0.775704	0.00201052
12.3543	0.775715	0.00201044
12.3876	0.775727	0.00201037
12.4209	0.77574	0.00201028
12.4542	0.775753	0.0020102
12.4875	0.775767	0.00201011
12.5208	0.775782	0.00201001
12.5541	0.775797	0.00200991
12.5874	0.775814	0.00200981
12.6207	0.775831	0.0020097
12.654	0.775849	0.00200958
12.6873	0.775867	0.00200946
12.7206	0.775887	0.00200933
12.7539	0.775908	0.0020092
12.7872	0.77593	0.00200906
12.8205	0.775953	0.00200891
12.8538	0.775977	0.00200876
12.8871	0.776002	0.00200859
12.9204	0.776029	0.00200842
12.9537	0.776057	0.00200824
12.987	0.776087	0.00200805
13.0203	0.776117	0.00200785
13.0536	0.77615	0.00200764
13.0869	0.776184	0.00200742
13.1202	0.77622	0.00200719
13.1535	0.776258	0.00200695
13.1868	0.776297	0.00200669
13.2201	0.776339	0.00200642
13.2534	0.776383	0.00200614
13.2867	0.776429	0.00200585
13.32	0.776477	0.00200554
13.3533	0.776528	0.00200521
13.3866	0.776581	0.00200487
13.4199	0.776637	0.00200451
13.4532	0.776696	0.00200413
13.4865	0.776758	0.00200373
13.5198	0.776823	0.00200331
13.5531	0.776892	0.00200287
13.5864	0.776964	0.00200241
13.6197	0.777039	0.00200193
13.653	0.777118	0.00200142
13.6863	0.777202	0.00200088
13.7196	0.777289	0.00200032
13.7529	0.777381	0.00199973
13.7862	0.777478	0.00199911
13.8195	0.77758	0.00199846
13.8528	0.777687	0.00199778
13.8861	0.777799	0.00199706
13.9194	0.777917	0.0019963
13.9527	0.778041	0.00199551
13.986	0.778171	0.00199468
14.0193	0.778308	0.00199381
14.0526	0.778452	0.00199289
14.0859	0.778603	0.00199193
14.1192	0.778762	0.00199091
14.1525	0.778929	0.00198985
14.1858	0.779104	0.00198873
14.2191	0.779288	0.00198756
14.2524	0.779482	0.00198633
14.2857	0.779686	0.00198504
14.319	0.779899	0.00198368
14.3523	0.780124	0.00198226
14.3856	0.78036	0.00198076
14.4189	0.780608	0.00197919
14.4522	0.780869	0.00197755
14.4855	0.781143	0.00197582
14.5188	0.781431	0.001974
14.5521	0.781734	0.0019721
14.5854	0.782052	0.0019701
14.6187	0.782386	0.001968
14.652	0.782737	0.0019658
14.6853	0.783106	0.00196349
14.7186	0.783493	0.00196106
14.7519	0.783901	0.00195852
14.7852	0.784329	0.00195585
14.8185	0.784779	0.00195305
14.8518	0.785251	0.00195012
14.8851	0.785748	0.00194704
14.9184	0.78627	0.00194381
14.9517	0.786819	0.00194043
14.985	0.787395	0.00193688
15.0183	0.788001	0.00193316
15.0516	0.788637	0.00192926
15.0849	0.789306	0.00192518
15.1182	0.790008	0.0019209
15.1515	0.790747	0.00191641
15.1848	0.791523	0.00191171
15.2181	0.792338	0.00190679
15.2514	0.793195	0.00190164
15.2847	0.794095	0.00189624
15.318	0.795041	0.00189059
15.3513	0.796035	0.00188468
15.3846	0.79708	0.00187849
15.4179	0.798177	0.00187202
15.4512	0.799331	0.00186524
15.4845	0.800543	0.00185816
15.5178	0.801816	0.00185076
15.5511	0.803154	0.00184302
15.5844	0.804561	0.00183493
15.6177	0.806038	0.00182648
15.651	0.807591	0.00181766
15.6843	0.809222	0.00180845
15.7176	0.810936	0.00179883
15.7509	0.812737	0.0017888
15.7842	0.814629	0.00177833
15.8175	0.816618	0.00176742
15.8508	0.818707	0.00175605
15.8841	0.820902	0.00174421
15.9174	0.823209	0.00173187
15.9507	0.825632	0.00171903
15.984	0.828178	0.00170567
16.0173	0.830854	0.00169178
16.0506	0.833664	0.00167734
16.0839	0.836617	0.00166234
16.1172	0.83972	0.00164677
16.1505	0.842979	0.00163062
16.1838	0.846403	0.00161386
16.2171	0.850001	0.0015965
16.2504	0.85378	0.00157852
16.2837	0.857749	0.00155991
16.317	0.861919	0.00154067
16.3503	0.8663	0.00152079
16.3836	0.870901	0.00150026
16.4169	0.875733	0.00147908
16.4502	0.880809	0.00145726
16.4835	0.88614	0.00143478
16.5168	0.891739	0.00141165
16.5501	0.897618	0.00138789
16.5834	0.903791	0.00136349
16.6167	0.910274	0.00133847
16.65	0.91708	0.00131283
16.6833	0.924226	0.0012866
16.7166	0.931727	0.0012598
16.7499	0.939601	0.00123244
16.7832	0.947866	0.00120455
16.8165	0.95654	0.00117617
16.8498	0.965642	0.00114732
16.8831	0.975192	0.00111803
16.9164	0.985211	0.00108835
16.9497	0.995721	0.00105833
16.983	1.00675	0.00102752
17.0163	1.01834	0.000994103
17.0496	1.03059	0.000958013
17.0829	1.04357	0.000919415
17.1162	1.05738	0.000878498
17.1495	1.0721	0.000835478
17.1828	1.08782	0.000790602
17.2161	1.10465	0.000744148
17.2494	1.12267	0.000696427
17.2827	1.14198	0.000647781
17.316	1.1627	0.000598584
17.3493	1.18491	0.000549237
17.3826	1.20873	0.000500162
17.4159	1.23425	0.000451795
17.4492	1.26158	0.000404577
17.4825	1.29082	0.000358942
17.5158	1.32205	0.000315307
17.5491	1.35537	0.000274054
17.5824	1.39086	0.000235521
17.6157	1.42858	0.000199986
17.649	1.4686	0.000167658
17.6823	1.51097	0.000138665
17.7156	1.55573	0.000113056
17.7489	1.60291	9.07939e-05
17.7822	1.65253	7.1765e-05
17.8155	1.7046	5.57842e-05
17.8488	1.75914	4.2609e-05
17.8821	1.81613	3.19545e-05
17.9154	1.87559	2.351e-05
17.9487	1.93752	1.69554e-05
17.982	2.00192	1.19771e-05
18.0153	2.0688	8.27985e-06
18.0486	2.13819	5.59718e-06
18.0819	2.21013	3.69684e-06
18.1152	2.28463	2.38364e-06
18.1485	2.36177	1.4991e-06
18.1818	2.44159	9.18795e-07
18.2151	2.52417	5.48299e-07
18.2484	2.60958	3.18295e-07
18.2817	2.6979	1.79574e-07
18.315	2.78923	9.83639e-08
18.3483	2.88367	5.22603e-08
18.3816	2.9813	2.69031e-08
18.4149	3.08225	1.34049e-08
18.4482	3.18661	6.45761e-09
18.4815	3.29451	3.00423e-09
18.5148	3.40607	1.34814e-09
18.5481	3.5214	5.82833e-10
18.5814	3.64063	2.42447e-10
18.6147	3.76391	9.6913e-11
18.648	3.89136	3.71754e-11
18.6813	4.02312	1.36657e-11
18.7146	4.15935	4.80712e-12
18.7479	4.30018	1.61572e-12
18.7812	4.44579	5.18092e-13
18.8145	4.59633	1.58239e-13
18.8478	4.75196	4.59593e-14
18.8811	4.91287	1.2672e-14

# DK0 = 8.88178e-15	(data set 9)
0	0.632049	0.00143014
0.0333	0.64072	0.00146657
0.0666	0.649021	0.00150133
0.0999	0.65695	0.00153443
0.1332	0.664506	0.00156588
0.1665	0.671692	0.00159568
0.1998	0.678512	0.00162387
0.2331	0.684972	0.00165048
0.2664	0.691079	0.00167555
0.2997	0.696843	0.00169913
0.333	0.702273	0.00172127
0.3663	0.707382	0.00174204
0.3996	0.71218	0.00176148
0.4329	0.716681	0.00177966
0.4662	0.720897	0.00179665
0.4995	0.724841	0.0018125
0.5328	0.728527	0.00182727
0.5661	0.731967	0.00184102
0.5994	0.735176	0.00185382
0.6327	0.738165	0.00186571
0.666	0.740947	0.00187676
0.6993	0.743535	0.00188702
0.7326	0.74594	0.00189653
0.7659	0.748173	0.00190535
0.7992	0.750245	0.00191353
0.8325	0.752168	0.00192109
0.8658	0.753949	0.0019281
0.8991	0.7556	0.00193458
0.9324	0.757128	0.00194057
0.9657	0.758543	0.00194611
0.999	0.759852	0.00195124
1.0323	0.761062	0.00195597
1.0656	0.762181	0.00196034
1.0989	0.763215	0.00196437
1.1322	0.76417	0.0019681
1.1655	0.765053	0.00197154
1.1988	0.765867	0.00197471
1.2321	0.766619	0.00197764
1.2654	0.767313	0.00198033
1.2987	0.767954	0.00198282
1.332	0.768545	0.00198512
1.3653	0.76909	0.00198724
1.3986	0.769593	0.00198919
1.4319	0.770056	0.00199099
1.4652	0.770483	0.00199264
1.4985	0.770877	0.00199417
1.5318	0.77124	0.00199558
1.5651	0.771575	0.00199688
1.5984	0.771883	0.00199807
1.6317	0.772168	0.00199917
1.665	0.772429	0.00200019
1.6983	0.772671	0.00200112
1.7316	0.772893	0.00200198
1.7649	0.773098	0.00200277
1.7982	0.773286	0.0020035
1.8315	0.77346	0.00200417
1.8648	0.77362	0.00200479
1.8981	0.773767	0.00200536
1.9314	0.773903	0.00200589
1.9647	0.774028	0.00200637
1.998	0.774143	0.00200682
2.0313	0.774249	0.00200722
2.0646	0.774346	0.0020076
2.0979	0.774436	0.00200795
2.1312	0.774519	0.00200827
2.1645	0.774595	0.00200856
2.1978	0.774665	0.00200883
2.2311	0.77473	0.00200908
2.2644	0.774789	0.00200931
2.2977	0.774844	0.00200953
2.331	0.774894	0.00200972
2.3643	0.774941	0.0020099
2.3976	0.774983	0.00201006
2.4309	0.775023	0.00201022
2.4642	0.775059	0.00201036
2.4975	0.775092	0.00201048
2.5308	0.775123	0.0020106
2.5641	0.775151	0.00201071
2.5974	0.775177	0.00201081
2.6307	0.775201	0.00201091
2.664	0.775223	0.00201099
2.6973	0.775243	0.00201107
2.7306	0.775262	0.00201114
2.7639	0.775279	0.00201121
2.7972	0.775295	0.00201127
2.8305	0.775309	0.00201132
2.8638	0.775323	0.00201138
2.8971	0.775335	0.00201142
2.9304	0.775346	0.00201147
2.9637	0.775357	0.00201151
2.997	0.775367	0.00201154
3.0303	0.775375	0.00201158
3.0636	0.775384	0.00201161
3.0969	0.775391	0.00201164
3.1302	0.775398	0.00201167
3.1635	0.775404	0.00201169
3.1968	0.77541	0.00201171
3.2301	0.775416	0.00201173
3.2634	0.77542	0.00201175
3.2967	0.775425	0.00201177
3.33	0.775429	0.00201179
3.3633	0.775433	0.0020118
3.3966	0.775437	0.00201182
3.4299	0.77544	0.00201183
3.4632	0.775443	0.00201184
3.4965	0.775446	0.00201185
3.5298	0.775448	0.00201186
3.5631	0.775451	0.00201187
3.5964	0.775453	0.00201188
3.6297	0.775455	0.00201189
3.663	0.775457	0.00201189
3.6963	0.775458	0.0020119
3.7296	0.77546	0.00201191
3.7629	0.775461	0.00201191
3.7962	0.775463	0.00201192
3.8295	0.775464	0.00201192
3.8628	0.775465	0.00201193
3.8961	0.775466	0.00201193
3.9294	0.775467	0.00201193
3.9627	0.775468	0.00201194
3.996	0.775469	0.00201194
4.0293	0.775469	0.00201194
4.0626	0.77547	0.00201194
4.0959	0.775471	0.00201195
4.1292	0.775471	0.00201195
4.1625	0.775472	0.00201195
4.1958	0.775472	0.00201195
4.2291	0.775473	0.00201196
4.2624	0.775473	0.00201196
4.2957	0.775473	0.00201196
4.329	0.775474	0.00201196
4.3623	0.775474	0.00201196
4.3956	0.775474	0.00201196
4.4289	0.775475	0.00201196
4.4622	0.775475	0.00201196
4.4955	0.775475	0.00201196
4.5288	0.775475	0.00201197
4.5621	0.775476	0.00201197
4.5954	0.775476	0.00201197
4.6287	0.775476	0.00201197
4.662	0.775476	0.00201197
4.6953	0.775476	0.00201197
4.7286	0.775476	0.00201197
4.7619	0.775477	0.00201197
4.7952	0.775477	0.00201197
4.8285	0.775477	0.00201197
4.8618	0.775477	0.00201197
4.8951	0.775477	0.00201197
4.9284	0.775477	0.00201197
4.9617	0.775477	0.00201197
4.995	0.775477	0.00201197
5.0283	0.775477	0.00201197
5.0616	0.775477	0.00201197
5.0949	0.775477	0.00201197
5.1282	0.775477	0.00201197
5.1615	0.775477	0.00201197
5.1948	0.775477	0.00201197
5.2281	0.775477	0.00201197
5.2614	0.775477	0.00201197
5.2947	0.775478	0.00201197
5.328	0.775478	0.00201197
5.3613	0.775478	0.00201197
5.3946	0.775478	0.00201197
5.4279	0.775478	0.00201197
5.4612	0.775478	0.00201197
5.4945	0.775478	0.00201197
5.5278	0.775478	0.00201197
5.5611	0.775478	0.00201197
5.5944	0.775478	0.00201197
5.6277	0.775478	0.00201197
5.661	0.775478	0.00201197
5.6943	0.775478	0.00201197
5.7276	0.775478	0.00201197
5.7609	0.775478	0.00201197
5.7942	0.775478	0.00201197
5.8275	0.775478	0.00201197
5.8608	0.775478	0.00201197
5.8941	0.775478	0.00201197
5.9274	0.775478	0.00201197
5.9607	0.775478	0.00201197
5.994	0.775478	0.00201197
6.0273	0.775478	0.00201197
6.0606	0.775478	0.00201197
6.0939	0.775478	0.00201197
6.1272	0.775478	0.00201197
6.1605	0.775478	0.00201197
6.1938	0.775478	0.00201197
6.2271	0.775478	0.00201197
6.2604	0.775478	0.00201198
6.2937	0.775478	0.00201198
6.327	0.775478	0.00201198
6.3603	0.775478	0.00201198
6.3936	0.775478	0.00201198
6.4269	0.775478	0.00201198
6.4602	0.775478	0.00201198
6.4935	0.775478	0.00201198
6.5268	0.775478	0.00201198
6.5601	0.775478	0.00201198
6.5934	0.775478	0.00201198
6.6267	0.775478	0.00201198
6.66	0.775478	0.00201198
6.6933	0.775478	0.00201198
6.7266	0.775478	0.00201198
6.7599	0.775478	0.00201198
6.7932	0.775478	0.00201198
6.8265	0.775478	0.00201198
6.8598	0.775478	0.00201198
6.8931	0.775478	0.00201198
6.9264	0.775478	0.00201198
6.9597	0.775478	0.00201198
6.993	0.775478	0.00201198
7.0263	0.775478	0.00201198
7.0596	0.775478	0.00201198
7.0929	0.775478	0.00201198
7.1262	0.775478	0.00201198
7.1595	0.775478	0.00201198
7.1928	0.775478	0.00201198
7.2261	0.775478	0.00201198
7.2594	0.775478	0.00201198
7.2927	0.775478	0.00201198
7.326	0.775478	0.00201198
7.3593	0.775478	0.00201198
7.3926	0.775478	0.00201198
7.4259	0.775478	0.00201198
7.4592	0.775478	0.00201198
7.4925	0.775478	0.00201198
7.5258	0.775478	0.00201198
7.5591	0.775478	0.00201198
7.5924	0.775478	0.00201198
7.6257	0.775478	0.00201198
7.659	0.775478	0.00201198
7.6923	0.775478	0.00201198
7.7256	0.775478	0.00201198
7.7589	0.775478	0.00201198
7.7922	0.775478	0.00201198
7.8255	0.775478	0.00201198
7.8588	0.775478	0.00201198
7.8921	0.775478	0.00201198
7.9254	0.775478	0.00201198
7.9587	0.775478	0.00201198
7.992	0.775478	0.00201198
8.0253	0.775478	0.00201198
8.0586	0.775478	0.00201198
8.0919	0.775478	0.00201198
8.1252	0.775478	0.00201198
8.1585	0.775478	0.00201198
8.1918	0.775478	0.00201198
8.2251	0.775478	0.00201198
8.2584	0.775478	0.00201198
8.2917	0.775478	0.00201198
8.325	0.775478	0.00201198
8.3583	0.775478	0.00201198
8.3916	0.775478	0.00201198
8.4249	0.775478	0.00201198
8.4582	0.775478	0.00201198
8.4915	0.775478	0.00201198
8.5248	0.775478	0.00201198
8.5581	0.775478	0.00201198
8.5914	0.775478	0.00201198
8.6247	0.775478	0.00201198
8.658	0.775478	0.00201198
8.6913	0.775478	0.00201198
8.7246	0.775478	0.00201198
8.7579	0.775478	0.00201198
8.7912	0.775478	0.00201198
8.8245	0.775478	0.00201198
8.8578	0.775478	0.00201198
8.8911	0.775478	0.00201198
8.9244	0.775478	0.00201198
8.9577	0.775478	0.00201198
8.991	0.775478	0.00201198
9.0243	0.775478	0.00201198
9.0576	0.775478	0.00201198
9.0909	0.775478	0.00201198
9.1242	0.775478	0.00201198
9.1575	0.775478	0.00201198
9.1908	0.775478	0.00201197
9.2241	0.775478	0.00201197
9.2574	0.775478	0.00201197
9.2907	0.775478	0.00201197
9.324	0.775478	0.00201197
9.3573	0.775478	0.00201197
9.3906	0.775478	0.00201197
9.4239	0.775478	0.00201197
9.4572	0.775478	0.00201197
9.4905	0.775478	0.00201197
9.5238	0.775478	0.00201197
9.5571	0.775478	0.00201197
9.5904	0.775478	0.00201197
9.6237	0.775478	0.00201197
9.657	0.775478	0.00201197
9.6903	0.775478	0.00201197
9.7236	0.775478	0.00201197
9.7569	0.775478	0.00201197
9.7902	0.775478	0.00201197
9.8235	0.775478	0.00201197
9.8568	0.775478	0.00201197
9.8901	0.775478	0.00201197
9.9234	0.775478	0.00201197
9.9567	0.775478	0.00201197
9.99	0.775478	0.00201197
10.0233	0.775478	0.00201197
10.0566	0.775478	0.00201197
10.0899	0.775478	0.00201197
10.1232	0.775478	0.00201197
10.1565	0.775478	0.00201197
10.1898	0.775478	0.00201197
10.2231	0.775478	0.00201197
10.2564	0.775478	0.00201197
10.2897	0.775478	0.00201197
10.323	0.775478	0.00201197
10.3563	0.775478	0.00201197
10.3896	0.775478	0.00201197
10.4229	0.775478	0.00201197
10.4562	0.775478	0.00201197
10.4895	0.775478	0.00201197
10.5228	0.775478	0.00201197
10.5561	0.775478	0.00201197
10.5894	0.775478	0.00201197
10.6227	0.775478	0.00201197
10.656	0.775478	0.00201197
10.6893	0.775478	0.00201197
10.7226	0.775478	0.00201197
10.7559	0.775478	0.00201197
10.7892	0.775478	0.00201197
10.8225	0.775478	0.00201197
10.8558	0.775478	0.00201197
10.8891	0.775478	0.00201197
10.9224	0.775478	0.00201197
10.9557	0.775478	0.00201197
10.989	0.775478	0.00201197
11.0223	0.775478	0.00201197
11.0556	0.775478	0.00201197
11.0889	0.775478	0.00201197
11.1222	0.775478	0.00201197
11.1555	0.775478	0.00201197
11.1888	0.775478	0.00201197
11.2221	0.775478	0.00201197
11.2554	0.775478	0.00201197
11.2887	0.775478	0.00201197
11.322	0.775478	0.00201197
11.3553	0.775478	0.00201197
11.3886	0.775478	0.00201197
11.4219	0.775478	0.00201197
11.4552	0.775478	0.00201197
11.4885	0.775479	0.00201197
11.5218	0.775479	0.00201197
11.5551	0.775479	0.00201197
11.5884	0.775479	0.00201197
11.6217	0.775479	0.00201197
11.655	0.775479	0.00201197
11.6883	0.775479	0.00201197
11.7216	0.775479	0.00201197
11.7549	0.775479	0.00201197
11.7882	0.775479	0.00201197
11.8215	0.775479	0.00201197
11.8548	0.775479	0.00201197
11.8881	0.775479	0.00201197
11.9214	0.775479	0.00201197
11.9547	0.775479	0.00201197
11.988	0.775479	0.00201197
12.0213	0.775479	0.00201197
12.0546	0.775479	0.00201197
12.0879	0.775479	0.00201197
12.1212	0.775479	0.00201196
12.1545	0.77548	0.00201196
12.1878	0.77548	0.00201196
12.2211	0.77548	0.00201196
12.2544	0.77548	0.00201196
12.2877	0.77548	0.00201196
12.321	0.77548	0.00201196
12.3543	0.77548	0.00201196
12.3876	0.77548	0.00201196
12.4209	0.77548	0.00201196
12.4542	0.77548	0.00201196
12.4875	0.775481	0.00201196
12.5208	0.775481	0.00201196
12.5541	0.775481	0.00201196
12.5874	0.775481	0.00201195
12.6207	0.775481	0.00201195
12.654	0.775481	0.00201195
12.6873	0.775482	0.00201195
12.7206	0.775482	0.00201195
12.7539	0.775482	0.00201195
12.7872	0.775482	0.00201195
12.8205	0.775482	0.00201195
12.8538	0.775483	0.00201194
12.8871	0.775483	0.00201194
12.9204	0.775483	0.00201194
12.9537	0.775483	0.00201194
12.987	0.775484	0.00201194
13.0203	0.775484	0.00201194
13.0536	0.775484	0.00201193
13.0869	0.775485	0.00201193
13.1202	0.775485	0.00201193
13.1535	0.775485	0.00201193
13.1868	0.775486	0.00201192
13.2201	0.775486	0.00201192
13.2534	0.775486	0.00201192
13.2867	0.775487	0.00201192
13.32	0.775487	0.00201191
13.3533	0.775488	0.00201191
13.3866	0.775488	0.00201191
13.4199	0.775489	0.0020119
13.4532	0.775489	0.0020119
13.4865	0.77549	0.0020119
13.5198	0.775491	0.00201189
13.5531	0.775491	0.00201189
13.5864	0.775492	0.00201188
13.6197	0.775493	0.00201188
13.653	0.775493	0.00201187
13.6863	0.775494	0.00201187
13.7196	0.775495	0.00201186
13.7529	0.775496	0.00201186
13.7862	0.775497	0.00201185
13.8195	0.775498	0.00201185
13.8528	0.775499	0.00201184
13.8861	0.7755	0.00201183
13.9194	0.775501	0.00201183
13.9527	0.775502	0.00201182
13.986	0.775503	0.00201181
14.0193	0.775505	0.0020118
14.0526	0.775506	0.00201179
14.0859	0.775508	0.00201178
14.1192	0.775509	0.00201177
14.1525	0.775511	0.00201176
14.1858	0.775512	0.00201175
14.2191	0.775514	0.00201174
14.2524	0.775516	0.00201173
14.2857	0.775518	0.00201172
14.319	0.77552	0.0020117
14.3523	0.775522	0.00201169
14.3856	0.775524	0.00201168
14.4189	0.775527	0.00201166
14.4522	0.775529	0.00201164
14.4855	0.775532	0.00201163
14.5188	0.775534	0.00201161
14.5521	0.775537	0.00201159
14.5854	0.77554	0.00201157
14.6187	0.775544	0.00201155
14.652	0.775547	0.00201153
14.6853	0.77555	0.00201151
14.7186	0.775554	0.00201148
14.7519	0.775558	0.00201146
14.7852	0.775562	0.00201143
14.8185	0.775566	0.0020114
14.8518	0.775571	0.00201138
14.8851	0.775576	0.00201134
14.9184	0.77558	0.00201131
14.9517	0.775586	0.00201128
14.985	0.775591	0.00201124
15.0183	0.775597	0.00201121
15.0516	0.775603	0.00201117
15.0849	0.775609	0.00201113
15.1182	0.775616	0.00201108
15.1515	0.775623	0.00201104
15.1848	0.77563	0.00201099
15.2181	0.775638	0.00201094
15.2514	0.775646	0.00201089
15.2847	0.775655	0.00201083
15.318	0.775664	0.00201077
15.3513	0.775673	0.00201071
15.3846	0.775683	0.00201065
15.4179	0.775694	0.00201058
15.4512	0.775705	0.00201051
15.4845	0.775716	0.00201044
15.5178	0.775728	0.00201036
15.5511	0.775741	0.00201028
15.5844	0.775754	0.00201019
15.6177	0.775768	0.0020101
15.651	0.775783	0.00201
15.6843	0.775799	0.0020099
15.7176	0.775815	0.0020098
15.7509	0.775832	0.00200969
15.7842	0.77585	0.00200957
15.8175	0.775869	0.00200945
15.8508	0.775889	0.00200932
15.8841	0.77591	0.00200919
15.9174	0.775932	0.00200905
15.9507	0.775955	0.0020089
15.984	0.775979	0.00200874
16.0173	0.776005	0.00200858
16.0506	0.776031	0.00200841
16.0839	0.77606	0.00200822
16.1172	0.776089	0.00200803
16.1505	0.77612	0.00200783
16.1838	0.776153	0.00200762
16.2171	0.776187	0.0020074
16.2504	0.776223	0.00200717
16.2837	0.776261	0.00200693
16.317	0.776301	0.00200667
16.3503	0.776343	0.0020064
16.3836	0.776387	0.00200612
16.4169	0.776433	0.00200582
16.4502	0.776481	0.00200551
16.4835	0.776532	0.00200518
16.5168	0.776586	0.00200484
16.5501	0.776642	0.00200447
16.5834	0.776701	0.00200409
16.6167	0.776764	0.0020037
16.65	0.776829	0.00200328
16.6833	0.776898	0.00200283
16.7166	0.77697	0.00200237
16.7499	0.777046	0.00200189
16.7832	0.777125	0.00200137
16.8165	0.777209	0.00200084
16.8498	0.777297	0.00200027
16.8831	0.777389	0.00199968
16.9164	0.777487	0.00199906
16.9497	0.777589	0.0019984
16.983	0.777696	0.00199772
17.0163	0.777809	0.001997
17.0496	0.777927	0.00199624
17.0829	0.778052	0.00199544
17.1162	0.778182	0.00199461
17.1495	0.77832	0.00199373
17.1828	0.778464	0.00199281
17.2161	0.778616	0.00199184
17.2494	0.778776	0.00199083
17.2827	0.778943	0.00198976
17.316	0.779119	0.00198864
17.3493	0.779304	0.00198746
17.3826	0.779499	0.00198623
17.4159	0.779703	0.00198493
17.4492	0.779918	0.00198357
17.4825	0.780144	0.00198214
17.5158	0.780381	0.00198063
17.5491	0.78063	0.00197906
17.5824	0.780892	0.0019774
17.6157	0.781167	0.00197567
17.649	0.781456	0.00197384
17.6823	0.78176	0.00197193
17.7156	0.782079	0.00196992
17.7489	0.782415	0.00196782
17.7822	0.782767	0.00196561
17.8155	0.783138	0.00196329
17.8488	0.783527	0.00196085
17.8821	0.783936	0.0019583
17.9154	0.784366	0.00195562
17.9487	0.784818	0.00195281
17.982	0.785292	0.00194986
18.0153	0.785791	0.00194677
18.0486	0.786315	0.00194353
18.0819	0.786866	0.00194014
18.1152	0.787445	0.00193657
18.1485	0.788053	0.00193284
18.1818	0.788692	0.00192893
18.2151	0.789364	0.00192482
18.2484	0.790069	0.00192053
18.2817	0.790811	0.00191602
18.315	0.79159	0.00191131
18.3483	0.792409	0.00190637
18.3816	0.793269	0.00190119
18.4149	0.794173	0.00189577
18.4482	0.795123	0.0018901
18.4815	0.796121	0.00188417
18.5148	0.79717	0.00187795
18.5481	0.798272	0.00187146
18.5814	0.799431	0.00186466
18.6147	0.800648	0.00185755
18.648	0.801927	0.00185012
18.6813	0.80327	0.00184235
18.7146	0.804682	0.00183423
18.7479	0.806166	0.00182575
18.7812	0.807725	0.0018169
18.8145	0.809363	0.00180765
18.8478	0.811084	0.001798
18.8811	0.812893	0.00178793
18.9144	0.814793	0.00177743
18.9477	0.81679	0.00176648
18.981	0.818888	0.00175507
19.0143	0.821092	0.00174319
19.0476	0.823408	0.00173081
19.0809	0.825842	0.00171793
19.1142	0.828399	0.00170452
19.1475	0.831085	0.00169059
19.1808	0.833908	0.0016761
19.2141	0.836873	0.00166105
19.2474	0.839988	0.00164543
19.2807	0.843261	0.00162923
19.314	0.8467	0.00161242
19.3473	0.850312	0.00159501
19.3806	0.854107	0.00157698
19.4139	0.858093	0.00155831
19.4472	0.86228	0.00153902
19.4805	0.866679	0.00151908
19.5138	0.871299	0.0014985
19.5471	0.876152	0.00147727
19.5804	0.881248	0.00145539
19.6137	0.886601	0.00143285
19.647	0.892223	0.00140968
19.6803	0.898127	0.00138586
19.7136	0.904326	0.00136141
19.7469	0.910835	0.00133633
19.7802	0.917669	0.00131065
19.8135	0.924844	0.00128437
19.8468	0.932376	0.00125751
19.8801	0.940283	0.00123011
19.9134	0.948581	0.00120218
19.9467	0.95729	0.00117375
19.98	0.966429	0.00114486
20.0133	0.976018	0.00111554
20.0466	0.986078	0.00108584
20.0799	0.99663	0.00105578
20.1132	1.0077	0.00102481
20.1465	1.01935	0.000991163
20.1798	1.03166	0.000954854
20.2131	1.04471	0.000916053
20.2464	1.05859	0.00087495
20.2797	1.07339	0.000831764
20.313	1.0892	0.000786744
20.3463	1.10612	0.000740171
20.3796	1.12424	0.000692358
20.4129	1.14367	0.000643651
20.4462	1.16451	0.000594426
20.4795	1.18685	0.000545085
20.5128	1.21081	0.000496052
20.5461	1.23648	0.000447765
20.5794	1.26397	0.000400663
20.6127	1.29337	0.000355182
20.646	1.32478	0.000311733
20.6793	1.35828	0.000270697
20.7126	1.39395	0.000232407
20.7459	1.43186	0.000197136
20.7792	1.47208	0.000165084
20.8125	1.51465	0.000136376
20.8458	1.55961	0.000111051
20.8791	1.60699	8.90675e-05
20.9124	1.65682	7.03036e-05
20.9457	1.7091	5.45693e-05
20.979	1.76384	4.1618e-05
21.0123	1.82105	3.1162e-05
21.0456	1.88072	2.28891e-05
21.0789	1.94285	1.64793e-05
21.1122	2.00746	1.162e-05
21.1455	2.07455	8.01809e-06
21.1788	2.14416	5.4098e-06
21.2121	2.2163	3.56596e-06
21.2454	2.29103	2.29451e-06
21.2787	2.36839	1.43996e-06
21.312	2.44844	8.80595e-07
21.3453	2.53126	5.24301e-07
21.3786	2.61691	3.03643e-07
21.4119	2.70548	1.70888e-07
21.4452	2.79707	9.33695e-08
21.4785	2.89177	4.94771e-08
21.5118	2.98968	2.54015e-08
21.5451	3.09091	1.26212e-08
21.5784	3.19557	6.06253e-09
21.6117	3.30377	2.812e-09
21.645	3.41564	1.25798e-09
21.6783	3.53129	5.42118e-10
21.7116	3.65087	2.24765e-10
21.7449	3.77449	8.95385e-11
21.7782	3.90229	3.42254e-11
21.8115	4.03443	1.25354e-11
21.8448	4.17104	4.39288e-12
21.8781	4.31227	1.47073e-12
21.9114	4.45829	4.697e-13
21.9447	4.60925	1.42861e-13
21.978	4.76532	4.13141e-14
22.0113	4.92668	1.13405e-14

# DK0 = 1.38778e-16	(data set 10)
0	0.632049	0.00143014
0.0333	0.64072	0.00146657
0.0666	0.649021	0.00150133
0.0999	0.65695	0.00153443
0.1332	0.664506	0.00156588
0.1665	0.671692	0.00159568
0.1998	0.678512	0.00162387
0.2331	0.684972	0.00165048
0.2664	0.691079	0.00167555
0.2997	0.696843	0.00169913
0.333	0.702273	0.00172127
0.3663	0.707382	0.00174204
0.3996	0.71218	0.00176148
0.4329	0.716681	0.00177966
0.4662	0.720897	0.00179665
0.4995	0.724841	0.0018125
0.5328	0.728527	0.00182727
0.5661	0.731967	0.00184102
0.5994	0.735176	0.00185382
0.6327	0.738165	0.00186571
0.666	0.740947	0.00187676
0.6993	0.743535	0.00188702
0.7326	0.74594	0.00189653
0.7659	0.748173	0.00190535
0.7992	0.750245	0.00191353
0.8325	0.752168	0.00192109
0.8658	0.753949	0.0019281
0.8991	0.7556	0.00193458
0.9324	0.757128	0.00194057
0.9657	0.758543	0.00194611
0.999	0.759852	0.00195124
1.0323	0.761062	0.00195597
1.0656	0.762181	0.00196034
1.0989	0.763215	0.00196437
1.1322	0.76417	0.0019681
1.1655	0.765053	0.00197154
1.1988	0.765867	0.00197471
1.2321	0.766619	0.00197764
1.2654	0.767313	0.00198033
1.2987	0.767954	0.00198282
1.332	0.768545	0.00198512
1.3653	0.76909	0.00198724
1.3986	0.769593	0.00198919
1.4319	0.770056	0.00199099
1.4652	0.770483	0.00199264
1.4985	0.770877	0.00199417
1.5318	0.77124	0.00199558
1.5651	0.771575	0.00199688
1.5984	0.771883	0.00199807
1.6317	0.772168	0.00199917
1.665	0.772429	0.00200019
1.6983	0.772671	0.00200112
1.7316	0.772893	0.00200198
1.7649	0.773098	0.00200277
1.7982	0.773286	0.0020035
1.8315	0.77346	0.00200417
1.8648	0.77362	0.00200479
1.8981	0.773767	0.00200536
1.9314	0.773903	0.00200589
1.9647	0.774028	0.00200637
1.998	0.774143	0.00200682
2.0313	0.774249	0.00200722
2.0646	0.774346	0.0020076
2.0979	0.774436	0.00200795
2.1312	0.774519	0.00200827
2.1645	0.774595	0.00200856
2.1978	0.774665	0.00200883
2.2311	0.77473	0.00200908
2.2644	0.774789	0.00200931
2.2977	0.774844	0.00200953
2.331	0.774894	0.00200972
2.3643	0.774941	0.0020099
2.3976	0.774983	0.00201006
2.4309	0.775023	0.00201022
2.4642	0.775059	0.00201036
2.4975	0.775092	0.00201048
2.5308	0.775123	0.0020106
2.5641	0.775151	0.00201071
2.5974	0.775177	0.00201081
2.6307	0.775201	0.00201091
2.664	0.775223	0.00201099
2.6973	0.775243	0.00201107
2.7306	0.775262	0.00201114
2.7639	0.775279	0.00201121
2.7972	0.775295	0.00201127
2.8305	0.775309	0.00201132
2.8638	0.775323	0.00201138
2.8971	0.775335	0.00201142
2.9304	0.775346	0.00201147
2.9637	0.775357	0.00201151
2.997	0.775367	0.00201154
3.0303	0.775375	0.00201158
3.0636	0.775384	0.00201161
3.0969	0.775391	0.00201164
3.1302	0.775398	0.00201167
3.1635	0.775404	0.00201169
3.1968	0.77541	0.00201171
3.2301	0.775416	0.00201173
3.2634	0.77542	0.00201175
3.2967	0.775425	0.00201177
3.33	0.775429	0.00201179
3.3633	0.775433	0.0020118
3.3966	0.775437	0.00201182
3.4299	0.77544	0.00201183
3.4632	0.775443	0.00201184
3.4965	0.775446	0.00201185
3.5298	0.775448	0.00201186
3.5631	0.775451	0.00201187
3.5964	0.775453	0.00201188
3.6297	0.775455	0.00201189
3.663	0.775457	0.00201189
3.6963	0.775458	0.0020119
3.7296	0.77546	0.00201191
3.7629	0.775461	0.00201191
3.7962	0.775463	0.00201192
3.8295	0.775464	0.00201192
3.8628	0.775465	0.00201193
3.8961	0.775466	0.00201193
3.9294	0.775467	0.00201193
3.9627	0.775468	0.00201194
3.996	0.775469	0.00201194
4.0293	0.775469	0.00201194
4.0626	0.77547	0.00201194
4.0959	0.775471	0.00201195
4.1292	0.775471	0.00201195
4.1625	0.775472	0.00201195
4.1958	0.775472	0.00201195
4.2291	0.775473	0.00201196
4.2624	0.775473	0.00201196
4.2957	0.775473	0.00201196
4.329	0.775474	0.00201196
4.3623	0.775474	0.00201196
4.3956	0.775474	0.00201196
4.4289	0.775475	0.00201196
4.4622	0.775475	0.00201196
4.4955	0.775475	0.00201196
4.5288	0.775475	0.00201197
4.5621	0.775476	0.00201197
4.5954	0.775476	0.00201197
4.6287	0.775476	0.00201197
4.662	0.775476	0.00201197
4.6953	0.775476	0.00201197
4.7286	0.775476	0.00201197
4.7619	0.775477	0.00201197
4.7952	0.775477	0.00201197
4.8285	0.775477	0.00201197
4.8618	0.775477	0.00201197
4.8951	0.775477	0.00201197
4.9284	0.775477	0.00201197
4.9617	0.775477	0.00201197
4.995	0.775477	0.00201197
5.0283	0.775477	0.00201197
5.0616	0.775477	0.00201197
5.0949	0.775477	0.00201197
5.1282	0.775477	0.00201197
5.1615	0.775477	0.00201197
5.1948	0.775477	0.00201197
5.2281	0.775477	0.00201197
5.2614	0.775477	0.00201197
5.2947	0.775478	0.00201197
5.328	0.775478	0.00201197
5.3613	0.775478	0.00201197
5.3946	0.775478	0.00201197
5.4279	0.775478	0.00201197
5.4612	0.775478	0.00201197
5.4945	0.775478	0.00201197
5.5278	0.775478	0.00201197
5.5611	0.775478	0.00201197
5.5944	0.775478	0.00201197
5.6277	0.775478	0.00201197
5.661	0.775478	0.00201197
5.6943	0.775478	0.00201197
5.7276	0.775478	0.00201197
5.7609	0.775478	0.00201197
5.7942	0.775478	0.00201197
5.8275	0.775478	0.00201197
5.8608	0.775478	0.00201197
5.8941	0.775478	0.00201197
5.9274	0.775478	0.00201197
5.9607	0.775478	0.00201197
5.994	0.775478	0.00201197
6.0273	0.775478	0.00201197
6.0606	0.775478	0.00201197
6.0939	0.775478	0.00201197
6.1272	0.775478	0.00201197
6.1605	0.775478	0.00201197
6.1938	0.775478	0.00201197
6.2271	0.775478	0.00201197
6.2604	0.775478	0.00201198
6.2937	0.775478	0.00201198
6.327	0.775478	0.00201198
6.3603	0.775478	0.00201198
6.3936	0.775478	0.00201198
6.4269	0.775478	0.00201198
6.4602	0.775478	0.00201198
6.4935	0.775478	0.00201198
6.5268	0.775478	0.00201198
6.5601	0.775478	0.00201198
6.5934	0.775478	0.00201198
6.6267	0.775478	0.00201198
6.66	0.775478	0.00201198
6.6933	0.775478	0.00201198
6.7266	0.775478	0.00201198
6.7599	0.775478	0.00201198
6.7932	0.775478	0.00201198
6.8265	0.775478	0.00201198
6.8598	0.775478	0.00201198
6.8931	0.775478	0.00201198
6.9264	0.775478	0.00201198
6.9597	0.775478	0.00201198
6.993	0.775478	0.00201198
7.0263	0.775478	0.00201198
7.0596	0.775478	0.00201198
7.0929	0.775478	0.00201198
7.1262	0.775478	0.00201198
7.1595	0.775478	0.00201198
7.1928	0.775478	0.00201198
7.2261	0.775478	0.00201198
7.2594	0.775478	0.00201198
7.2927	0.775478	0.00201198
7.326	0.775478	0.00201198
7.3593	0.775478	0.00201198
7.3926	0.775478	0.00201198
7.4259	0.775478	0.00201198
7.4592	0.775478	0.00201198
7.4925	0.775478	0.00201198
7.5258	0.775478	0.00201198
7.5591	0.775478	0.00201198
7.5924	0.775478	0.00201198
7.6257	0.775478	0.00201198
7.659	0.775478	0.00201198
7.6923	0.775478	0.00201198
7.7256	0.775478	0.00201198
7.7589	0.775478	0.00201198
7.7922	0.775478	0.00201198
7.8255	0.775478	0.00201198
7.8588	0.775478	0.00201198
7.8921	0.775478	0.00201198
7.9254	0.775478	0.00201198
7.9587	0.775478	0.00201198
7.992	0.775478	0.00201198
8.0253	0.775478	0.00201198
8.0586	0.775478	0.00201198
8.0919	0.775478	0.00201198
8.1252	0.775478	0.00201198
8.1585	0.775478	0.00201198
8.1918	0.775478	0.00201198
8.2251	0.775478	0.00201198
8.2584	0.775478	0.00201198
8.2917	0.775478	0.00201198
8.325	0.775478	0.00201198
8.3583	0.775478	0.00201198
8.3916	0.775478	0.00201198
8.4249	0.775478	0.00201198
8.4582	0.775478	0.00201198
8.4915	0.775478	0.00201198
8.5248	0.775478	0.00201198
8.5581	0.775478	0.00201198
8.5914	0.775478	0.00201198
8.6247	0.775478	0.00201198
8.658	0.775478	0.00201198
8.6913	0.775478	0.00201198
8.7246	0.775478	0.00201198
8.7579	0.775478	0.00201198
8.7912	0.775478	0.00201198
8.8245	0.775478	0.00201198
8.8578	0.775478	0.00201198
8.8911	0.775478	0.00201198
8.9244	0.775478	0.00201198
8.9577	0.775478	0.00201198
8.991	0.775478	0.00201198
9.0243	0.775478	0.00201198
9.0576	0.775478	0.00201198
9.0909	0.775478	0.00201198
9.1242	0.775478	0.00201198
9.1575	0.775478	0.00201198
9.1908	0.775478	0.00201198
9.2241	0.775478	0.00201198
9.2574	0.775478	0.00201198
9.2907	0.775478	0.00201198
9.324	0.775478	0.00201198
9.3573	0.775478	0.00201198
9.3906	0.775478	0.00201198
9.4239	0.775478	0.00201198
9.4572	0.775478	0.00201198
9.4905	0.775478	0.00201198
9.5238	0.775478	0.00201198
9.5571	0.775478	0.00201198
9.5904	0.775478	0.00201198
9.6237	0.775478	0.00201198
9.657	0.775478	0.00201198
9.6903	0.775478	0.00201198
9.7236	0.775478	0.00201198
9.7569	0.775478	0.00201198
9.7902	0.775478	0.00201198
9.8235	0.775478	0.00201198
9.8568	0.775478	0.00201198
9.8901	0.775478	0.00201198
9.9234	0.775478	0.00201198
9.9567	0.775478	0.00201198
9.99	0.775478	0.00201198
10.0233	0.775478	0.00201198
10.0566	0.775478	0.00201198
10.0899	0.775478	0.00201198
10.1232	0.775478	0.00201198
10.1565	0.775478	0.00201198
10.1898	0.775478	0.00201198
10.2231	0.775478	0.00201198
10.2564	0.775478	0.00201198
10.2897	0.775478	0.00201198
10.323	0.775478	0.00201198
10.3563	0.775478	0.00201198
10.3896	0.775478	0.00201198
10.4229	0.775478	0.00201198
10.4562	0.775478	0.00201198
10.4895	0.775478	0.00201198
10.5228	0.775478	0.00201198
10.5561	0.775478	0.00201198
10.5894	0.775478	0.00201198
10.6227	0.775478	0.00201198
10.656	0.775478	0.00201198
10.6893	0.775478	0.00201198
10.7226	0.775478	0.00201198
10.7559	0.775478	0.00201198
10.7892	0.775478	0.00201198
10.8225	0.775478	0.00201198
10.8558	0.775478	0.00201198
10.8891	0.775478	0.00201198
10.9224	0.775478	0.00201198
10.9557	0.775478	0.00201198
10.989	0.775478	0.00201198
11.0223	0.775478	0.00201198
11.0556	0.775478	0.00201198
11.0889	0.775478	0.00201198
11.1222	0.775478	0.00201198
11.1555	0.775478	0.00201198
11.1888	0.775478	0.00201198
11.2221	0.775478	0.00201198
11.2554	0.775478	0.00201198
11.2887	0.775478	0.00201198
11.322	0.775478	0.00201198
11.3553	0.775478	0.00201198
11.3886	0.775478	0.00201198
11.4219	0.775478	0.00201198
11.4552	0.775478	0.00201198
11.4885	0.775478	0.00201198
11.5218	0.775478	0.00201198
11.5551	0.775478	0.00201198
11.5884	0.775478	0.00201198
11.6217	0.775478	0.00201198
11.655	0.775478	0.00201198
11.6883	0.775478	0.00201198
11.7216	0.775478	0.00201198
11.7549	0.775478	0.00201198
11.7882	0.775478	0.00201198
11.8215	0.775478	0.00201198
11.8548	0.775478	0.00201198
11.8881	0.775478	0.00201198
11.9214	0.775478	0.00201198
11.9547	0.775478	0.00201198
11.988	0.775478	0.00201198
12.0213	0.775478	0.00201198
12.0546	0.775478	0.00201198
12.0879	0.775478	0.00201198
12.1212	0.775478	0.00201198
12.1545	0.775478	0.00201198
12.1878	0.775478	0.00201198
12.2211	0.775478	0.00201198
12.2544	0.775478	0.00201198
12.2877	0.775478	0.00201198
12.321	0.775478	0.00201198
12.3543	0.775478	0.00201198
12.3876	0.775478	0.00201198
12.4209	0.775478	0.00201197
12.4542	0.775478	0.00201197
12.4875	0.775478	0.00201197
12.5208	0.775478	0.00201197
12.5541	0.775478	0.00201197
12.5874	0.775478	0.00201197
12.6207	0.775478	0.00201197
12.654	0.775478	0.00201197
12.6873	0.775478	0.00201197
12.7206	0.775478	0.00201197
12.7539	0.775478	0.00201197
12.7872	0.775478	0.00201197
12.8205	0.775478	0.00201197
12.8538	0.775478	0.00201197
12.8871	0.775478	0.00201197
12.9204	0.775478	0.00201197
12.9537	0.775478	0.00201197
12.987	0.775478	0.00201197
13.0203	0.775478	0.00201197
13.0536	0.775478	0.00201197
13.0869	0.775478	0.00201197
13.1202	0.775478	0.00201197
13.1535	0.775478	0.00201197
13.1868	0.775478	0.00201197
13.2201	0.775478	0.00201197
13.2534	0.775478	0.00201197
13.2867	0.775478	0.00201197
13.32	0.775478	0.00201197
13.3533	0.775478	0.00201197
13.3866	0.775478	0.00201197
13.4199	0.775478	0.00201197
13.4532	0.775478	0.00201197
13.4865	0.775478	0.00201197
13.5198	0.775478	0.00201197
13.5531	0.775478	0.00201197
13.5864	0.775478	0.00201197
13.6197	0.775478	0.00201197
13.653	0.775478	0.00201197
13.6863	0.775478	0.00201197
13.7196	0.775478	0.00201197
13.7529	0.775478	0.00201197
13.7862	0.775478	0.00201197
13.8195	0.775478	0.00201197
13.8528	0.775478	0.00201197
13.8861	0.775478	0.00201197
13.9194	0.775478	0.00201197
13.9527	0.775478	0.00201197
13.986	0.775478	0.00201197
14.0193	0.775478	0.00201197
14.0526	0.775478	0.00201197
14.0859	0.775478	0.00201197
14.1192	0.775478	0.00201197
14.1525	0.775478	0.00201197
14.1858	0.775478	0.00201197
14.2191	0.775478	0.00201197
14.2524	0.775478	0.00201197
14.2857	0.775478	0.00201197
14.319	0.775478	0.00201197
14.3523	0.775478	0.00201197
14.3856	0.775478	0.00201197
14.4189	0.775478	0.00201197
14.4522	0.775478	0.00201197
14.4855	0.775478	0.00201197
14.5188	0.775478	0.00201197
14.5521	0.775478	0.00201197
14.5854	0.775478	0.00201197
14.6187	0.775478	0.00201197
14.652	0.775478	0.00201197
14.6853	0.775478	0.00201197
14.7186	0.775479	0.00201197
14.7519	0.775479	0.00201197
14.7852	0.775479	0.00201197
14.8185	0.775479	0.00201197
14.8518	0.775479	0.00201197
14.8851	0.775479	0.00201197
14.9184	0.775479	0.00201197
14.9517	0.775479	0.00201197
14.985	0.775479	0.00201197
15.0183	0.775479	0.00201197
15.0516	0.775479	0.00201197
15.0849	0.775479	0.00201197
15.1182	0.775479	0.00201197
15.1515	0.775479	0.00201197
15.1848	0.775479	0.00201197
15.2181	0.775479	0.00201197
15.2514	0.775479	0.00201197
15.2847	0.775479	0.00201197
15.318	0.775479	0.00201197
15.3513	0.77548	0.00201196
15.3846	0.77548	0.00201196
15.4179	0.77548	0.00201196
15.4512	0.77548	0.00201196
15.4845	0.77548	0.00201196
15.5178	0.77548	0.00201196
15.5511	0.77548	0.00201196
15.5844	0.77548	0.00201196
15.6177	0.77548	0.00201196
15.651	0.77548	0.00201196
15.6843	0.775481	0.00201196
15.7176	0.775481	0.00201196
15.7509	0.775481	0.00201196
15.7842	0.775481	0.00201196
15.8175	0.775481	0.00201195
15.8508	0.775481	0.00201195
15.8841	0.775481	0.00201195
15.9174	0.775482	0.00201195
15.9507	0.775482	0.00201195
15.984	0.775482	0.00201195
16.0173	0.775482	0.00201195
16.0506	0.775482	0.00201195
16.0839	0.775483	0.00201194
16.1172	0.775483	0.00201194
16.1505	0.775483	0.00201194
16.1838	0.775483	0.00201194
16.2171	0.775484	0.00201194
16.2504	0.775484	0.00201194
16.2837	0.775484	0.00201193
16.317	0.775485	0.00201193
16.3503	0.775485	0.00201193
16.3836	0.775485	0.00201193
16.4169	0.775486	0.00201192
16.4502	0.775486	0.00201192
16.4835	0.775487	0.00201192
16.5168	0.775487	0.00201192
16.5501	0.775488	0.00201191
16.5834	0.775488	0.00201191
16.6167	0.775489	0.00201191
16.65	0.775489	0.0020119
16.6833	0.77549	0.0020119
16.7166	0.77549	0.00201189
16.7499	0.775491	0.00201189
16.7832	0.775492	0.00201189
16.8165	0.775492	0.00201188
16.8498	0.775493	0.00201188
16.8831	0.775494	0.00201187
16.9164	0.775495	0.00201187
16.9497	0.775495	0.00201186
16.983	0.775496	0.00201186
17.0163	0.775497	0.00201185
17.0496	0.775498	0.00201184
17.0829	0.775499	0.00201184
17.1162	0.7755	0.00201183
17.1495	0.775502	0.00201182
17.1828	0.775503	0.00201181
17.2161	0.775504	0.00201181
17.2494	0.775505	0.0020118
17.2827	0.775507	0.00201179
17.316	0.775508	0.00201178
17.3493	0.77551	0.00201177
17.3826	0.775511	0.00201176
17.4159	0.775513	0.00201175
17.4492	0.775515	0.00201174
17.4825	0.775517	0.00201172
17.5158	0.775519	0.00201171
17.5491	0.775521	0.0020117
17.5824	0.775523	0.00201168
17.6157	0.775525	0.00201167
17.649	0.775528	0.00201165
17.6823	0.77553	0.00201164
17.7156	0.775533	0.00201162
17.7489	0.775536	0.0020116
17.7822	0.775539	0.00201158
17.8155	0.775542	0.00201156
17.8488	0.775545	0.00201154
17.8821	0.775548	0.00201152
17.9154	0.775552	0.0020115
17.9487	0.775556	0.00201147
17.982	0.77556	0.00201145
18.0153	0.775564	0.00201142
18.0486	0.775568	0.00201139
18.0819	0.775573	0.00201136
18.1152	0.775578	0.00201133
18.1485	0.775583	0.0020113
18.1818	0.775588	0.00201126
18.2151	0.775593	0.00201123
18.2484	0.775599	0.00201119
18.2817	0.775606	0.00201115
18.315	0.775612	0.00201111
18.3483	0.775619	0.00201107
18.3816	0.775626	0.00201102
18.4149	0.775634	0.00201097
18.4482	0.775641	0.00201092
18.4815	0.77565	0.00201087
18.5148	0.775658	0.00201081
18.5481	0.775668	0.00201075
18.5814	0.775677	0.00201069
18.6147	0.775687	0.00201062
18.648	0.775698	0.00201055
18.6813	0.775709	0.00201048
18.7146	0.775721	0.00201041
18.7479	0.775733	0.00201033
18.7812	0.775746	0.00201024
18.8145	0.77576	0.00201015
18.8478	0.775774	0.00201006
18.8811	0.775789	0.00200996
18.9144	0.775805	0.00200986
18.9477	0.775822	0.00200976
18.981	0.775839	0.00200964
19.0143	0.775858	0.00200952
19.0476	0.775877	0.0020094
19.0809	0.775897	0.00200927
19.1142	0.775919	0.00200913
19.1475	0.775941	0.00200899
19.1808	0.775965	0.00200884
19.2141	0.775989	0.00200868
19.2474	0.776015	0.00200851
19.2807	0.776043	0.00200833
19.314	0.776071	0.00200815
19.3473	0.776102	0.00200795
19.3806	0.776133	0.00200775
19.4139	0.776167	0.00200753
19.4472	0.776202	0.00200731
19.4805	0.776238	0.00200707
19.5138	0.776277	0.00200682
19.5471	0.776318	0.00200656
19.5804	0.77636	0.00200629
19.6137	0.776405	0.002006
19.647	0.776452	0.0020057
19.6803	0.776502	0.00200538
19.7136	0.776554	0.00200504
19.7469	0.776609	0.00200469
19.7802	0.776666	0.00200432
19.8135	0.776726	0.00200393
19.8468	0.77679	0.00200353
19.8801	0.776857	0.0020031
19.9134	0.776927	0.00200265
19.9467	0.777	0.00200218
19.98	0.777078	0.00200168
20.0133	0.777159	0.00200116
20.0466	0.777244	0.00200061
20.0799	0.777334	0.00200003
20.1132	0.777429	0.00199943
20.1465	0.777528	0.00199879
20.1798	0.777632	0.00199813
20.2131	0.777741	0.00199743
20.2464	0.777856	0.00199669
20.2797	0.777977	0.00199592
20.313	0.778104	0.00199511
20.3463	0.778238	0.00199425
20.3796	0.778378	0.00199336
20.4129	0.778526	0.00199242
20.4462	0.77868	0.00199143
20.4795	0.778843	0.00199039
20.5128	0.779014	0.00198931
20.5461	0.779194	0.00198816
20.5794	0.779383	0.00198696
20.6127	0.779581	0.0019857
20.646	0.77979	0.00198438
20.6793	0.780009	0.00198299
20.7126	0.780239	0.00198153
20.7459	0.780481	0.00198
20.7792	0.780736	0.00197839
20.8125	0.781003	0.0019767
20.8458	0.781284	0.00197493
20.8791	0.781579	0.00197307
20.9124	0.781889	0.00197112
20.9457	0.782215	0.00196907
20.979	0.782557	0.00196692
21.0123	0.782917	0.00196467
21.0456	0.783295	0.0019623
21.0789	0.783692	0.00195982
21.1122	0.78411	0.00195722
21.1455	0.784548	0.00195449
21.1788	0.785009	0.00195162
21.2121	0.785494	0.00194862
21.2454	0.786003	0.00194547
21.2787	0.786538	0.00194216
21.312	0.7871	0.0019387
21.3453	0.78769	0.00193507
21.3786	0.788311	0.00193126
21.4119	0.788963	0.00192727
21.4452	0.789648	0.00192309
21.4785	0.790368	0.00191871
21.5118	0.791125	0.00191412
21.5451	0.79192	0.00190931
21.5784	0.792756	0.00190427
21.6117	0.793634	0.001899
21.645	0.794557	0.00189348
21.6783	0.795526	0.0018877
21.7116	0.796545	0.00188166
21.7449	0.797615	0.00187533
21.7782	0.79874	0.00186871
21.8115	0.799922	0.00186179
21.8448	0.801164	0.00185455
21.8781	0.802469	0.00184698
21.9114	0.80384	0.00183907
21.9447	0.805281	0.0018308
21.978	0.806795	0.00182217
22.0113	0.808386	0.00181316
22.0446	0.810058	0.00180375
22.0779	0.811814	0.00179393
22.1112	0.81366	0.00178368
22.1445	0.815599	0.001773
22.1778	0.817637	0.00176187
22.2111	0.819778	0.00175026
22.2444	0.822027	0.00173818
22.2777	0.824391	0.00172559
22.311	0.826874	0.0017125
22.3443	0.829483	0.00169888
22.3776	0.832224	0.00168472
22.4109	0.835105	0.00167001
22.4442	0.83813	0.00165473
22.4775	0.841309	0.00163887
22.5108	0.844649	0.00162242
22.5441	0.848158	0.00160536
22.5774	0.851844	0.0015877
22.6107	0.855716	0.00156941
22.644	0.859783	0.00155049
22.6773	0.864056	0.00153093
22.7106	0.868544	0.00151073
22.7439	0.873258	0.00148988
22.7772	0.878209	0.00146838
22.8105	0.883409	0.00144624
22.8438	0.888871	0.00142344
22.8771	0.894606	0.0014
22.9104	0.900629	0.00137592
22.9437	0.906953	0.00135121
22.977	0.913594	0.00132588
23.0103	0.920566	0.00129995
23.0436	0.927885	0.00127344
23.0769	0.935568	0.00124636
23.1102	0.943633	0.00121873
23.1435	0.952097	0.0011906
23.1768	0.96098	0.00116197
23.2101	0.970301	0.0011329
23.2434	0.98008	0.00110342
23.2767	0.990339	0.00107357
23.31	1.0011	0.00104337
23.3433	1.0124	0.00101136
23.3766	1.0243	0.000976603
23.4099	1.03691	0.000939252
23.4432	1.05028	0.000899484
23.4765	1.06453	0.0008575
23.5098	1.07973	0.00081353
23.5431	1.09599	0.000767838
23.5764	1.11339	0.000720718
23.6097	1.13204	0.000672495
23.643	1.15203	0.000623529
23.6763	1.17347	0.000574206
23.7096	1.19647	0.000524939
23.7429	1.22111	0.000476159
23.7762	1.24752	0.000428304
23.8095	1.27578	0.000381814
23.8428	1.30599	0.000337117
23.8761	1.33824	0.000294613
23.9094	1.37262	0.000254665
23.9427	1.4092	0.000217582
23.976	1.44805	0.000183609
24.0093	1.48923	0.000152917
24.0426	1.53277	0.000125595
24.0759	1.57872	0.000101648
24.1092	1.62711	8.10019e-05
24.1425	1.67794	6.35055e-05
24.1758	1.73123	4.89436e-05
24.2091	1.78698	3.70509e-05
24.2424	1.84519	2.75277e-05
24.2757	1.90587	2.00565e-05
24.309	1.96901	1.43187e-05
24.3423	2.03464	1.00083e-05
24.3756	2.10276	6.84345e-06
24.4089	2.1734	4.57389e-06
24.4422	2.2466	2.9856e-06
24.4755	2.3224	1.90171e-06
24.5088	2.40085	1.181e-06
24.5421	2.48203	7.14438e-07
24.5754	2.56599	4.20624e-07
24.6087	2.65283	2.40787e-07
24.642	2.74263	1.33896e-07
24.6753	2.83548	7.22554e-08
24.7086	2.93148	3.78003e-08
24.7419	3.03074	1.91508e-08
24.7752	3.13336	9.3858e-09
24.8085	3.23945	4.4449e-09
24.8418	3.34914	2.03168e-09
24.8751	3.46255	8.95214e-10
24.9084	3.57979	3.79787e-10
24.9417	3.701	1.5493e-10
24.975	3.82632	6.06933e-11
25.0083	3.95588	2.28011e-11
25.0416	4.08983	8.20291e-12
25.0749	4.22832	2.82188e-12
25.1082	4.37149	9.2685e-13
25.1415	4.51951	2.90202e-13
25.1748	4.67255	8.64786e-14
25.2081	4.83076	2.44853e-14
25.2414	4.99433	6.57566e-15

