l	K	y

# DK0 = 2.5	(data set 1)
0	5	7.15717e-18

# DK0 = 0.0390625	(data set 2)
0	0.859375	0.00113021
0.0333	0.870248	0.00111552
0.0666	0.881281	0.00109942
0.0999	0.892503	0.00108198
0.1332	0.903942	0.00106329
0.1665	0.915629	0.00104343
0.1998	0.927593	0.00102246
0.2331	0.939864	0.00100048
0.2664	0.952474	0.000977575
0.2997	0.965453	0.000953818
0.333	0.978834	0.0009293
0.3663	0.992648	0.000904106
0.3996	1.00693	0.000877992
0.4329	1.02174	0.000848937
0.4662	1.03718	0.000816775
0.4995	1.05335	0.000781762
0.5328	1.07034	0.000744186
0.5661	1.08827	0.000704364
0.5994	1.10725	0.000662644
0.6327	1.12738	0.000619404
0.666	1.14876	0.000575051
0.6993	1.17153	0.000530016
0.7326	1.19577	0.00048475
0.7659	1.22162	0.000439717
0.7992	1.24916	0.000395385
0.8325	1.27851	0.000352215
0.8658	1.30976	0.00031065
0.8991	1.34302	0.000271102
0.9324	1.37836	0.000233937
0.9657	1.41587	0.000199465
0.999	1.45561	0.000167927
1.0323	1.49765	0.000139489
1.0656	1.54202	0.000114234
1.0989	1.58876	9.2161e-05
1.1322	1.6379	7.31908e-05
1.1655	1.68947	5.71713e-05
1.1988	1.74346	4.38901e-05
1.2321	1.79989	3.30884e-05
1.2654	1.85876	2.44768e-05
1.2987	1.92007	1.77524e-05
1.332	1.98385	1.26134e-05
1.3653	2.05009	8.77265e-06
1.3986	2.11882	5.96755e-06
1.4319	2.19007	3.96709e-06
1.4652	2.26388	2.57511e-06
1.4985	2.3403	1.63079e-06
1.5318	2.41938	1.00671e-06
1.5651	2.5012	6.0524e-07
1.5984	2.58582	3.54057e-07
1.6317	2.67334	2.01342e-07
1.665	2.76384	1.11197e-07
1.6983	2.85741	5.9582e-08
1.7316	2.95416	3.09426e-08
1.7649	3.05418	1.55581e-08
1.7982	3.15759	7.56553e-09
1.8315	3.26451	3.55396e-09
1.8648	3.37505	1.6109e-09
1.8981	3.48933	7.03687e-10
1.9314	3.60748	2.95873e-10
1.9647	3.72963	1.19587e-10
1.998	3.85592	4.64015e-11
2.0313	3.98648	1.72604e-11
2.0646	4.12147	6.14641e-12
2.0979	4.26103	2.09218e-12
2.1312	4.40531	6.7971e-13
2.1645	4.55447	2.1043e-13
2.1978	4.70869	6.19785e-14
2.2311	4.86813	1.73377e-14

# DK0 = 0.000610352	(data set 3)
0	0.784912	0.00203468
0.0333	0.784325	0.00203175
0.0666	0.783795	0.002029
0.0999	0.783318	0.00202641
0.1332	0.782889	0.00202397
0.1665	0.782504	0.00202167
0.1998	0.782162	0.00201948
0.2331	0.781859	0.00201739
0.2664	0.781591	0.0020154
0.2997	0.781358	0.00201349
0.333	0.781157	0.00201165
0.3663	0.780985	0.00200987
0.3996	0.780841	0.00200814
0.4329	0.780725	0.00200646
0.4662	0.780633	0.00200481
0.4995	0.780565	0.00200318
0.5328	0.78052	0.00200158
0.5661	0.780497	0.00199998
0.5994	0.780495	0.0019984
0.6327	0.780514	0.00199681
0.666	0.780552	0.00199521
0.6993	0.780609	0.0019936
0.7326	0.780686	0.00199197
0.7659	0.780781	0.00199031
0.7992	0.780894	0.00198862
0.8325	0.781025	0.0019869
0.8658	0.781175	0.00198513
0.8991	0.781342	0.00198332
0.9324	0.781528	0.00198145
0.9657	0.781732	0.00197952
0.999	0.781955	0.00197753
1.0323	0.782196	0.00197547
1.0656	0.782457	0.00197333
1.0989	0.782737	0.00197111
1.1322	0.783038	0.00196881
1.1655	0.783359	0.00196641
1.1988	0.783701	0.00196391
1.2321	0.784066	0.0019613
1.2654	0.784453	0.00195859
1.2987	0.784864	0.00195575
1.332	0.785299	0.0019528
1.3653	0.78576	0.0019497
1.3986	0.786247	0.00194647
1.4319	0.786761	0.0019431
1.4652	0.787305	0.00193957
1.4985	0.787878	0.00193587
1.5318	0.788482	0.00193201
1.5651	0.78912	0.00192797
1.5984	0.789791	0.00192374
1.6317	0.790499	0.00191932
1.665	0.791244	0.00191469
1.6983	0.792028	0.00190985
1.7316	0.792853	0.00190478
1.7649	0.793721	0.00189948
1.7982	0.794635	0.00189394
1.8315	0.795596	0.00188814
1.8648	0.796607	0.00188207
1.8981	0.79767	0.00187572
1.9314	0.798788	0.00186909
1.9647	0.799964	0.00186215
1.998	0.8012	0.0018549
2.0313	0.802499	0.00184732
2.0646	0.803865	0.0018394
2.0979	0.805301	0.00183113
2.1312	0.80681	0.00182249
2.1645	0.808396	0.00181347
2.1978	0.810063	0.00180406
2.2311	0.811815	0.00179423
2.2644	0.813657	0.00178399
2.2977	0.815592	0.00177331
2.331	0.817625	0.00176217
2.3643	0.819762	0.00175057
2.3976	0.822008	0.00173849
2.4309	0.824367	0.00172591
2.4642	0.826847	0.00171282
2.4975	0.829452	0.0016992
2.5308	0.832189	0.00168505
2.5641	0.835066	0.00167034
2.5974	0.838088	0.00165507
2.6307	0.841263	0.00163921
2.664	0.844598	0.00162277
2.6973	0.848103	0.00160573
2.7306	0.851784	0.00158807
2.7639	0.855652	0.00156979
2.7972	0.859715	0.00155088
2.8305	0.863983	0.00153133
2.8638	0.868466	0.00151114
2.8971	0.873176	0.0014903
2.9304	0.878122	0.00146881
2.9637	0.883317	0.00144667
2.997	0.888773	0.00142389
3.0303	0.894502	0.00140046
3.0636	0.900519	0.00137639
3.0969	0.906838	0.00135169
3.1302	0.913472	0.00132637
3.1635	0.920437	0.00130045
3.1968	0.927749	0.00127395
3.2301	0.935425	0.00124688
3.2634	0.943483	0.00121926
3.2967	0.951939	0.00119113
3.33	0.960814	0.00116252
3.3633	0.970126	0.00113346
3.3966	0.979896	0.00110398
3.4299	0.990146	0.00107413
3.4632	1.0009	0.00104395
3.4965	1.01218	0.00101199
3.5298	1.02408	0.000977281
3.5631	1.03667	0.000939976
3.5964	1.05003	0.00090025
3.6297	1.06426	0.000858304
3.663	1.07944	0.000814369
3.6963	1.09568	0.000768706
3.7296	1.11306	0.000721609
3.7629	1.13168	0.000673403
3.7962	1.15165	0.000624447
3.8295	1.17306	0.000575127
3.8628	1.19602	0.000525855
3.8961	1.22064	0.000477061
3.9294	1.24701	0.000429185
3.9627	1.27524	0.000382666
3.996	1.30541	0.000337931
4.0293	1.33762	0.000295383
4.0626	1.37196	0.000255384
4.0959	1.4085	0.000218245
4.1292	1.44731	0.000184212
4.1625	1.48844	0.000153458
4.1958	1.53194	0.000126072
4.2291	1.57785	0.000102063
4.2624	1.62618	8.1357e-05
4.2957	1.67697	6.38037e-05
4.329	1.73021	4.91894e-05
4.3623	1.78592	3.72497e-05
4.3956	1.84408	2.76852e-05
4.4289	1.90472	2.01787e-05
4.4622	1.96782	1.44115e-05
4.4955	2.03339	1.00773e-05
4.5288	2.10147	6.89346e-06
4.5621	2.17206	4.60931e-06
4.5954	2.24521	3.01007e-06
4.6287	2.32096	1.91819e-06
4.662	2.39937	1.1918e-06
4.6953	2.48049	7.21329e-07
4.7286	2.5644	4.24899e-07
4.7619	2.65119	2.43364e-07
4.7952	2.74093	1.35404e-07
4.8285	2.83372	7.31102e-08
4.8618	2.92966	3.82699e-08
4.8951	3.02886	1.94005e-08
4.9284	3.13142	9.51414e-09
4.9617	3.23745	4.50861e-09
4.995	3.34707	2.06218e-09
5.0283	3.4604	9.09283e-10
5.0616	3.57757	3.86032e-10
5.0949	3.69871	1.57595e-10
5.1282	3.82395	6.17844e-11
5.1615	3.95343	2.32294e-11
5.1948	4.0873	8.36384e-12
5.2281	4.2257	2.87968e-12
5.2614	4.36878	9.46662e-13
5.2947	4.51671	2.96674e-13
5.328	4.66965	8.84898e-14
5.3613	4.82777	2.5079e-14
5.3946	4.99124	6.74184e-15

# DK0 = 9.53674e-06	(data set 4)
0	0.784245	0.00204543
0.0333	0.783541	0.00204272
0.0666	0.782895	0.00204022
0.0999	0.782301	0.00203793
0.1332	0.781757	0.00203582
0.1665	0.781257	0.00203388
0.1998	0.780797	0.0020321
0.2331	0.780375	0.00203045
0.2664	0.779988	0.00202894
0.2997	0.779632	0.00202755
0.333	0.779305	0.00202627
0.3663	0.779004	0.00202509
0.3996	0.778728	0.002024
0.4329	0.778475	0.002023
0.4662	0.778242	0.00202207
0.4995	0.778028	0.00202122
0.5328	0.777832	0.00202044
0.5661	0.777652	0.00201971
0.5994	0.777487	0.00201904
0.6327	0.777335	0.00201842
0.666	0.777196	0.00201785
0.6993	0.777069	0.00201732
0.7326	0.776952	0.00201683
0.7659	0.776845	0.00201637
0.7992	0.776747	0.00201595
0.8325	0.776658	0.00201556
0.8658	0.776576	0.00201519
0.8991	0.776502	0.00201485
0.9324	0.776434	0.00201454
0.9657	0.776372	0.00201424
0.999	0.776316	0.00201396
1.0323	0.776265	0.0020137
1.0656	0.776219	0.00201346
1.0989	0.776177	0.00201323
1.1322	0.77614	0.00201301
1.1655	0.776106	0.0020128
1.1988	0.776077	0.00201261
1.2321	0.77605	0.00201242
1.2654	0.776027	0.00201224
1.2987	0.776007	0.00201207
1.332	0.775989	0.0020119
1.3653	0.775974	0.00201174
1.3986	0.775962	0.00201158
1.4319	0.775952	0.00201143
1.4652	0.775944	0.00201128
1.4985	0.775939	0.00201113
1.5318	0.775935	0.00201099
1.5651	0.775934	0.00201084
1.5984	0.775934	0.00201069
1.6317	0.775936	0.00201055
1.665	0.77594	0.0020104
1.6983	0.775946	0.00201025
1.7316	0.775953	0.0020101
1.7649	0.775962	0.00200995
1.7982	0.775973	0.00200979
1.8315	0.775986	0.00200963
1.8648	0.776	0.00200947
1.8981	0.776015	0.0020093
1.9314	0.776033	0.00200912
1.9647	0.776052	0.00200894
1.998	0.776072	0.00200876
2.0313	0.776095	0.00200856
2.0646	0.776119	0.00200836
2.0979	0.776145	0.00200815
2.1312	0.776173	0.00200794
2.1645	0.776203	0.00200771
2.1978	0.776234	0.00200747
2.2311	0.776268	0.00200723
2.2644	0.776304	0.00200697
2.2977	0.776342	0.0020067
2.331	0.776382	0.00200642
2.3643	0.776425	0.00200612
2.3976	0.77647	0.00200581
2.4309	0.776517	0.00200549
2.4642	0.776567	0.00200515
2.4975	0.77662	0.00200479
2.5308	0.776676	0.00200442
2.5641	0.776735	0.00200403
2.5974	0.776797	0.00200362
2.6307	0.776862	0.00200319
2.664	0.776931	0.00200274
2.6973	0.777003	0.00200227
2.7306	0.777079	0.00200177
2.7639	0.777159	0.00200125
2.7972	0.777244	0.0020007
2.8305	0.777332	0.00200012
2.8638	0.777426	0.00199952
2.8971	0.777524	0.00199889
2.9304	0.777627	0.00199822
2.9637	0.777735	0.00199752
2.997	0.777849	0.00199679
3.0303	0.777969	0.00199602
3.0636	0.778095	0.00199521
3.0969	0.778228	0.00199436
3.1302	0.778367	0.00199347
3.1635	0.778513	0.00199253
3.1968	0.778667	0.00199155
3.2301	0.778829	0.00199051
3.2634	0.778999	0.00198943
3.2967	0.779177	0.00198829
3.33	0.779365	0.0019871
3.3633	0.779562	0.00198584
3.3966	0.77977	0.00198452
3.4299	0.779988	0.00198314
3.4632	0.780217	0.00198169
3.4965	0.780457	0.00198016
3.5298	0.78071	0.00197856
3.5631	0.780976	0.00197688
3.5964	0.781255	0.00197512
3.6297	0.781549	0.00197327
3.663	0.781857	0.00197133
3.6963	0.782181	0.00196929
3.7296	0.782522	0.00196715
3.7629	0.78288	0.00196491
3.7962	0.783256	0.00196256
3.8295	0.783651	0.00196008
3.8628	0.784066	0.00195749
3.8961	0.784503	0.00195478
3.9294	0.784961	0.00195192
3.9627	0.785443	0.00194893
3.996	0.78595	0.0019458
4.0293	0.786482	0.00194251
4.0626	0.787041	0.00193906
4.0959	0.787628	0.00193545
4.1292	0.788246	0.00193166
4.1625	0.788895	0.00192769
4.1958	0.789577	0.00192353
4.2291	0.790293	0.00191917
4.2624	0.791046	0.0019146
4.2957	0.791837	0.00190982
4.329	0.792668	0.0019048
4.3623	0.793542	0.00189956
4.3956	0.79446	0.00189406
4.4289	0.795424	0.00188831
4.4622	0.796438	0.00188229
4.4955	0.797503	0.00187599
4.5288	0.798622	0.0018694
4.5621	0.799798	0.00186251
4.5954	0.801033	0.00185531
4.6287	0.802332	0.00184777
4.662	0.803696	0.0018399
4.6953	0.80513	0.00183167
4.7286	0.806636	0.00182308
4.7619	0.808219	0.0018141
4.7952	0.809882	0.00180474
4.8285	0.811629	0.00179496
4.8618	0.813466	0.00178476
4.8951	0.815395	0.00177412
4.9284	0.817422	0.00176303
4.9617	0.819552	0.00175148
4.995	0.82179	0.00173944
5.0283	0.824142	0.00172691
5.0616	0.826613	0.00171387
5.0949	0.829209	0.00170031
5.1282	0.831936	0.0016862
5.1615	0.834801	0.00167155
5.1948	0.837812	0.00165633
5.2281	0.840975	0.00164053
5.2614	0.844298	0.00162414
5.2947	0.847789	0.00160715
5.328	0.851456	0.00158954
5.3613	0.855308	0.00157132
5.3946	0.859355	0.00155247
5.4279	0.863606	0.00153297
5.4612	0.868072	0.00151284
5.4945	0.872762	0.00149206
5.5278	0.877688	0.00147063
5.5611	0.882862	0.00144855
5.5944	0.888296	0.00142582
5.6277	0.894003	0.00140244
5.661	0.899995	0.00137843
5.6943	0.906288	0.00135378
5.7276	0.912895	0.00132852
5.7609	0.919832	0.00130265
5.7942	0.927115	0.00127619
5.8275	0.93476	0.00124917
5.8608	0.942785	0.0012216
5.8941	0.951207	0.00119352
5.9274	0.960046	0.00116494
5.9607	0.969321	0.00113592
5.994	0.979052	0.00110647
6.0273	0.98926	0.00107665
6.0606	0.999968	0.0010465
6.0939	1.01121	0.00101478
6.1272	1.02305	0.000980304
6.1605	1.03557	0.000943212
6.1938	1.04887	0.000903684
6.2271	1.06302	0.000861917
6.2604	1.07812	0.000818141
6.2937	1.09426	0.000772613
6.327	1.11154	0.000725625
6.3603	1.13006	0.0006775
6.3936	1.14991	0.000628593
6.4269	1.1712	0.000579288
6.4602	1.19402	0.000529996
6.4935	1.2185	0.000481145
6.5268	1.24472	0.000433175
6.5601	1.27278	0.000386524
6.5934	1.30279	0.000341623
6.6267	1.33483	0.000298876
6.66	1.36898	0.00025865
6.6933	1.40533	0.000221259
6.7266	1.44395	0.000186957
6.7599	1.48488	0.000155922
6.7932	1.52818	0.000128251
6.8265	1.57388	0.000103959
6.8598	1.62201	8.29787e-05
6.8931	1.67259	6.5167e-05
6.9264	1.72563	5.03145e-05
6.9597	1.78112	3.81605e-05
6.993	1.83908	2.84078e-05
7.0263	1.89951	2.07402e-05
7.0596	1.9624	1.48384e-05
7.0929	2.02777	1.03946e-05
7.1262	2.09563	7.12394e-06
7.1595	2.16601	4.77274e-06
7.1928	2.23894	3.12311e-06
7.2261	2.31447	1.9944e-06
7.2594	2.39265	1.24185e-06
7.2927	2.47354	7.53308e-07
7.326	2.55722	4.44768e-07
7.3593	2.64376	2.55357e-07
7.3926	2.73325	1.42429e-07
7.4259	2.82578	7.71015e-08
7.4592	2.92145	4.04665e-08
7.4925	3.02037	2.05704e-08
7.5258	3.12263	1.01166e-08
7.5591	3.22837	4.80817e-09
7.5924	3.33768	2.20588e-09
7.6257	3.4507	9.75702e-10
7.659	3.56754	4.15576e-10
7.6923	3.68834	1.70226e-10
7.7256	3.81323	6.6968e-11
7.7589	3.94235	2.52687e-11
7.7922	4.07584	9.13186e-12
7.8255	4.21385	3.15617e-12
7.8588	4.35653	1.04167e-12
7.8921	4.50405	3.27789e-13
7.9254	4.65656	9.81855e-14
7.9587	4.81423	2.79489e-14
7.992	4.97724	7.54741e-15

# DK0 = 1.49012e-07	(data set 5)
0	0.784231	0.00204566
0.0333	0.783524	0.00204295
0.0666	0.782876	0.00204046
0.0999	0.78228	0.00203817
0.1332	0.781733	0.00203607
0.1665	0.78123	0.00203414
0.1998	0.780769	0.00203236
0.2331	0.780344	0.00203073
0.2664	0.779954	0.00202923
0.2997	0.779595	0.00202785
0.333	0.779266	0.00202658
0.3663	0.778963	0.00202541
0.3996	0.778684	0.00202434
0.4329	0.778428	0.00202335
0.4662	0.778192	0.00202244
0.4995	0.777975	0.0020216
0.5328	0.777776	0.00202083
0.5661	0.777593	0.00202013
0.5994	0.777424	0.00201948
0.6327	0.777269	0.00201888
0.666	0.777126	0.00201833
0.6993	0.776995	0.00201782
0.7326	0.776874	0.00201735
0.7659	0.776763	0.00201692
0.7992	0.77666	0.00201653
0.8325	0.776566	0.00201616
0.8658	0.77648	0.00201583
0.8991	0.7764	0.00201552
0.9324	0.776327	0.00201524
0.9657	0.77626	0.00201498
0.999	0.776197	0.00201474
1.0323	0.77614	0.00201451
1.0656	0.776088	0.00201431
1.0989	0.77604	0.00201412
1.1322	0.775995	0.00201395
1.1655	0.775954	0.00201379
1.1988	0.775917	0.00201365
1.2321	0.775882	0.00201351
1.2654	0.77585	0.00201339
1.2987	0.775821	0.00201327
1.332	0.775794	0.00201317
1.3653	0.775769	0.00201307
1.3986	0.775746	0.00201298
1.4319	0.775725	0.0020129
1.4652	0.775706	0.00201282
1.4985	0.775688	0.00201275
1.5318	0.775672	0.00201269
1.5651	0.775657	0.00201263
1.5984	0.775643	0.00201257
1.6317	0.775631	0.00201252
1.665	0.775619	0.00201247
1.6983	0.775609	0.00201243
1.7316	0.775599	0.00201239
1.7649	0.77559	0.00201235
1.7982	0.775582	0.00201232
1.8315	0.775574	0.00201229
1.8648	0.775567	0.00201226
1.8981	0.775561	0.00201223
1.9314	0.775555	0.0020122
1.9647	0.77555	0.00201218
1.998	0.775545	0.00201216
2.0313	0.775541	0.00201214
2.0646	0.775537	0.00201212
2.0979	0.775533	0.0020121
2.1312	0.77553	0.00201208
2.1645	0.775527	0.00201206
2.1978	0.775524	0.00201205
2.2311	0.775522	0.00201204
2.2644	0.77552	0.00201202
2.2977	0.775518	0.00201201
2.331	0.775516	0.002012
2.3643	0.775515	0.00201198
2.3976	0.775514	0.00201197
2.4309	0.775513	0.00201196
2.4642	0.775512	0.00201195
2.4975	0.775511	0.00201194
2.5308	0.77551	0.00201193
2.5641	0.77551	0.00201192
2.5974	0.77551	0.00201191
2.6307	0.77551	0.0020119
2.664	0.77551	0.00201189
2.6973	0.77551	0.00201188
2.7306	0.77551	0.00201187
2.7639	0.77551	0.00201186
2.7972	0.775511	0.00201185
2.8305	0.775512	0.00201184
2.8638	0.775512	0.00201182
2.8971	0.775513	0.00201181
2.9304	0.775514	0.0020118
2.9637	0.775515	0.00201179
2.997	0.775516	0.00201178
3.0303	0.775518	0.00201177
3.0636	0.775519	0.00201175
3.0969	0.775521	0.00201174
3.1302	0.775522	0.00201173
3.1635	0.775524	0.00201171
3.1968	0.775526	0.0020117
3.2301	0.775528	0.00201168
3.2634	0.77553	0.00201166
3.2967	0.775533	0.00201165
3.33	0.775535	0.00201163
3.3633	0.775538	0.00201161
3.3966	0.77554	0.00201159
3.4299	0.775543	0.00201157
3.4632	0.775546	0.00201155
3.4965	0.77555	0.00201153
3.5298	0.775553	0.0020115
3.5631	0.775557	0.00201148
3.5964	0.775561	0.00201145
3.6297	0.775565	0.00201142
3.663	0.775569	0.0020114
3.6963	0.775574	0.00201137
3.7296	0.775578	0.00201134
3.7629	0.775583	0.0020113
3.7962	0.775589	0.00201127
3.8295	0.775594	0.00201123
3.8628	0.7756	0.00201119
3.8961	0.775606	0.00201115
3.9294	0.775613	0.00201111
3.9627	0.775619	0.00201107
3.996	0.775626	0.00201102
4.0293	0.775634	0.00201097
4.0626	0.775642	0.00201092
4.0959	0.77565	0.00201087
4.1292	0.775659	0.00201081
4.1625	0.775668	0.00201075
4.1958	0.775678	0.00201069
4.2291	0.775688	0.00201062
4.2624	0.775698	0.00201055
4.2957	0.775709	0.00201048
4.329	0.775721	0.00201041
4.3623	0.775734	0.00201033
4.3956	0.775747	0.00201024
4.4289	0.77576	0.00201015
4.4622	0.775775	0.00201006
4.4955	0.77579	0.00200997
4.5288	0.775805	0.00200986
4.5621	0.775822	0.00200976
4.5954	0.77584	0.00200964
4.6287	0.775858	0.00200952
4.662	0.775877	0.0020094
4.6953	0.775897	0.00200927
4.7286	0.775919	0.00200913
4.7619	0.775941	0.00200899
4.7952	0.775965	0.00200884
4.8285	0.775989	0.00200868
4.8618	0.776015	0.00200851
4.8951	0.776043	0.00200833
4.9284	0.776071	0.00200815
4.9617	0.776102	0.00200795
4.995	0.776133	0.00200775
5.0283	0.776167	0.00200753
5.0616	0.776202	0.00200731
5.0949	0.776238	0.00200707
5.1282	0.776277	0.00200682
5.1615	0.776318	0.00200656
5.1948	0.77636	0.00200629
5.2281	0.776405	0.002006
5.2614	0.776452	0.0020057
5.2947	0.776502	0.00200538
5.328	0.776554	0.00200504
5.3613	0.776609	0.00200469
5.3946	0.776666	0.00200432
5.4279	0.776726	0.00200393
5.4612	0.77679	0.00200353
5.4945	0.776857	0.0020031
5.5278	0.776927	0.00200265
5.5611	0.777	0.00200218
5.5944	0.777078	0.00200168
5.6277	0.777159	0.00200116
5.661	0.777244	0.00200061
5.6943	0.777334	0.00200003
5.7276	0.777429	0.00199943
5.7609	0.777528	0.0019988
5.7942	0.777632	0.00199813
5.8275	0.777741	0.00199743
5.8608	0.777856	0.00199669
5.8941	0.777977	0.00199592
5.9274	0.778104	0.00199511
5.9607	0.778238	0.00199425
5.994	0.778378	0.00199336
6.0273	0.778525	0.00199242
6.0606	0.77868	0.00199143
6.0939	0.778843	0.0019904
6.1272	0.779014	0.00198931
6.1605	0.779194	0.00198816
6.1938	0.779383	0.00198696
6.2271	0.779581	0.0019857
6.2604	0.77979	0.00198438
6.2937	0.780009	0.00198299
6.327	0.780239	0.00198153
6.3603	0.780481	0.00198
6.3936	0.780736	0.00197839
6.4269	0.781003	0.0019767
6.4602	0.781284	0.00197493
6.4935	0.781579	0.00197307
6.5268	0.781889	0.00197112
6.5601	0.782214	0.00196907
6.5934	0.782557	0.00196693
6.6267	0.782917	0.00196467
6.66	0.783295	0.0019623
6.6933	0.783692	0.00195982
6.7266	0.784109	0.00195722
6.7599	0.784548	0.00195449
6.7932	0.785009	0.00195162
6.8265	0.785493	0.00194862
6.8598	0.786002	0.00194547
6.8931	0.786537	0.00194216
6.9264	0.787099	0.0019387
6.9597	0.78769	0.00193507
6.993	0.788311	0.00193126
7.0263	0.788963	0.00192727
7.0596	0.789648	0.00192309
7.0929	0.790368	0.00191871
7.1262	0.791125	0.00191412
7.1595	0.79192	0.00190931
7.1928	0.792755	0.00190428
7.2261	0.793633	0.00189901
7.2594	0.794556	0.00189349
7.2927	0.795525	0.00188771
7.326	0.796544	0.00188166
7.3593	0.797615	0.00187533
7.3926	0.798739	0.00186871
7.4259	0.799921	0.00186179
7.4592	0.801163	0.00185455
7.4925	0.802468	0.00184698
7.5258	0.803839	0.00183907
7.5591	0.80528	0.00183081
7.5924	0.806794	0.00182218
7.6257	0.808385	0.00181316
7.659	0.810057	0.00180375
7.6923	0.811813	0.00179393
7.7256	0.813659	0.00178369
7.7589	0.815598	0.00177301
7.7922	0.817636	0.00176187
7.8255	0.819776	0.00175027
7.8588	0.822026	0.00173818
7.8921	0.824389	0.0017256
7.9254	0.826873	0.00171251
7.9587	0.829482	0.00169889
7.992	0.832223	0.00168473
8.0253	0.835103	0.00167001
8.0586	0.838129	0.00165474
8.0919	0.841308	0.00163888
8.1252	0.844647	0.00162243
8.1585	0.848156	0.00160537
8.1918	0.851842	0.00158771
8.2251	0.855713	0.00156942
8.2584	0.859781	0.0015505
8.2917	0.864053	0.00153094
8.325	0.868541	0.00151074
8.3583	0.873255	0.00148989
8.3916	0.878206	0.0014684
8.4249	0.883406	0.00144625
8.4582	0.888868	0.00142345
8.4915	0.894603	0.00140001
8.5248	0.900626	0.00137593
8.5581	0.90695	0.00135122
8.5914	0.91359	0.0013259
8.6247	0.920562	0.00129997
8.658	0.927881	0.00127345
8.6913	0.935564	0.00124637
8.7246	0.943628	0.00121875
8.7579	0.952093	0.00119061
8.7912	0.960975	0.00116199
8.8245	0.970296	0.00113292
8.8578	0.980074	0.00110344
8.8911	0.990333	0.00107358
8.9244	1.00109	0.00104339
8.9577	1.01239	0.00101138
8.991	1.0243	0.000976624
9.0243	1.0369	0.000939274
9.0576	1.05028	0.000899507
9.0909	1.06452	0.000857524
9.1242	1.07973	0.000813556
9.1575	1.09598	0.000767865
9.1908	1.11338	0.000720745
9.2241	1.13203	0.000672522
9.2574	1.15202	0.000623556
9.2907	1.17346	0.000574234
9.324	1.19645	0.000524967
9.3573	1.2211	0.000476186
9.3906	1.2475	0.000428331
9.4239	1.27576	0.00038184
9.4572	1.30597	0.000337142
9.4905	1.33822	0.000294637
9.5238	1.3726	0.000254687
9.5571	1.40918	0.000217602
9.5904	1.44803	0.000183628
9.6237	1.4892	0.000152933
9.657	1.53275	0.000125609
9.6903	1.5787	0.000101661
9.7236	1.62708	8.10127e-05
9.7569	1.67791	6.35145e-05
9.7902	1.7312	4.89511e-05
9.8235	1.78694	3.7057e-05
9.8568	1.84516	2.75324e-05
9.8901	1.90583	2.00602e-05
9.9234	1.96898	1.43215e-05
9.9567	2.0346	1.00104e-05
9.99	2.10272	6.84496e-06
10.0233	2.17336	4.57496e-06
10.0566	2.24656	2.98634e-06
10.0899	2.32235	1.90221e-06
10.1232	2.40081	1.18133e-06
10.1565	2.48198	7.14646e-07
10.1898	2.56594	4.20753e-07
10.2231	2.65278	2.40865e-07
10.2564	2.74258	1.33942e-07
10.2897	2.83543	7.22813e-08
10.323	2.93143	3.78145e-08
10.3563	3.03068	1.91583e-08
10.3896	3.1333	9.38967e-09
10.4229	3.23939	4.44682e-09
10.4562	3.34908	2.0326e-09
10.4895	3.46248	8.95638e-10
10.5228	3.57972	3.79975e-10
10.5561	3.70093	1.55011e-10
10.5894	3.82625	6.07262e-11
10.6227	3.95581	2.2814e-11
10.656	4.08976	8.20775e-12
10.6893	4.22824	2.82362e-12
10.7226	4.37141	9.27445e-13
10.7559	4.51943	2.90397e-13
10.7892	4.67246	8.6539e-14
10.8225	4.83067	2.45031e-14
10.8558	4.99424	6.58065e-15

# DK0 = 2.32831e-09	(data set 6)
0	0.78423	0.00204566
0.0333	0.783524	0.00204295
0.0666	0.782875	0.00204046
0.0999	0.78228	0.00203817
0.1332	0.781733	0.00203607
0.1665	0.78123	0.00203414
0.1998	0.780768	0.00203236
0.2331	0.780344	0.00203073
0.2664	0.779954	0.00202923
0.2997	0.779595	0.00202785
0.333	0.779265	0.00202658
0.3663	0.778962	0.00202541
0.3996	0.778683	0.00202434
0.4329	0.778427	0.00202335
0.4662	0.778191	0.00202244
0.4995	0.777975	0.00202161
0.5328	0.777775	0.00202084
0.5661	0.777592	0.00202013
0.5994	0.777423	0.00201948
0.6327	0.777268	0.00201888
0.666	0.777125	0.00201833
0.6993	0.776994	0.00201783
0.7326	0.776873	0.00201736
0.7659	0.776762	0.00201693
0.7992	0.776659	0.00201654
0.8325	0.776565	0.00201617
0.8658	0.776478	0.00201584
0.8991	0.776399	0.00201553
0.9324	0.776325	0.00201525
0.9657	0.776258	0.00201499
0.999	0.776196	0.00201475
1.0323	0.776139	0.00201453
1.0656	0.776086	0.00201432
1.0989	0.776038	0.00201414
1.1322	0.775993	0.00201396
1.1655	0.775952	0.00201381
1.1988	0.775914	0.00201366
1.2321	0.77588	0.00201353
1.2654	0.775848	0.0020134
1.2987	0.775818	0.00201329
1.332	0.775791	0.00201318
1.3653	0.775766	0.00201309
1.3986	0.775743	0.002013
1.4319	0.775722	0.00201292
1.4652	0.775703	0.00201284
1.4985	0.775685	0.00201277
1.5318	0.775668	0.00201271
1.5651	0.775653	0.00201265
1.5984	0.775639	0.0020126
1.6317	0.775626	0.00201255
1.665	0.775615	0.0020125
1.6983	0.775604	0.00201246
1.7316	0.775594	0.00201242
1.7649	0.775584	0.00201239
1.7982	0.775576	0.00201235
1.8315	0.775568	0.00201232
1.8648	0.775561	0.0020123
1.8981	0.775554	0.00201227
1.9314	0.775548	0.00201225
1.9647	0.775543	0.00201223
1.998	0.775538	0.00201221
2.0313	0.775533	0.00201219
2.0646	0.775528	0.00201217
2.0979	0.775524	0.00201215
2.1312	0.775521	0.00201214
2.1645	0.775517	0.00201213
2.1978	0.775514	0.00201212
2.2311	0.775511	0.0020121
2.2644	0.775509	0.00201209
2.2977	0.775506	0.00201208
2.331	0.775504	0.00201208
2.3643	0.775502	0.00201207
2.3976	0.7755	0.00201206
2.4309	0.775498	0.00201205
2.4642	0.775497	0.00201205
2.4975	0.775495	0.00201204
2.5308	0.775494	0.00201204
2.5641	0.775493	0.00201203
2.5974	0.775491	0.00201203
2.6307	0.77549	0.00201202
2.664	0.775489	0.00201202
2.6973	0.775488	0.00201202
2.7306	0.775488	0.00201201
2.7639	0.775487	0.00201201
2.7972	0.775486	0.00201201
2.8305	0.775485	0.002012
2.8638	0.775485	0.002012
2.8971	0.775484	0.002012
2.9304	0.775484	0.002012
2.9637	0.775483	0.002012
2.997	0.775483	0.00201199
3.0303	0.775483	0.00201199
3.0636	0.775482	0.00201199
3.0969	0.775482	0.00201199
3.1302	0.775482	0.00201199
3.1635	0.775481	0.00201199
3.1968	0.775481	0.00201199
3.2301	0.775481	0.00201198
3.2634	0.775481	0.00201198
3.2967	0.77548	0.00201198
3.33	0.77548	0.00201198
3.3633	0.77548	0.00201198
3.3966	0.77548	0.00201198
3.4299	0.77548	0.00201198
3.4632	0.77548	0.00201198
3.4965	0.77548	0.00201198
3.5298	0.775479	0.00201198
3.5631	0.775479	0.00201198
3.5964	0.775479	0.00201198
3.6297	0.775479	0.00201198
3.663	0.775479	0.00201198
3.6963	0.775479	0.00201198
3.7296	0.775479	0.00201198
3.7629	0.775479	0.00201198
3.7962	0.775479	0.00201198
3.8295	0.775479	0.00201197
3.8628	0.775479	0.00201197
3.8961	0.775479	0.00201197
3.9294	0.775479	0.00201197
3.9627	0.775479	0.00201197
3.996	0.775479	0.00201197
4.0293	0.775479	0.00201197
4.0626	0.775479	0.00201197
4.0959	0.775479	0.00201197
4.1292	0.775479	0.00201197
4.1625	0.775479	0.00201197
4.1958	0.775479	0.00201197
4.2291	0.775479	0.00201197
4.2624	0.775479	0.00201197
4.2957	0.775479	0.00201197
4.329	0.775479	0.00201197
4.3623	0.775479	0.00201197
4.3956	0.775479	0.00201197
4.4289	0.775479	0.00201197
4.4622	0.775479	0.00201197
4.4955	0.775479	0.00201197
4.5288	0.775479	0.00201197
4.5621	0.775479	0.00201197
4.5954	0.775479	0.00201197
4.6287	0.775479	0.00201197
4.662	0.775479	0.00201197
4.6953	0.775479	0.00201197
4.7286	0.77548	0.00201197
4.7619	0.77548	0.00201196
4.7952	0.77548	0.00201196
4.8285	0.77548	0.00201196
4.8618	0.77548	0.00201196
4.8951	0.77548	0.00201196
4.9284	0.77548	0.00201196
4.9617	0.77548	0.00201196
4.995	0.77548	0.00201196
5.0283	0.77548	0.00201196
5.0616	0.775481	0.00201196
5.0949	0.775481	0.00201196
5.1282	0.775481	0.00201196
5.1615	0.775481	0.00201196
5.1948	0.775481	0.00201195
5.2281	0.775481	0.00201195
5.2614	0.775481	0.00201195
5.2947	0.775482	0.00201195
5.328	0.775482	0.00201195
5.3613	0.775482	0.00201195
5.3946	0.775482	0.00201195
5.4279	0.775482	0.00201195
5.4612	0.775483	0.00201194
5.4945	0.775483	0.00201194
5.5278	0.775483	0.00201194
5.5611	0.775483	0.00201194
5.5944	0.775484	0.00201194
5.6277	0.775484	0.00201194
5.661	0.775484	0.00201193
5.6943	0.775485	0.00201193
5.7276	0.775485	0.00201193
5.7609	0.775485	0.00201193
5.7942	0.775486	0.00201192
5.8275	0.775486	0.00201192
5.8608	0.775486	0.00201192
5.8941	0.775487	0.00201192
5.9274	0.775487	0.00201191
5.9607	0.775488	0.00201191
5.994	0.775488	0.00201191
6.0273	0.775489	0.0020119
6.0606	0.775489	0.0020119
6.0939	0.77549	0.0020119
6.1272	0.775491	0.00201189
6.1605	0.775491	0.00201189
6.1938	0.775492	0.00201188
6.2271	0.775493	0.00201188
6.2604	0.775493	0.00201187
6.2937	0.775494	0.00201187
6.327	0.775495	0.00201186
6.3603	0.775496	0.00201186
6.3936	0.775497	0.00201185
6.4269	0.775498	0.00201185
6.4602	0.775499	0.00201184
6.4935	0.7755	0.00201183
6.5268	0.775501	0.00201183
6.5601	0.775502	0.00201182
6.5934	0.775503	0.00201181
6.6267	0.775505	0.0020118
6.66	0.775506	0.00201179
6.6933	0.775508	0.00201178
6.7266	0.775509	0.00201177
6.7599	0.775511	0.00201176
6.7932	0.775512	0.00201175
6.8265	0.775514	0.00201174
6.8598	0.775516	0.00201173
6.8931	0.775518	0.00201172
6.9264	0.77552	0.0020117
6.9597	0.775522	0.00201169
6.993	0.775524	0.00201168
7.0263	0.775527	0.00201166
7.0596	0.775529	0.00201164
7.0929	0.775532	0.00201163
7.1262	0.775534	0.00201161
7.1595	0.775537	0.00201159
7.1928	0.77554	0.00201157
7.2261	0.775544	0.00201155
7.2594	0.775547	0.00201153
7.2927	0.77555	0.00201151
7.326	0.775554	0.00201148
7.3593	0.775558	0.00201146
7.3926	0.775562	0.00201143
7.4259	0.775566	0.0020114
7.4592	0.775571	0.00201138
7.4925	0.775575	0.00201135
7.5258	0.77558	0.00201131
7.5591	0.775586	0.00201128
7.5924	0.775591	0.00201124
7.6257	0.775597	0.00201121
7.659	0.775603	0.00201117
7.6923	0.775609	0.00201113
7.7256	0.775616	0.00201108
7.7589	0.775623	0.00201104
7.7922	0.77563	0.00201099
7.8255	0.775638	0.00201094
7.8588	0.775646	0.00201089
7.8921	0.775655	0.00201083
7.9254	0.775664	0.00201078
7.9587	0.775673	0.00201071
7.992	0.775683	0.00201065
8.0253	0.775694	0.00201058
8.0586	0.775705	0.00201051
8.0919	0.775716	0.00201044
8.1252	0.775728	0.00201036
8.1585	0.775741	0.00201028
8.1918	0.775754	0.00201019
8.2251	0.775768	0.0020101
8.2584	0.775783	0.00201001
8.2917	0.775799	0.00200991
8.325	0.775815	0.0020098
8.3583	0.775832	0.00200969
8.3916	0.77585	0.00200957
8.4249	0.775869	0.00200945
8.4582	0.775889	0.00200932
8.4915	0.77591	0.00200919
8.5248	0.775932	0.00200905
8.5581	0.775955	0.0020089
8.5914	0.775979	0.00200874
8.6247	0.776004	0.00200858
8.658	0.776031	0.00200841
8.6913	0.776059	0.00200822
8.7246	0.776089	0.00200803
8.7579	0.77612	0.00200783
8.7912	0.776153	0.00200762
8.8245	0.776187	0.0020074
8.8578	0.776223	0.00200717
8.8911	0.776261	0.00200693
8.9244	0.776301	0.00200667
8.9577	0.776342	0.0020064
8.991	0.776386	0.00200612
9.0243	0.776433	0.00200582
9.0576	0.776481	0.00200551
9.0909	0.776532	0.00200518
9.1242	0.776586	0.00200484
9.1575	0.776642	0.00200448
9.1908	0.776701	0.0020041
9.2241	0.776763	0.0020037
9.2574	0.776829	0.00200328
9.2907	0.776897	0.00200284
9.324	0.776969	0.00200237
9.3573	0.777045	0.00200189
9.3906	0.777125	0.00200138
9.4239	0.777208	0.00200084
9.4572	0.777296	0.00200028
9.4905	0.777389	0.00199968
9.5238	0.777486	0.00199906
9.5571	0.777588	0.00199841
9.5904	0.777695	0.00199772
9.6237	0.777808	0.001997
9.657	0.777926	0.00199624
9.6903	0.778051	0.00199545
9.7236	0.778182	0.00199461
9.7569	0.778319	0.00199374
9.7902	0.778463	0.00199281
9.8235	0.778615	0.00199185
9.8568	0.778775	0.00199083
9.8901	0.778942	0.00198976
9.9234	0.779118	0.00198864
9.9567	0.779303	0.00198747
9.99	0.779498	0.00198623
10.0233	0.779702	0.00198494
10.0566	0.779917	0.00198357
10.0899	0.780142	0.00198214
10.1232	0.780379	0.00198064
10.1565	0.780629	0.00197907
10.1898	0.78089	0.00197741
10.2231	0.781165	0.00197568
10.2564	0.781454	0.00197385
10.2897	0.781758	0.00197194
10.323	0.782077	0.00196994
10.3563	0.782413	0.00196783
10.3896	0.782765	0.00196562
10.4229	0.783136	0.0019633
10.4562	0.783525	0.00196087
10.4895	0.783934	0.00195831
10.5228	0.784364	0.00195564
10.5561	0.784815	0.00195283
10.5894	0.78529	0.00194988
10.6227	0.785788	0.00194679
10.656	0.786312	0.00194355
10.6893	0.786863	0.00194016
10.7226	0.787442	0.00193659
10.7559	0.78805	0.00193286
10.7892	0.788688	0.00192895
10.8225	0.78936	0.00192485
10.8558	0.790065	0.00192055
10.8891	0.790807	0.00191605
10.9224	0.791585	0.00191133
10.9557	0.792404	0.00190639
10.989	0.793264	0.00190122
11.0223	0.794168	0.0018958
11.0556	0.795118	0.00189013
11.0889	0.796116	0.0018842
11.1222	0.797164	0.00187799
11.1555	0.798266	0.00187149
11.1888	0.799424	0.0018647
11.2221	0.800641	0.00185759
11.2554	0.801919	0.00185016
11.2887	0.803263	0.00184239
11.322	0.804674	0.00183428
11.3553	0.806158	0.0018258
11.3886	0.807716	0.00181695
11.4219	0.809354	0.0018077
11.4552	0.811075	0.00179805
11.4885	0.812883	0.00178799
11.5218	0.814782	0.00177749
11.5551	0.816779	0.00176654
11.5884	0.818876	0.00175514
11.6217	0.82108	0.00174325
11.655	0.823395	0.00173088
11.6883	0.825828	0.001718
11.7216	0.828384	0.0017046
11.7549	0.83107	0.00169066
11.7882	0.833892	0.00167618
11.8215	0.836856	0.00166114
11.8548	0.839971	0.00164552
11.8881	0.843243	0.00162932
11.9214	0.84668	0.00161252
11.9547	0.850291	0.00159511
11.988	0.854085	0.00157708
12.0213	0.85807	0.00155842
12.0546	0.862257	0.00153913
12.0879	0.866654	0.00151919
12.1212	0.871273	0.00149862
12.1545	0.876124	0.00147739
12.1878	0.88122	0.00145551
12.2211	0.886571	0.00143298
12.2544	0.892191	0.00140981
12.2877	0.898093	0.00138599
12.321	0.90429	0.00136154
12.3543	0.910798	0.00133647
12.3876	0.91763	0.00131079
12.4209	0.924803	0.00128451
12.4542	0.932333	0.00125767
12.4875	0.940238	0.00123026
12.5208	0.948534	0.00120234
12.5541	0.957241	0.00117391
12.5874	0.966377	0.00114502
12.6207	0.975963	0.00111571
12.654	0.986021	0.001086
12.6873	0.99657	0.00105595
12.7206	1.00764	0.00102499
12.7539	1.01928	0.000991356
12.7872	1.03158	0.000955062
12.8205	1.04463	0.000916274
12.8538	1.05851	0.000875183
12.8871	1.0733	0.000832008
12.9204	1.08911	0.000786998
12.9537	1.10602	0.000740432
12.987	1.12414	0.000692625
13.0203	1.14356	0.000643922
13.0536	1.16439	0.000594699
13.0869	1.18673	0.000545358
13.1202	1.21067	0.000496322
13.1535	1.23634	0.000448029
13.1868	1.26382	0.00040092
13.2201	1.29321	0.000355428
13.2534	1.3246	0.000311967
13.2867	1.35809	0.000270917
13.32	1.39374	0.000232611
13.3533	1.43164	0.000197322
13.3866	1.47185	0.000165252
13.4199	1.5144	0.000136526
13.4532	1.55935	0.000111182
13.4865	1.60672	8.91802e-05
13.5198	1.65654	7.03989e-05
13.5531	1.70881	5.46485e-05
13.5864	1.76353	4.16826e-05
13.6197	1.82072	3.12136e-05
13.653	1.88038	2.29294e-05
13.6863	1.9425	1.65102e-05
13.7196	2.00709	1.16431e-05
13.7529	2.07418	8.03506e-06
13.7862	2.14377	5.42194e-06
13.8195	2.2159	3.57443e-06
13.8528	2.29061	2.30027e-06
13.8861	2.36796	1.44378e-06
13.9194	2.44799	8.83059e-07
13.9527	2.53079	5.25847e-07
13.986	2.61643	3.04586e-07
14.0193	2.70499	1.71447e-07
14.0526	2.79656	9.36901e-08
14.0859	2.89124	4.96556e-08
14.1192	2.98913	2.54976e-08
14.1525	3.09034	1.26714e-08
14.1858	3.19498	6.08776e-09
14.2191	3.30316	2.82426e-09
14.2524	3.41501	1.26372e-09
14.2857	3.53064	5.44707e-10
14.319	3.65019	2.25888e-10
14.3523	3.77379	9.00059e-11
14.3856	3.90157	3.44121e-11
14.4189	4.03368	1.26068e-11
14.4522	4.17027	4.419e-12
14.4855	4.31148	1.47986e-12
14.5188	4.45746	4.7274e-13
14.5521	4.6084	1.43825e-13
14.5854	4.76444	4.16047e-14
14.6187	4.92577	1.14236e-14

# DK0 = 3.63798e-11	(data set 7)
0	0.78423	0.00204566
0.0333	0.783524	0.00204295
0.0666	0.782875	0.00204046
0.0999	0.78228	0.00203817
0.1332	0.781733	0.00203607
0.1665	0.78123	0.00203414
0.1998	0.780768	0.00203236
0.2331	0.780344	0.00203073
0.2664	0.779953	0.00202923
0.2997	0.779595	0.00202785
0.333	0.779265	0.00202658
0.3663	0.778962	0.00202541
0.3996	0.778683	0.00202434
0.4329	0.778427	0.00202335
0.4662	0.778191	0.00202244
0.4995	0.777975	0.00202161
0.5328	0.777775	0.00202084
0.5661	0.777592	0.00202013
0.5994	0.777423	0.00201948
0.6327	0.777268	0.00201888
0.666	0.777125	0.00201833
0.6993	0.776994	0.00201783
0.7326	0.776873	0.00201736
0.7659	0.776762	0.00201693
0.7992	0.776659	0.00201654
0.8325	0.776565	0.00201617
0.8658	0.776478	0.00201584
0.8991	0.776399	0.00201553
0.9324	0.776325	0.00201525
0.9657	0.776258	0.00201499
0.999	0.776196	0.00201475
1.0323	0.776139	0.00201453
1.0656	0.776086	0.00201432
1.0989	0.776038	0.00201414
1.1322	0.775993	0.00201396
1.1655	0.775952	0.00201381
1.1988	0.775914	0.00201366
1.2321	0.77588	0.00201353
1.2654	0.775848	0.0020134
1.2987	0.775818	0.00201329
1.332	0.775791	0.00201318
1.3653	0.775766	0.00201309
1.3986	0.775743	0.002013
1.4319	0.775722	0.00201292
1.4652	0.775703	0.00201284
1.4985	0.775685	0.00201277
1.5318	0.775668	0.00201271
1.5651	0.775653	0.00201265
1.5984	0.775639	0.0020126
1.6317	0.775626	0.00201255
1.665	0.775615	0.0020125
1.6983	0.775604	0.00201246
1.7316	0.775594	0.00201242
1.7649	0.775584	0.00201239
1.7982	0.775576	0.00201235
1.8315	0.775568	0.00201232
1.8648	0.775561	0.0020123
1.8981	0.775554	0.00201227
1.9314	0.775548	0.00201225
1.9647	0.775543	0.00201223
1.998	0.775538	0.00201221
2.0313	0.775533	0.00201219
2.0646	0.775528	0.00201217
2.0979	0.775524	0.00201215
2.1312	0.775521	0.00201214
2.1645	0.775517	0.00201213
2.1978	0.775514	0.00201212
2.2311	0.775511	0.0020121
2.2644	0.775509	0.00201209
2.2977	0.775506	0.00201208
2.331	0.775504	0.00201208
2.3643	0.775502	0.00201207
2.3976	0.7755	0.00201206
2.4309	0.775498	0.00201205
2.4642	0.775497	0.00201205
2.4975	0.775495	0.00201204
2.5308	0.775494	0.00201204
2.5641	0.775492	0.00201203
2.5974	0.775491	0.00201203
2.6307	0.77549	0.00201202
2.664	0.775489	0.00201202
2.6973	0.775488	0.00201202
2.7306	0.775488	0.00201201
2.7639	0.775487	0.00201201
2.7972	0.775486	0.00201201
2.8305	0.775485	0.002012
2.8638	0.775485	0.002012
2.8971	0.775484	0.002012
2.9304	0.775484	0.002012
2.9637	0.775483	0.002012
2.997	0.775483	0.00201199
3.0303	0.775482	0.00201199
3.0636	0.775482	0.00201199
3.0969	0.775482	0.00201199
3.1302	0.775481	0.00201199
3.1635	0.775481	0.00201199
3.1968	0.775481	0.00201199
3.2301	0.775481	0.00201199
3.2634	0.77548	0.00201198
3.2967	0.77548	0.00201198
3.33	0.77548	0.00201198
3.3633	0.77548	0.00201198
3.3966	0.77548	0.00201198
3.4299	0.77548	0.00201198
3.4632	0.775479	0.00201198
3.4965	0.775479	0.00201198
3.5298	0.775479	0.00201198
3.5631	0.775479	0.00201198
3.5964	0.775479	0.00201198
3.6297	0.775479	0.00201198
3.663	0.775479	0.00201198
3.6963	0.775479	0.00201198
3.7296	0.775479	0.00201198
3.7629	0.775479	0.00201198
3.7962	0.775479	0.00201198
3.8295	0.775479	0.00201198
3.8628	0.775478	0.00201198
3.8961	0.775478	0.00201198
3.9294	0.775478	0.00201198
3.9627	0.775478	0.00201198
3.996	0.775478	0.00201198
4.0293	0.775478	0.00201198
4.0626	0.775478	0.00201198
4.0959	0.775478	0.00201198
4.1292	0.775478	0.00201198
4.1625	0.775478	0.00201198
4.1958	0.775478	0.00201198
4.2291	0.775478	0.00201198
4.2624	0.775478	0.00201198
4.2957	0.775478	0.00201198
4.329	0.775478	0.00201198
4.3623	0.775478	0.00201198
4.3956	0.775478	0.00201198
4.4289	0.775478	0.00201198
4.4622	0.775478	0.00201197
4.4955	0.775478	0.00201197
4.5288	0.775478	0.00201197
4.5621	0.775478	0.00201197
4.5954	0.775478	0.00201197
4.6287	0.775478	0.00201197
4.662	0.775478	0.00201197
4.6953	0.775478	0.00201197
4.7286	0.775478	0.00201197
4.7619	0.775478	0.00201197
4.7952	0.775478	0.00201197
4.8285	0.775478	0.00201197
4.8618	0.775478	0.00201197
4.8951	0.775478	0.00201197
4.9284	0.775478	0.00201197
4.9617	0.775478	0.00201197
4.995	0.775478	0.00201197
5.0283	0.775478	0.00201197
5.0616	0.775478	0.00201197
5.0949	0.775478	0.00201197
5.1282	0.775478	0.00201197
5.1615	0.775478	0.00201197
5.1948	0.775478	0.00201197
5.2281	0.775478	0.00201197
5.2614	0.775478	0.00201197
5.2947	0.775478	0.00201197
5.328	0.775478	0.00201197
5.3613	0.775478	0.00201197
5.3946	0.775478	0.00201197
5.4279	0.775478	0.00201197
5.4612	0.775478	0.00201197
5.4945	0.775478	0.00201197
5.5278	0.775478	0.00201197
5.5611	0.775478	0.00201197
5.5944	0.775478	0.00201197
5.6277	0.775478	0.00201197
5.661	0.775479	0.00201197
5.6943	0.775479	0.00201197
5.7276	0.775479	0.00201197
5.7609	0.775479	0.00201197
5.7942	0.775479	0.00201197
5.8275	0.775479	0.00201197
5.8608	0.775479	0.00201197
5.8941	0.775479	0.00201197
5.9274	0.775479	0.00201197
5.9607	0.775479	0.00201197
5.994	0.775479	0.00201197
6.0273	0.775479	0.00201197
6.0606	0.775479	0.00201197
6.0939	0.775479	0.00201197
6.1272	0.775479	0.00201197
6.1605	0.775479	0.00201197
6.1938	0.775479	0.00201197
6.2271	0.775479	0.00201197
6.2604	0.775479	0.00201197
6.2937	0.775479	0.00201196
6.327	0.77548	0.00201196
6.3603	0.77548	0.00201196
6.3936	0.77548	0.00201196
6.4269	0.77548	0.00201196
6.4602	0.77548	0.00201196
6.4935	0.77548	0.00201196
6.5268	0.77548	0.00201196
6.5601	0.77548	0.00201196
6.5934	0.77548	0.00201196
6.6267	0.775481	0.00201196
6.66	0.775481	0.00201196
6.6933	0.775481	0.00201196
6.7266	0.775481	0.00201196
6.7599	0.775481	0.00201195
6.7932	0.775481	0.00201195
6.8265	0.775481	0.00201195
6.8598	0.775482	0.00201195
6.8931	0.775482	0.00201195
6.9264	0.775482	0.00201195
6.9597	0.775482	0.00201195
6.993	0.775482	0.00201195
7.0263	0.775483	0.00201194
7.0596	0.775483	0.00201194
7.0929	0.775483	0.00201194
7.1262	0.775483	0.00201194
7.1595	0.775484	0.00201194
7.1928	0.775484	0.00201194
7.2261	0.775484	0.00201193
7.2594	0.775485	0.00201193
7.2927	0.775485	0.00201193
7.326	0.775485	0.00201193
7.3593	0.775486	0.00201192
7.3926	0.775486	0.00201192
7.4259	0.775487	0.00201192
7.4592	0.775487	0.00201192
7.4925	0.775488	0.00201191
7.5258	0.775488	0.00201191
7.5591	0.775489	0.00201191
7.5924	0.775489	0.0020119
7.6257	0.77549	0.0020119
7.659	0.77549	0.0020119
7.6923	0.775491	0.00201189
7.7256	0.775492	0.00201189
7.7589	0.775492	0.00201188
7.7922	0.775493	0.00201188
7.8255	0.775494	0.00201187
7.8588	0.775494	0.00201187
7.8921	0.775495	0.00201186
7.9254	0.775496	0.00201186
7.9587	0.775497	0.00201185
7.992	0.775498	0.00201184
8.0253	0.775499	0.00201184
8.0586	0.7755	0.00201183
8.0919	0.775501	0.00201182
8.1252	0.775503	0.00201182
8.1585	0.775504	0.00201181
8.1918	0.775505	0.0020118
8.2251	0.775507	0.00201179
8.2584	0.775508	0.00201178
8.2917	0.77551	0.00201177
8.325	0.775511	0.00201176
8.3583	0.775513	0.00201175
8.3916	0.775515	0.00201174
8.4249	0.775516	0.00201173
8.4582	0.775518	0.00201171
8.4915	0.77552	0.0020117
8.5248	0.775523	0.00201169
8.5581	0.775525	0.00201167
8.5914	0.775527	0.00201166
8.6247	0.77553	0.00201164
8.658	0.775532	0.00201162
8.6913	0.775535	0.0020116
8.7246	0.775538	0.00201159
8.7579	0.775541	0.00201157
8.7912	0.775544	0.00201155
8.8245	0.775548	0.00201152
8.8578	0.775551	0.0020115
8.8911	0.775555	0.00201148
8.9244	0.775559	0.00201145
8.9577	0.775563	0.00201142
8.991	0.775567	0.0020114
9.0243	0.775572	0.00201137
9.0576	0.775577	0.00201134
9.0909	0.775582	0.0020113
9.1242	0.775587	0.00201127
9.1575	0.775593	0.00201123
9.1908	0.775599	0.0020112
9.2241	0.775605	0.00201116
9.2574	0.775611	0.00201112
9.2907	0.775618	0.00201107
9.324	0.775625	0.00201103
9.3573	0.775632	0.00201098
9.3906	0.77564	0.00201093
9.4239	0.775649	0.00201087
9.4572	0.775657	0.00201082
9.4905	0.775666	0.00201076
9.5238	0.775676	0.0020107
9.5571	0.775686	0.00201063
9.5904	0.775697	0.00201056
9.6237	0.775708	0.00201049
9.657	0.775719	0.00201042
9.6903	0.775732	0.00201034
9.7236	0.775745	0.00201025
9.7569	0.775758	0.00201017
9.7902	0.775772	0.00201007
9.8235	0.775787	0.00200998
9.8568	0.775803	0.00200988
9.8901	0.77582	0.00200977
9.9234	0.775837	0.00200966
9.9567	0.775855	0.00200954
9.99	0.775874	0.00200942
10.0233	0.775895	0.00200929
10.0566	0.775916	0.00200915
10.0899	0.775938	0.00200901
10.1232	0.775961	0.00200886
10.1565	0.775986	0.0020087
10.1898	0.776012	0.00200853
10.2231	0.776039	0.00200836
10.2564	0.776067	0.00200817
10.2897	0.776097	0.00200798
10.323	0.776129	0.00200778
10.3563	0.776162	0.00200756
10.3896	0.776197	0.00200734
10.4229	0.776233	0.00200711
10.4562	0.776272	0.00200686
10.4895	0.776312	0.0020066
10.5228	0.776354	0.00200633
10.5561	0.776399	0.00200604
10.5894	0.776446	0.00200574
10.6227	0.776495	0.00200542
10.656	0.776547	0.00200509
10.6893	0.776601	0.00200474
10.7226	0.776658	0.00200437
10.7559	0.776718	0.00200399
10.7892	0.776781	0.00200358
10.8225	0.776847	0.00200316
10.8558	0.776917	0.00200271
10.8891	0.77699	0.00200224
10.9224	0.777067	0.00200175
10.9557	0.777148	0.00200123
10.989	0.777232	0.00200069
11.0223	0.777322	0.00200012
11.0556	0.777415	0.00199952
11.0889	0.777514	0.00199888
11.1222	0.777617	0.00199822
11.1555	0.777726	0.00199753
11.1888	0.77784	0.0019968
11.2221	0.77796	0.00199603
11.2554	0.778086	0.00199522
11.2887	0.778219	0.00199438
11.322	0.778358	0.00199349
11.3553	0.778505	0.00199255
11.3886	0.778659	0.00199157
11.4219	0.77882	0.00199054
11.4552	0.77899	0.00198946
11.4885	0.779169	0.00198832
11.5218	0.779356	0.00198713
11.5551	0.779553	0.00198588
11.5884	0.77976	0.00198456
11.6217	0.779978	0.00198318
11.655	0.780207	0.00198174
11.6883	0.780447	0.00198021
11.7216	0.7807	0.00197862
11.7549	0.780965	0.00197694
11.7882	0.781244	0.00197518
11.8215	0.781537	0.00197333
11.8548	0.781845	0.0019714
11.8881	0.782169	0.00196936
11.9214	0.782509	0.00196723
11.9547	0.782866	0.00196499
11.988	0.783241	0.00196264
12.0213	0.783636	0.00196017
12.0546	0.784051	0.00195759
12.0879	0.784486	0.00195487
12.1212	0.784944	0.00195203
12.1545	0.785425	0.00194904
12.1878	0.785931	0.00194591
12.2211	0.786462	0.00194263
12.2544	0.78702	0.00193919
12.2877	0.787607	0.00193558
12.321	0.788223	0.0019318
12.3543	0.788871	0.00192783
12.3876	0.789551	0.00192368
12.4209	0.790267	0.00191933
12.4542	0.791018	0.00191477
12.4875	0.791808	0.00190999
12.5208	0.792638	0.00190499
12.5541	0.79351	0.00189975
12.5874	0.794426	0.00189426
12.6207	0.795389	0.00188852
12.654	0.796401	0.00188251
12.6873	0.797464	0.00187622
12.7206	0.798581	0.00186964
12.7539	0.799755	0.00186276
12.7872	0.800988	0.00185557
12.8205	0.802284	0.00184805
12.8538	0.803646	0.00184018
12.8871	0.805077	0.00183197
12.9204	0.806581	0.00182339
12.9537	0.808161	0.00181443
12.987	0.809821	0.00180507
13.0203	0.811566	0.00179531
13.0536	0.813399	0.00178513
13.0869	0.815325	0.00177451
13.1202	0.817349	0.00176344
13.1535	0.819475	0.0017519
13.1868	0.821709	0.00173988
13.2201	0.824056	0.00172737
13.2534	0.826523	0.00171434
13.2867	0.829114	0.0017008
13.32	0.831837	0.00168671
13.3533	0.834697	0.00167208
13.3866	0.837702	0.00165688
13.4199	0.84086	0.0016411
13.4532	0.844177	0.00162473
13.4865	0.847662	0.00160776
13.5198	0.851322	0.00159018
13.5531	0.855168	0.00157198
13.5864	0.859208	0.00155315
13.6197	0.863452	0.00153368
13.653	0.867909	0.00151357
13.6863	0.872591	0.00149281
13.7196	0.877509	0.0014714
13.7529	0.882674	0.00144934
13.7862	0.888098	0.00142663
13.8195	0.893795	0.00140328
13.8528	0.899777	0.00137929
13.8861	0.906059	0.00135467
13.9194	0.912655	0.00132943
13.9527	0.91958	0.00130358
13.986	0.92685	0.00127714
14.0193	0.934482	0.00125014
14.0526	0.942493	0.00122259
14.0859	0.950901	0.00119452
14.1192	0.959724	0.00116597
14.1525	0.968983	0.00113696
14.1858	0.978698	0.00110753
14.2191	0.988889	0.00107772
14.2524	0.999579	0.00104758
14.2857	1.0108	0.00101596
14.319	1.02262	0.000981575
14.3523	1.03512	0.000944573
14.3856	1.04838	0.000905128
14.4189	1.0625	0.000863437
14.4522	1.07757	0.000819728
14.4855	1.09367	0.000774258
14.5188	1.11091	0.000727316
14.5521	1.12938	0.000679226
14.5854	1.14918	0.00063034
14.6187	1.17041	0.000581042
14.652	1.19319	0.000531743
14.6853	1.2176	0.000482869
14.7186	1.24375	0.000434859
14.7519	1.27175	0.000388155
14.7852	1.30169	0.000343184
14.8185	1.33365	0.000300354
14.8518	1.36773	0.000260032
14.8851	1.404	0.000222537
14.9184	1.44253	0.000188121
14.9517	1.48338	0.000156967
14.985	1.5266	0.000129176
15.0183	1.57221	0.000104765
15.0516	1.62026	8.3669e-05
15.0849	1.67075	6.57478e-05
15.1182	1.7237	5.07944e-05
15.1515	1.77911	3.85494e-05
15.1848	1.83698	2.87167e-05
15.2181	1.89732	2.09805e-05
15.2514	1.96012	1.50214e-05
15.2847	2.0254	1.05308e-05
15.318	2.09318	7.22301e-06
15.3513	2.16347	4.84309e-06
15.3846	2.23631	3.17184e-06
15.4179	2.31174	2.02731e-06
15.4512	2.38983	1.26349e-06
15.4845	2.47062	7.6716e-07
15.5178	2.5542	4.53389e-07
15.5511	2.64063	2.6057e-07
15.5844	2.73001	1.45489e-07
15.6177	2.82244	7.88429e-08
15.651	2.91799	4.14267e-08
15.6843	3.01679	2.10828e-08
15.7176	3.11894	1.0381e-08
15.7509	3.22455	4.93993e-09
15.7842	3.33373	2.26922e-09
15.8175	3.44662	1.00504e-09
15.8508	3.56332	4.28657e-10
15.8841	3.68398	1.75832e-10
15.9174	3.80872	6.92743e-11
15.9507	3.93768	2.61784e-11
15.984	4.07102	9.47536e-12
16.0173	4.20886	3.28017e-12
16.0506	4.35138	1.0844e-12
16.0839	4.49872	3.41823e-13
16.1172	4.65105	1.02572e-13
16.1505	4.80854	2.92512e-14
16.1838	4.97136	7.91414e-15

# DK0 = 5.68434e-13	(data set 8)
0	0.78423	0.00204566
0.0333	0.783524	0.00204295
0.0666	0.782875	0.00204046
0.0999	0.78228	0.00203817
0.1332	0.781733	0.00203607
0.1665	0.78123	0.00203414
0.1998	0.780768	0.00203236
0.2331	0.780344	0.00203073
0.2664	0.779953	0.00202923
0.2997	0.779595	0.00202785
0.333	0.779265	0.00202658
0.3663	0.778962	0.00202541
0.3996	0.778683	0.00202434
0.4329	0.778427	0.00202335
0.4662	0.778191	0.00202244
0.4995	0.777975	0.00202161
0.5328	0.777775	0.00202084
0.5661	0.777592	0.00202013
0.5994	0.777423	0.00201948
0.6327	0.777268	0.00201888
0.666	0.777125	0.00201833
0.6993	0.776994	0.00201783
0.7326	0.776873	0.00201736
0.7659	0.776762	0.00201693
0.7992	0.776659	0.00201654
0.8325	0.776565	0.00201617
0.8658	0.776478	0.00201584
0.8991	0.776399	0.00201553
0.9324	0.776325	0.00201525
0.9657	0.776258	0.00201499
0.999	0.776196	0.00201475
1.0323	0.776139	0.00201453
1.0656	0.776086	0.00201432
1.0989	0.776038	0.00201414
1.1322	0.775993	0.00201396
1.1655	0.775952	0.00201381
1.1988	0.775914	0.00201366
1.2321	0.77588	0.00201353
1.2654	0.775848	0.0020134
1.2987	0.775818	0.00201329
1.332	0.775791	0.00201318
1.3653	0.775766	0.00201309
1.3986	0.775743	0.002013
1.4319	0.775722	0.00201292
1.4652	0.775703	0.00201284
1.4985	0.775685	0.00201277
1.5318	0.775668	0.00201271
1.5651	0.775653	0.00201265
1.5984	0.775639	0.0020126
1.6317	0.775626	0.00201255
1.665	0.775615	0.0020125
1.6983	0.775604	0.00201246
1.7316	0.775594	0.00201242
1.7649	0.775584	0.00201239
1.7982	0.775576	0.00201235
1.8315	0.775568	0.00201232
1.8648	0.775561	0.0020123
1.8981	0.775554	0.00201227
1.9314	0.775548	0.00201225
1.9647	0.775543	0.00201223
1.998	0.775538	0.00201221
2.0313	0.775533	0.00201219
2.0646	0.775528	0.00201217
2.0979	0.775524	0.00201215
2.1312	0.775521	0.00201214
2.1645	0.775517	0.00201213
2.1978	0.775514	0.00201212
2.2311	0.775511	0.0020121
2.2644	0.775509	0.00201209
2.2977	0.775506	0.00201208
2.331	0.775504	0.00201208
2.3643	0.775502	0.00201207
2.3976	0.7755	0.00201206
2.4309	0.775498	0.00201205
2.4642	0.775497	0.00201205
2.4975	0.775495	0.00201204
2.5308	0.775494	0.00201204
2.5641	0.775492	0.00201203
2.5974	0.775491	0.00201203
2.6307	0.77549	0.00201202
2.664	0.775489	0.00201202
2.6973	0.775488	0.00201202
2.7306	0.775488	0.00201201
2.7639	0.775487	0.00201201
2.7972	0.775486	0.00201201
2.8305	0.775485	0.002012
2.8638	0.775485	0.002012
2.8971	0.775484	0.002012
2.9304	0.775484	0.002012
2.9637	0.775483	0.002012
2.997	0.775483	0.00201199
3.0303	0.775482	0.00201199
3.0636	0.775482	0.00201199
3.0969	0.775482	0.00201199
3.1302	0.775481	0.00201199
3.1635	0.775481	0.00201199
3.1968	0.775481	0.00201199
3.2301	0.775481	0.00201199
3.2634	0.77548	0.00201199
3.2967	0.77548	0.00201198
3.33	0.77548	0.00201198
3.3633	0.77548	0.00201198
3.3966	0.77548	0.00201198
3.4299	0.77548	0.00201198
3.4632	0.775479	0.00201198
3.4965	0.775479	0.00201198
3.5298	0.775479	0.00201198
3.5631	0.775479	0.00201198
3.5964	0.775479	0.00201198
3.6297	0.775479	0.00201198
3.663	0.775479	0.00201198
3.6963	0.775479	0.00201198
3.7296	0.775479	0.00201198
3.7629	0.775479	0.00201198
3.7962	0.775479	0.00201198
3.8295	0.775479	0.00201198
3.8628	0.775478	0.00201198
3.8961	0.775478	0.00201198
3.9294	0.775478	0.00201198
3.9627	0.775478	0.00201198
3.996	0.775478	0.00201198
4.0293	0.775478	0.00201198
4.0626	0.775478	0.00201198
4.0959	0.775478	0.00201198
4.1292	0.775478	0.00201198
4.1625	0.775478	0.00201198
4.1958	0.775478	0.00201198
4.2291	0.775478	0.00201198
4.2624	0.775478	0.00201198
4.2957	0.775478	0.00201198
4.329	0.775478	0.00201198
4.3623	0.775478	0.00201198
4.3956	0.775478	0.00201198
4.4289	0.775478	0.00201198
4.4622	0.775478	0.00201198
4.4955	0.775478	0.00201198
4.5288	0.775478	0.00201198
4.5621	0.775478	0.00201198
4.5954	0.775478	0.00201198
4.6287	0.775478	0.00201198
4.662	0.775478	0.00201198
4.6953	0.775478	0.00201198
4.7286	0.775478	0.00201198
4.7619	0.775478	0.00201198
4.7952	0.775478	0.00201198
4.8285	0.775478	0.00201198
4.8618	0.775478	0.00201198
4.8951	0.775478	0.00201198
4.9284	0.775478	0.00201198
4.9617	0.775478	0.00201198
4.995	0.775478	0.00201198
5.0283	0.775478	0.00201198
5.0616	0.775478	0.00201198
5.0949	0.775478	0.00201198
5.1282	0.775478	0.00201198
5.1615	0.775478	0.00201198
5.1948	0.775478	0.00201198
5.2281	0.775478	0.00201198
5.2614	0.775478	0.00201198
5.2947	0.775478	0.00201198
5.328	0.775478	0.00201198
5.3613	0.775478	0.00201198
5.3946	0.775478	0.00201198
5.4279	0.775478	0.00201198
5.4612	0.775478	0.00201198
5.4945	0.775478	0.00201198
5.5278	0.775478	0.00201198
5.5611	0.775478	0.00201198
5.5944	0.775478	0.00201198
5.6277	0.775478	0.00201198
5.661	0.775478	0.00201198
5.6943	0.775478	0.00201198
5.7276	0.775478	0.00201198
5.7609	0.775478	0.00201198
5.7942	0.775478	0.00201198
5.8275	0.775478	0.00201198
5.8608	0.775478	0.00201198
5.8941	0.775478	0.00201198
5.9274	0.775478	0.00201198
5.9607	0.775478	0.00201198
5.994	0.775478	0.00201198

# DK0 = 8.88178e-15	(data set 9)
0	0.78423	0.00204566
0.0333	0.783524	0.00204295
0.0666	0.782875	0.00204046
0.0999	0.78228	0.00203817
0.1332	0.781733	0.00203607
0.1665	0.78123	0.00203414
0.1998	0.780768	0.00203236
0.2331	0.780344	0.00203073
0.2664	0.779953	0.00202923
0.2997	0.779595	0.00202785
0.333	0.779265	0.00202658
0.3663	0.778962	0.00202541
0.3996	0.778683	0.00202434
0.4329	0.778427	0.00202335
0.4662	0.778191	0.00202244
0.4995	0.777975	0.00202161
0.5328	0.777775	0.00202084
0.5661	0.777592	0.00202013
0.5994	0.777423	0.00201948
0.6327	0.777268	0.00201888
0.666	0.777125	0.00201833
0.6993	0.776994	0.00201783
0.7326	0.776873	0.00201736
0.7659	0.776762	0.00201693
0.7992	0.776659	0.00201654
0.8325	0.776565	0.00201617
0.8658	0.776478	0.00201584
0.8991	0.776399	0.00201553
0.9324	0.776325	0.00201525
0.9657	0.776258	0.00201499
0.999	0.776196	0.00201475
1.0323	0.776139	0.00201453
1.0656	0.776086	0.00201432
1.0989	0.776038	0.00201414
1.1322	0.775993	0.00201396
1.1655	0.775952	0.00201381
1.1988	0.775914	0.00201366
1.2321	0.77588	0.00201353
1.2654	0.775848	0.0020134
1.2987	0.775818	0.00201329
1.332	0.775791	0.00201318
1.3653	0.775766	0.00201309
1.3986	0.775743	0.002013
1.4319	0.775722	0.00201292
1.4652	0.775703	0.00201284
1.4985	0.775685	0.00201277
1.5318	0.775668	0.00201271
1.5651	0.775653	0.00201265
1.5984	0.775639	0.0020126
1.6317	0.775626	0.00201255
1.665	0.775615	0.0020125
1.6983	0.775604	0.00201246
1.7316	0.775594	0.00201242
1.7649	0.775584	0.00201239
1.7982	0.775576	0.00201235
1.8315	0.775568	0.00201232
1.8648	0.775561	0.0020123
1.8981	0.775554	0.00201227
1.9314	0.775548	0.00201225
1.9647	0.775543	0.00201223
1.998	0.775538	0.00201221
2.0313	0.775533	0.00201219
2.0646	0.775528	0.00201217
2.0979	0.775524	0.00201215
2.1312	0.775521	0.00201214
2.1645	0.775517	0.00201213
2.1978	0.775514	0.00201212
2.2311	0.775511	0.0020121
2.2644	0.775509	0.00201209
2.2977	0.775506	0.00201208
2.331	0.775504	0.00201208
2.3643	0.775502	0.00201207
2.3976	0.7755	0.00201206
2.4309	0.775498	0.00201205
2.4642	0.775497	0.00201205
2.4975	0.775495	0.00201204
2.5308	0.775494	0.00201204
2.5641	0.775492	0.00201203
2.5974	0.775491	0.00201203
2.6307	0.77549	0.00201202
2.664	0.775489	0.00201202
2.6973	0.775488	0.00201202
2.7306	0.775488	0.00201201
2.7639	0.775487	0.00201201
2.7972	0.775486	0.00201201
2.8305	0.775485	0.002012
2.8638	0.775485	0.002012
2.8971	0.775484	0.002012
2.9304	0.775484	0.002012
2.9637	0.775483	0.002012
2.997	0.775483	0.00201199
3.0303	0.775482	0.00201199
3.0636	0.775482	0.00201199
3.0969	0.775482	0.00201199
3.1302	0.775481	0.00201199
3.1635	0.775481	0.00201199
3.1968	0.775481	0.00201199
3.2301	0.775481	0.00201199
3.2634	0.77548	0.00201199
3.2967	0.77548	0.00201198
3.33	0.77548	0.00201198
3.3633	0.77548	0.00201198
3.3966	0.77548	0.00201198
3.4299	0.77548	0.00201198
3.4632	0.775479	0.00201198
3.4965	0.775479	0.00201198
3.5298	0.775479	0.00201198
3.5631	0.775479	0.00201198
3.5964	0.775479	0.00201198
3.6297	0.775479	0.00201198
3.663	0.775479	0.00201198
3.6963	0.775479	0.00201198
3.7296	0.775479	0.00201198
3.7629	0.775479	0.00201198
3.7962	0.775479	0.00201198
3.8295	0.775479	0.00201198
3.8628	0.775478	0.00201198
3.8961	0.775478	0.00201198
3.9294	0.775478	0.00201198
3.9627	0.775478	0.00201198
3.996	0.775478	0.00201198
4.0293	0.775478	0.00201198
4.0626	0.775478	0.00201198
4.0959	0.775478	0.00201198
4.1292	0.775478	0.00201198
4.1625	0.775478	0.00201198
4.1958	0.775478	0.00201198
4.2291	0.775478	0.00201198
4.2624	0.775478	0.00201198
4.2957	0.775478	0.00201198
4.329	0.775478	0.00201198
4.3623	0.775478	0.00201198
4.3956	0.775478	0.00201198
4.4289	0.775478	0.00201198
4.4622	0.775478	0.00201198
4.4955	0.775478	0.00201198
4.5288	0.775478	0.00201198
4.5621	0.775478	0.00201198
4.5954	0.775478	0.00201198
4.6287	0.775478	0.00201198
4.662	0.775478	0.00201198
4.6953	0.775478	0.00201198
4.7286	0.775478	0.00201198
4.7619	0.775478	0.00201198
4.7952	0.775478	0.00201198
4.8285	0.775478	0.00201198
4.8618	0.775478	0.00201198
4.8951	0.775478	0.00201198
4.9284	0.775478	0.00201198
4.9617	0.775478	0.00201198
4.995	0.775478	0.00201198
5.0283	0.775478	0.00201198
5.0616	0.775478	0.00201198
5.0949	0.775478	0.00201198
5.1282	0.775478	0.00201198
5.1615	0.775478	0.00201198
5.1948	0.775478	0.00201198
5.2281	0.775478	0.00201198
5.2614	0.775478	0.00201198
5.2947	0.775478	0.00201198
5.328	0.775478	0.00201198
5.3613	0.775478	0.00201198
5.3946	0.775478	0.00201198
5.4279	0.775478	0.00201198
5.4612	0.775478	0.00201198
5.4945	0.775478	0.00201198
5.5278	0.775478	0.00201198
5.5611	0.775478	0.00201198
5.5944	0.775478	0.00201198
5.6277	0.775478	0.00201198
5.661	0.775478	0.00201198
5.6943	0.775478	0.00201198
5.7276	0.775478	0.00201198
5.7609	0.775478	0.00201198
5.7942	0.775478	0.00201198
5.8275	0.775478	0.00201198
5.8608	0.775478	0.00201198
5.8941	0.775478	0.00201198
5.9274	0.775478	0.00201198
5.9607	0.775478	0.00201198
5.994	0.775478	0.00201198
6.0273	0.775478	0.00201198
6.0606	0.775478	0.00201198
6.0939	0.775478	0.00201198
6.1272	0.775478	0.00201198
6.1605	0.775478	0.00201198
6.1938	0.775478	0.00201198
6.2271	0.775478	0.00201198
6.2604	0.775478	0.00201198
6.2937	0.775478	0.00201198
6.327	0.775478	0.00201198
6.3603	0.775478	0.00201198
6.3936	0.775478	0.00201198
6.4269	0.775478	0.00201198
6.4602	0.775478	0.00201198
6.4935	0.775478	0.00201198
6.5268	0.775478	0.00201198
6.5601	0.775478	0.00201198
6.5934	0.775478	0.00201198
6.6267	0.775478	0.00201198
6.66	0.775478	0.00201198
6.6933	0.775478	0.00201198
6.7266	0.775478	0.00201198
6.7599	0.775478	0.00201198
6.7932	0.775478	0.00201198
6.8265	0.775478	0.00201198
6.8598	0.775478	0.00201198
6.8931	0.775478	0.00201198
6.9264	0.775478	0.00201198
6.9597	0.775478	0.00201198
6.993	0.775478	0.00201197
7.0263	0.775478	0.00201197
7.0596	0.775478	0.00201197
7.0929	0.775478	0.00201197
7.1262	0.775478	0.00201197
7.1595	0.775478	0.00201197
7.1928	0.775478	0.00201197
7.2261	0.775478	0.00201197
7.2594	0.775478	0.00201197
7.2927	0.775478	0.00201197
7.326	0.775478	0.00201197
7.3593	0.775478	0.00201197
7.3926	0.775478	0.00201197
7.4259	0.775478	0.00201197
7.4592	0.775478	0.00201197
7.4925	0.775478	0.00201197
7.5258	0.775478	0.00201197
7.5591	0.775478	0.00201197
7.5924	0.775478	0.00201197
7.6257	0.775478	0.00201197
7.659	0.775478	0.00201197
7.6923	0.775478	0.00201197
7.7256	0.775478	0.00201197
7.7589	0.775478	0.00201197
7.7922	0.775478	0.00201197
7.8255	0.775478	0.00201197
7.8588	0.775478	0.00201197
7.8921	0.775478	0.00201197
7.9254	0.775478	0.00201197
7.9587	0.775478	0.00201197
7.992	0.775478	0.00201197
8.0253	0.775478	0.00201197
8.0586	0.775478	0.00201197
8.0919	0.775478	0.00201197
8.1252	0.775478	0.00201197
8.1585	0.775478	0.00201197
8.1918	0.775478	0.00201197
8.2251	0.775478	0.00201197
8.2584	0.775478	0.00201197
8.2917	0.775478	0.00201197
8.325	0.775478	0.00201197
8.3583	0.775478	0.00201197
8.3916	0.775478	0.00201197
8.4249	0.775478	0.00201197
8.4582	0.775478	0.00201197
8.4915	0.775478	0.00201197
8.5248	0.775478	0.00201197
8.5581	0.775478	0.00201197
8.5914	0.775478	0.00201197
8.6247	0.775478	0.00201197
8.658	0.775478	0.00201197
8.6913	0.775478	0.00201197
8.7246	0.775478	0.00201197
8.7579	0.775478	0.00201197
8.7912	0.775478	0.00201197
8.8245	0.775478	0.00201197
8.8578	0.775478	0.00201197
8.8911	0.775478	0.00201197
8.9244	0.775478	0.00201197
8.9577	0.775478	0.00201197
8.991	0.775478	0.00201197
9.0243	0.775478	0.00201197
9.0576	0.775478	0.00201197
9.0909	0.775478	0.00201197
9.1242	0.775478	0.00201197
9.1575	0.775478	0.00201197
9.1908	0.775478	0.00201197
9.2241	0.775478	0.00201197
9.2574	0.775479	0.00201197
9.2907	0.775479	0.00201197
9.324	0.775479	0.00201197
9.3573	0.775479	0.00201197
9.3906	0.775479	0.00201197
9.4239	0.775479	0.00201197
9.4572	0.775479	0.00201197
9.4905	0.775479	0.00201197
9.5238	0.775479	0.00201197
9.5571	0.775479	0.00201197
9.5904	0.775479	0.00201197
9.6237	0.775479	0.00201197
9.657	0.775479	0.00201197
9.6903	0.775479	0.00201197
9.7236	0.775479	0.00201197
9.7569	0.775479	0.00201197
9.7902	0.775479	0.00201197
9.8235	0.775479	0.00201197
9.8568	0.775479	0.00201197
9.8901	0.775479	0.00201196
9.9234	0.77548	0.00201196
9.9567	0.77548	0.00201196
9.99	0.77548	0.00201196
10.0233	0.77548	0.00201196
10.0566	0.77548	0.00201196
10.0899	0.77548	0.00201196
10.1232	0.77548	0.00201196
10.1565	0.77548	0.00201196
10.1898	0.77548	0.00201196
10.2231	0.775481	0.00201196
10.2564	0.775481	0.00201196
10.2897	0.775481	0.00201196
10.323	0.775481	0.00201196
10.3563	0.775481	0.00201195
10.3896	0.775481	0.00201195
10.4229	0.775481	0.00201195
10.4562	0.775482	0.00201195
10.4895	0.775482	0.00201195
10.5228	0.775482	0.00201195
10.5561	0.775482	0.00201195
10.5894	0.775482	0.00201195
10.6227	0.775483	0.00201194
10.656	0.775483	0.00201194
10.6893	0.775483	0.00201194
10.7226	0.775483	0.00201194
10.7559	0.775484	0.00201194
10.7892	0.775484	0.00201194
10.8225	0.775484	0.00201193
10.8558	0.775485	0.00201193
10.8891	0.775485	0.00201193
10.9224	0.775485	0.00201193
10.9557	0.775486	0.00201192
10.989	0.775486	0.00201192
11.0223	0.775487	0.00201192
11.0556	0.775487	0.00201192
11.0889	0.775487	0.00201191
11.1222	0.775488	0.00201191
11.1555	0.775488	0.00201191
11.1888	0.775489	0.0020119
11.2221	0.775489	0.0020119
11.2554	0.77549	0.0020119
11.2887	0.775491	0.00201189
11.322	0.775491	0.00201189
11.3553	0.775492	0.00201188
11.3886	0.775493	0.00201188
11.4219	0.775494	0.00201187
11.4552	0.775494	0.00201187
11.4885	0.775495	0.00201186
11.5218	0.775496	0.00201186
11.5551	0.775497	0.00201185
11.5884	0.775498	0.00201185
11.6217	0.775499	0.00201184
11.655	0.7755	0.00201183
11.6883	0.775501	0.00201183
11.7216	0.775502	0.00201182
11.7549	0.775504	0.00201181
11.7882	0.775505	0.0020118
11.8215	0.775506	0.00201179
11.8548	0.775508	0.00201178
11.8881	0.775509	0.00201177
11.9214	0.775511	0.00201176
11.9547	0.775512	0.00201175
11.988	0.775514	0.00201174
12.0213	0.775516	0.00201173
12.0546	0.775518	0.00201172
12.0879	0.77552	0.0020117
12.1212	0.775522	0.00201169
12.1545	0.775524	0.00201167
12.1878	0.775527	0.00201166
12.2211	0.775529	0.00201164
12.2544	0.775532	0.00201163
12.2877	0.775535	0.00201161
12.321	0.775537	0.00201159
12.3543	0.775541	0.00201157
12.3876	0.775544	0.00201155
12.4209	0.775547	0.00201153
12.4542	0.775551	0.00201151
12.4875	0.775554	0.00201148
12.5208	0.775558	0.00201146
12.5541	0.775562	0.00201143
12.5874	0.775566	0.0020114
12.6207	0.775571	0.00201137
12.654	0.775576	0.00201134
12.6873	0.775581	0.00201131
12.7206	0.775586	0.00201128
12.7539	0.775591	0.00201124
12.7872	0.775597	0.0020112
12.8205	0.775603	0.00201117
12.8538	0.77561	0.00201112
12.8871	0.775616	0.00201108
12.9204	0.775623	0.00201104
12.9537	0.775631	0.00201099
12.987	0.775639	0.00201094
13.0203	0.775647	0.00201089
13.0536	0.775655	0.00201083
13.0869	0.775664	0.00201077
13.1202	0.775674	0.00201071
13.1535	0.775684	0.00201065
13.1868	0.775694	0.00201058
13.2201	0.775705	0.00201051
13.2534	0.775717	0.00201043
13.2867	0.775729	0.00201036
13.32	0.775742	0.00201027
13.3533	0.775755	0.00201019
13.3866	0.775769	0.0020101
13.4199	0.775784	0.00201
13.4532	0.775799	0.0020099
13.4865	0.775816	0.00200979
13.5198	0.775833	0.00200968
13.5531	0.775851	0.00200957
13.5864	0.77587	0.00200945
13.6197	0.77589	0.00200932
13.653	0.775911	0.00200918
13.6863	0.775933	0.00200904
13.7196	0.775956	0.00200889
13.7529	0.77598	0.00200873
13.7862	0.776006	0.00200857
13.8195	0.776033	0.0020084
13.8528	0.776061	0.00200822
13.8861	0.77609	0.00200802
13.9194	0.776122	0.00200782
13.9527	0.776154	0.00200761
13.986	0.776189	0.00200739
14.0193	0.776225	0.00200716
14.0526	0.776263	0.00200692
14.0859	0.776303	0.00200666
14.1192	0.776345	0.00200639
14.1525	0.776389	0.00200611
14.1858	0.776435	0.00200581
14.2191	0.776484	0.00200549
14.2524	0.776535	0.00200517
14.2857	0.776588	0.00200482
14.319	0.776645	0.00200446
14.3523	0.776704	0.00200408
14.3856	0.776767	0.00200368
14.4189	0.776832	0.00200326
14.4522	0.776901	0.00200281
14.4855	0.776973	0.00200235
14.5188	0.777049	0.00200186
14.5521	0.777129	0.00200135
14.5854	0.777213	0.00200081
14.6187	0.777301	0.00200025
14.652	0.777394	0.00199965
14.6853	0.777491	0.00199903
14.7186	0.777593	0.00199837
14.7519	0.777701	0.00199769
14.7852	0.777814	0.00199696
14.8185	0.777933	0.0019962
14.8518	0.778057	0.00199541
14.8851	0.778189	0.00199457
14.9184	0.778326	0.00199369
14.9517	0.778471	0.00199277
14.985	0.778623	0.0019918
15.0183	0.778783	0.00199078
15.0516	0.778951	0.00198971
15.0849	0.779128	0.00198858
15.1182	0.779313	0.00198741
15.1515	0.779508	0.00198617
15.1848	0.779713	0.00198487
15.2181	0.779928	0.0019835
15.2514	0.780154	0.00198207
15.2847	0.780392	0.00198056
15.318	0.780642	0.00197898
15.3513	0.780904	0.00197733
15.3846	0.78118	0.00197559
15.4179	0.78147	0.00197376
15.4512	0.781774	0.00197184
15.4845	0.782094	0.00196983
15.5178	0.782431	0.00196772
15.5511	0.782784	0.0019655
15.5844	0.783155	0.00196318
15.6177	0.783545	0.00196074
15.651	0.783955	0.00195818
15.6843	0.784386	0.00195549
15.7176	0.784839	0.00195268
15.7509	0.785315	0.00194973
15.7842	0.785815	0.00194663
15.8175	0.78634	0.00194338
15.8508	0.786892	0.00193998
15.8841	0.787472	0.00193641
15.9174	0.788082	0.00193266
15.9507	0.788722	0.00192874
15.984	0.789395	0.00192463
16.0173	0.790103	0.00192032
16.0506	0.790846	0.00191581
16.0839	0.791627	0.00191108
16.1172	0.792447	0.00190613
16.1505	0.79331	0.00190095
16.1838	0.794216	0.00189552
16.2171	0.795168	0.00188983
16.2504	0.796169	0.00188389
16.2837	0.79722	0.00187766
16.317	0.798325	0.00187115
16.3503	0.799485	0.00186434
16.3836	0.800705	0.00185721
16.4169	0.801987	0.00184977
16.4502	0.803334	0.00184198
16.4835	0.804749	0.00183385
16.5168	0.806236	0.00182535
16.5501	0.807799	0.00181648
16.5834	0.80944	0.00180721
16.6167	0.811166	0.00179755
16.65	0.812978	0.00178746
16.6833	0.814883	0.00177694
16.7166	0.816884	0.00176597
16.7499	0.818987	0.00175454
16.7832	0.821197	0.00174263
16.8165	0.823518	0.00173023
16.8498	0.825957	0.00171732
16.8831	0.82852	0.00170389
16.9164	0.831212	0.00168993
16.9497	0.834041	0.00167542
16.983	0.837013	0.00166035
17.0163	0.840136	0.0016447
17.0496	0.843416	0.00162847
17.0829	0.846862	0.00161163
17.1162	0.850483	0.00159419
17.1495	0.854286	0.00157613
17.1828	0.858281	0.00155744
17.2161	0.862478	0.00153812
17.2494	0.866887	0.00151815
17.2827	0.871517	0.00149754
17.316	0.876381	0.00147627
17.3493	0.881489	0.00145436
17.3826	0.886854	0.0014318
17.4159	0.892489	0.00140859
17.4492	0.898405	0.00138475
17.4825	0.904619	0.00136026
17.5158	0.911142	0.00133516
17.5491	0.917992	0.00130945
17.5824	0.925183	0.00128314
17.6157	0.932732	0.00125626
17.649	0.940656	0.00122884
17.6823	0.948973	0.00120088
17.7156	0.957701	0.00117243
17.7489	0.966861	0.00114352
17.7822	0.976471	0.00111418
17.8155	0.986553	0.00108446
17.8488	0.997128	0.00105439
17.8821	1.00822	0.00102332
17.9154	1.0199	0.000989547
17.9487	1.03224	0.00095312
17.982	1.04533	0.000914208
18.0153	1.05925	0.000873004
18.0486	1.07409	0.000829728
18.0819	1.08995	0.00078463
18.1152	1.10692	0.000737993
18.1485	1.12511	0.000690131
18.1818	1.1446	0.000641391
18.2151	1.1655	0.000592152
18.2484	1.18792	0.000542816
18.2817	1.21196	0.000493808
18.315	1.23771	0.000445566
18.3483	1.26528	0.000398529
18.3816	1.29478	0.000353132
18.4149	1.32628	0.000309787
18.4482	1.35987	0.000268871
18.4815	1.39564	0.000230714
18.5148	1.43366	0.000195587
18.5481	1.47399	0.000163688
18.5814	1.51666	0.000135135
18.6147	1.56174	0.000109966
18.648	1.60924	8.81336e-05
18.6813	1.65918	6.95139e-05
18.7146	1.71157	5.39136e-05
18.7479	1.76643	4.10839e-05
18.7812	1.82374	3.07354e-05
18.8145	1.88352	2.25553e-05
18.8478	1.94577	1.62237e-05
18.8811	2.01049	1.14285e-05
18.9144	2.0777	7.87799e-06
18.9477	2.14743	5.30968e-06
18.981	2.21969	3.49613e-06
19.0143	2.29454	2.24703e-06
19.0476	2.37202	1.40851e-06
19.0809	2.4522	8.6032e-07
19.1142	2.53514	5.11587e-07
19.1475	2.62092	2.95896e-07
19.1808	2.70964	1.66305e-07
19.2141	2.80137	9.07392e-08
19.2474	2.89621	4.80143e-08
19.2807	2.99427	2.46139e-08
19.314	3.09566	1.22112e-08
19.3473	3.20047	5.85628e-09
19.3806	3.30884	2.71189e-09
19.4139	3.42088	1.21113e-09
19.4472	3.53672	5.21018e-10
19.4805	3.65647	2.15626e-10
19.5138	3.78028	8.5737e-11
19.5471	3.90828	3.27089e-11
19.5804	4.04062	1.1956e-11
19.6137	4.17744	4.18118e-12
19.647	4.31889	1.39686e-12
19.6803	4.46513	4.45122e-13
19.7136	4.61632	1.35077e-13
19.7469	4.77263	3.89706e-14
19.7802	4.93424	1.06711e-14

# DK0 = 1.38778e-16	(data set 10)
0	0.78423	0.00204566
0.0333	0.783524	0.00204295
0.0666	0.782875	0.00204046
0.0999	0.78228	0.00203817
0.1332	0.781733	0.00203607
0.1665	0.78123	0.00203414
0.1998	0.780768	0.00203236
0.2331	0.780344	0.00203073
0.2664	0.779953	0.00202923
0.2997	0.779595	0.00202785
0.333	0.779265	0.00202658
0.3663	0.778962	0.00202541
0.3996	0.778683	0.00202434
0.4329	0.778427	0.00202335
0.4662	0.778191	0.00202244
0.4995	0.777975	0.00202161
0.5328	0.777775	0.00202084
0.5661	0.777592	0.00202013
0.5994	0.777423	0.00201948
0.6327	0.777268	0.00201888
0.666	0.777125	0.00201833
0.6993	0.776994	0.00201783
0.7326	0.776873	0.00201736
0.7659	0.776762	0.00201693
0.7992	0.776659	0.00201654
0.8325	0.776565	0.00201617
0.8658	0.776478	0.00201584
0.8991	0.776399	0.00201553
0.9324	0.776325	0.00201525
0.9657	0.776258	0.00201499
0.999	0.776196	0.00201475
1.0323	0.776139	0.00201453
1.0656	0.776086	0.00201432
1.0989	0.776038	0.00201414
1.1322	0.775993	0.00201396
1.1655	0.775952	0.00201381
1.1988	0.775914	0.00201366
1.2321	0.77588	0.00201353
1.2654	0.775848	0.0020134
1.2987	0.775818	0.00201329
1.332	0.775791	0.00201318
1.3653	0.775766	0.00201309
1.3986	0.775743	0.002013
1.4319	0.775722	0.00201292
1.4652	0.775703	0.00201284
1.4985	0.775685	0.00201277
1.5318	0.775668	0.00201271
1.5651	0.775653	0.00201265
1.5984	0.775639	0.0020126
1.6317	0.775626	0.00201255
1.665	0.775615	0.0020125
1.6983	0.775604	0.00201246
1.7316	0.775594	0.00201242
1.7649	0.775584	0.00201239
1.7982	0.775576	0.00201235
1.8315	0.775568	0.00201232
1.8648	0.775561	0.0020123
1.8981	0.775554	0.00201227
1.9314	0.775548	0.00201225
1.9647	0.775543	0.00201223
1.998	0.775538	0.00201221
2.0313	0.775533	0.00201219
2.0646	0.775528	0.00201217
2.0979	0.775524	0.00201215
2.1312	0.775521	0.00201214
2.1645	0.775517	0.00201213
2.1978	0.775514	0.00201212
2.2311	0.775511	0.0020121
2.2644	0.775509	0.00201209
2.2977	0.775506	0.00201208
2.331	0.775504	0.00201208
2.3643	0.775502	0.00201207
2.3976	0.7755	0.00201206
2.4309	0.775498	0.00201205
2.4642	0.775497	0.00201205
2.4975	0.775495	0.00201204
2.5308	0.775494	0.00201204
2.5641	0.775492	0.00201203
2.5974	0.775491	0.00201203
2.6307	0.77549	0.00201202
2.664	0.775489	0.00201202
2.6973	0.775488	0.00201202
2.7306	0.775488	0.00201201
2.7639	0.775487	0.00201201
2.7972	0.775486	0.00201201
2.8305	0.775485	0.002012
2.8638	0.775485	0.002012
2.8971	0.775484	0.002012
2.9304	0.775484	0.002012
2.9637	0.775483	0.002012
2.997	0.775483	0.00201199
3.0303	0.775482	0.00201199
3.0636	0.775482	0.00201199
3.0969	0.775482	0.00201199
3.1302	0.775481	0.00201199
3.1635	0.775481	0.00201199
3.1968	0.775481	0.00201199
3.2301	0.775481	0.00201199
3.2634	0.77548	0.00201199
3.2967	0.77548	0.00201198
3.33	0.77548	0.00201198
3.3633	0.77548	0.00201198
3.3966	0.77548	0.00201198
3.4299	0.77548	0.00201198
3.4632	0.775479	0.00201198
3.4965	0.775479	0.00201198
3.5298	0.775479	0.00201198
3.5631	0.775479	0.00201198
3.5964	0.775479	0.00201198
3.6297	0.775479	0.00201198
3.663	0.775479	0.00201198
3.6963	0.775479	0.00201198
3.7296	0.775479	0.00201198
3.7629	0.775479	0.00201198
3.7962	0.775479	0.00201198
3.8295	0.775479	0.00201198
3.8628	0.775478	0.00201198
3.8961	0.775478	0.00201198
3.9294	0.775478	0.00201198
3.9627	0.775478	0.00201198
3.996	0.775478	0.00201198
4.0293	0.775478	0.00201198
4.0626	0.775478	0.00201198
4.0959	0.775478	0.00201198
4.1292	0.775478	0.00201198
4.1625	0.775478	0.00201198
4.1958	0.775478	0.00201198
4.2291	0.775478	0.00201198
4.2624	0.775478	0.00201198
4.2957	0.775478	0.00201198
4.329	0.775478	0.00201198
4.3623	0.775478	0.00201198
4.3956	0.775478	0.00201198
4.4289	0.775478	0.00201198
4.4622	0.775478	0.00201198
4.4955	0.775478	0.00201198
4.5288	0.775478	0.00201198
4.5621	0.775478	0.00201198
4.5954	0.775478	0.00201198
4.6287	0.775478	0.00201198
4.662	0.775478	0.00201198
4.6953	0.775478	0.00201198
4.7286	0.775478	0.00201198
4.7619	0.775478	0.00201198
4.7952	0.775478	0.00201198
4.8285	0.775478	0.00201198
4.8618	0.775478	0.00201198
4.8951	0.775478	0.00201198
4.9284	0.775478	0.00201198
4.9617	0.775478	0.00201198
4.995	0.775478	0.00201198
5.0283	0.775478	0.00201198
5.0616	0.775478	0.00201198
5.0949	0.775478	0.00201198
5.1282	0.775478	0.00201198
5.1615	0.775478	0.00201198
5.1948	0.775478	0.00201198
5.2281	0.775478	0.00201198
5.2614	0.775478	0.00201198
5.2947	0.775478	0.00201198
5.328	0.775478	0.00201198
5.3613	0.775478	0.00201198
5.3946	0.775478	0.00201198
5.4279	0.775478	0.00201198
5.4612	0.775478	0.00201198
5.4945	0.775478	0.00201198
5.5278	0.775478	0.00201198
5.5611	0.775478	0.00201198
5.5944	0.775478	0.00201198
5.6277	0.775478	0.00201198
5.661	0.775478	0.00201198
5.6943	0.775478	0.00201198
5.7276	0.775478	0.00201198
5.7609	0.775478	0.00201198
5.7942	0.775478	0.00201198
5.8275	0.775478	0.00201198
5.8608	0.775478	0.00201198
5.8941	0.775478	0.00201198
5.9274	0.775478	0.00201198
5.9607	0.775478	0.00201198
5.994	0.775478	0.00201198
6.0273	0.775478	0.00201198
6.0606	0.775478	0.00201198
6.0939	0.775478	0.00201198
6.1272	0.775478	0.00201198
6.1605	0.775478	0.00201198
6.1938	0.775478	0.00201198
6.2271	0.775478	0.00201198
6.2604	0.775478	0.00201198
6.2937	0.775478	0.00201198
6.327	0.775478	0.00201198
6.3603	0.775478	0.00201198
6.3936	0.775478	0.00201198
6.4269	0.775478	0.00201198
6.4602	0.775478	0.00201198
6.4935	0.775478	0.00201198
6.5268	0.775478	0.00201198
6.5601	0.775478	0.00201198
6.5934	0.775478	0.00201198
6.6267	0.775478	0.00201198
6.66	0.775478	0.00201198
6.6933	0.775478	0.00201198
6.7266	0.775478	0.00201198
6.7599	0.775478	0.00201198
6.7932	0.775478	0.00201198
6.8265	0.775478	0.00201198
6.8598	0.775478	0.00201198
6.8931	0.775478	0.00201198
6.9264	0.775478	0.00201198
6.9597	0.775478	0.00201198
6.993	0.775478	0.00201197
7.0263	0.775478	0.00201197
7.0596	0.775478	0.00201197
7.0929	0.775478	0.00201197
7.1262	0.775478	0.00201197
7.1595	0.775478	0.00201197
7.1928	0.775478	0.00201197
7.2261	0.775478	0.00201197
7.2594	0.775478	0.00201197
7.2927	0.775478	0.00201197
7.326	0.775478	0.00201197
7.3593	0.775478	0.00201197
7.3926	0.775478	0.00201197
7.4259	0.775478	0.00201197
7.4592	0.775478	0.00201197
7.4925	0.775478	0.00201197
7.5258	0.775478	0.00201197
7.5591	0.775478	0.00201197
7.5924	0.775478	0.00201197
7.6257	0.775478	0.00201197
7.659	0.775478	0.00201197
7.6923	0.775478	0.00201197
7.7256	0.775478	0.00201197
7.7589	0.775478	0.00201197
7.7922	0.775478	0.00201197
7.8255	0.775478	0.00201197
7.8588	0.775478	0.00201197
7.8921	0.775478	0.00201197
7.9254	0.775478	0.00201197
7.9587	0.775478	0.00201197
7.992	0.775478	0.00201197
8.0253	0.775478	0.00201197
8.0586	0.775478	0.00201197
8.0919	0.775478	0.00201197
8.1252	0.775478	0.00201197
8.1585	0.775478	0.00201197
8.1918	0.775478	0.00201197
8.2251	0.775478	0.00201197
8.2584	0.775478	0.00201197
8.2917	0.775478	0.00201197
8.325	0.775478	0.00201197
8.3583	0.775478	0.00201197
8.3916	0.775478	0.00201197
8.4249	0.775478	0.00201197
8.4582	0.775478	0.00201197
8.4915	0.775478	0.00201197
8.5248	0.775478	0.00201197
8.5581	0.775478	0.00201197
8.5914	0.775478	0.00201197
8.6247	0.775478	0.00201197
8.658	0.775478	0.00201197
8.6913	0.775478	0.00201197
8.7246	0.775478	0.00201197
8.7579	0.775478	0.00201197
8.7912	0.775478	0.00201197
8.8245	0.775478	0.00201197
8.8578	0.775478	0.00201197
8.8911	0.775478	0.00201197
8.9244	0.775478	0.00201197
8.9577	0.775478	0.00201197
8.991	0.775478	0.00201197
9.0243	0.775478	0.00201197
9.0576	0.775478	0.00201197
9.0909	0.775478	0.00201197
9.1242	0.775478	0.00201197
9.1575	0.775478	0.00201197
9.1908	0.775478	0.00201197
9.2241	0.775478	0.00201197
9.2574	0.775478	0.00201197
9.2907	0.775479	0.00201197
9.324	0.775479	0.00201197
9.3573	0.775479	0.00201197
9.3906	0.775479	0.00201197
9.4239	0.775479	0.00201197
9.4572	0.775479	0.00201197
9.4905	0.775479	0.00201197
9.5238	0.775479	0.00201197
9.5571	0.775479	0.00201197
9.5904	0.775479	0.00201197
9.6237	0.775479	0.00201197
9.657	0.775479	0.00201197
9.6903	0.775479	0.00201197
9.7236	0.775479	0.00201197
9.7569	0.775479	0.00201197
9.7902	0.775479	0.00201197
9.8235	0.775479	0.00201197
9.8568	0.775479	0.00201197
9.8901	0.775479	0.00201197
9.9234	0.77548	0.00201196
9.9567	0.77548	0.00201196
9.99	0.77548	0.00201196
10.0233	0.77548	0.00201196
10.0566	0.77548	0.00201196
10.0899	0.77548	0.00201196
10.1232	0.77548	0.00201196
10.1565	0.77548	0.00201196
10.1898	0.77548	0.00201196
10.2231	0.77548	0.00201196
10.2564	0.775481	0.00201196
10.2897	0.775481	0.00201196
10.323	0.775481	0.00201196
10.3563	0.775481	0.00201196
10.3896	0.775481	0.00201195
10.4229	0.775481	0.00201195
10.4562	0.775481	0.00201195
10.4895	0.775482	0.00201195
10.5228	0.775482	0.00201195
10.5561	0.775482	0.00201195
10.5894	0.775482	0.00201195
10.6227	0.775482	0.00201195
10.656	0.775483	0.00201194
10.6893	0.775483	0.00201194
10.7226	0.775483	0.00201194
10.7559	0.775483	0.00201194
10.7892	0.775484	0.00201194
10.8225	0.775484	0.00201194
10.8558	0.775484	0.00201193
10.8891	0.775485	0.00201193
10.9224	0.775485	0.00201193
10.9557	0.775485	0.00201193
10.989	0.775486	0.00201192
11.0223	0.775486	0.00201192
11.0556	0.775487	0.00201192
11.0889	0.775487	0.00201192
11.1222	0.775488	0.00201191
11.1555	0.775488	0.00201191
11.1888	0.775489	0.00201191
11.2221	0.775489	0.0020119
11.2554	0.77549	0.0020119
11.2887	0.77549	0.0020119
11.322	0.775491	0.00201189
11.3553	0.775492	0.00201189
11.3886	0.775492	0.00201188
11.4219	0.775493	0.00201188
11.4552	0.775494	0.00201187
11.4885	0.775495	0.00201187
11.5218	0.775495	0.00201186
11.5551	0.775496	0.00201186
11.5884	0.775497	0.00201185
11.6217	0.775498	0.00201184
11.655	0.775499	0.00201184
11.6883	0.7755	0.00201183
11.7216	0.775501	0.00201182
11.7549	0.775503	0.00201182
11.7882	0.775504	0.00201181
11.8215	0.775505	0.0020118
11.8548	0.775507	0.00201179
11.8881	0.775508	0.00201178
11.9214	0.77551	0.00201177
11.9547	0.775511	0.00201176
11.988	0.775513	0.00201175
12.0213	0.775515	0.00201174
12.0546	0.775517	0.00201173
12.0879	0.775519	0.00201171
12.1212	0.775521	0.0020117
12.1545	0.775523	0.00201169
12.1878	0.775525	0.00201167
12.2211	0.775527	0.00201165
12.2544	0.77553	0.00201164
12.2877	0.775533	0.00201162
12.321	0.775535	0.0020116
12.3543	0.775538	0.00201158
12.3876	0.775541	0.00201156
12.4209	0.775545	0.00201154
12.4542	0.775548	0.00201152
12.4875	0.775552	0.0020115
12.5208	0.775555	0.00201147
12.5541	0.775559	0.00201145
12.5874	0.775563	0.00201142
12.6207	0.775568	0.00201139
12.654	0.775572	0.00201136
12.6873	0.775577	0.00201133
12.7206	0.775582	0.0020113
12.7539	0.775588	0.00201127
12.7872	0.775593	0.00201123
12.8205	0.775599	0.00201119
12.8538	0.775605	0.00201115
12.8871	0.775612	0.00201111
12.9204	0.775618	0.00201107
12.9537	0.775626	0.00201102
12.987	0.775633	0.00201097
13.0203	0.775641	0.00201092
13.0536	0.775649	0.00201087
13.0869	0.775658	0.00201081
13.1202	0.775667	0.00201075
13.1535	0.775677	0.00201069
13.1868	0.775687	0.00201063
13.2201	0.775697	0.00201056
13.2534	0.775709	0.00201049
13.2867	0.77572	0.00201041
13.32	0.775733	0.00201033
13.3533	0.775746	0.00201025
13.3866	0.775759	0.00201016
13.4199	0.775773	0.00201007
13.4532	0.775788	0.00200997
13.4865	0.775804	0.00200987
13.5198	0.775821	0.00200976
13.5531	0.775838	0.00200965
13.5864	0.775857	0.00200953
13.6197	0.775876	0.00200941
13.653	0.775896	0.00200928
13.6863	0.775917	0.00200914
13.7196	0.77594	0.002009
13.7529	0.775963	0.00200884
13.7862	0.775988	0.00200869
13.8195	0.776014	0.00200852
13.8528	0.776041	0.00200834
13.8861	0.77607	0.00200816
13.9194	0.7761	0.00200797
13.9527	0.776131	0.00200776
13.986	0.776164	0.00200755
14.0193	0.776199	0.00200732
14.0526	0.776236	0.00200709
14.0859	0.776275	0.00200684
14.1192	0.776315	0.00200658
14.1525	0.776358	0.0020063
14.1858	0.776402	0.00200602
14.2191	0.776449	0.00200571
14.2524	0.776499	0.0020054
14.2857	0.776551	0.00200506
14.319	0.776605	0.00200471
14.3523	0.776662	0.00200435
14.3856	0.776723	0.00200396
14.4189	0.776786	0.00200355
14.4522	0.776852	0.00200313
14.4855	0.776922	0.00200268
14.5188	0.776996	0.00200221
14.5521	0.777073	0.00200171
14.5854	0.777154	0.00200119
14.6187	0.777239	0.00200064
14.652	0.777329	0.00200007
14.6853	0.777423	0.00199947
14.7186	0.777521	0.00199884
14.7519	0.777625	0.00199817
14.7852	0.777734	0.00199747
14.8185	0.777849	0.00199674
14.8518	0.77797	0.00199597
14.8851	0.778096	0.00199516
14.9184	0.778229	0.00199431
14.9517	0.778369	0.00199342
14.985	0.778516	0.00199248
15.0183	0.778671	0.00199149
15.0516	0.778833	0.00199046
15.0849	0.779003	0.00198938
15.1182	0.779182	0.00198824
15.1515	0.779371	0.00198704
15.1848	0.779569	0.00198578
15.2181	0.779777	0.00198446
15.2514	0.779995	0.00198308
15.2847	0.780225	0.00198162
15.318	0.780466	0.0019801
15.3513	0.780719	0.00197849
15.3846	0.780986	0.00197681
15.4179	0.781266	0.00197504
15.4512	0.78156	0.00197319
15.4845	0.781869	0.00197125
15.5178	0.782194	0.0019692
15.5511	0.782535	0.00196706
15.5844	0.782894	0.00196481
15.6177	0.783271	0.00196246
15.651	0.783667	0.00195998
15.6843	0.784083	0.00195738
15.7176	0.78452	0.00195466
15.7509	0.78498	0.0019518
15.7842	0.785463	0.00194881
15.8175	0.78597	0.00194567
15.8508	0.786503	0.00194237
15.8841	0.787064	0.00193892
15.9174	0.787652	0.0019353
15.9507	0.788271	0.0019315
15.984	0.788921	0.00192753
16.0173	0.789604	0.00192336
16.0506	0.790322	0.00191899
16.0839	0.791077	0.00191441
16.1172	0.791869	0.00190962
16.1505	0.792702	0.0019046
16.1838	0.793578	0.00189934
16.2171	0.794497	0.00189384
16.2504	0.795464	0.00188807
16.2837	0.796479	0.00188204
16.317	0.797546	0.00187573
16.3503	0.798668	0.00186913
16.3836	0.799846	0.00186223
16.4169	0.801084	0.00185501
16.4502	0.802385	0.00184746
16.4835	0.803752	0.00183957
16.5168	0.805189	0.00183133
16.5501	0.806698	0.00182272
16.5834	0.808284	0.00181373
16.6167	0.80995	0.00180435
16.65	0.811702	0.00179456
16.6833	0.813541	0.00178434
16.7166	0.815475	0.00177368
16.7499	0.817506	0.00176258
16.7832	0.81964	0.001751
16.8165	0.821883	0.00173895
16.8498	0.824239	0.0017264
16.8831	0.826715	0.00171334
16.9164	0.829316	0.00169975
16.9497	0.832049	0.00168562
16.983	0.83492	0.00167095
17.0163	0.837936	0.0016557
17.0496	0.841105	0.00163988
17.0829	0.844435	0.00162347
17.1162	0.847933	0.00160645
17.1495	0.851607	0.00158882
17.1828	0.855467	0.00157057
17.2161	0.859522	0.00155169
17.2494	0.863782	0.00153218
17.2827	0.868256	0.00151202
17.316	0.872955	0.00149121
17.3493	0.877892	0.00146975
17.3826	0.883076	0.00144764
17.4159	0.88852	0.00142489
17.4492	0.894238	0.00140149
17.4825	0.900243	0.00137745
17.5158	0.906548	0.00135278
17.5491	0.913168	0.00132749
17.5824	0.920119	0.0013016
17.6157	0.927416	0.00127512
17.649	0.935076	0.00124807
17.6823	0.943116	0.00122048
17.7156	0.951555	0.00119237
17.7489	0.960411	0.00116378
17.7822	0.969703	0.00113474
17.8155	0.979453	0.00110528
17.8488	0.989681	0.00107545
17.8821	1.00041	0.00104528
17.9154	1.01167	0.00101345
17.9487	1.02354	0.000978861
17.982	1.03609	0.000941667
18.0153	1.04942	0.000902045
18.0486	1.06361	0.000860193
18.0819	1.07875	0.000816341
18.1152	1.09494	0.000770749
18.1485	1.11226	0.000723708
18.1818	1.13083	0.000675544
18.2151	1.15074	0.000626614
18.2484	1.17208	0.000577301
18.2817	1.19498	0.000528019
18.315	1.21952	0.000479195
18.3483	1.24581	0.000431269
18.3816	1.27395	0.000384681
18.4149	1.30404	0.000339859
18.4482	1.33616	0.000297207
18.4815	1.3704	0.000257089
18.5148	1.40684	0.000219818
18.5481	1.44555	0.000185644
18.5814	1.48657	0.000154743
18.6147	1.52997	0.000127208
18.648	1.57577	0.000103051
18.6813	1.624	8.2202e-05
18.7146	1.67468	6.45138e-05
18.7479	1.72781	4.97753e-05
18.7812	1.78341	3.77238e-05
18.8145	1.84147	2.80611e-05
18.8478	1.90199	2.04707e-05
18.8811	1.96498	1.46334e-05
18.9144	2.03045	1.02421e-05
18.9477	2.09841	7.01315e-06
18.981	2.1689	4.69414e-06
19.0143	2.24193	3.06871e-06
19.0476	2.31757	1.9577e-06
19.0809	2.39585	1.21774e-06
19.1142	2.47685	7.37893e-07
19.1475	2.56064	4.35184e-07
19.1808	2.6473	2.49569e-07
19.2141	2.73691	1.39036e-07
19.2474	2.82957	7.51726e-08
19.2807	2.92537	3.94042e-08
19.314	3.02442	2.00042e-08
19.3473	3.12682	9.82479e-09
19.3806	3.2327	4.66297e-09
19.4139	3.34216	2.13617e-09
19.4472	3.45532	9.43457e-10
19.4805	3.57232	4.01221e-10
19.5138	3.69328	1.64083e-10
19.5471	3.81834	6.44448e-11
19.5804	3.94763	2.42752e-11
19.6137	4.0813	8.75732e-12
19.647	4.2195	3.0212e-12
19.6803	4.36237	9.95246e-13
19.7136	4.51009	3.12569e-13
19.7469	4.6628	9.34375e-14
19.7802	4.82068	2.65419e-14
19.8135	4.98392	7.15203e-15

