# Filename: 3Dvlt_constT_0.100_Cc0.40_lmax10_dl0.001_Op1.dat
# Source: 3Dvlt_constT.c
# Source version: 9 (2011 Sep 02 - ...)
# Constant values: PI= 3.141592653589793116, PISQ=9.8696044010893579923, PICU=31.0062766802998162063, B=41.3417022403997549418, THETA=0.6
# Parameter values: N=3, Tfrac=0.1, tempv=0.9, Cc=0.4, K0c=0.575343, lmax=10, lsteps=10000, (dl=0.001), lpts=10001, ldatamax=1000, a0=1, a03=1, a06=1
# Option values: Op=1
T/Tc	1-T/Tc	l	K	y	e	K/K0	Kr/K0	G
0.1	0.9	0	5.75343	1.36643e-10	0	1	1	1.36643e-10
0.1	0.9	0.01	5.81126	8.1997e-11	-3.31997e-12	1.01005	1	7.72219e-11
0.1	0.9	0.02	5.86966	4.89235e-11	-5.24831e-12	1.0202	1	4.33912e-11
0.1	0.9	0.03	5.92865	2.90216e-11	-6.36192e-12	1.03045	1	2.42408e-11
0.1	0.9	0.04	5.98824	1.71152e-11	-7.0013e-12	1.04081	1	1.34633e-11
0.1	0.9	0.05	6.04842	1.00341e-11	-7.36625e-12	1.05127	1	7.43344e-12
0.1	0.9	0.06	6.10921	5.84765e-12	-7.57332e-12	1.06184	1	4.07976e-12
0.1	0.9	0.07	6.17061	3.38739e-12	-7.69011e-12	1.07251	1	2.22567e-12
0.1	0.9	0.08	6.23262	1.95031e-12	-7.75559e-12	1.08329	1	1.20682e-12
0.1	0.9	0.09	6.29526	1.11602e-12	-7.79207e-12	1.09417	1	6.50359e-13
0.1	0.9	0.1	6.35853	6.34661e-13	-7.81227e-12	1.10517	1	3.48309e-13
0.1	0.9	0.11	6.42243	3.58662e-13	-7.82339e-12	1.11628	1	1.85375e-13
0.1	0.9	0.12	6.48698	2.01408e-13	-7.82947e-12	1.1275	1	9.80357e-14
0.1	0.9	0.13	6.55217	1.12379e-13	-7.83277e-12	1.13883	1	5.15154e-14
0.1	0.9	0.14	6.61802	6.23001e-14	-7.83456e-12	1.15027	1	2.68956e-14
0.1	0.9	0.15	6.68454	3.43126e-14	-7.83551e-12	1.16183	1	1.39505e-14
0.1	0.9	0.16	6.75172	1.87739e-14	-7.83602e-12	1.17351	1	7.18839e-15
0.1	0.9	0.17	6.81957	1.02038e-14	-7.83629e-12	1.1853	1	3.67942e-15
0.1	0.9	0.18	6.88811	5.50862e-15	-7.83643e-12	1.19722	1	1.8707e-15
0.1	0.9	0.19	6.95734	2.95375e-15	-7.83651e-12	1.20925	1	9.44665e-16
0.1	0.9	0.2	7.02726	1.57297e-15	-7.83655e-12	1.2214	1	4.73771e-16
0.1	0.9	0.21	7.09789	8.31874e-16	-7.83657e-12	1.23368	1	2.35965e-16
0.1	0.9	0.22	7.16922	4.36869e-16	-7.83658e-12	1.24608	1	1.16703e-16
0.1	0.9	0.23	7.24127	2.2781e-16	-7.83658e-12	1.2586	1	5.7312e-17
0.1	0.9	0.24	7.31405	1.17948e-16	-7.83658e-12	1.27125	1	2.79451e-17
0.1	0.9	0.25	7.38756	6.06277e-17	-7.83659e-12	1.28403	1	1.35279e-17
0.1	0.9	0.26	7.4618	3.09376e-17	-7.83659e-12	1.29693	1	6.5011e-18
0.1	0.9	0.27	7.53679	1.56712e-17	-7.83659e-12	1.30996	1	3.10132e-18
0.1	0.9	0.28	7.61254	7.87933e-18	-7.83659e-12	1.32313	1	1.4685e-18
0.1	0.9	0.29	7.68905	3.93199e-18	-7.83659e-12	1.33643	1	6.90145e-19
0.1	0.9	0.3	7.76632	1.94733e-18	-7.83659e-12	1.34986	1	3.21892e-19
0.1	0.9	0.31	7.84438	9.5706e-19	-7.83659e-12	1.36343	1	1.48988e-19
0.1	0.9	0.32	7.92321	4.6674e-19	-7.83659e-12	1.37713	1	6.84274e-20
0.1	0.9	0.33	8.00284	2.25848e-19	-7.83659e-12	1.39097	1	3.11826e-20
0.1	0.9	0.34	8.08327	1.08424e-19	-7.83659e-12	1.40495	1	1.40982e-20
0.1	0.9	0.35	8.16451	5.16381e-20	-7.83659e-12	1.41907	1	6.32342e-21
0.1	0.9	0.36	8.24657	2.43958e-20	-7.83659e-12	1.43333	1	2.81345e-21
0.1	0.9	0.37	8.32945	1.14321e-20	-7.83659e-12	1.44773	1	1.24163e-21
0.1	0.9	0.38	8.41316	5.31333e-21	-7.83659e-12	1.46228	1	5.4347e-22
0.1	0.9	0.39	8.49771	2.44907e-21	-7.83659e-12	1.47698	1	2.35913e-22
0.1	0.9	0.4	8.58312	1.11942e-21	-7.83659e-12	1.49182	1	1.01551e-22
0.1	0.9	0.41	8.66938	5.07348e-22	-7.83659e-12	1.50682	1	4.33452e-23
0.1	0.9	0.42	8.75651	2.27983e-22	-7.83659e-12	1.52196	1	1.83434e-23
0.1	0.9	0.43	8.84451	1.01565e-22	-7.83659e-12	1.53726	1	7.69602e-24
0.1	0.9	0.44	8.9334	4.48537e-23	-7.83659e-12	1.55271	1	3.20082e-24
0.1	0.9	0.45	9.02318	1.96346e-23	-7.83659e-12	1.56831	1	1.31955e-24
0.1	0.9	0.46	9.11387	8.51878e-24	-7.83659e-12	1.58407	1	5.39168e-25
0.1	0.9	0.47	9.20546	3.66291e-24	-7.83659e-12	1.59999	1	2.18331e-25
0.1	0.9	0.48	9.29798	1.56074e-24	-7.83659e-12	1.61607	1	8.76116e-26
0.1	0.9	0.49	9.39142	6.58943e-25	-7.83659e-12	1.63232	1	3.48355e-26
0.1	0.9	0.5	9.48581	2.75639e-25	-7.83659e-12	1.64872	1	1.37232e-26
0.1	0.9	0.51	9.58114	1.14226e-25	-7.83659e-12	1.66529	1	5.35581e-27
0.1	0.9	0.52	9.67744	4.68906e-26	-7.83659e-12	1.68203	1	2.07056e-27
0.1	0.9	0.53	9.7747	1.90659e-26	-7.83659e-12	1.69893	1	7.92869e-28
0.1	0.9	0.54	9.87293	7.67785e-27	-7.83659e-12	1.71601	1	3.00694e-28
0.1	0.9	0.55	9.97216	3.06189e-27	-7.83659e-12	1.73325	1	1.12932e-28
0.1	0.9	0.56	10.0724	1.20911e-27	-7.83659e-12	1.75067	1	4.19987e-29
0.1	0.9	0.57	10.1736	4.72741e-28	-7.83659e-12	1.76827	1	1.54645e-29
0.1	0.9	0.58	10.2759	1.82987e-28	-7.83659e-12	1.78604	1	5.63736e-30
0.1	0.9	0.59	10.3791	7.01154e-29	-7.83659e-12	1.80399	1	2.03428e-30
0.1	0.9	0.6	10.4834	2.65924e-29	-7.83659e-12	1.82212	1	7.26604e-31
0.1	0.9	0.61	10.5888	9.98178e-30	-7.83659e-12	1.84043	1	2.56856e-31
0.1	0.9	0.62	10.6952	3.70783e-30	-7.83659e-12	1.85893	1	8.98555e-32
0.1	0.9	0.63	10.8027	1.36285e-30	-7.83659e-12	1.87761	1	3.11039e-32
0.1	0.9	0.64	10.9113	4.95615e-31	-7.83659e-12	1.89648	1	1.06525e-32
0.1	0.9	0.65	11.0209	1.78305e-31	-7.83659e-12	1.91554	1	3.60924e-33
0.1	0.9	0.66	11.1317	6.34542e-32	-7.83659e-12	1.93479	1	1.20964e-33
0.1	0.9	0.67	11.2436	2.2335e-32	-7.83659e-12	1.95424	1	4.00979e-34
0.1	0.9	0.68	11.3566	7.77483e-33	-7.83659e-12	1.97388	1	1.31453e-34
0.1	0.9	0.69	11.4707	2.67626e-33	-7.83659e-12	1.99372	1	4.26137e-35
0.1	0.9	0.7	11.586	9.10855e-34	-7.83659e-12	2.01375	1	1.36588e-35
0.1	0.9	0.71	11.7024	3.06481e-34	-7.83659e-12	2.03399	1	4.32822e-36
0.1	0.9	0.72	11.82	1.0194e-34	-7.83659e-12	2.05443	1	1.35578e-36
0.1	0.9	0.73	11.9388	3.35131e-35	-7.83659e-12	2.07508	1	4.19764e-37
0.1	0.9	0.74	12.0588	1.08885e-35	-7.83659e-12	2.09594	1	1.28441e-37
0.1	0.9	0.75	12.18	3.49588e-36	-7.83659e-12	2.117	1	3.88357e-38
0.1	0.9	0.76	12.3024	1.10897e-36	-7.83659e-12	2.13828	1	1.16022e-38
0.1	0.9	0.77	12.4261	3.47547e-37	-7.83659e-12	2.15977	1	3.42431e-39
0.1	0.9	0.78	12.551	1.07592e-37	-7.83659e-12	2.18147	1	9.98347e-40
0.1	0.9	0.79	12.6771	3.28977e-38	-7.83659e-12	2.2034	1	2.87481e-40
0.1	0.9	0.8	12.8045	9.93386e-39	-7.83659e-12	2.22554	1	8.17532e-41
0.1	0.9	0.81	12.9332	2.96198e-39	-7.83659e-12	2.24791	1	2.29568e-41
0.1	0.9	0.82	13.0632	8.71972e-40	-7.83659e-12	2.2705	1	6.36464e-42
0.1	0.9	0.83	13.1945	2.5341e-40	-7.83659e-12	2.29332	1	1.74196e-42
0.1	0.9	0.84	13.3271	7.26925e-41	-7.83659e-12	2.31637	1	4.70593e-43
0.1	0.9	0.85	13.461	2.05799e-41	-7.83659e-12	2.33965	1	1.2547e-43
0.1	0.9	0.86	13.5963	5.74945e-42	-7.83659e-12	2.36316	1	3.30116e-44
0.1	0.9	0.87	13.7329	1.58483e-42	-7.83659e-12	2.38691	1	8.56968e-45
0.1	0.9	0.88	13.871	4.30974e-43	-7.83659e-12	2.4109	1	2.19471e-45
0.1	0.9	0.89	14.0104	1.15605e-43	-7.83659e-12	2.43513	1	5.54425e-46
0.1	0.9	0.9	14.1512	3.0584e-44	-7.83659e-12	2.4596	1	1.38135e-46
0.1	0.9	0.91	14.2934	7.97897e-45	-7.83659e-12	2.48432	1	3.3939e-47
0.1	0.9	0.92	14.437	2.05245e-45	-7.83659e-12	2.50929	1	8.22181e-48
0.1	0.9	0.93	14.5821	5.20489e-46	-7.83659e-12	2.53451	1	1.96358e-48
0.1	0.9	0.94	14.7287	1.30107e-46	-7.83659e-12	2.55998	1	4.62252e-49
0.1	0.9	0.95	14.8767	3.20534e-47	-7.83659e-12	2.58571	1	1.0725e-49
0.1	0.9	0.96	15.0262	7.78167e-48	-7.83659e-12	2.6117	1	2.45209e-50
0.1	0.9	0.97	15.1772	1.86136e-48	-7.83659e-12	2.63794	1	5.52378e-51
0.1	0.9	0.98	15.3298	4.38615e-49	-7.83659e-12	2.66446	1	1.22583e-51
0.1	0.9	0.99	15.4838	1.01804e-49	-7.83659e-12	2.69123	1	2.67951e-52
0.1	0.9	1	15.6395	2.32707e-50	-7.83659e-12	2.71828	1	5.76823e-53
0.1	0.9	1.01	15.7966	5.23782e-51	-7.83659e-12	2.7456	1	1.22272e-53
0.1	0.9	1.02	15.9554	1.1607e-51	-7.83659e-12	2.77319	1	2.55176e-54
0.1	0.9	1.03	16.1157	2.53194e-52	-7.83659e-12	2.80107	1	5.2422e-55
0.1	0.9	1.04	16.2777	5.43597e-53	-7.83659e-12	2.82922	1	1.05994e-55
0.1	0.9	1.05	16.4413	1.14848e-53	-7.83659e-12	2.85765	1	2.10896e-56
0.1	0.9	1.06	16.6065	2.3874e-54	-7.83659e-12	2.88637	1	4.12868e-57
0.1	0.9	1.07	16.7734	4.8821e-55	-7.83659e-12	2.91538	1	7.95126e-58
0.1	0.9	1.08	16.942	9.81972e-56	-7.83659e-12	2.94468	1	1.50616e-58
0.1	0.9	1.09	17.1123	1.94236e-56	-7.83659e-12	2.97427	1	2.80572e-59
0.1	0.9	1.1	17.2843	3.77769e-57	-7.83659e-12	3.00417	1	5.13905e-60
0.1	0.9	1.11	17.458	7.22294e-58	-7.83659e-12	3.03436	1	9.25365e-61
0.1	0.9	1.12	17.6334	1.35744e-58	-7.83659e-12	3.06485	1	1.6378e-61
0.1	0.9	1.13	17.8107	2.50707e-59	-7.83659e-12	3.09566	1	2.84872e-62
0.1	0.9	1.14	17.9897	4.54966e-60	-7.83659e-12	3.12677	1	4.86861e-63
0.1	0.9	1.15	18.1705	8.11114e-61	-7.83659e-12	3.15819	1	8.17429e-64
0.1	0.9	1.16	18.3531	1.42035e-61	-7.83659e-12	3.18993	1	1.34805e-64
0.1	0.9	1.17	18.5375	2.44255e-62	-7.83659e-12	3.22199	1	2.18322e-65
0.1	0.9	1.18	18.7238	4.12426e-63	-7.83659e-12	3.25437	1	3.47169e-66
0.1	0.9	1.19	18.912	6.83634e-64	-7.83659e-12	3.28708	1	5.41952e-67
0.1	0.9	1.2	19.1021	1.11223e-64	-7.83659e-12	3.32012	1	8.30375e-68
0.1	0.9	1.21	19.2941	1.77574e-65	-7.83659e-12	3.35348	1	1.24853e-68
0.1	0.9	1.22	19.488	2.78159e-66	-7.83659e-12	3.38719	1	1.84186e-69
0.1	0.9	1.23	19.6838	4.27419e-67	-7.83659e-12	3.42123	1	2.66539e-70
0.1	0.9	1.24	19.8816	6.44138e-68	-7.83659e-12	3.45561	1	3.78293e-71
0.1	0.9	1.25	20.0815	9.51881e-69	-7.83659e-12	3.49034	1	5.2647e-72
0.1	0.9	1.26	20.2833	1.37905e-69	-7.83659e-12	3.52542	1	7.18311e-73
0.1	0.9	1.27	20.4871	1.95831e-70	-7.83659e-12	3.56085	1	9.60634e-74
0.1	0.9	1.28	20.693	2.72523e-71	-7.83659e-12	3.59664	1	1.25899e-74
0.1	0.9	1.29	20.901	3.71584e-72	-7.83659e-12	3.63279	1	1.61666e-75
0.1	0.9	1.3	21.1111	4.96309e-73	-7.83659e-12	3.6693	1	2.03355e-76
0.1	0.9	1.31	21.3232	6.4923e-74	-7.83659e-12	3.70617	1	2.50521e-77
0.1	0.9	1.32	21.5375	8.31584e-75	-7.83659e-12	3.74342	1	3.022e-78
0.1	0.9	1.33	21.754	1.04276e-75	-7.83659e-12	3.78104	1	3.56872e-79
0.1	0.9	1.34	21.9726	1.27978e-76	-7.83659e-12	3.81904	1	4.12485e-80
0.1	0.9	1.35	22.1934	1.53699e-77	-7.83659e-12	3.85743	1	4.66538e-81
0.1	0.9	1.36	22.4165	1.80591e-78	-7.83659e-12	3.89619	1	5.16242e-82
0.1	0.9	1.37	22.6418	2.07545e-79	-7.83659e-12	3.93535	1	5.58743e-83
0.1	0.9	1.38	22.8693	2.33252e-80	-7.83659e-12	3.9749	1	5.9138e-84
0.1	0.9	1.39	23.0992	2.56293e-81	-7.83659e-12	4.01485	1	6.11956e-85
0.1	0.9	1.4	23.3313	2.75263e-82	-7.83659e-12	4.0552	1	6.18976e-86
0.1	0.9	1.41	23.5658	2.88908e-83	-7.83659e-12	4.09596	1	6.11827e-87
0.1	0.9	1.42	23.8027	2.96259e-84	-7.83659e-12	4.13712	1	5.90858e-88
0.1	0.9	1.43	24.0419	2.96745e-85	-7.83659e-12	4.1787	1	5.57361e-89
0.1	0.9	1.44	24.2835	2.90262e-86	-7.83659e-12	4.2207	1	5.13436e-90
0.1	0.9	1.45	24.5275	2.77199e-87	-7.83659e-12	4.26311	1	4.61773e-91
0.1	0.9	1.46	24.7741	2.58392e-88	-7.83659e-12	4.30596	1	4.05378e-92
0.1	0.9	1.47	25.023	2.35045e-89	-7.83659e-12	4.34924	1	3.47275e-93
0.1	0.9	1.48	25.2745	2.08593e-90	-7.83659e-12	4.39295	1	2.90244e-94
0.1	0.9	1.49	25.5285	1.80557e-91	-7.83659e-12	4.4371	1	2.36604e-95
0.1	0.9	1.5	25.7851	1.52402e-92	-7.83659e-12	4.48169	1	1.88079e-96
0.1	0.9	1.51	26.0442	1.25405e-93	-7.83659e-12	4.52673	1	1.4575e-97
0.1	0.9	1.52	26.306	1.00573e-94	-7.83659e-12	4.57223	1	1.10082e-98
0.1	0.9	1.53	26.5704	7.85909e-96	-7.83659e-12	4.61818	1	8.1012e-100
0.1	0.9	1.54	26.8374	5.98243e-97	-7.83659e-12	4.66459	1	5.8076e-101
0.1	0.9	1.55	27.1071	4.43488e-98	-7.83659e-12	4.71147	1	4.05456e-102
0.1	0.9	1.56	27.3796	3.20089e-99	-7.83659e-12	4.75882	1	2.75597e-103
0.1	0.9	1.57	27.6547	2.24867e-100	-7.83659e-12	4.80665	1	1.82336e-104
0.1	0.9	1.58	27.9327	1.5372e-101	-7.83659e-12	4.85496	1	1.17387e-105
0.1	0.9	1.59	28.2134	1.02227e-102	-7.83659e-12	4.90375	1	7.35186e-107
0.1	0.9	1.6	28.4969	6.61169e-104	-7.83659e-12	4.95303	1	4.47801e-108
0.1	0.9	1.61	28.7833	4.15765e-105	-7.83659e-12	5.00281	1	2.65193e-109
0.1	0.9	1.62	29.0726	2.54126e-106	-7.83659e-12	5.05309	1	1.52653e-110
0.1	0.9	1.63	29.3648	1.50936e-107	-7.83659e-12	5.10387	1	8.53873e-112
0.1	0.9	1.64	29.6599	8.70874e-109	-7.83659e-12	5.15517	1	4.63978e-113
0.1	0.9	1.65	29.958	4.87988e-110	-7.83659e-12	5.20698	1	2.44846e-114
0.1	0.9	1.66	30.2591	2.65477e-111	-7.83659e-12	5.25931	1	1.25445e-115
0.1	0.9	1.67	30.5632	1.40178e-112	-7.83659e-12	5.31217	1	6.23804e-117
0.1	0.9	1.68	30.8704	7.18186e-114	-7.83659e-12	5.36556	1	3.00987e-118
0.1	0.9	1.69	31.1806	3.56918e-115	-7.83659e-12	5.41948	1	1.40871e-119
0.1	0.9	1.7	31.494	1.72005e-116	-7.83659e-12	5.47395	1	6.39348e-121
0.1	0.9	1.71	31.8105	8.03565e-118	-7.83659e-12	5.52896	1	2.81294e-122
0.1	0.9	1.72	32.1302	3.63809e-119	-7.83659e-12	5.58453	1	1.19937e-123
0.1	0.9	1.73	32.4531	1.59573e-120	-7.83659e-12	5.64065	1	4.95431e-125
0.1	0.9	1.74	32.7793	6.77866e-122	-7.83659e-12	5.69734	1	1.98203e-126
0.1	0.9	1.75	33.1087	2.78796e-123	-7.83659e-12	5.7546	1	7.67704e-128
0.1	0.9	1.76	33.4415	1.1098e-124	-7.83659e-12	5.81244	1	2.87803e-129
0.1	0.9	1.77	33.7776	4.27444e-126	-7.83659e-12	5.87085	1	1.04393e-130
0.1	0.9	1.78	34.117	1.59237e-127	-7.83659e-12	5.92986	1	3.66251e-132
0.1	0.9	1.79	34.4599	5.73583e-129	-7.83659e-12	5.98945	1	1.24243e-133
0.1	0.9	1.8	34.8062	1.99704e-130	-7.83659e-12	6.04965	1	4.07387e-135
0.1	0.9	1.81	35.1561	6.71849e-132	-7.83659e-12	6.11045	1	1.29072e-136
0.1	0.9	1.82	35.5094	2.18322e-133	-7.83659e-12	6.17186	1	3.95005e-138
0.1	0.9	1.83	35.8663	6.85042e-135	-7.83659e-12	6.23389	1	1.16725e-139
0.1	0.9	1.84	36.2267	2.0748e-136	-7.83659e-12	6.29654	1	3.32939e-141
0.1	0.9	1.85	36.5908	6.06345e-138	-7.83659e-12	6.35982	1	9.16329e-143
0.1	0.9	1.86	36.9585	1.70921e-139	-7.83659e-12	6.42374	1	2.43259e-144
0.1	0.9	1.87	37.33	4.64563e-141	-7.83659e-12	6.4883	1	6.22673e-146
0.1	0.9	1.88	37.7052	1.21705e-142	-7.83659e-12	6.5535	1	1.53627e-147
0.1	0.9	1.89	38.0841	3.07206e-144	-7.83659e-12	6.61937	1	3.65199e-149
0.1	0.9	1.9	38.4669	7.46868e-146	-7.83659e-12	6.68589	1	8.36155e-151
0.1	0.9	1.91	38.8535	1.7482e-147	-7.83659e-12	6.75309	1	1.84321e-152
0.1	0.9	1.92	39.2439	3.93824e-149	-7.83659e-12	6.82096	1	3.91048e-154
0.1	0.9	1.93	39.6383	8.53523e-151	-7.83659e-12	6.88951	1	7.98151e-156
0.1	0.9	1.94	40.0367	1.77894e-152	-7.83659e-12	6.95875	1	1.56665e-157
0.1	0.9	1.95	40.4391	3.56426e-154	-7.83659e-12	7.02869	1	2.95613e-159
0.1	0.9	1.96	40.8455	6.8623e-156	-7.83659e-12	7.09933	1	5.36002e-161
0.1	0.9	1.97	41.256	1.26908e-157	-7.83659e-12	7.17068	1	9.3353e-163
0.1	0.9	1.98	41.6706	2.25348e-159	-7.83659e-12	7.24274	1	1.56112e-164
0.1	0.9	1.99	42.0894	3.84049e-161	-7.83659e-12	7.31553	1	2.50559e-166
0.1	0.9	2	42.5124	6.27929e-163	-7.83659e-12	7.38906	1	3.85813e-168
0.1	0.9	2.01	42.9397	9.84567e-165	-7.83659e-12	7.46332	1	5.6971e-170
0.1	0.9	2.02	43.3713	1.47982e-166	-7.83659e-12	7.53832	1	8.0642e-172
0.1	0.9	2.03	43.8071	2.13119e-168	-7.83659e-12	7.61409	1	1.09374e-173
0.1	0.9	2.04	44.2474	2.93966e-170	-7.83659e-12	7.69061	1	1.4208e-175
0.1	0.9	2.05	44.6921	3.88192e-172	-7.83659e-12	7.7679	1	1.76695e-177
0.1	0.9	2.06	45.1413	4.90552e-174	-7.83659e-12	7.84597	1	2.10283e-179
0.1	0.9	2.07	45.5949	5.92953e-176	-7.83659e-12	7.92482	1	2.39377e-181
0.1	0.9	2.08	46.0532	6.8527e-178	-7.83659e-12	8.00447	1	2.60535e-183
0.1	0.9	2.09	46.516	7.56859e-180	-7.83659e-12	8.08492	1	2.70995e-185
0.1	0.9	2.1	46.9835	7.98518e-182	-7.83659e-12	8.16617	1	2.69261e-187
0.1	0.9	2.11	47.4557	8.04404e-184	-7.83659e-12	8.24824	1	2.5545e-189
0.1	0.9	2.12	47.9327	7.73364e-186	-7.83659e-12	8.33114	1	2.31291e-191
0.1	0.9	2.13	48.4144	7.09272e-188	-7.83659e-12	8.41487	1	1.9977e-193
0.1	0.9	2.14	48.901	6.20238e-190	-7.83659e-12	8.49944	1	1.64519e-195
0.1	0.9	2.15	49.3924	5.16911e-192	-7.83659e-12	8.58486	1	1.29127e-197
0.1	0.9	2.16	49.8888	4.10373e-194	-7.83659e-12	8.67114	1	9.65434e-200
0.1	0.9	2.17	50.3902	3.10198e-196	-7.83659e-12	8.75828	1	6.87266e-202
0.1	0.9	2.18	50.8966	2.23144e-198	-7.83659e-12	8.84631	1	4.65601e-204
0.1	0.9	2.19	51.4082	1.52689e-200	-7.83659e-12	8.93521	1	3.00039e-206
0.1	0.9	2.2	51.9248	9.93319e-203	-7.83659e-12	9.02501	1	1.83824e-208
0.1	0.9	2.21	52.4467	6.14066e-205	-7.83659e-12	9.11572	1	1.07021e-210
0.1	0.9	2.22	52.9738	3.60552e-207	-7.83659e-12	9.20733	1	5.91786e-213
0.1	0.9	2.23	53.5062	2.00968e-209	-7.83659e-12	9.29987	1	3.10647e-215
0.1	0.9	2.24	54.0439	1.06285e-211	-7.83659e-12	9.39333	1	1.54723e-217
0.1	0.9	2.25	54.5871	5.33061e-214	-7.83659e-12	9.48774	1	7.30805e-220
0.1	0.9	2.26	55.1357	2.53407e-216	-7.83659e-12	9.58309	1	3.27179e-222
0.1	0.9	2.27	55.6898	1.14122e-218	-7.83659e-12	9.6794	1	1.38764e-224
0.1	0.9	2.28	56.2495	4.86629e-221	-7.83659e-12	9.77668	1	5.57249e-227
0.1	0.9	2.29	56.8148	1.9637e-223	-7.83659e-12	9.87494	1	2.11772e-229
0.1	0.9	2.3	57.3858	7.49489e-226	-7.83659e-12	9.97418	1	7.61205e-232
0.1	0.9	2.31	57.9625	2.70418e-228	-7.83659e-12	10.0744	1	2.58651e-234
0.1	0.9	2.32	58.5451	9.21825e-231	-7.83659e-12	10.1757	1	8.30366e-237
0.1	0.9	2.33	59.1335	2.96732e-233	-7.83659e-12	10.2779	1	2.51726e-239
0.1	0.9	2.34	59.7278	9.01454e-236	-7.83659e-12	10.3812	1	7.20193e-242
0.1	0.9	2.35	60.328	2.58311e-238	-7.83659e-12	10.4856	1	1.94353e-244
0.1	0.9	2.36	60.9343	6.97778e-241	-7.83659e-12	10.591	1	4.94433e-247
0.1	0.9	2.37	61.5467	1.77591e-243	-7.83659e-12	10.6974	1	1.1851e-249
0.1	0.9	2.38	62.1653	4.25604e-246	-7.83659e-12	10.8049	1	2.67473e-252
0.1	0.9	2.39	62.7901	9.59891e-249	-7.83659e-12	10.9135	1	5.68119e-255
0.1	0.9	2.4	63.4211	2.03619e-251	-7.83659e-12	11.0232	1	1.13495e-257
0.1	0.9	2.41	64.0585	4.06013e-254	-7.83659e-12	11.134	1	2.13128e-260
0.1	0.9	2.42	64.7023	7.60558e-257	-7.83659e-12	11.2459	1	3.7599e-263
0.1	0.9	2.43	65.3526	1.33764e-259	-7.83659e-12	11.3589	1	6.22768e-266
0.1	0.9	2.44	66.0094	2.20751e-262	-7.83659e-12	11.473	1	9.67903e-269
0.1	0.9	2.45	66.6728	3.41634e-265	-7.83659e-12	11.5883	1	1.41069e-271
0.1	0.9	2.46	67.3429	4.95513e-268	-7.83659e-12	11.7048	1	1.92694e-274
0.1	0.9	2.47	68.0197	6.73161e-271	-7.83659e-12	11.8224	1	2.46533e-277
0.1	0.9	2.48	68.7033	8.56032e-274	-7.83659e-12	11.9413	1	2.95249e-280
0.1	0.9	2.49	69.3938	1.01836e-276	-7.83659e-12	12.0613	1	3.30782e-283
0.1	0.9	2.5	70.0912	1.13263e-279	-7.83659e-12	12.1825	1	3.46473e-286
0.1	0.9	2.51	70.7956	1.177e-282	-7.83659e-12	12.3049	1	3.3908e-289
0.1	0.9	2.52	71.5071	1.1421e-285	-7.83659e-12	12.4286	1	3.09863e-292
0.1	0.9	2.53	72.2258	1.03417e-288	-7.83659e-12	12.5535	1	2.64242e-295
0.1	0.9	2.54	72.9517	8.73324e-292	-7.83659e-12	12.6797	1	2.10149e-298
0.1	0.9	2.55	73.6848	6.87351e-295	-7.83659e-12	12.8071	1	1.55766e-301
0.1	0.9	2.56	74.4254	5.03881e-298	-7.83659e-12	12.9358	1	1.07539e-304
0.1	0.9	2.57	75.1734	3.43835e-301	-7.83659e-12	13.0658	1	6.91082e-308
0.1	0.9	2.58	75.9289	2.18258e-304	-7.83659e-12	13.1971	1	4.13134e-311
0.1	0.9	2.59	76.692	1.28799e-307	-7.83659e-12	13.3298	1	2.29602e-314
0.1	0.9	2.6	77.4627	7.06156e-311	-7.83659e-12	13.4637	1	1.18551e-317
0.1	0.9	2.61	78.2412	3.59468e-314	-7.83659e-12	13.5991	1	5.68175e-321
0.1	0.9	2.62	79.0276	1.69791e-317	-7.83659e-12	13.7357	1	4.94066e-324
0.1	0.9	2.63	79.8218	7.43569e-321	-7.83659e-12	13.8738	1	0
0.1	0.9	2.64	80.624	0	-7.83659e-12	14.0132	1	0
0.1	0.9	2.65	81.4343	0	-7.83659e-12	14.154	1	0
0.1	0.9	2.66	82.2528	0	-7.83659e-12	14.2963	1	0
0.1	0.9	2.67	83.0794	0	-7.83659e-12	14.44	1	0
0.1	0.9	2.68	83.9144	0	-7.83659e-12	14.5851	1	0
0.1	0.9	2.69	84.7577	0	-7.83659e-12	14.7317	1	0
0.1	0.9	2.7	85.6096	0	-7.83659e-12	14.8797	1	0
0.1	0.9	2.71	86.4699	0	-7.83659e-12	15.0293	1	0
0.1	0.9	2.72	87.339	0	-7.83659e-12	15.1803	1	0
0.1	0.9	2.73	88.2168	0	-7.83659e-12	15.3329	1	0
0.1	0.9	2.74	89.1034	0	-7.83659e-12	15.487	1	0
0.1	0.9	2.75	89.9989	0	-7.83659e-12	15.6426	1	0
0.1	0.9	2.76	90.9034	0	-7.83659e-12	15.7998	1	0
0.1	0.9	2.77	91.817	0	-7.83659e-12	15.9586	1	0
0.1	0.9	2.78	92.7397	0	-7.83659e-12	16.119	1	0
0.1	0.9	2.79	93.6718	0	-7.83659e-12	16.281	1	0
0.1	0.9	2.8	94.6132	0	-7.83659e-12	16.4446	1	0
0.1	0.9	2.81	95.5641	0	-7.83659e-12	16.6099	1	0
0.1	0.9	2.82	96.5245	0	-7.83659e-12	16.7769	1	0
0.1	0.9	2.83	97.4946	0	-7.83659e-12	16.9455	1	0
0.1	0.9	2.84	98.4744	0	-7.83659e-12	17.1158	1	0
0.1	0.9	2.85	99.4641	0	-7.83659e-12	17.2878	1	0
0.1	0.9	2.86	100.464	0	-7.83659e-12	17.4615	1	0
0.1	0.9	2.87	101.473	0	-7.83659e-12	17.637	1	0
0.1	0.9	2.88	102.493	0	-7.83659e-12	17.8143	1	0
0.1	0.9	2.89	103.523	0	-7.83659e-12	17.9933	1	0
0.1	0.9	2.9	104.564	0	-7.83659e-12	18.1741	1	0
0.1	0.9	2.91	105.615	0	-7.83659e-12	18.3568	1	0
0.1	0.9	2.92	106.676	0	-7.83659e-12	18.5413	1	0
0.1	0.9	2.93	107.748	0	-7.83659e-12	18.7276	1	0
0.1	0.9	2.94	108.831	0	-7.83659e-12	18.9158	1	0
0.1	0.9	2.95	109.925	0	-7.83659e-12	19.106	1	0
0.1	0.9	2.96	111.03	0	-7.83659e-12	19.298	1	0
0.1	0.9	2.97	112.145	0	-7.83659e-12	19.4919	1	0
0.1	0.9	2.98	113.273	0	-7.83659e-12	19.6878	1	0
0.1	0.9	2.99	114.411	0	-7.83659e-12	19.8857	1	0
0.1	0.9	3	115.561	0	-7.83659e-12	20.0855	1	0
0.1	0.9	3.01	116.722	0	-7.83659e-12	20.2874	1	0
0.1	0.9	3.02	117.895	0	-7.83659e-12	20.4913	1	0
0.1	0.9	3.03	119.08	0	-7.83659e-12	20.6972	1	0
0.1	0.9	3.04	120.277	0	-7.83659e-12	20.9052	1	0
0.1	0.9	3.05	121.486	0	-7.83659e-12	21.1153	1	0
0.1	0.9	3.06	122.707	0	-7.83659e-12	21.3276	1	0
0.1	0.9	3.07	123.94	0	-7.83659e-12	21.5419	1	0
0.1	0.9	3.08	125.186	0	-7.83659e-12	21.7584	1	0
0.1	0.9	3.09	126.444	0	-7.83659e-12	21.9771	1	0
0.1	0.9	3.1	127.714	0	-7.83659e-12	22.198	1	0
0.1	0.9	3.11	128.998	0	-7.83659e-12	22.421	1	0
0.1	0.9	3.12	130.294	0	-7.83659e-12	22.6464	1	0
0.1	0.9	3.13	131.604	0	-7.83659e-12	22.874	1	0
0.1	0.9	3.14	132.927	0	-7.83659e-12	23.1039	1	0
0.1	0.9	3.15	134.263	0	-7.83659e-12	23.3361	1	0
0.1	0.9	3.16	135.612	0	-7.83659e-12	23.5706	1	0
0.1	0.9	3.17	136.975	0	-7.83659e-12	23.8075	1	0
0.1	0.9	3.18	138.351	0	-7.83659e-12	24.0468	1	0
0.1	0.9	3.19	139.742	0	-7.83659e-12	24.2884	1	0
0.1	0.9	3.2	141.146	0	-7.83659e-12	24.5325	1	0
0.1	0.9	3.21	142.565	0	-7.83659e-12	24.7791	1	0
0.1	0.9	3.22	143.998	0	-7.83659e-12	25.0281	1	0
0.1	0.9	3.23	145.445	0	-7.83659e-12	25.2797	1	0
0.1	0.9	3.24	146.907	0	-7.83659e-12	25.5337	1	0
0.1	0.9	3.25	148.383	0	-7.83659e-12	25.7903	1	0
0.1	0.9	3.26	149.874	0	-7.83659e-12	26.0495	1	0
0.1	0.9	3.27	151.381	0	-7.83659e-12	26.3113	1	0
0.1	0.9	3.28	152.902	0	-7.83659e-12	26.5758	1	0
0.1	0.9	3.29	154.439	0	-7.83659e-12	26.8429	1	0
0.1	0.9	3.3	155.991	0	-7.83659e-12	27.1126	1	0
0.1	0.9	3.31	157.559	0	-7.83659e-12	27.3851	1	0
0.1	0.9	3.32	159.142	0	-7.83659e-12	27.6604	1	0
0.1	0.9	3.33	160.741	0	-7.83659e-12	27.9383	1	0
0.1	0.9	3.34	162.357	0	-7.83659e-12	28.2191	1	0
0.1	0.9	3.35	163.989	0	-7.83659e-12	28.5027	1	0
0.1	0.9	3.36	165.637	0	-7.83659e-12	28.7892	1	0
0.1	0.9	3.37	167.301	0	-7.83659e-12	29.0785	1	0
0.1	0.9	3.38	168.983	0	-7.83659e-12	29.3708	1	0
0.1	0.9	3.39	170.681	0	-7.83659e-12	29.666	1	0
0.1	0.9	3.4	172.396	0	-7.83659e-12	29.9641	1	0
0.1	0.9	3.41	174.129	0	-7.83659e-12	30.2652	1	0
0.1	0.9	3.42	175.879	0	-7.83659e-12	30.5694	1	0
0.1	0.9	3.43	177.647	0	-7.83659e-12	30.8766	1	0
0.1	0.9	3.44	179.432	0	-7.83659e-12	31.187	1	0
0.1	0.9	3.45	181.235	0	-7.83659e-12	31.5004	1	0
0.1	0.9	3.46	183.057	0	-7.83659e-12	31.817	1	0
0.1	0.9	3.47	184.897	0	-7.83659e-12	32.1367	1	0
0.1	0.9	3.48	186.755	0	-7.83659e-12	32.4597	1	0
0.1	0.9	3.49	188.632	0	-7.83659e-12	32.7859	1	0
0.1	0.9	3.5	190.528	0	-7.83659e-12	33.1155	1	0
0.1	0.9	3.51	192.442	0	-7.83659e-12	33.4483	1	0
0.1	0.9	3.52	194.376	0	-7.83659e-12	33.7844	1	0
0.1	0.9	3.53	196.33	0	-7.83659e-12	34.124	1	0
0.1	0.9	3.54	198.303	0	-7.83659e-12	34.4669	1	0
0.1	0.9	3.55	200.296	0	-7.83659e-12	34.8133	1	0
0.1	0.9	3.56	202.309	0	-7.83659e-12	35.1632	1	0
0.1	0.9	3.57	204.342	0	-7.83659e-12	35.5166	1	0
0.1	0.9	3.58	206.396	0	-7.83659e-12	35.8735	1	0
0.1	0.9	3.59	208.47	0	-7.83659e-12	36.2341	1	0
0.1	0.9	3.6	210.566	0	-7.83659e-12	36.5982	1	0
0.1	0.9	3.61	212.682	0	-7.83659e-12	36.9661	1	0
0.1	0.9	3.62	214.819	0	-7.83659e-12	37.3376	1	0
0.1	0.9	3.63	216.978	0	-7.83659e-12	37.7128	1	0
0.1	0.9	3.64	219.159	0	-7.83659e-12	38.0918	1	0
0.1	0.9	3.65	221.361	0	-7.83659e-12	38.4747	1	0
0.1	0.9	3.66	223.586	0	-7.83659e-12	38.8613	1	0
0.1	0.9	3.67	225.833	0	-7.83659e-12	39.2519	1	0
0.1	0.9	3.68	228.103	0	-7.83659e-12	39.6464	1	0
0.1	0.9	3.69	230.395	0	-7.83659e-12	40.0448	1	0
0.1	0.9	3.7	232.711	0	-7.83659e-12	40.4473	1	0
0.1	0.9	3.71	235.05	0	-7.83659e-12	40.8538	1	0
0.1	0.9	3.72	237.412	0	-7.83659e-12	41.2644	1	0
0.1	0.9	3.73	239.798	0	-7.83659e-12	41.6791	1	0
0.1	0.9	3.74	242.208	0	-7.83659e-12	42.098	1	0
0.1	0.9	3.75	244.642	0	-7.83659e-12	42.5211	1	0
0.1	0.9	3.76	247.101	0	-7.83659e-12	42.9484	1	0
0.1	0.9	3.77	249.584	0	-7.83659e-12	43.3801	1	0
0.1	0.9	3.78	252.093	0	-7.83659e-12	43.816	1	0
0.1	0.9	3.79	254.626	0	-7.83659e-12	44.2564	1	0
0.1	0.9	3.8	257.185	0	-7.83659e-12	44.7012	1	0
0.1	0.9	3.81	259.77	0	-7.83659e-12	45.1504	1	0
0.1	0.9	3.82	262.381	0	-7.83659e-12	45.6042	1	0
0.1	0.9	3.83	265.018	0	-7.83659e-12	46.0625	1	0
0.1	0.9	3.84	267.681	0	-7.83659e-12	46.5255	1	0
0.1	0.9	3.85	270.372	0	-7.83659e-12	46.9931	1	0
0.1	0.9	3.86	273.089	0	-7.83659e-12	47.4654	1	0
0.1	0.9	3.87	275.833	0	-7.83659e-12	47.9424	1	0
0.1	0.9	3.88	278.606	0	-7.83659e-12	48.4242	1	0
0.1	0.9	3.89	281.406	0	-7.83659e-12	48.9109	1	0
0.1	0.9	3.9	284.234	0	-7.83659e-12	49.4024	1	0
0.1	0.9	3.91	287.09	0	-7.83659e-12	49.899	1	0
0.1	0.9	3.92	289.976	0	-7.83659e-12	50.4004	1	0
0.1	0.9	3.93	292.89	0	-7.83659e-12	50.907	1	0
0.1	0.9	3.94	295.834	0	-7.83659e-12	51.4186	1	0
0.1	0.9	3.95	298.807	0	-7.83659e-12	51.9354	1	0
0.1	0.9	3.96	301.81	0	-7.83659e-12	52.4573	1	0
0.1	0.9	3.97	304.843	0	-7.83659e-12	52.9845	1	0
0.1	0.9	3.98	307.907	0	-7.83659e-12	53.517	1	0
0.1	0.9	3.99	311.001	0	-7.83659e-12	54.0549	1	0
0.1	0.9	4	314.127	0	-7.83659e-12	54.5981	1	0
0.1	0.9	4.01	317.284	0	-7.83659e-12	55.1469	1	0
0.1	0.9	4.02	320.473	0	-7.83659e-12	55.7011	1	0
0.1	0.9	4.03	323.693	0	-7.83659e-12	56.2609	1	0
0.1	0.9	4.04	326.947	0	-7.83659e-12	56.8263	1	0
0.1	0.9	4.05	330.232	0	-7.83659e-12	57.3975	1	0
0.1	0.9	4.06	333.551	0	-7.83659e-12	57.9743	1	0
0.1	0.9	4.07	336.904	0	-7.83659e-12	58.557	1	0
0.1	0.9	4.08	340.29	0	-7.83659e-12	59.1455	1	0
0.1	0.9	4.09	343.71	0	-7.83659e-12	59.7399	1	0
0.1	0.9	4.1	347.164	0	-7.83659e-12	60.3403	1	0
0.1	0.9	4.11	350.653	0	-7.83659e-12	60.9467	1	0
0.1	0.9	4.12	354.177	0	-7.83659e-12	61.5592	1	0
0.1	0.9	4.13	357.737	0	-7.83659e-12	62.1779	1	0
0.1	0.9	4.14	361.332	0	-7.83659e-12	62.8028	1	0
0.1	0.9	4.15	364.963	0	-7.83659e-12	63.434	1	0
0.1	0.9	4.16	368.631	0	-7.83659e-12	64.0715	1	0
0.1	0.9	4.17	372.336	0	-7.83659e-12	64.7155	1	0
0.1	0.9	4.18	376.078	0	-7.83659e-12	65.3659	1	0
0.1	0.9	4.19	379.858	0	-7.83659e-12	66.0228	1	0
0.1	0.9	4.2	383.675	0	-7.83659e-12	66.6863	1	0
0.1	0.9	4.21	387.531	0	-7.83659e-12	67.3565	1	0
0.1	0.9	4.22	391.426	0	-7.83659e-12	68.0335	1	0
0.1	0.9	4.23	395.36	0	-7.83659e-12	68.7172	1	0
0.1	0.9	4.24	399.334	0	-7.83659e-12	69.4079	1	0
0.1	0.9	4.25	403.347	0	-7.83659e-12	70.1054	1	0
0.1	0.9	4.26	407.401	0	-7.83659e-12	70.81	1	0
0.1	0.9	4.27	411.495	0	-7.83659e-12	71.5216	1	0
0.1	0.9	4.28	415.631	0	-7.83659e-12	72.2404	1	0
0.1	0.9	4.29	419.808	0	-7.83659e-12	72.9665	1	0
0.1	0.9	4.3	424.027	0	-7.83659e-12	73.6998	1	0
0.1	0.9	4.31	428.288	0	-7.83659e-12	74.4405	1	0
0.1	0.9	4.32	432.593	0	-7.83659e-12	75.1886	1	0
0.1	0.9	4.33	436.94	0	-7.83659e-12	75.9443	1	0
0.1	0.9	4.34	441.332	0	-7.83659e-12	76.7075	1	0
0.1	0.9	4.35	445.767	0	-7.83659e-12	77.4785	1	0
0.1	0.9	4.36	450.247	0	-7.83659e-12	78.2571	1	0
0.1	0.9	4.37	454.772	0	-7.83659e-12	79.0436	1	0
0.1	0.9	4.38	459.343	0	-7.83659e-12	79.838	1	0
0.1	0.9	4.39	463.959	0	-7.83659e-12	80.6404	1	0
0.1	0.9	4.4	468.622	0	-7.83659e-12	81.4509	1	0
0.1	0.9	4.41	473.332	0	-7.83659e-12	82.2695	1	0
0.1	0.9	4.42	478.089	0	-7.83659e-12	83.0963	1	0
0.1	0.9	4.43	482.894	0	-7.83659e-12	83.9314	1	0
0.1	0.9	4.44	487.747	0	-7.83659e-12	84.7749	1	0
0.1	0.9	4.45	492.649	0	-7.83659e-12	85.6269	1	0
0.1	0.9	4.46	497.6	0	-7.83659e-12	86.4875	1	0
0.1	0.9	4.47	502.601	0	-7.83659e-12	87.3567	1	0
0.1	0.9	4.48	507.652	0	-7.83659e-12	88.2347	1	0
0.1	0.9	4.49	512.754	0	-7.83659e-12	89.1214	1	0
0.1	0.9	4.5	517.908	0	-7.83659e-12	90.0171	1	0
0.1	0.9	4.51	523.113	0	-7.83659e-12	90.9218	1	0
0.1	0.9	4.52	528.37	0	-7.83659e-12	91.8356	1	0
0.1	0.9	4.53	533.68	0	-7.83659e-12	92.7586	1	0
0.1	0.9	4.54	539.044	0	-7.83659e-12	93.6908	1	0
0.1	0.9	4.55	544.461	0	-7.83659e-12	94.6324	1	0
0.1	0.9	4.56	549.933	0	-7.83659e-12	95.5835	1	0
0.1	0.9	4.57	555.46	0	-7.83659e-12	96.5441	1	0
0.1	0.9	4.58	561.043	0	-7.83659e-12	97.5144	1	0
0.1	0.9	4.59	566.681	0	-7.83659e-12	98.4944	1	0
0.1	0.9	4.6	572.376	0	-7.83659e-12	99.4843	1	0
0.1	0.9	4.61	578.129	0	-7.83659e-12	100.484	1	0
0.1	0.9	4.62	583.939	0	-7.83659e-12	101.494	1	0
0.1	0.9	4.63	589.808	0	-7.83659e-12	102.514	1	0
0.1	0.9	4.64	595.736	0	-7.83659e-12	103.544	1	0
0.1	0.9	4.65	601.723	0	-7.83659e-12	104.585	1	0
0.1	0.9	4.66	607.77	0	-7.83659e-12	105.636	1	0
0.1	0.9	4.67	613.878	0	-7.83659e-12	106.698	1	0
0.1	0.9	4.68	620.048	0	-7.83659e-12	107.77	1	0
0.1	0.9	4.69	626.28	0	-7.83659e-12	108.853	1	0
0.1	0.9	4.7	632.574	0	-7.83659e-12	109.947	1	0
0.1	0.9	4.71	638.931	0	-7.83659e-12	111.052	1	0
0.1	0.9	4.72	645.353	0	-7.83659e-12	112.168	1	0
0.1	0.9	4.73	651.839	0	-7.83659e-12	113.296	1	0
0.1	0.9	4.74	658.39	0	-7.83659e-12	114.434	1	0
0.1	0.9	4.75	665.007	0	-7.83659e-12	115.584	1	0
0.1	0.9	4.76	671.69	0	-7.83659e-12	116.746	1	0
0.1	0.9	4.77	678.441	0	-7.83659e-12	117.919	1	0
0.1	0.9	4.78	685.259	0	-7.83659e-12	119.104	1	0
0.1	0.9	4.79	692.146	0	-7.83659e-12	120.301	1	0
0.1	0.9	4.8	699.102	0	-7.83659e-12	121.51	1	0
0.1	0.9	4.81	706.128	0	-7.83659e-12	122.732	1	0
0.1	0.9	4.82	713.225	0	-7.83659e-12	123.965	1	0
0.1	0.9	4.83	720.393	0	-7.83659e-12	125.211	1	0
0.1	0.9	4.84	727.633	0	-7.83659e-12	126.469	1	0
0.1	0.9	4.85	734.946	0	-7.83659e-12	127.74	1	0
0.1	0.9	4.86	742.332	0	-7.83659e-12	129.024	1	0
0.1	0.9	4.87	749.793	0	-7.83659e-12	130.321	1	0
0.1	0.9	4.88	757.328	0	-7.83659e-12	131.631	1	0
0.1	0.9	4.89	764.94	0	-7.83659e-12	132.954	1	0
0.1	0.9	4.9	772.627	0	-7.83659e-12	134.29	1	0
0.1	0.9	4.91	780.392	0	-7.83659e-12	135.639	1	0
0.1	0.9	4.92	788.236	0	-7.83659e-12	137.003	1	0
0.1	0.9	4.93	796.157	0	-7.83659e-12	138.38	1	0
0.1	0.9	4.94	804.159	0	-7.83659e-12	139.77	1	0
0.1	0.9	4.95	812.241	0	-7.83659e-12	141.175	1	0
0.1	0.9	4.96	820.404	0	-7.83659e-12	142.594	1	0
0.1	0.9	4.97	828.649	0	-7.83659e-12	144.027	1	0
0.1	0.9	4.98	836.977	0	-7.83659e-12	145.474	1	0
0.1	0.9	4.99	845.389	0	-7.83659e-12	146.936	1	0
0.1	0.9	5	853.885	0	-7.83659e-12	148.413	1	0
0.1	0.9	5.01	862.467	0	-7.83659e-12	149.905	1	0
0.1	0.9	5.02	871.135	0	-7.83659e-12	151.411	1	0
0.1	0.9	5.03	879.89	0	-7.83659e-12	152.933	1	0
0.1	0.9	5.04	888.733	0	-7.83659e-12	154.47	1	0
0.1	0.9	5.05	897.665	0	-7.83659e-12	156.022	1	0
0.1	0.9	5.06	906.687	0	-7.83659e-12	157.591	1	0
0.1	0.9	5.07	915.799	0	-7.83659e-12	159.174	1	0
0.1	0.9	5.08	925.003	0	-7.83659e-12	160.774	1	0
0.1	0.9	5.09	934.299	0	-7.83659e-12	162.39	1	0
0.1	0.9	5.1	943.689	0	-7.83659e-12	164.022	1	0
0.1	0.9	5.11	953.174	0	-7.83659e-12	165.67	1	0
0.1	0.9	5.12	962.753	0	-7.83659e-12	167.335	1	0
0.1	0.9	5.13	972.429	0	-7.83659e-12	169.017	1	0
0.1	0.9	5.14	982.202	0	-7.83659e-12	170.716	1	0
0.1	0.9	5.15	992.073	0	-7.83659e-12	172.431	1	0
0.1	0.9	5.16	1002.04	0	-7.83659e-12	174.164	1	0
0.1	0.9	5.17	1012.11	0	-7.83659e-12	175.915	1	0
0.1	0.9	5.18	1022.29	0	-7.83659e-12	177.683	1	0
0.1	0.9	5.19	1032.56	0	-7.83659e-12	179.469	1	0
0.1	0.9	5.2	1042.94	0	-7.83659e-12	181.272	1	0
0.1	0.9	5.21	1053.42	0	-7.83659e-12	183.094	1	0
0.1	0.9	5.22	1064.01	0	-7.83659e-12	184.934	1	0
0.1	0.9	5.23	1074.7	0	-7.83659e-12	186.793	1	0
0.1	0.9	5.24	1085.5	0	-7.83659e-12	188.67	1	0
0.1	0.9	5.25	1096.41	0	-7.83659e-12	190.566	1	0
0.1	0.9	5.26	1107.43	0	-7.83659e-12	192.481	1	0
0.1	0.9	5.27	1118.56	0	-7.83659e-12	194.416	1	0
0.1	0.9	5.28	1129.8	0	-7.83659e-12	196.37	1	0
0.1	0.9	5.29	1141.16	0	-7.83659e-12	198.343	1	0
0.1	0.9	5.3	1152.62	0	-7.83659e-12	200.337	1	0
0.1	0.9	5.31	1164.21	0	-7.83659e-12	202.35	1	0
0.1	0.9	5.32	1175.91	0	-7.83659e-12	204.384	1	0
0.1	0.9	5.33	1187.73	0	-7.83659e-12	206.438	1	0
0.1	0.9	5.34	1199.66	0	-7.83659e-12	208.513	1	0
0.1	0.9	5.35	1211.72	0	-7.83659e-12	210.608	1	0
0.1	0.9	5.36	1223.9	0	-7.83659e-12	212.725	1	0
0.1	0.9	5.37	1236.2	0	-7.83659e-12	214.863	1	0
0.1	0.9	5.38	1248.62	0	-7.83659e-12	217.022	1	0
0.1	0.9	5.39	1261.17	0	-7.83659e-12	219.203	1	0
0.1	0.9	5.4	1273.85	0	-7.83659e-12	221.406	1	0
0.1	0.9	5.41	1286.65	0	-7.83659e-12	223.632	1	0
0.1	0.9	5.42	1299.58	0	-7.83659e-12	225.879	1	0
0.1	0.9	5.43	1312.64	0	-7.83659e-12	228.149	1	0
0.1	0.9	5.44	1325.83	0	-7.83659e-12	230.442	1	0
0.1	0.9	5.45	1339.16	0	-7.83659e-12	232.758	1	0
0.1	0.9	5.46	1352.62	0	-7.83659e-12	235.097	1	0
0.1	0.9	5.47	1366.21	0	-7.83659e-12	237.46	1	0
0.1	0.9	5.48	1379.94	0	-7.83659e-12	239.847	1	0
0.1	0.9	5.49	1393.81	0	-7.83659e-12	242.257	1	0
0.1	0.9	5.5	1407.82	0	-7.83659e-12	244.692	1	0
0.1	0.9	5.51	1421.97	0	-7.83659e-12	247.151	1	0
0.1	0.9	5.52	1436.26	0	-7.83659e-12	249.635	1	0
0.1	0.9	5.53	1450.69	0	-7.83659e-12	252.144	1	0
0.1	0.9	5.54	1465.27	0	-7.83659e-12	254.678	1	0
0.1	0.9	5.55	1480	0	-7.83659e-12	257.238	1	0
0.1	0.9	5.56	1494.87	0	-7.83659e-12	259.823	1	0
0.1	0.9	5.57	1509.9	0	-7.83659e-12	262.434	1	0
0.1	0.9	5.58	1525.07	0	-7.83659e-12	265.072	1	0
0.1	0.9	5.59	1540.4	0	-7.83659e-12	267.736	1	0
0.1	0.9	5.6	1555.88	0	-7.83659e-12	270.426	1	0
0.1	0.9	5.61	1571.52	0	-7.83659e-12	273.144	1	0
0.1	0.9	5.62	1587.31	0	-7.83659e-12	275.889	1	0
0.1	0.9	5.63	1603.26	0	-7.83659e-12	278.662	1	0
0.1	0.9	5.64	1619.38	0	-7.83659e-12	281.463	1	0
0.1	0.9	5.65	1635.65	0	-7.83659e-12	284.291	1	0
0.1	0.9	5.66	1652.09	0	-7.83659e-12	287.149	1	0
0.1	0.9	5.67	1668.69	0	-7.83659e-12	290.035	1	0
0.1	0.9	5.68	1685.47	0	-7.83659e-12	292.949	1	0
0.1	0.9	5.69	1702.4	0	-7.83659e-12	295.894	1	0
0.1	0.9	5.7	1719.51	0	-7.83659e-12	298.867	1	0
0.1	0.9	5.71	1736.8	0	-7.83659e-12	301.871	1	0
0.1	0.9	5.72	1754.25	0	-7.83659e-12	304.905	1	0
0.1	0.9	5.73	1771.88	0	-7.83659e-12	307.969	1	0
0.1	0.9	5.74	1789.69	0	-7.83659e-12	311.064	1	0
0.1	0.9	5.75	1807.68	0	-7.83659e-12	314.191	1	0
0.1	0.9	5.76	1825.84	0	-7.83659e-12	317.348	1	0
0.1	0.9	5.77	1844.19	0	-7.83659e-12	320.538	1	0
0.1	0.9	5.78	1862.73	0	-7.83659e-12	323.759	1	0
0.1	0.9	5.79	1881.45	0	-7.83659e-12	327.013	1	0
0.1	0.9	5.8	1900.36	0	-7.83659e-12	330.3	1	0
0.1	0.9	5.81	1919.46	0	-7.83659e-12	333.619	1	0
0.1	0.9	5.82	1938.75	0	-7.83659e-12	336.972	1	0
0.1	0.9	5.83	1958.23	0	-7.83659e-12	340.359	1	0
0.1	0.9	5.84	1977.91	0	-7.83659e-12	343.779	1	0
0.1	0.9	5.85	1997.79	0	-7.83659e-12	347.234	1	0
0.1	0.9	5.86	2017.87	0	-7.83659e-12	350.724	1	0
0.1	0.9	5.87	2038.15	0	-7.83659e-12	354.249	1	0
0.1	0.9	5.88	2058.63	0	-7.83659e-12	357.809	1	0
0.1	0.9	5.89	2079.32	0	-7.83659e-12	361.405	1	0
0.1	0.9	5.9	2100.22	0	-7.83659e-12	365.037	1	0
0.1	0.9	5.91	2121.33	0	-7.83659e-12	368.706	1	0
0.1	0.9	5.92	2142.65	0	-7.83659e-12	372.412	1	0
0.1	0.9	5.93	2164.18	0	-7.83659e-12	376.155	1	0
0.1	0.9	5.94	2185.93	0	-7.83659e-12	379.935	1	0
0.1	0.9	5.95	2207.9	0	-7.83659e-12	383.753	1	0
0.1	0.9	5.96	2230.09	0	-7.83659e-12	387.61	1	0
0.1	0.9	5.97	2252.5	0	-7.83659e-12	391.506	1	0
0.1	0.9	5.98	2275.14	0	-7.83659e-12	395.44	1	0
0.1	0.9	5.99	2298.01	0	-7.83659e-12	399.415	1	0
0.1	0.9	6	2321.1	0	-7.83659e-12	403.429	1	0
0.1	0.9	6.01	2344.43	0	-7.83659e-12	407.483	1	0
0.1	0.9	6.02	2367.99	0	-7.83659e-12	411.579	1	0
0.1	0.9	6.03	2391.79	0	-7.83659e-12	415.715	1	0
0.1	0.9	6.04	2415.83	0	-7.83659e-12	419.893	1	0
0.1	0.9	6.05	2440.11	0	-7.83659e-12	424.113	1	0
0.1	0.9	6.06	2464.63	0	-7.83659e-12	428.375	1	0
0.1	0.9	6.07	2489.4	0	-7.83659e-12	432.681	1	0
0.1	0.9	6.08	2514.42	0	-7.83659e-12	437.029	1	0
0.1	0.9	6.09	2539.69	0	-7.83659e-12	441.421	1	0
0.1	0.9	6.1	2565.21	0	-7.83659e-12	445.858	1	0
0.1	0.9	6.11	2590.99	0	-7.83659e-12	450.339	1	0
0.1	0.9	6.12	2617.03	0	-7.83659e-12	454.865	1	0
0.1	0.9	6.13	2643.34	0	-7.83659e-12	459.436	1	0
0.1	0.9	6.14	2669.9	0	-7.83659e-12	464.054	1	0
0.1	0.9	6.15	2696.73	0	-7.83659e-12	468.717	1	0
0.1	0.9	6.16	2723.84	0	-7.83659e-12	473.428	1	0
0.1	0.9	6.17	2751.21	0	-7.83659e-12	478.186	1	0
0.1	0.9	6.18	2778.86	0	-7.83659e-12	482.992	1	0
0.1	0.9	6.19	2806.79	0	-7.83659e-12	487.846	1	0
0.1	0.9	6.2	2835	0	-7.83659e-12	492.749	1	0
0.1	0.9	6.21	2863.49	0	-7.83659e-12	497.701	1	0
0.1	0.9	6.22	2892.27	0	-7.83659e-12	502.703	1	0
0.1	0.9	6.23	2921.34	0	-7.83659e-12	507.755	1	0
0.1	0.9	6.24	2950.7	0	-7.83659e-12	512.859	1	0
0.1	0.9	6.25	2980.35	0	-7.83659e-12	518.013	1	0
0.1	0.9	6.26	3010.31	0	-7.83659e-12	523.219	1	0
0.1	0.9	6.27	3040.56	0	-7.83659e-12	528.477	1	0
0.1	0.9	6.28	3071.12	0	-7.83659e-12	533.789	1	0
0.1	0.9	6.29	3101.98	0	-7.83659e-12	539.153	1	0
0.1	0.9	6.3	3133.16	0	-7.83659e-12	544.572	1	0
0.1	0.9	6.31	3164.65	0	-7.83659e-12	550.045	1	0
0.1	0.9	6.32	3196.45	0	-7.83659e-12	555.573	1	0
0.1	0.9	6.33	3228.58	0	-7.83659e-12	561.157	1	0
0.1	0.9	6.34	3261.03	0	-7.83659e-12	566.796	1	0
0.1	0.9	6.35	3293.8	0	-7.83659e-12	572.493	1	0
0.1	0.9	6.36	3326.9	0	-7.83659e-12	578.246	1	0
0.1	0.9	6.37	3360.34	0	-7.83659e-12	584.058	1	0
0.1	0.9	6.38	3394.11	0	-7.83659e-12	589.928	1	0
0.1	0.9	6.39	3428.22	0	-7.83659e-12	595.857	1	0
0.1	0.9	6.4	3462.68	0	-7.83659e-12	601.845	1	0
0.1	0.9	6.41	3497.48	0	-7.83659e-12	607.894	1	0
0.1	0.9	6.42	3532.63	0	-7.83659e-12	614.003	1	0
0.1	0.9	6.43	3568.13	0	-7.83659e-12	620.174	1	0
0.1	0.9	6.44	3603.99	0	-7.83659e-12	626.407	1	0
0.1	0.9	6.45	3640.21	0	-7.83659e-12	632.702	1	0
0.1	0.9	6.46	3676.8	0	-7.83659e-12	639.061	1	0
0.1	0.9	6.47	3713.75	0	-7.83659e-12	645.484	1	0
0.1	0.9	6.48	3751.07	0	-7.83659e-12	651.971	1	0
0.1	0.9	6.49	3788.77	0	-7.83659e-12	658.523	1	0
0.1	0.9	6.5	3826.85	0	-7.83659e-12	665.142	1	0
0.1	0.9	6.51	3865.31	0	-7.83659e-12	671.826	1	0
0.1	0.9	6.52	3904.16	0	-7.83659e-12	678.578	1	0
0.1	0.9	6.53	3943.39	0	-7.83659e-12	685.398	1	0
0.1	0.9	6.54	3983.03	0	-7.83659e-12	692.287	1	0
0.1	0.9	6.55	4023.06	0	-7.83659e-12	699.244	1	0
0.1	0.9	6.56	4063.49	0	-7.83659e-12	706.272	1	0
0.1	0.9	6.57	4104.33	0	-7.83659e-12	713.37	1	0
0.1	0.9	6.58	4145.58	0	-7.83659e-12	720.539	1	0
0.1	0.9	6.59	4187.24	0	-7.83659e-12	727.781	1	0
0.1	0.9	6.6	4229.32	0	-7.83659e-12	735.095	1	0
0.1	0.9	6.61	4271.83	0	-7.83659e-12	742.483	1	0
0.1	0.9	6.62	4314.76	0	-7.83659e-12	749.945	1	0
0.1	0.9	6.63	4358.12	0	-7.83659e-12	757.482	1	0
0.1	0.9	6.64	4401.92	0	-7.83659e-12	765.095	1	0
0.1	0.9	6.65	4446.16	0	-7.83659e-12	772.784	1	0
0.1	0.9	6.66	4490.85	0	-7.83659e-12	780.551	1	0
0.1	0.9	6.67	4535.98	0	-7.83659e-12	788.396	1	0
0.1	0.9	6.68	4581.57	0	-7.83659e-12	796.319	1	0
0.1	0.9	6.69	4627.62	0	-7.83659e-12	804.322	1	0
0.1	0.9	6.7	4674.12	0	-7.83659e-12	812.406	1	0
0.1	0.9	6.71	4721.1	0	-7.83659e-12	820.571	1	0
0.1	0.9	6.72	4768.55	0	-7.83659e-12	828.818	1	0
0.1	0.9	6.73	4816.47	0	-7.83659e-12	837.147	1	0
0.1	0.9	6.74	4864.88	0	-7.83659e-12	845.561	1	0
0.1	0.9	6.75	4913.77	0	-7.83659e-12	854.059	1	0
0.1	0.9	6.76	4963.16	0	-7.83659e-12	862.642	1	0
0.1	0.9	6.77	5013.04	0	-7.83659e-12	871.312	1	0
0.1	0.9	6.78	5063.42	0	-7.83659e-12	880.069	1	0
0.1	0.9	6.79	5114.31	0	-7.83659e-12	888.914	1	0
0.1	0.9	6.8	5165.71	0	-7.83659e-12	897.847	1	0
0.1	0.9	6.81	5217.62	0	-7.83659e-12	906.871	1	0
0.1	0.9	6.82	5270.06	0	-7.83659e-12	915.985	1	0
0.1	0.9	6.83	5323.02	0	-7.83659e-12	925.191	1	0
0.1	0.9	6.84	5376.52	0	-7.83659e-12	934.489	1	0
0.1	0.9	6.85	5430.56	0	-7.83659e-12	943.881	1	0
0.1	0.9	6.86	5485.13	0	-7.83659e-12	953.367	1	0
0.1	0.9	6.87	5540.26	0	-7.83659e-12	962.949	1	0
0.1	0.9	6.88	5595.94	0	-7.83659e-12	972.626	1	0
0.1	0.9	6.89	5652.18	0	-7.83659e-12	982.401	1	0
0.1	0.9	6.9	5708.99	0	-7.83659e-12	992.275	1	0
0.1	0.9	6.91	5766.36	0	-7.83659e-12	1002.25	1	0
0.1	0.9	6.92	5824.32	0	-7.83659e-12	1012.32	1	0
0.1	0.9	6.93	5882.85	0	-7.83659e-12	1022.49	1	0
0.1	0.9	6.94	5941.98	0	-7.83659e-12	1032.77	1	0
0.1	0.9	6.95	6001.69	0	-7.83659e-12	1043.15	1	0
0.1	0.9	6.96	6062.01	0	-7.83659e-12	1053.63	1	0
0.1	0.9	6.97	6122.94	0	-7.83659e-12	1064.22	1	0
0.1	0.9	6.98	6184.47	0	-7.83659e-12	1074.92	1	0
0.1	0.9	6.99	6246.63	0	-7.83659e-12	1085.72	1	0
0.1	0.9	7	6309.41	0	-7.83659e-12	1096.63	1	0
0.1	0.9	7.01	6372.82	0	-7.83659e-12	1107.65	1	0
0.1	0.9	7.02	6436.87	0	-7.83659e-12	1118.79	1	0
0.1	0.9	7.03	6501.56	0	-7.83659e-12	1130.03	1	0
0.1	0.9	7.04	6566.9	0	-7.83659e-12	1141.39	1	0
0.1	0.9	7.05	6632.9	0	-7.83659e-12	1152.86	1	0
0.1	0.9	7.06	6699.56	0	-7.83659e-12	1164.45	1	0
0.1	0.9	7.07	6766.89	0	-7.83659e-12	1176.15	1	0
0.1	0.9	7.08	6834.9	0	-7.83659e-12	1187.97	1	0
0.1	0.9	7.09	6903.59	0	-7.83659e-12	1199.91	1	0
0.1	0.9	7.1	6972.97	0	-7.83659e-12	1211.97	1	0
0.1	0.9	7.11	7043.05	0	-7.83659e-12	1224.15	1	0
0.1	0.9	7.12	7113.84	0	-7.83659e-12	1236.45	1	0
0.1	0.9	7.13	7185.33	0	-7.83659e-12	1248.88	1	0
0.1	0.9	7.14	7257.55	0	-7.83659e-12	1261.43	1	0
0.1	0.9	7.15	7330.48	0	-7.83659e-12	1274.11	1	0
0.1	0.9	7.16	7404.16	0	-7.83659e-12	1286.91	1	0
0.1	0.9	7.17	7478.57	0	-7.83659e-12	1299.84	1	0
0.1	0.9	7.18	7553.73	0	-7.83659e-12	1312.91	1	0
0.1	0.9	7.19	7629.65	0	-7.83659e-12	1326.1	1	0
0.1	0.9	7.2	7706.33	0	-7.83659e-12	1339.43	1	0
0.1	0.9	7.21	7783.78	0	-7.83659e-12	1352.89	1	0
0.1	0.9	7.22	7862.01	0	-7.83659e-12	1366.49	1	0
0.1	0.9	7.23	7941.02	0	-7.83659e-12	1380.22	1	0
0.1	0.9	7.24	8020.83	0	-7.83659e-12	1394.09	1	0
0.1	0.9	7.25	8101.44	0	-7.83659e-12	1408.1	1	0
0.1	0.9	7.26	8182.86	0	-7.83659e-12	1422.26	1	0
0.1	0.9	7.27	8265.1	0	-7.83659e-12	1436.55	1	0
0.1	0.9	7.28	8348.16	0	-7.83659e-12	1450.99	1	0
0.1	0.9	7.29	8432.06	0	-7.83659e-12	1465.57	1	0
0.1	0.9	7.3	8516.81	0	-7.83659e-12	1480.3	1	0
0.1	0.9	7.31	8602.4	0	-7.83659e-12	1495.18	1	0
0.1	0.9	7.32	8688.86	0	-7.83659e-12	1510.2	1	0
0.1	0.9	7.33	8776.18	0	-7.83659e-12	1525.38	1	0
0.1	0.9	7.34	8864.39	0	-7.83659e-12	1540.71	1	0
0.1	0.9	7.35	8953.47	0	-7.83659e-12	1556.2	1	0
0.1	0.9	7.36	9043.46	0	-7.83659e-12	1571.84	1	0
0.1	0.9	7.37	9134.35	0	-7.83659e-12	1587.63	1	0
0.1	0.9	7.38	9226.15	0	-7.83659e-12	1603.59	1	0
0.1	0.9	7.39	9318.87	0	-7.83659e-12	1619.71	1	0
0.1	0.9	7.4	9412.53	0	-7.83659e-12	1635.98	1	0
0.1	0.9	7.41	9507.13	0	-7.83659e-12	1652.43	1	0
0.1	0.9	7.42	9602.67	0	-7.83659e-12	1669.03	1	0
0.1	0.9	7.43	9699.18	0	-7.83659e-12	1685.81	1	0
0.1	0.9	7.44	9796.66	0	-7.83659e-12	1702.75	1	0
0.1	0.9	7.45	9895.12	0	-7.83659e-12	1719.86	1	0
0.1	0.9	7.46	9994.57	0	-7.83659e-12	1737.15	1	0
0.1	0.9	7.47	10095	0	-7.83659e-12	1754.61	1	0
0.1	0.9	7.48	10196.5	0	-7.83659e-12	1772.24	1	0
0.1	0.9	7.49	10298.9	0	-7.83659e-12	1790.05	1	0
0.1	0.9	7.5	10402.5	0	-7.83659e-12	1808.04	1	0
0.1	0.9	7.51	10507	0	-7.83659e-12	1826.21	1	0
0.1	0.9	7.52	10612.6	0	-7.83659e-12	1844.57	1	0
0.1	0.9	7.53	10719.3	0	-7.83659e-12	1863.11	1	0
0.1	0.9	7.54	10827	0	-7.83659e-12	1881.83	1	0
0.1	0.9	7.55	10935.8	0	-7.83659e-12	1900.74	1	0
0.1	0.9	7.56	11045.7	0	-7.83659e-12	1919.85	1	0
0.1	0.9	7.57	11156.7	0	-7.83659e-12	1939.14	1	0
0.1	0.9	7.58	11268.8	0	-7.83659e-12	1958.63	1	0
0.1	0.9	7.59	11382.1	0	-7.83659e-12	1978.31	1	0
0.1	0.9	7.6	11496.5	0	-7.83659e-12	1998.2	1	0
0.1	0.9	7.61	11612	0	-7.83659e-12	2018.28	1	0
0.1	0.9	7.62	11728.7	0	-7.83659e-12	2038.56	1	0
0.1	0.9	7.63	11846.6	0	-7.83659e-12	2059.05	1	0
0.1	0.9	7.64	11965.7	0	-7.83659e-12	2079.74	1	0
0.1	0.9	7.65	12085.9	0	-7.83659e-12	2100.65	1	0
0.1	0.9	7.66	12207.4	0	-7.83659e-12	2121.76	1	0
0.1	0.9	7.67	12330.1	0	-7.83659e-12	2143.08	1	0
0.1	0.9	7.68	12454	0	-7.83659e-12	2164.62	1	0
0.1	0.9	7.69	12579.2	0	-7.83659e-12	2186.37	1	0
0.1	0.9	7.7	12705.6	0	-7.83659e-12	2208.35	1	0
0.1	0.9	7.71	12833.3	0	-7.83659e-12	2230.54	1	0
0.1	0.9	7.72	12962.3	0	-7.83659e-12	2252.96	1	0
0.1	0.9	7.73	13092.5	0	-7.83659e-12	2275.6	1	0
0.1	0.9	7.74	13224.1	0	-7.83659e-12	2298.47	1	0
0.1	0.9	7.75	13357	0	-7.83659e-12	2321.57	1	0
0.1	0.9	7.76	13491.3	0	-7.83659e-12	2344.9	1	0
0.1	0.9	7.77	13626.8	0	-7.83659e-12	2368.47	1	0
0.1	0.9	7.78	13763.8	0	-7.83659e-12	2392.27	1	0
0.1	0.9	7.79	13902.1	0	-7.83659e-12	2416.32	1	0
0.1	0.9	7.8	14041.8	0	-7.83659e-12	2440.6	1	0
0.1	0.9	7.81	14183	0	-7.83659e-12	2465.13	1	0
0.1	0.9	7.82	14325.5	0	-7.83659e-12	2489.91	1	0
0.1	0.9	7.83	14469.5	0	-7.83659e-12	2514.93	1	0
0.1	0.9	7.84	14614.9	0	-7.83659e-12	2540.2	1	0
0.1	0.9	7.85	14761.8	0	-7.83659e-12	2565.73	1	0
0.1	0.9	7.86	14910.1	0	-7.83659e-12	2591.52	1	0
0.1	0.9	7.87	15060	0	-7.83659e-12	2617.57	1	0
0.1	0.9	7.88	15211.3	0	-7.83659e-12	2643.87	1	0
0.1	0.9	7.89	15364.2	0	-7.83659e-12	2670.44	1	0
0.1	0.9	7.9	15518.6	0	-7.83659e-12	2697.28	1	0
0.1	0.9	7.91	15674.6	0	-7.83659e-12	2724.39	1	0
0.1	0.9	7.92	15832.1	0	-7.83659e-12	2751.77	1	0
0.1	0.9	7.93	15991.2	0	-7.83659e-12	2779.43	1	0
0.1	0.9	7.94	16152	0	-7.83659e-12	2807.36	1	0
0.1	0.9	7.95	16314.3	0	-7.83659e-12	2835.57	1	0
0.1	0.9	7.96	16478.3	0	-7.83659e-12	2864.07	1	0
0.1	0.9	7.97	16643.9	0	-7.83659e-12	2892.86	1	0
0.1	0.9	7.98	16811.1	0	-7.83659e-12	2921.93	1	0
0.1	0.9	7.99	16980.1	0	-7.83659e-12	2951.3	1	0
0.1	0.9	8	17150.7	0	-7.83659e-12	2980.96	1	0
0.1	0.9	8.01	17323.1	0	-7.83659e-12	3010.92	1	0
0.1	0.9	8.02	17497.2	0	-7.83659e-12	3041.18	1	0
0.1	0.9	8.03	17673.1	0	-7.83659e-12	3071.74	1	0
0.1	0.9	8.04	17850.7	0	-7.83659e-12	3102.61	1	0
0.1	0.9	8.05	18030.1	0	-7.83659e-12	3133.79	1	0
0.1	0.9	8.06	18211.3	0	-7.83659e-12	3165.29	1	0
0.1	0.9	8.07	18394.3	0	-7.83659e-12	3197.1	1	0
0.1	0.9	8.08	18579.2	0	-7.83659e-12	3229.23	1	0
0.1	0.9	8.09	18765.9	0	-7.83659e-12	3261.69	1	0
0.1	0.9	8.1	18954.5	0	-7.83659e-12	3294.47	1	0
0.1	0.9	8.11	19145	0	-7.83659e-12	3327.58	1	0
0.1	0.9	8.12	19337.4	0	-7.83659e-12	3361.02	1	0
0.1	0.9	8.13	19531.8	0	-7.83659e-12	3394.8	1	0
0.1	0.9	8.14	19728.1	0	-7.83659e-12	3428.92	1	0
0.1	0.9	8.15	19926.3	0	-7.83659e-12	3463.38	1	0
0.1	0.9	8.16	20126.6	0	-7.83659e-12	3498.19	1	0
0.1	0.9	8.17	20328.9	0	-7.83659e-12	3533.34	1	0
0.1	0.9	8.18	20533.2	0	-7.83659e-12	3568.85	1	0
0.1	0.9	8.19	20739.5	0	-7.83659e-12	3604.72	1	0
0.1	0.9	8.2	20948	0	-7.83659e-12	3640.95	1	0
0.1	0.9	8.21	21158.5	0	-7.83659e-12	3677.54	1	0
0.1	0.9	8.22	21371.1	0	-7.83659e-12	3714.5	1	0
0.1	0.9	8.23	21585.9	0	-7.83659e-12	3751.83	1	0
0.1	0.9	8.24	21802.9	0	-7.83659e-12	3789.54	1	0
0.1	0.9	8.25	22022	0	-7.83659e-12	3827.63	1	0
0.1	0.9	8.26	22243.3	0	-7.83659e-12	3866.09	1	0
0.1	0.9	8.27	22466.9	0	-7.83659e-12	3904.95	1	0
0.1	0.9	8.28	22692.7	0	-7.83659e-12	3944.19	1	0
0.1	0.9	8.29	22920.7	0	-7.83659e-12	3983.83	1	0
0.1	0.9	8.3	23151.1	0	-7.83659e-12	4023.87	1	0
0.1	0.9	8.31	23383.8	0	-7.83659e-12	4064.31	1	0
0.1	0.9	8.32	23618.8	0	-7.83659e-12	4105.16	1	0
0.1	0.9	8.33	23856.1	0	-7.83659e-12	4146.42	1	0
0.1	0.9	8.34	24095.9	0	-7.83659e-12	4188.09	1	0
0.1	0.9	8.35	24338.1	0	-7.83659e-12	4230.18	1	0
0.1	0.9	8.36	24582.7	0	-7.83659e-12	4272.69	1	0
0.1	0.9	8.37	24829.7	0	-7.83659e-12	4315.64	1	0
0.1	0.9	8.38	25079.3	0	-7.83659e-12	4359.01	1	0
0.1	0.9	8.39	25331.3	0	-7.83659e-12	4402.82	1	0
0.1	0.9	8.4	25585.9	0	-7.83659e-12	4447.07	1	0
0.1	0.9	8.41	25843	0	-7.83659e-12	4491.76	1	0
0.1	0.9	8.42	26102.8	0	-7.83659e-12	4536.9	1	0
0.1	0.9	8.43	26365.1	0	-7.83659e-12	4582.5	1	0
0.1	0.9	8.44	26630.1	0	-7.83659e-12	4628.55	1	0
0.1	0.9	8.45	26897.7	0	-7.83659e-12	4675.07	1	0
0.1	0.9	8.46	27168.1	0	-7.83659e-12	4722.06	1	0
0.1	0.9	8.47	27441.1	0	-7.83659e-12	4769.52	1	0
0.1	0.9	8.48	27716.9	0	-7.83659e-12	4817.45	1	0
0.1	0.9	8.49	27995.4	0	-7.83659e-12	4865.87	1	0
0.1	0.9	8.5	28276.8	0	-7.83659e-12	4914.77	1	0
0.1	0.9	8.51	28561	0	-7.83659e-12	4964.16	1	0
0.1	0.9	8.52	28848	0	-7.83659e-12	5014.05	1	0
0.1	0.9	8.53	29138	0	-7.83659e-12	5064.45	1	0
0.1	0.9	8.54	29430.8	0	-7.83659e-12	5115.34	1	0
0.1	0.9	8.55	29726.6	0	-7.83659e-12	5166.75	1	0
0.1	0.9	8.56	30025.3	0	-7.83659e-12	5218.68	1	0
0.1	0.9	8.57	30327.1	0	-7.83659e-12	5271.13	1	0
0.1	0.9	8.58	30631.9	0	-7.83659e-12	5324.11	1	0
0.1	0.9	8.59	30939.7	0	-7.83659e-12	5377.61	1	0
0.1	0.9	8.6	31250.7	0	-7.83659e-12	5431.66	1	0
0.1	0.9	8.61	31564.8	0	-7.83659e-12	5486.25	1	0
0.1	0.9	8.62	31882	0	-7.83659e-12	5541.39	1	0
0.1	0.9	8.63	32202.4	0	-7.83659e-12	5597.08	1	0
0.1	0.9	8.64	32526.1	0	-7.83659e-12	5653.33	1	0
0.1	0.9	8.65	32853	0	-7.83659e-12	5710.15	1	0
0.1	0.9	8.66	33183.1	0	-7.83659e-12	5767.53	1	0
0.1	0.9	8.67	33516.6	0	-7.83659e-12	5825.5	1	0
0.1	0.9	8.68	33853.5	0	-7.83659e-12	5884.05	1	0
0.1	0.9	8.69	34193.7	0	-7.83659e-12	5943.18	1	0
0.1	0.9	8.7	34537.4	0	-7.83659e-12	6002.91	1	0
0.1	0.9	8.71	34884.5	0	-7.83659e-12	6063.24	1	0
0.1	0.9	8.72	35235.1	0	-7.83659e-12	6124.18	1	0
0.1	0.9	8.73	35589.2	0	-7.83659e-12	6185.73	1	0
0.1	0.9	8.74	35946.9	0	-7.83659e-12	6247.9	1	0
0.1	0.9	8.75	36308.1	0	-7.83659e-12	6310.69	1	0
0.1	0.9	8.76	36673	0	-7.83659e-12	6374.11	1	0
0.1	0.9	8.77	37041.6	0	-7.83659e-12	6438.17	1	0
0.1	0.9	8.78	37413.9	0	-7.83659e-12	6502.88	1	0
0.1	0.9	8.79	37789.9	0	-7.83659e-12	6568.23	1	0
0.1	0.9	8.8	38169.7	0	-7.83659e-12	6634.24	1	0
0.1	0.9	8.81	38553.3	0	-7.83659e-12	6700.92	1	0
0.1	0.9	8.82	38940.8	0	-7.83659e-12	6768.26	1	0
0.1	0.9	8.83	39332.1	0	-7.83659e-12	6836.29	1	0
0.1	0.9	8.84	39727.4	0	-7.83659e-12	6904.99	1	0
0.1	0.9	8.85	40126.7	0	-7.83659e-12	6974.39	1	0
0.1	0.9	8.86	40530	0	-7.83659e-12	7044.48	1	0
0.1	0.9	8.87	40937.3	0	-7.83659e-12	7115.28	1	0
0.1	0.9	8.88	41348.7	0	-7.83659e-12	7186.79	1	0
0.1	0.9	8.89	41764.3	0	-7.83659e-12	7259.02	1	0
0.1	0.9	8.9	42184	0	-7.83659e-12	7331.97	1	0
0.1	0.9	8.91	42608	0	-7.83659e-12	7405.66	1	0
0.1	0.9	8.92	43036.2	0	-7.83659e-12	7480.09	1	0
0.1	0.9	8.93	43468.7	0	-7.83659e-12	7555.27	1	0
0.1	0.9	8.94	43905.6	0	-7.83659e-12	7631.2	1	0
0.1	0.9	8.95	44346.8	0	-7.83659e-12	7707.89	1	0
0.1	0.9	8.96	44792.5	0	-7.83659e-12	7785.36	1	0
0.1	0.9	8.97	45242.7	0	-7.83659e-12	7863.6	1	0
0.1	0.9	8.98	45697.4	0	-7.83659e-12	7942.63	1	0
0.1	0.9	8.99	46156.7	0	-7.83659e-12	8022.46	1	0
0.1	0.9	9	46620.6	0	-7.83659e-12	8103.08	1	0
0.1	0.9	9.01	47089.1	0	-7.83659e-12	8184.52	1	0
0.1	0.9	9.02	47562.4	0	-7.83659e-12	8266.78	1	0
0.1	0.9	9.03	48040.4	0	-7.83659e-12	8349.86	1	0
0.1	0.9	9.04	48523.2	0	-7.83659e-12	8433.78	1	0
0.1	0.9	9.05	49010.8	0	-7.83659e-12	8518.54	1	0
0.1	0.9	9.06	49503.4	0	-7.83659e-12	8604.15	1	0
0.1	0.9	9.07	50000.9	0	-7.83659e-12	8690.62	1	0
0.1	0.9	9.08	50503.5	0	-7.83659e-12	8777.97	1	0
0.1	0.9	9.09	51011	0	-7.83659e-12	8866.19	1	0
0.1	0.9	9.1	51523.7	0	-7.83659e-12	8955.29	1	0
0.1	0.9	9.11	52041.5	0	-7.83659e-12	9045.29	1	0
0.1	0.9	9.12	52564.5	0	-7.83659e-12	9136.2	1	0
0.1	0.9	9.13	53092.8	0	-7.83659e-12	9228.02	1	0
0.1	0.9	9.14	53626.4	0	-7.83659e-12	9320.77	1	0
0.1	0.9	9.15	54165.4	0	-7.83659e-12	9414.44	1	0
0.1	0.9	9.16	54709.7	0	-7.83659e-12	9509.06	1	0
0.1	0.9	9.17	55259.6	0	-7.83659e-12	9604.62	1	0
0.1	0.9	9.18	55814.9	0	-7.83659e-12	9701.15	1	0
0.1	0.9	9.19	56375.9	0	-7.83659e-12	9798.65	1	0
0.1	0.9	9.2	56942.5	0	-7.83659e-12	9897.13	1	0
0.1	0.9	9.21	57514.8	0	-7.83659e-12	9996.6	1	0
0.1	0.9	9.22	58092.8	0	-7.83659e-12	10097.1	1	0
0.1	0.9	9.23	58676.6	0	-7.83659e-12	10198.5	1	0
0.1	0.9	9.24	59266.3	0	-7.83659e-12	10301	1	0
0.1	0.9	9.25	59862	0	-7.83659e-12	10404.6	1	0
0.1	0.9	9.26	60463.6	0	-7.83659e-12	10509.1	1	0
0.1	0.9	9.27	61071.3	0	-7.83659e-12	10614.8	1	0
0.1	0.9	9.28	61685.1	0	-7.83659e-12	10721.4	1	0
0.1	0.9	9.29	62305	0	-7.83659e-12	10829.2	1	0
0.1	0.9	9.3	62931.2	0	-7.83659e-12	10938	1	0
0.1	0.9	9.31	63563.6	0	-7.83659e-12	11047.9	1	0
0.1	0.9	9.32	64202.5	0	-7.83659e-12	11159	1	0
0.1	0.9	9.33	64847.7	0	-7.83659e-12	11271.1	1	0
0.1	0.9	9.34	65499.4	0	-7.83659e-12	11384.4	1	0
0.1	0.9	9.35	66157.7	0	-7.83659e-12	11498.8	1	0
0.1	0.9	9.36	66822.6	0	-7.83659e-12	11614.4	1	0
0.1	0.9	9.37	67494.2	0	-7.83659e-12	11731.1	1	0
0.1	0.9	9.38	68172.5	0	-7.83659e-12	11849	1	0
0.1	0.9	9.39	68857.7	0	-7.83659e-12	11968.1	1	0
0.1	0.9	9.4	69549.7	0	-7.83659e-12	12088.4	1	0
0.1	0.9	9.41	70248.7	0	-7.83659e-12	12209.9	1	0
0.1	0.9	9.42	70954.7	0	-7.83659e-12	12332.6	1	0
0.1	0.9	9.43	71667.8	0	-7.83659e-12	12456.5	1	0
0.1	0.9	9.44	72388.1	0	-7.83659e-12	12581.7	1	0
0.1	0.9	9.45	73115.6	0	-7.83659e-12	12708.2	1	0
0.1	0.9	9.46	73850.4	0	-7.83659e-12	12835.9	1	0
0.1	0.9	9.47	74592.6	0	-7.83659e-12	12964.9	1	0
0.1	0.9	9.48	75342.3	0	-7.83659e-12	13095.2	1	0
0.1	0.9	9.49	76099.5	0	-7.83659e-12	13226.8	1	0
0.1	0.9	9.5	76864.3	0	-7.83659e-12	13359.7	1	0
0.1	0.9	9.51	77636.8	0	-7.83659e-12	13494	1	0
0.1	0.9	9.52	78417.1	0	-7.83659e-12	13629.6	1	0
0.1	0.9	9.53	79205.2	0	-7.83659e-12	13766.6	1	0
0.1	0.9	9.54	80001.2	0	-7.83659e-12	13904.9	1	0
0.1	0.9	9.55	80805.2	0	-7.83659e-12	14044.7	1	0
0.1	0.9	9.56	81617.3	0	-7.83659e-12	14185.8	1	0
0.1	0.9	9.57	82437.6	0	-7.83659e-12	14328.4	1	0
0.1	0.9	9.58	83266.1	0	-7.83659e-12	14472.4	1	0
0.1	0.9	9.59	84103	0	-7.83659e-12	14617.9	1	0
0.1	0.9	9.6	84948.2	0	-7.83659e-12	14764.8	1	0
0.1	0.9	9.61	85801.9	0	-7.83659e-12	14913.2	1	0
0.1	0.9	9.62	86664.3	0	-7.83659e-12	15063	1	0
0.1	0.9	9.63	87535.3	0	-7.83659e-12	15214.4	1	0
0.1	0.9	9.64	88415	0	-7.83659e-12	15367.3	1	0
0.1	0.9	9.65	89303.6	0	-7.83659e-12	15521.8	1	0
0.1	0.9	9.66	90201.1	0	-7.83659e-12	15677.8	1	0
0.1	0.9	9.67	91107.6	0	-7.83659e-12	15835.3	1	0
0.1	0.9	9.68	92023.3	0	-7.83659e-12	15994.5	1	0
0.1	0.9	9.69	92948.1	0	-7.83659e-12	16155.2	1	0
0.1	0.9	9.7	93882.3	0	-7.83659e-12	16317.6	1	0
0.1	0.9	9.71	94825.8	0	-7.83659e-12	16481.6	1	0
0.1	0.9	9.72	95778.8	0	-7.83659e-12	16647.2	1	0
0.1	0.9	9.73	96741.4	0	-7.83659e-12	16814.6	1	0
0.1	0.9	9.74	97713.7	0	-7.83659e-12	16983.5	1	0
0.1	0.9	9.75	98695.7	0	-7.83659e-12	17154.2	1	0
0.1	0.9	9.76	99687.6	0	-7.83659e-12	17326.6	1	0
0.1	0.9	9.77	100690	0	-7.83659e-12	17500.8	1	0
0.1	0.9	9.78	101701	0	-7.83659e-12	17676.7	1	0
0.1	0.9	9.79	102724	0	-7.83659e-12	17854.3	1	0
0.1	0.9	9.8	103756	0	-7.83659e-12	18033.7	1	0
0.1	0.9	9.81	104799	0	-7.83659e-12	18215	1	0
0.1	0.9	9.82	105852	0	-7.83659e-12	18398.1	1	0
0.1	0.9	9.83	106916	0	-7.83659e-12	18583	1	0
0.1	0.9	9.84	107990	0	-7.83659e-12	18769.7	1	0
0.1	0.9	9.85	109076	0	-7.83659e-12	18958.4	1	0
0.1	0.9	9.86	110172	0	-7.83659e-12	19148.9	1	0
0.1	0.9	9.87	111279	0	-7.83659e-12	19341.3	1	0
0.1	0.9	9.88	112397	0	-7.83659e-12	19535.7	1	0
0.1	0.9	9.89	113527	0	-7.83659e-12	19732.1	1	0
0.1	0.9	9.9	114668	0	-7.83659e-12	19930.4	1	0
0.1	0.9	9.91	115821	0	-7.83659e-12	20130.7	1	0
0.1	0.9	9.92	116985	0	-7.83659e-12	20333	1	0
0.1	0.9	9.93	118160	0	-7.83659e-12	20537.3	1	0
0.1	0.9	9.94	119348	0	-7.83659e-12	20743.7	1	0
0.1	0.9	9.95	120547	0	-7.83659e-12	20952.2	1	0
0.1	0.9	9.96	121759	0	-7.83659e-12	21162.8	1	0
0.1	0.9	9.97	122982	0	-7.83659e-12	21375.5	1	0
0.1	0.9	9.98	124218	0	-7.83659e-12	21590.3	1	0
0.1	0.9	9.99	125467	0	-7.83659e-12	21807.3	1	0
0.1	0.9	10	126728	0	-7.83659e-12	22026.5	1	0
