# Filename: 3Dvlt_K0cFind3_Plot_2112Op_Cc0.30.dat
# Source: 3Dvlt_K0cFind3_Plot.c
# Source version: 1 (2012 Jun 07 - ...)
# Constant values: PI= 3.141592653589793116, PISQ=9.8696044010893579923, PICU=31.0062766802998162063
# Parameter values: OpA=2, OpAa=1, OpB=1, OpC=2, B=41.3417022403997549418, THETA=0.6, N=2, initialdl=1e-05, trajectorydl=0.0001, initialds=1e-05, trajectorydsMax=1e-05, uncertainty=1e-17, dataskipdl=100, dataskipds=9999
# Option-dependent values: K=0.387508189712343409372, y=0.0624210054576019024442, Kstar=0.387508189712343409372, ystar=0.0624210054576019024442, c=0.596855989378173079629, Z=3.70526847921412993969, lambda=-2.48878567955778740028, initialKdir=1, flowdir=-1, Max_steps=100000
# Initialized values: Deltas=0.719858, Deltal=-31.637, count_steps=0, count_loops=0, K0c=0, oldK0c=-100
# Input-file parameter: Cc=0.3
# step	K	y	path-length-l	path-length-s (in K-y-space)
0	0.38750818971234341	0.062421005457601902	-31.637	0.719858
1	0.38751791398650065	0.062423337515087121	-31.637	0.719868
2	0.38751791640706235	0.06242333809557566	-31.6371	0.719868
3	0.38751791882822662	0.062423338676208695	-31.6372	0.719868
4	0.38751792124999357	0.062423339256986267	-31.6373	0.719868
5	0.38751792367236337	0.062423339837908411	-31.6374	0.719868
6	0.3875179260953362	0.062423340418975161	-31.6375	0.719868
7	0.38751792851891215	0.062423341000186552	-31.6376	0.719868
8	0.38751793094309139	0.062423341581542627	-31.6377	0.719868
9	0.3875179333678741	0.062423342163043419	-31.6378	0.719868
10	0.38751793579326038	0.062423342744688956	-31.6379	0.719868
100	0.38751815656872712	0.062423395690094141	-31.6469	0.719869
200	0.38751840774547769	0.062423455926195463	-31.6569	0.719869
300	0.38751866525241802	0.062423517680367344	-31.6669	0.719869
400	0.3875189292490957	0.062423580990870892	-31.6769	0.719869
500	0.38751919989908001	0.062423645896931661	-31.6869	0.71987
600	0.38751947737006442	0.06242371243876401	-31.6969	0.71987
700	0.38751976183396941	0.062423780657596004	-31.7069	0.71987
800	0.38752005346704865	0.062423850595695038	-31.7169	0.719871
900	0.38752035245000033	0.062423922296393895	-31.7269	0.719871
1000	0.38752065896807714	0.062423995804117831	-31.7369	0.719871
1100	0.38752097321120221	0.062424071164411961	-31.7469	0.719871
1200	0.38752129537408636	0.062424148423969414	-31.7569	0.719872
1300	0.3875216256563499	0.062424227630660641	-31.7669	0.719872
1400	0.38752196426264457	0.062424308833562765	-31.7769	0.719872
1500	0.3875223114027822	0.062424392082990103	-31.7869	0.719873
1600	0.38752266729186452	0.062424477430525427	-31.7969	0.719873
1700	0.387523032150415	0.062424564929051941	-31.8069	0.719874
1800	0.38752340620451786	0.062424654632785993	-31.8169	0.719874
1900	0.38752378968595746	0.062424746597310822	-31.8269	0.719874
2000	0.38752418283236117	0.062424840879610956	-31.8369	0.719875
2100	0.38752458588734823	0.062424937538107496	-31.8469	0.719875
2200	0.38752499910068022	0.062425036632694483	-31.8569	0.719876
2300	0.38752542272841495	0.062425138224776064	-31.8669	0.719876
2400	0.38752585703306819	0.062425242377304409	-31.8769	0.719876
2500	0.38752630228377277	0.06242534915481885	-31.8869	0.719877
2600	0.38752675875644854	0.062425458623486009	-31.8969	0.719877
2700	0.38752722673397222	0.062425570851140685	-31.9069	0.719878
2800	0.38752770650635349	0.062425685907328061	-31.9169	0.719878
2900	0.38752819837091412	0.062425803863346729	-31.9269	0.719879
3000	0.38752870263247391	0.062425924792293135	-31.9369	0.719879
3100	0.38752921960353798	0.062426048769106679	-31.9469	0.71988
3200	0.38752974960449249	0.06242617587061635	-31.9569	0.719881
3300	0.38753029296380193	0.062426306175588413	-31.9669	0.719881
3400	0.38753085001821536	0.062426439764775299	-31.9769	0.719882
3500	0.38753142111297184	0.062426576720965528	-31.9869	0.719882
3600	0.38753200660201731	0.062426717129035428	-31.9969	0.719883
3700	0.38753260684822449	0.062426861076001407	-32.0069	0.719883
3800	0.38753322222361675	0.062427008651074312	-32.0169	0.719884
3900	0.3875338531095997	0.062427159945714586	-32.0269	0.719885
4000	0.38753449989719818	0.062427315053689106	-32.0369	0.719885
4100	0.38753516298729879	0.062427474071129446	-32.0469	0.719886
4200	0.38753584279089864	0.062427637096591451	-32.0569	0.719887
4300	0.38753653972936086	0.062427804231116428	-32.0669	0.719887
4400	0.38753725423467639	0.062427975578293965	-32.0769	0.719888
4500	0.38753798674973228	0.062428151244326172	-32.0869	0.719889
4600	0.3875387377285861	0.062428331338093716	-32.0969	0.71989
4700	0.3875395076367486	0.062428515971223258	-32.1069	0.719891
4800	0.38754029695147313	0.062428705258156941	-32.1169	0.719891
4900	0.3875411061620509	0.06242889931622337	-32.1269	0.719892
5000	0.38754193577011636	0.062429098265710505	-32.1369	0.719893
5100	0.38754278628995809	0.062429302229940482	-32.1469	0.719894
5200	0.38754365824883857	0.062429511335345939	-32.1569	0.719895
5300	0.3875445521873222	0.062429725711548804	-32.1669	0.719896
5400	0.38754546865960998	0.062429945491440771	-32.1769	0.719897
5500	0.38754640823388586	0.062430170811265763	-32.1869	0.719898
5600	0.38754737149266777	0.062430401810704715	-32.1969	0.719899
5700	0.38754835903317153	0.062430638632962339	-32.2069	0.7199
5800	0.38754937146768126	0.062430881424856019	-32.2169	0.719901
5900	0.38755040942392982	0.06243113033690717	-32.2269	0.719902
6000	0.38755147354548986	0.062431385523434704	-32.2369	0.719903
6100	0.38755256449217379	0.062431647142651016	-32.2469	0.719904
6200	0.38755368294044351	0.062431915356760355	-32.2569	0.719905
6300	0.38755482958383164	0.062432190332059538	-32.2669	0.719906
6400	0.38755600513337313	0.06243247223904147	-32.2769	0.719908
6500	0.38755721031804735	0.062432761252501079	-32.2869	0.719909
6600	0.38755844588523164	0.062433057551644133	-32.2969	0.71991
6700	0.3875597126011664	0.062433361320198562	-32.3069	0.719911
6800	0.38756101125143139	0.06243367274652873	-32.3169	0.719913
6900	0.38756234264143541	0.062433992023752792	-32.3269	0.719914
7000	0.38756370759691733	0.062434319349862558	-32.3369	0.719915
7100	0.3875651069644605	0.062434654927846972	-32.3469	0.719917
7200	0.38756654161201903	0.062434998965818216	-32.3569	0.719918
7300	0.38756801242945838	0.062435351677141315	-32.3669	0.71992
7400	0.38756952032910996	0.062435713280566824	-32.3769	0.719921
7500	0.38757106624633991	0.062436084000367209	-32.3869	0.719923
7600	0.38757265114013073	0.062436464066476294	-32.3969	0.719925
7700	0.38757427599367883	0.062436853714632451	-32.4069	0.719926
7800	0.38757594181500743	0.06243725318652546	-32.4169	0.719928
7900	0.38757764963759528	0.062437662729946948	-32.4269	0.71993
8000	0.38757940052101991	0.062438082598944782	-32.4369	0.719932
8100	0.38758119555161891	0.062438513053981404	-32.4469	0.719933
8200	0.38758303584316645	0.062438954362095921	-32.4569	0.719935
8300	0.38758492253756838	0.062439406797070704	-32.4669	0.719937
8400	0.38758685680557425	0.062439870639601949	-32.4769	0.719939
8500	0.38758883984750842	0.062440346177474577	-32.4869	0.719941
8600	0.38759087289401734	0.062440833705741786	-32.4969	0.719943
8700	0.38759295720683878	0.062441333526908935	-32.5069	0.719946
8800	0.38759509407958953	0.062441845951122156	-32.5169	0.719948
8900	0.3875972848385717	0.062442371296361869	-32.5269	0.71995
9000	0.38759953084360205	0.062442909888641242	-32.5369	0.719952
9100	0.38760183348885996	0.062443462062209416	-32.5469	0.719955
9200	0.38760419420375941	0.062444028159760287	-32.5569	0.719957
9300	0.38760661445384265	0.062444608532646308	-32.5669	0.71996
9400	0.38760909574169328	0.062445203541097845	-32.5769	0.719962
9500	0.38761163960787853	0.062445813554448136	-32.5869	0.719965
9600	0.38761424763191066	0.062446438951364036	-32.5969	0.719967
9700	0.38761692143323528	0.062447080120082446	-32.6069	0.71997
9800	0.38761966267224329	0.062447737458652987	-32.6169	0.719973
9900	0.38762247305131153	0.062448411375186662	-32.6269	0.719976
10000	0.38762535431586576	0.062449102288111076	-32.6369	0.719979
10100	0.38762830825547545	0.062449810626432012	-32.6469	0.719982
10200	0.38763133670497318	0.062450536830001784	-32.6569	0.719985
10300	0.38763444154560328	0.062451281349794156	-32.6669	0.719988
10400	0.38763762470620122	0.062452044648186884	-32.6769	0.719991
10500	0.38764088816440218	0.062452827199250764	-32.6869	0.719995
10600	0.38764423394787989	0.062453629489046564	-32.6969	0.719998
10700	0.3876476641356183	0.062454452015929453	-32.7069	0.720002
10800	0.38765118085921657	0.062455295290860885	-32.7169	0.720005
10900	0.38765478630422473	0.062456159837729008	-32.7269	0.720009
11000	0.38765848271151593	0.062457046193676861	-32.7369	0.720013
11100	0.38766227237869372	0.062457954909439041	-32.7469	0.720017
11200	0.38766615766153506	0.062458886549687252	-32.7569	0.720021
11300	0.38767014097546842	0.062459841693384269	-32.7669	0.720025
11400	0.38767422479709412	0.062460820934147371	-32.7769	0.720029
11500	0.38767841166573985	0.062461824880620874	-32.7869	0.720033
11600	0.38768270418505785	0.062462854156858323	-32.7969	0.720038
11700	0.38768710502466319	0.062463909402714381	-32.8069	0.720042
11800	0.38769161692181359	0.062464991274246949	-32.8169	0.720047
11900	0.38769624268313363	0.062466100444129348	-32.8269	0.720052
12000	0.38770098518638152	0.062467237602073525	-32.8369	0.720057
12100	0.3877058473822636	0.062468403455263659	-32.8469	0.720062
12200	0.38771083229629333	0.062469598728801173	-32.8569	0.720067
12300	0.38771594303070067	0.062470824166161329	-32.8669	0.720072
12400	0.38772118276638873	0.062472080529661259	-32.8769	0.720077
12500	0.38772655476494194	0.062473368600940195	-32.8869	0.720083
12600	0.38773206237068619	0.062474689181452256	-32.8969	0.720089
12700	0.38773770901280236	0.062476043092971681	-32.9069	0.720094
12800	0.38774349820749254	0.062477431178111158	-32.9169	0.7201
12900	0.38774943356020664	0.06247885430085378	-32.9269	0.720106
13000	0.3877555187679213	0.062480313347098443	-32.9369	0.720113
13100	0.38776175762148318	0.062481809225219405	-32.9469	0.720119
13200	0.38776815400800896	0.062483342866640534	-32.9569	0.720126
13300	0.38777471191334995	0.062484915226424069	-32.9669	0.720132
13400	0.38778143542461996	0.062486527283875083	-32.9769	0.720139
13500	0.38778832873278885	0.062488180043161118	-32.9869	0.720146
13600	0.38779539613534492	0.062489874533948185	-32.9969	0.720154
13700	0.38780264203902332	0.062491611812053517	-33.0069	0.720161
13800	0.38781007096261039	0.062493392960114545	-33.0169	0.720169
13900	0.38781768753981577	0.062495219088276051	-33.0269	0.720177
14000	0.38782549652222564	0.062497091334894714	-33.0369	0.720185
14100	0.38783350278232698	0.062499010867262172	-33.0469	0.720193
14200	0.38784171131661549	0.062500978882346916	-33.0569	0.720201
14300	0.38785012724878237	0.06250299660755558	-33.0669	0.72021
14400	0.38785875583298551	0.062505065301513715	-33.0769	0.720219
14500	0.38786760245720736	0.062507186254867925	-33.0869	0.720228
14600	0.38787667264669939	0.062509360791107665	-33.0969	0.720237
14700	0.38788597206751751	0.062511590267409642	-33.1069	0.720247
14800	0.38789550653015142	0.062513876075503738	-33.1169	0.720257
14900	0.38790528199324836	0.062516219642561835	-33.1269	0.720267
15000	0.38791530456743573	0.062518622432109788	-33.1369	0.720277
15100	0.38792558051924514	0.062521085944964069	-33.1469	0.720288
15200	0.38793611627513813	0.062523611720191552	-33.1569	0.720298
15300	0.38794691842564172	0.062526201336096474	-33.1669	0.720309
15400	0.38795799372959039	0.062528856411231598	-33.1769	0.720321
15500	0.38796934911848124	0.062531578605437468	-33.1869	0.720333
15600	0.38798099170094597	0.06253436962090822	-33.1969	0.720345
15700	0.38799292876734076	0.062537231203285679	-33.2069	0.720357
15800	0.3880051677944597	0.062540165142782919	-33.2169	0.720369
15900	0.38801771645037081	0.062543173275337413	-33.2269	0.720382
16000	0.38803058259938561	0.06254625748379404	-33.2369	0.720396
16100	0.38804377430715659	0.062549419699120576	-33.2469	0.720409
16200	0.38805729984591403	0.062552661901654968	-33.2569	0.720423
16300	0.38807116769984451	0.06255598612238579	-33.2669	0.720437
16400	0.38808538657060887	0.062559394444267127	-33.2769	0.720452
16500	0.38809996538301444	0.062562889003568281	-33.2869	0.720467
16600	0.38811491329083503	0.062566471991259587	-33.2969	0.720482
16700	0.38813023968279148	0.062570145654435666	-33.3069	0.720498
16800	0.38814595418869136	0.062573912297776535	-33.3169	0.720514
16900	0.38816206668573427	0.06257777428504796	-33.3269	0.720531
17000	0.388178587304992	0.062581734040642267	-33.3369	0.720548
17100	0.3881955264380591	0.062585794051160576	-33.3469	0.720565
17200	0.38821289474388943	0.062589956867037833	-33.3569	0.720583
17300	0.38823070315581498	0.062594225104211657	-33.3669	0.720601
17400	0.38824896288875749	0.062598601445836372	-33.3769	0.72062
17500	0.38826768544663859	0.062603088644043542	-33.3869	0.720639
17600	0.38828688262999089	0.062607689521750179	-33.3969	0.720659
17700	0.38830656654377926	0.062612406974516505	-33.4069	0.720679
17800	0.38832674960543656	0.062617243972453676	-33.4169	0.7207
17900	0.38834744455312104	0.062622203562184342	-33.4269	0.720721
18000	0.38836866445420076	0.06262728886885649	-33.4369	0.720743
18100	0.38839042271397445	0.062632503098212208	-33.4469	0.720766
18200	0.38841273308463292	0.062637849538713916	-33.4569	0.720789
18300	0.38843560967446999	0.062643331563728283	-33.4669	0.720812
18400	0.38845906695735016	0.062648952633771071	-33.4769	0.720836
18500	0.38848311978243866	0.062654716298813543	-33.4869	0.720861
18600	0.38850778338420677	0.062660626200653075	-33.4969	0.720886
18700	0.38853307339271531	0.062666686075349018	-33.5069	0.720912
18800	0.38855900584418768	0.062672899755726777	-33.5169	0.720939
18900	0.38858559719188268	0.06267927117395157	-33.5269	0.720966
19000	0.3886128643172711	0.062685804364173647	-33.5369	0.720994
19100	0.38864082454153304	0.062692503465248323	-33.5469	0.721023
19200	0.38866949563737663	0.062699372723531627	-33.5569	0.721053
19300	0.38869889584119865	0.062706416495755021	-33.5669	0.721083
19400	0.38872904386558854	0.062713639251980813	-33.5769	0.721114
19500	0.38875995891219234	0.062721045578641665	-33.5869	0.721146
19600	0.38879166068494508	0.06272864018166556	-33.5969	0.721178
19700	0.38882416940368464	0.062736427889690263	-33.6069	0.721212
19800	0.38885750581815798	0.062744413657368686	-33.6169	0.721246
19900	0.38889169122243461	0.062752602568769383	-33.6269	0.721281
20000	0.38892674746973771	0.062760999840873855	-33.6369	0.721317
20100	0.3889626969877068	0.062769610827174763	-33.6469	0.721354
20200	0.38899956279410924	0.062778441021377487	-33.6569	0.721392
20300	0.38903736851300991	0.062787496061208883	-33.6669	0.721431
20400	0.38907613839141764	0.062796781732336521	-33.6769	0.721471
20500	0.38911589731642404	0.0628063039724015	-33.6869	0.721512
20600	0.38915667083284872	0.06281606887516912	-33.6969	0.721553
20700	0.38919848516141009	0.062826082694800917	-33.7069	0.721596
20800	0.38924136721743824	0.062836351850252173	-33.7169	0.721641
20900	0.38928534463014713	0.062846882929799008	-33.7269	0.721686
21000	0.38933044576248782	0.062857682695698663	-33.7369	0.721732
21100	0.38937669973159855	0.062868758088988605	-33.7469	0.72178
21200	0.38942413642987511	0.062880116234428074	-33.7569	0.721829
21300	0.38947278654668205	0.062891764445587042	-33.7669	0.721879
21400	0.38952268159072523	0.062903710230088047	-33.7769	0.72193
21500	0.38957385391311072	0.062915961295005013	-33.7869	0.721982
21600	0.38962633673111197	0.062928525552425493	-33.7969	0.722036
21700	0.38968016415267354	0.06294141112518141	-33.8069	0.722092
21800	0.38973537120167095	0.062954626352753701	-33.8169	0.722149
21900	0.3897919938439604	0.06296817979735736	-33.8269	0.722207
22000	0.38985006901424296	0.062982080250213041	-33.8369	0.722266
22100	0.38990963464377165	0.062996336738011846	-33.8469	0.722328
22200	0.38997072968893354	0.063010958529579428	-33.8569	0.722391
22300	0.39003339416073834	0.063025955142747073	-33.8669	0.722455
22400	0.39009766915524613	0.063041336351436841	-33.8769	0.722521
22500	0.39016359688496832	0.063057112192968223	-33.8869	0.722589
22600	0.39023122071127742	0.063073292975594858	-33.8969	0.722658
22700	0.39030058517786709	0.063089889286278608	-33.9069	0.72273
22800	0.39037173604529274	0.06310691199871063	-33.9169	0.722803
22900	0.39044472032664507	0.063124372281587196	-33.9269	0.722878
23000	0.39051958632438805	0.063142281607151116	-33.9369	0.722955
23100	0.39059638366841493	0.063160651760007569	-33.9469	0.723034
23200	0.39067516335536095	0.06317949484622376	-33.9569	0.723115
23300	0.39075597778923005	0.063198823302725582	-33.9669	0.723198
23400	0.39083888082337609	0.063218649906999158	-33.9769	0.723283
23500	0.39092392780390073	0.063238987787111567	-33.9869	0.723371
23600	0.39101117561451892	0.063259850432060727	-33.9969	0.72346
23700	0.39110068272295095	0.063281251702468663	-34.0069	0.723552
23800	0.3911925092289002	0.063303205841630392	-34.0169	0.723647
23900	0.39128671691368633	0.063325727486932312	-34.0269	0.723744
24000	0.3913833692915914	0.063348831681655046	-34.0369	0.723843
24100	0.39148253166299601	0.063372533887174967	-34.0469	0.723945
24200	0.39158427116937672	0.063396849995580637	-34.0569	0.72405
24300	0.39168865685023879	0.06342179634272091	-34.0669	0.724157
24400	0.39179575970206837	0.063447389721701233	-34.0769	0.724267
24500	0.39190565273938544	0.063473647396846494	-34.0869	0.72438
24600	0.39201841105798907	0.063500587118150015	-34.0969	0.724496
24700	0.39213411190048342	0.063528227136226856	-34.1069	0.724615
24800	0.39225283472418732	0.063556586217793976	-34.1169	0.724737
24900	0.39237466127152387	0.063585683661697617	-34.1269	0.724862
25000	0.39249967564300398	0.063615539315511782	-34.1369	0.724991
25100	0.39262796437290953	0.063646173592730532	-34.1469	0.725123
25200	0.39275961650780317	0.063677607490580365	-34.1569	0.725258
25300	0.39289472368798017	0.063709862608478163	-34.1669	0.725397
25400	0.39303338023200363	0.063742961167162646	-34.1769	0.725539
25500	0.39317568322445295	0.06377692602852815	-34.1869	0.725686
25600	0.39332173260703629	0.063811780716191605	-34.1969	0.725836
25700	0.39347163127321688	0.063847549436824344	-34.2069	0.72599
25800	0.39362548516651702	0.063884257102282127	-34.2169	0.726148
25900	0.39378340338266959	0.063921929352569726	-34.2269	0.726311
26000	0.39394549827579384	0.063960592579676193	-34.2369	0.726477
26100	0.39411188556878907	0.064000273952320566	-34.2469	0.726648
26200	0.39428268446814019	0.064041001441649231	-34.2569	0.726824
26300	0.39445801778335066	0.064082803847927597	-34.2669	0.727004
26400	0.39463801205122334	0.064125710828273244	-34.2769	0.727189
26500	0.39482279766522238	0.064169752925476858	-34.2869	0.727379
26600	0.39501250901016655	0.064214961597963319	-34.2969	0.727574
26700	0.39520728460251714	0.064261369250945236	-34.3069	0.727774
26800	0.39540726723653347	0.064309009268826198	-34.3169	0.72798
26900	0.3956126041365956	0.064357916048912847	-34.3269	0.728191
27000	0.39582344711599909	0.064408125036498218	-34.3369	0.728408
27100	0.39603995274255471	0.064459672761384271	-34.3469	0.72863
27200	0.39626228251134088	0.064512596875911668	-34.3569	0.728859
27300	0.3964906030249763	0.06456693619457253	-34.3669	0.729094
27400	0.39672508618180707	0.064622730735283129	-34.3769	0.729335
27500	0.39696590937242049	0.064680021762401022	-34.3869	0.729582
27600	0.39721325568493032	0.064738851831572353	-34.3969	0.729836
27700	0.39746731411949726	0.064799264836503695	-34.4069	0.730097
27800	0.39772827981258602	0.064861306057755877	-34.4169	0.730366
27900	0.39799635427148278	0.064925022213663641	-34.4269	0.730641
28000	0.39827174561963946	0.064990461513492331	-34.4369	0.730924
28100	0.39855466885343865	0.065057673712947475	-34.4469	0.731215
28200	0.39884534611101685	0.065126710172162358	-34.4569	0.731514
28300	0.39914400695382402	0.065197623916293843	-34.4669	0.731821
28400	0.3994508886616383	0.065270469698867892	-34.4769	0.732136
28500	0.39976623654180682	0.065345304068021498	-34.4869	0.73246
28600	0.40009030425353431	0.065422185435800168	-34.4969	0.732793
28700	0.4004233541480901	0.065501174150677383	-34.5069	0.733136
28800	0.40076565762587296	0.065582332573475358	-34.5169	0.733488
28900	0.40111749551132786	0.0656657251568767	-34.5269	0.733849
29000	0.40147915844678345	0.065751418528728275	-34.5369	0.734221
29100	0.40185094730635335	0.065839481579353196	-34.5469	0.734603
29200	0.40223317363111594	0.065929985553100701	-34.5569	0.734996
29300	0.40262616008688706	0.066023004144377326	-34.5669	0.735399
29400	0.40303024094598011	0.066118613598421083	-34.5769	0.735815
29500	0.40344576259445974	0.066216892817097112	-34.5869	0.736242
29600	0.40387308406649525	0.066317923470012169	-34.5969	0.736681
29700	0.40431257760754707	0.066421790111265491	-34.6069	0.737132
29800	0.40476462926823781	0.066528580302176538	-34.6169	0.737597
29900	0.4052296395309069	0.066638384740351983	-34.6269	0.738075
30000	0.40570802397099548	0.066751297395482453	-34.6369	0.738566
30100	0.40620021395556632	0.066867415652284504	-34.6469	0.739072
30200	0.40670665738145245	0.066986840461035119	-34.6569	0.739592
30300	0.40722781945570985	0.067109676496177328	-34.6669	0.740128
30400	0.40776418352127136	0.067236032323510414	-34.6769	0.740679
30500	0.40831625193091603	0.067366020576516986	-34.6869	0.741246
30600	0.40888454697292836	0.067499758142418681	-34.6969	0.74183
30700	0.40946961185209046	0.067637366358598086	-34.7069	0.742431
30800	0.41007201172994906	0.067778971220071302	-34.7169	0.74305
30900	0.41069233482862189	0.067924703598750025	-34.7269	0.743687
31000	0.41133119360277071	0.068074699475286188	-34.7369	0.744343
31100	0.41198922598475385	0.068229100184355976	-34.7469	0.745019
31200	0.41266709670840068	0.068388052674307948	-34.7569	0.745715
31300	0.41336549871731787	0.068551709782170886	-34.7669	0.746433
31400	0.41408515466415979	0.068720230525099554	-34.7769	0.747172
31500	0.4148268185078553	0.0688937804094229	-34.7869	0.747933
31600	0.4155912772164076	0.069072531758554129	-34.7969	0.748718
31700	0.41637935258358294	0.069256664061127265	-34.8069	0.749528
31800	0.41719190316854443	0.069446364340838632	-34.8169	0.750362
31900	0.41802982636834296	0.069641827549596302	-34.8269	0.751223
32000	0.4188940606340904	0.069843256985718027	-34.8369	0.75211
32100	0.41978558784267345	0.070050864739068311	-34.8469	0.753025
32200	0.42070543583699677	0.070264872165190215	-34.8569	0.75397
32300	0.42165468114900967	0.070485510390668749	-34.8669	0.754944
32400	0.42263445192116406	0.070713020852163577	-34.8769	0.75595
32500	0.42364593104351267	0.070947655871767434	-34.8869	0.756988
32600	0.42469035952538958	0.071189679271590506	-34.8969	0.758061
32700	0.42576904012254452	0.071439367030736972	-34.9069	0.759168
32800	0.42688334124276367	0.071697007988139702	-34.9169	0.760311
32900	0.42803470115542458	0.071962904595042579	-34.9269	0.761493
33000	0.42922463253312881	0.072237373721286136	-34.9369	0.762714
33100	0.43045472735659435	0.072520747519952772	-34.9469	0.763977
33200	0.43172666221738937	0.072813374355377089	-34.9569	0.765282
33300	0.43304220405691207	0.073115619800021403	-34.9669	0.766632
33400	0.43440321638434648	0.073427867706272812	-34.9769	0.768028
33500	0.43581166602118004	0.073750521359833496	-34.9869	0.769473
33600	0.43726963042537559	0.074084004722065069	-34.9969	0.770969
33700	0.43877930565451817	0.074428763769418885	-35.0069	0.772517
33800	0.4403430150343261	0.07478526793894491	-35.0169	0.774121
33900	0.44196321860693866	0.075154011689838693	-35.0269	0.775783
34000	0.44364252344254324	0.075535516192071175	-35.0369	0.777505
34100	0.4453836949083263	0.075930331154366093	-35.0469	0.77929
34200	0.44718966900065699	0.076339036805162408	-35.0569	0.781142
34300	0.4490635658600558	0.076762246041750887	-35.0669	0.783063
34400	0.4510087046041843	0.077200606764523311	-35.0769	0.785057
34500	0.45302861963209684	0.07765480441525624	-35.0869	0.787127
34600	0.4551270785737867	0.078125564740596523	-35.0969	0.789278
34700	0.45730810208306188	0.078613656804468884	-35.1069	0.791513
34800	0.45957598569960362	0.079119896276030596	-35.1169	0.793836
34900	0.46193532403834026	0.079645149023107681	-35.1269	0.796253
35000	0.46439103760188122	0.080190335044829697	-35.1369	0.798769
35100	0.46694840255562259	0.080756432781509985	-35.1469	0.801388
35200	0.4696130838565124	0.081344483844782128	-35.1569	0.804117
35300	0.47239117218674392	0.081955598216710696	-35.1669	0.806961
35400	0.47528922521463335	0.082590959973169439	-35.1769	0.809928
35500	0.47831431378875267	0.083251833594368746	-35.1869	0.813025
35600	0.48147407377068108	0.083939570934200777	-35.1969	0.816259
35700	0.48477676432976635	0.084655618930256582	-35.2069	0.819638
35800	0.48823133366403065	0.085401528148224354	-35.2169	0.823172
35900	0.49184749327983185	0.086178962268189496	-35.2269	0.826871
36000	0.49563580216528791	0.086989708636511912	-35.2369	0.830745
36100	0.49960776243655575	0.087835690025883706	-35.2469	0.834806
36200	0.50377592833163787	0.088718977768428769	-35.2569	0.839067
36300	0.50815403078580279	0.089641806452936526	-35.2669	0.843541
36400	0.5127571202617085	0.090606590408346538	-35.2769	0.848244
36500	0.51760173104594676	0.091615942232391528	-35.2869	0.853193
36600	0.52270607088787613	0.092672693668086961	-35.2969	0.858405
36700	0.52809024067958521	0.093779919183016855	-35.3069	0.863902
36800	0.53377648990106374	0.094940962668964027	-35.3169	0.869706
36900	0.53978951483904314	0.096159467754677097	-35.3269	0.875841
37000	0.54615680820635382	0.097439412315326823	-35.3369	0.882336
37100	0.55290907084059104	0.098785147872086351	-35.3469	0.889221
37200	0.56008069877944822	0.10020144470879756	-35.3569	0.896531
37300	0.56771036237477013	0.1016935436955639	-35.3669	0.904305
37400	0.57584169846229227	0.1032672160085569	-35.3769	0.912587
37500	0.58452414228411098	0.10492883218048972	-35.3869	0.921427
37600	0.59381393333010302	0.10668544221875167	-35.3969	0.930882
37700	0.60377533917188864	0.10854486890293305	-35.4069	0.941015
37800	0.6144821546264384	0.11051581683932635	-35.4169	0.951902
37900	0.62601955151887501	0.11260800043107091	-35.4269	0.963628
38000	0.63848637881614601	0.11483229464953291	-35.4369	0.976291
38100	0.65199804676258521	0.11720091340395018	-35.4469	0.990009
38200	0.6666901760107552	0.11972762145054831	-35.4569	1.00492
38300	0.68272325986505611	0.12242798721812746	-35.4669	1.02118
38400	0.70028868424376689	0.12531968572362573	-35.4769	1.03898
38406	0.70103625740388442	0.1254704307883775	-35.4774	1.04009
