# Filename: 3Dvlt_K0cFind3_Plot_Op3352_K0.38750_y0.06244_step100000.dat
# Source: 3Dvlt_K0cFind3_Plot.c
# Source version: 1 (2012 Jun 07 - ...)
# Constant values: PI= 3.141592653589793116, PISQ=9.8696044010893579923, PICU=31.0062766802998162063
# Parameter values: OpA=3, OpAa=3, OpB=5, OpC=2, B=41.3417022403997549418, THETA=0.6, N=2, initialdl=1e-05, trajectorydl=0.0001, initialds=1e-05, trajectorydsMax=1e-05, uncertainty=1e-13, dataskipdl=100, dataskipds=999
# Option-dependent values: K=0.387500000000000011102, y=0.0624400000000000024447, Kstar=                  -10, ystar=                  -10, c=                    0, Z=                    0, lambda=                    0, initialKdir=0, flowdir=-1, Max_steps=100000
# Initialized values: Deltas=0, Deltal=0, count_steps=0, count_passes=0, K0c=0, oldK0c=-100
# Input-file parameter: Cc=6.91832e-310
# step	K	y	path-length-l	path-length-s (in K-y-space)
0	0.38750000000000001	0.062440000000000002	0	0
1	0.38750000109723565	0.062439999951107293	-1e-05	1.09832e-09
2	0.38750000219447922	0.062439999902221134	-2e-05	2.19666e-09
3	0.38750000329173073	0.062439999853341525	-3e-05	3.295e-09
4	0.38750000438899018	0.062439999804468474	-4e-05	4.39334e-09
5	0.38750000548625757	0.062439999755601973	-5e-05	5.4917e-09
6	0.38750000658353295	0.062439999706742022	-6e-05	6.59006e-09
7	0.38750000768081627	0.062439999657888622	-7e-05	7.68843e-09
8	0.38750000877810753	0.062439999609041771	-8e-05	8.78681e-09
9	0.38750000987540673	0.062439999560201472	-9e-05	9.8852e-09
10	0.38750001097271386	0.062439999511367722	-0.0001	1.09836e-08
100	0.38750010976296312	0.062439995143164645	-0.001	1.0987e-07
200	0.38750021960584491	0.06243999035188702	-0.002	2.19818e-07
300	0.3875003295291326	0.062439985626214875	-0.003	3.29843e-07
400	0.38750043953331514	0.062439980966196316	-0.004	4.39945e-07
500	0.3875005496188802	0.062439976371879806	-0.005	5.50127e-07
600	0.38750065978631809	0.062439971843314089	-0.006	6.60387e-07
700	0.38750077003611971	0.062439967380548085	-0.007	7.70727e-07
800	0.38750088036877584	0.062439962983631116	-0.008	8.81148e-07
900	0.38750099078477851	0.062439958652612836	-0.009	9.91648e-07
1000	0.38750110128462084	0.062439954387543052	-0.01	1.10223e-06
1100	0.38750121186879671	0.062439950188471961	-0.011	1.21289e-06
1200	0.38750132253780034	0.062439946055450037	-0.012	1.32364e-06
1300	0.38750143329212738	0.062439941988528043	-0.013	1.43447e-06
1400	0.38750154413227356	0.062439937987757071	-0.014	1.54538e-06
1500	0.38750165505873602	0.06243993405318847	-0.015	1.65638e-06
1600	0.38750176607201264	0.062439930184873878	-0.016	1.76746e-06
1700	0.38750187717260193	0.062439926382865295	-0.017	1.87862e-06
1800	0.3875019883610033	0.062439922647214943	-0.018	1.98988e-06
1900	0.38750209963771731	0.062439918977975364	-0.019	2.10121e-06
2000	0.38750221100324456	0.062439915375199412	-0.02	2.21264e-06
2100	0.38750232245808769	0.062439911838940265	-0.021	2.32415e-06
2200	0.38750243400274847	0.062439908369251423	-0.022	2.43575e-06
2300	0.38750254563773101	0.062439904966186545	-0.023	2.54743e-06
2400	0.3875026573635395	0.062439901629799704	-0.024	2.65921e-06
2500	0.38750276918067955	0.062439898360145268	-0.025	2.77107e-06
2600	0.38750288108965719	0.06243989515727788	-0.026	2.88303e-06
2700	0.38750299309097919	0.062439892021252524	-0.027	2.99507e-06
2800	0.3875031051851533	0.062439888952124475	-0.028	3.10721e-06
2900	0.38750321737268884	0.062439885949949259	-0.029	3.21944e-06
3000	0.3875033296540949	0.06243988301478276	-0.03	3.33176e-06
3100	0.38750344202988146	0.062439880146681226	-0.031	3.44417e-06
3200	0.38750355450056001	0.062439877345701021	-0.032	3.55668e-06
3300	0.3875036670666428	0.062439874611899017	-0.033	3.66927e-06
3400	0.38750377972864264	0.062439871945332272	-0.034	3.78197e-06
3500	0.38750389248707379	0.062439869346058142	-0.035	3.89476e-06
3600	0.38750400534245022	0.062439866814134409	-0.036	4.00764e-06
3700	0.38750411829528802	0.062439864349619068	-0.037	4.12062e-06
3800	0.38750423134610334	0.062439861952570397	-0.038	4.2337e-06
3900	0.38750434449541399	0.062439859623047107	-0.039	4.34687e-06
4000	0.38750445774373832	0.06243985736110811	-0.04	4.46014e-06
4100	0.38750457109159503	0.062439855166812608	-0.041	4.57351e-06
4200	0.38750468453950387	0.062439853040220206	-0.042	4.68698e-06
4300	0.38750479808798632	0.062439850981390731	-0.043	4.80054e-06
4400	0.38750491173756352	0.062439848990384378	-0.044	4.91421e-06
4500	0.3875050254887587	0.062439847067261647	-0.045	5.02798e-06
4600	0.38750513934209535	0.062439845212083421	-0.046	5.14185e-06
4700	0.38750525329809793	0.06243984342491072	-0.047	5.25582e-06
4800	0.38750536735729196	0.062439841705805042	-0.048	5.36989e-06
4900	0.38750548152020337	0.062439840054828062	-0.049	5.48406e-06
5000	0.38750559578735955	0.062439838472041938	-0.05	5.59834e-06
5100	0.38750571015928864	0.062439836957508973	-0.051	5.71272e-06
5200	0.38750582463651989	0.062439835511291876	-0.052	5.82721e-06
5300	0.38750593921958326	0.062439834133453713	-0.053	5.9418e-06
5400	0.38750605390900961	0.062439832824057732	-0.054	6.0565e-06
5500	0.38750616870533056	0.062439831583167592	-0.055	6.1713e-06
5600	0.38750628360907907	0.062439830410847302	-0.056	6.28621e-06
5700	0.38750639862078884	0.062439829307161181	-0.057	6.40123e-06
5800	0.38750651374099465	0.062439828272173689	-0.058	6.51635e-06
5900	0.38750662897023186	0.062439827305949817	-0.059	6.63159e-06
6000	0.38750674430903675	0.062439826408554798	-0.06	6.74693e-06
6100	0.38750685975794724	0.062439825580054224	-0.061	6.86238e-06
6200	0.38750697531750183	0.062439824820513974	-0.062	6.97794e-06
6300	0.38750709098823932	0.062439824130000217	-0.063	7.09362e-06
6400	0.38750720677070016	0.062439823508579489	-0.064	7.2094e-06
6500	0.38750732266542554	0.062439822956318641	-0.065	7.3253e-06
6600	0.38750743867295817	0.062439822473284896	-0.066	7.4413e-06
6700	0.3875075547938408	0.062439822059545728	-0.067	7.55743e-06
6800	0.38750767102861744	0.062439821715168917	-0.068	7.67366e-06
6900	0.38750778737783398	0.062439821440222656	-0.069	7.79001e-06
7000	0.38750790384203548	0.062439821234775372	-0.07	7.90648e-06
7100	0.38750802042176957	0.062439821098895905	-0.071	8.02306e-06
7200	0.38750813711758414	0.062439821032653338	-0.072	8.13975e-06
7300	0.38750825393002802	0.062439821036117171	-0.073	8.25656e-06
7400	0.38750837085965179	0.062439821109357183	-0.074	8.37349e-06
7500	0.38750848790700582	0.062439821252443461	-0.075	8.49054e-06
7600	0.3875086050726429	0.062439821465446459	-0.076	8.60771e-06
7700	0.38750872235711514	0.062439821748436972	-0.077	8.72499e-06
7800	0.3875088397609765	0.062439822101486082	-0.078	8.8424e-06
7900	0.38750895728478246	0.062439822524665227	-0.079	8.95992e-06
8000	0.38750907492908859	0.062439823018046139	-0.08	9.07757e-06
8100	0.38750919269445211	0.062439823581700957	-0.081	9.19533e-06
8200	0.3875093105814309	0.0624398242157021	-0.082	9.31322e-06
8300	0.38750942859058363	0.06243982492012231	-0.083	9.43123e-06
8400	0.38750954672247084	0.062439825695034722	-0.084	9.54937e-06
8500	0.38750966497765349	0.06243982654051277	-0.085	9.66762e-06
8600	0.38750978335669339	0.062439827456630174	-0.086	9.78601e-06
8700	0.38750990186015388	0.062439828443461055	-0.087	9.90452e-06
8800	0.38751002048859867	0.062439829501079867	-0.088	1.00231e-05
8900	0.38751013924259281	0.062439830629561432	-0.089	1.01419e-05
9000	0.38751025812270251	0.06243983182898085	-0.09	1.02608e-05
9100	0.3875103771294951	0.062439833099413519	-0.091	1.03798e-05
9200	0.38751049626353867	0.06243983444093526	-0.092	1.04989e-05
9300	0.38751061552540256	0.062439835853622228	-0.093	1.06182e-05
9400	0.38751073491565713	0.062439837337550888	-0.094	1.07376e-05
9500	0.38751085443487393	0.062439838892798041	-0.095	1.08571e-05
9600	0.38751097408362506	0.06243984051944082	-0.096	1.09768e-05
9700	0.38751109386248417	0.062439842217556801	-0.097	1.10966e-05
9800	0.38751121377202541	0.062439843987223784	-0.098	1.12165e-05
9900	0.3875113338128246	0.062439845828519927	-0.099	1.13366e-05
10000	0.38751145398545844	0.06243984774152378	-0.1	1.14568e-05
10100	0.38751157429050459	0.062439849726314257	-0.101	1.15771e-05
10200	0.38751169472854169	0.062439851782970512	-0.102	1.16975e-05
10300	0.3875118153001495	0.062439853911572168	-0.103	1.18181e-05
10400	0.38751193600590972	0.062439856112199113	-0.104	1.19389e-05
10500	0.38751205684640372	0.062439858384931608	-0.105	1.20597e-05
10600	0.38751217782221431	0.062439860729850256	-0.106	1.21807e-05
10700	0.38751229893392614	0.062439863147036034	-0.107	1.23019e-05
10800	0.38751242018212467	0.06243986563657021	-0.108	1.24231e-05
10900	0.38751254156739573	0.062439868198534469	-0.109	1.25445e-05
11000	0.38751266309032656	0.062439870833010822	-0.11	1.26661e-05
11100	0.3875127847515063	0.062439873540081639	-0.111	1.27878e-05
11200	0.38751290655152482	0.062439876319829585	-0.112	1.29096e-05
11300	0.38751302849097247	0.062439879172337794	-0.113	1.30316e-05
11400	0.38751315057044117	0.062439882097689615	-0.114	1.31537e-05
11500	0.38751327279052383	0.062439885095968838	-0.115	1.3276e-05
11600	0.38751339515181443	0.062439888167259608	-0.116	1.33984e-05
11700	0.38751351765490855	0.062439891311646373	-0.117	1.35209e-05
11800	0.38751364030040236	0.062439894529213974	-0.118	1.36436e-05
11900	0.38751376308889346	0.062439897820047587	-0.119	1.37664e-05
12000	0.38751388602098036	0.062439901184232843	-0.12	1.38894e-05
12100	0.38751400909726269	0.062439904621855585	-0.121	1.40125e-05
12200	0.38751413231834142	0.062439908133002084	-0.122	1.41358e-05
12300	0.38751425568481856	0.062439911717758978	-0.123	1.42592e-05
12400	0.38751437919729764	0.062439915376213226	-0.124	1.43828e-05
12500	0.38751450285638256	0.062439919108452209	-0.125	1.45065e-05
12600	0.38751462666267861	0.0624399229145636	-0.126	1.46304e-05
12700	0.38751475061679269	0.062439926794635454	-0.127	1.47544e-05
12800	0.38751487471933205	0.062439930748756298	-0.128	1.48785e-05
12900	0.38751499897090647	0.062439934777014816	-0.129	1.50029e-05
13000	0.38751512337212524	0.062439938879500216	-0.13	1.51273e-05
13100	0.38751524792360031	0.062439943056302044	-0.131	1.52519e-05
13200	0.38751537262594354	0.062439947307510207	-0.132	1.53767e-05
13300	0.38751549747976888	0.062439951633214884	-0.133	1.55017e-05
13400	0.38751562248569105	0.062439956033506785	-0.134	1.56267e-05
13500	0.3875157476443255	0.062439960508476812	-0.135	1.5752e-05
13600	0.38751587295628986	0.062439965058216411	-0.136	1.58774e-05
13700	0.38751599842220236	0.062439969682817231	-0.137	1.60029e-05
13800	0.38751612404268276	0.062439974382371449	-0.138	1.61286e-05
13900	0.38751624981835131	0.062439979156971449	-0.139	1.62545e-05
14000	0.3875163757498305	0.062439984006710109	-0.14	1.63805e-05
14100	0.38751650183774267	0.062439988931680637	-0.141	1.65067e-05
14200	0.38751662808271287	0.062439993931976641	-0.142	1.6633e-05
14300	0.38751675448536621	0.062439999007692044	-0.143	1.67596e-05
14400	0.38751688104632964	0.062440004158921217	-0.144	1.68862e-05
14500	0.38751700776623088	0.062440009385758888	-0.145	1.7013e-05
14600	0.38751713464569904	0.062440014688300058	-0.146	1.714e-05
14700	0.38751726168536499	0.062440020066640234	-0.147	1.72672e-05
14800	0.38751738888586029	0.062440025520875207	-0.148	1.73945e-05
14900	0.38751751624781733	0.062440031051101241	-0.149	1.7522e-05
15000	0.38751764377187031	0.062440036657414898	-0.15	1.76496e-05
15100	0.38751777145865496	0.062440042339913175	-0.151	1.77774e-05
15200	0.38751789930880737	0.062440048098693392	-0.152	1.79054e-05
15300	0.38751802732296575	0.062440053933853289	-0.153	1.80336e-05
15400	0.38751815550176905	0.062440059845491003	-0.154	1.81619e-05
15500	0.3875182838458574	0.062440065833705025	-0.155	1.82904e-05
15600	0.38751841235587248	0.062440071898594234	-0.156	1.8419e-05
15700	0.38751854103245703	0.062440078040257876	-0.157	1.85478e-05
15800	0.38751866987625527	0.062440084258795554	-0.158	1.86768e-05
15900	0.38751879888791263	0.062440090554307423	-0.159	1.8806e-05
16000	0.3875189280680757	0.062440096926893798	-0.16	1.89353e-05
16100	0.38751905741739207	0.062440103376655509	-0.161	1.90649e-05
16200	0.38751918693651105	0.062440109903693745	-0.162	1.91945e-05
16300	0.38751931662608308	0.062440116508110044	-0.163	1.93244e-05
16400	0.38751944648676001	0.062440123190006427	-0.164	1.94544e-05
16500	0.38751957651919494	0.062440129949485244	-0.165	1.95846e-05
16600	0.38751970672404201	0.062440136786649267	-0.166	1.9715e-05
16700	0.38751983710195714	0.062440143701601565	-0.167	1.98456e-05
16800	0.38751996765359692	0.062440150694445723	-0.168	1.99763e-05
16900	0.38752009837961948	0.062440157765285671	-0.169	2.01072e-05
17000	0.38752022928068436	0.062440164914225674	-0.17	2.02383e-05
17100	0.38752036035745302	0.062440172141370494	-0.171	2.03696e-05
17200	0.38752049161058716	0.062440179446825304	-0.172	2.05011e-05
17300	0.3875206230407498	0.062440186830695472	-0.173	2.06327e-05
17400	0.38752075464860675	0.062440194293086976	-0.174	2.07645e-05
17500	0.38752088643482341	0.062440201834106077	-0.175	2.08965e-05
17600	0.38752101840006736	0.062440209453859502	-0.176	2.10287e-05
17700	0.38752115054500741	0.062440217152454347	-0.177	2.11611e-05
17800	0.38752128287031384	0.062440224929998123	-0.178	2.12936e-05
17900	0.38752141537665769	0.062440232786598666	-0.179	2.14264e-05
18000	0.38752154806471223	0.062440240722364315	-0.18	2.15593e-05
18100	0.38752168093515138	0.062440248737403739	-0.181	2.16924e-05
18200	0.38752181398865093	0.062440256831826094	-0.182	2.18257e-05
18300	0.38752194722588701	0.06244026500574084	-0.183	2.19592e-05
18400	0.38752208064753846	0.062440273259257932	-0.184	2.20929e-05
18500	0.38752221425428518	0.06244028159248767	-0.185	2.22267e-05
18600	0.38752234804680735	0.062440290005540786	-0.186	2.23608e-05
18700	0.38752248202578771	0.062440298498528397	-0.187	2.2495e-05
18800	0.38752261619190981	0.062440307071562028	-0.188	2.26295e-05
18900	0.38752275054585877	0.062440315724753698	-0.189	2.27641e-05
19000	0.38752288508832139	0.0624403244582157	-0.19	2.28989e-05
19100	0.38752301981998527	0.062440333272060805	-0.191	2.3034e-05
19200	0.38752315474153948	0.062440342166402214	-0.192	2.31692e-05
19300	0.38752328985367485	0.062440351141353545	-0.193	2.33046e-05
19400	0.38752342515708366	0.062440360197028782	-0.194	2.34402e-05
19500	0.38752356065245913	0.062440369333542307	-0.195	2.3576e-05
19600	0.38752369634049622	0.062440378551009	-0.196	2.3712e-05
19700	0.38752383222189091	0.06244038784954406	-0.197	2.38482e-05
19800	0.38752396829734131	0.062440397229263221	-0.198	2.39846e-05
19900	0.38752410456754594	0.062440406690282543	-0.199	2.41212e-05
20000	0.38752424103320582	0.062440416232718524	-0.2	2.4258e-05
20100	0.38752437769502301	0.062440425856688048	-0.201	2.4395e-05
20200	0.38752451455370068	0.06244043556230848	-0.202	2.45322e-05
20300	0.38752465160994376	0.062440445349697594	-0.203	2.46696e-05
20400	0.38752478886445851	0.062440455218973588	-0.204	2.48072e-05
20500	0.38752492631795243	0.062440465170255047	-0.205	2.4945e-05
20600	0.38752506397113468	0.062440475203660993	-0.206	2.5083e-05
20700	0.38752520182471595	0.062440485319310866	-0.207	2.52213e-05
20800	0.38752533987940868	0.062440495517324605	-0.208	2.53597e-05
20900	0.38752547813592608	0.062440505797822461	-0.209	2.54983e-05
21000	0.38752561659498325	0.062440516160925157	-0.21	2.56372e-05
21100	0.38752575525729638	0.062440526606753928	-0.211	2.57762e-05
21200	0.38752589412358379	0.062440537135430241	-0.212	2.59155e-05
21300	0.38752603319456447	0.062440547747076171	-0.213	2.6055e-05
21400	0.38752617247095938	0.062440558441814224	-0.214	2.61947e-05
21500	0.38752631195349135	0.062440569219767199	-0.215	2.63346e-05
21600	0.38752645164288391	0.062440580081058447	-0.216	2.64747e-05
21700	0.38752659153986263	0.062440591025811669	-0.217	2.6615e-05
21800	0.38752673164515405	0.062440602054151063	-0.218	2.67555e-05
21900	0.38752687195948671	0.062440613166201288	-0.219	2.68963e-05
22000	0.38752701248359017	0.062440624362087319	-0.22	2.70373e-05
22100	0.38752715321819664	0.062440635641934659	-0.221	2.71784e-05
22200	0.38752729416403819	0.062440647005869224	-0.222	2.73198e-05
22300	0.38752743532184963	0.062440658454017355	-0.223	2.74615e-05
22400	0.38752757669236682	0.062440669986505895	-0.224	2.76033e-05
22500	0.38752771827632732	0.062440681603462063	-0.225	2.77454e-05
22600	0.38752786007446982	0.062440693305013527	-0.226	2.78876e-05
22700	0.38752800208753507	0.062440705091288434	-0.227	2.80301e-05
22800	0.38752814431626531	0.062440716962415377	-0.228	2.81729e-05
22900	0.38752828676140388	0.062440728918523258	-0.229	2.83158e-05
23000	0.38752842942369647	0.062440740959741635	-0.23	2.8459e-05
23100	0.38752857230388932	0.062440753086200396	-0.231	2.86024e-05
23200	0.38752871540273065	0.062440765298029846	-0.232	2.8746e-05
23300	0.38752885872097043	0.062440777595360819	-0.233	2.88898e-05
23400	0.3875290022593601	0.062440789978324494	-0.234	2.90339e-05
23500	0.38752914601865257	0.062440802447052607	-0.235	2.91782e-05
23600	0.3875292899996024	0.06244081500167728	-0.236	2.93227e-05
23700	0.38752943420296576	0.062440827642331102	-0.237	2.94675e-05
23800	0.38752957862950027	0.062440840369147182	-0.238	2.96125e-05
23900	0.38752972327996532	0.062440853182258935	-0.239	2.97577e-05
24000	0.38752986815512241	0.06244086608180037	-0.24	2.99032e-05
24100	0.38753001325573305	0.062440879067905818	-0.241	3.00488e-05
24200	0.38753015858256207	0.062440892140710233	-0.242	3.01947e-05
24300	0.38753030413637457	0.062440905300348862	-0.243	3.03409e-05
24400	0.38753044991793839	0.062440918546957574	-0.244	3.04873e-05
24500	0.38753059592802214	0.06244093188067254	-0.245	3.06339e-05
24600	0.38753074216739669	0.062440945301630441	-0.246	3.07807e-05
24700	0.38753088863683371	0.062440958809968507	-0.247	3.09278e-05
24800	0.38753103533710753	0.062440972405824288	-0.248	3.10752e-05
24900	0.38753118226899336	0.062440986089335931	-0.249	3.12227e-05
25000	0.38753132943326829	0.062440999860641937	-0.25	3.13705e-05
25100	0.38753147683071104	0.06244101371988129	-0.251	3.15186e-05
25200	0.3875316244621021	0.062441027667193491	-0.252	3.16669e-05
25300	0.3875317723282235	0.062441041702718539	-0.253	3.18154e-05
25400	0.3875319204298584	0.062441055826596807	-0.254	3.19642e-05
25500	0.3875320687677925	0.06244107003896919	-0.255	3.21132e-05
25600	0.38753221734281262	0.062441084339976971	-0.256	3.22625e-05
25700	0.3875323661557078	0.062441098729762085	-0.257	3.2412e-05
25800	0.38753251520726822	0.062441113208466736	-0.258	3.25617e-05
25900	0.38753266449828599	0.062441127776233736	-0.259	3.27117e-05
26000	0.38753281402955442	0.062441142433206309	-0.26	3.2862e-05
26100	0.38753296380186919	0.062441157179528146	-0.261	3.30125e-05
26200	0.38753311381602762	0.062441172015343473	-0.262	3.31632e-05
26300	0.38753326407282801	0.062441186940796971	-0.263	3.33142e-05
26400	0.38753341457307133	0.062441201956033733	-0.264	3.34655e-05
26500	0.3875335653175595	0.062441217061199428	-0.265	3.3617e-05
26600	0.38753371630709621	0.062441232256440153	-0.266	3.37687e-05
26700	0.3875338675424872	0.0624412475419025	-0.267	3.39207e-05
26800	0.3875340190245401	0.062441262917733491	-0.268	3.4073e-05
26900	0.3875341707540636	0.062441278384080701	-0.269	3.42255e-05
27000	0.38753432273186883	0.06244129394109213	-0.27	3.43783e-05
27100	0.38753447495876814	0.062441309588916347	-0.271	3.45313e-05
27200	0.38753462743557582	0.06244132532770235	-0.272	3.46846e-05
27300	0.38753478016310838	0.062441341157599618	-0.273	3.48381e-05
27400	0.38753493314218285	0.06244135707875817	-0.274	3.49919e-05
27500	0.38753508637361889	0.062441373091328432	-0.275	3.5146e-05
27600	0.3875352398582379	0.062441389195461341	-0.276	3.53003e-05
27700	0.3875353935968629	0.062441405391308387	-0.277	3.54549e-05
27800	0.38753554759031877	0.062441421679021503	-0.278	3.56098e-05
27900	0.38753570183943198	0.062441438058753115	-0.279	3.57649e-05
28000	0.38753585634503113	0.062441454530656179	-0.28	3.59203e-05
28100	0.38753601110794622	0.062441471094884085	-0.281	3.60759e-05
28200	0.38753616612900915	0.062441487751590821	-0.282	3.62318e-05
28300	0.3875363214090537	0.062441504500930736	-0.283	3.6388e-05
28400	0.38753647694891541	0.062441521343058769	-0.284	3.65444e-05
28500	0.38753663274943134	0.062441538278130378	-0.285	3.67012e-05
28600	0.3875367888114411	0.062441555306301411	-0.286	3.68582e-05
28700	0.38753694513578557	0.062441572427728374	-0.287	3.70154e-05
28800	0.38753710172330735	0.062441589642568129	-0.288	3.71729e-05
28900	0.387537258574851	0.062441606950978126	-0.289	3.73307e-05
29000	0.38753741569126288	0.062441624353116308	-0.29	3.74888e-05
29100	0.38753757307339132	0.062441641849141111	-0.291	3.76472e-05
29200	0.3875377307220863	0.062441659439211462	-0.292	3.78058e-05
29300	0.38753788863819955	0.062441677123486902	-0.293	3.79647e-05
29400	0.3875380468225853	0.062441694902127295	-0.294	3.81239e-05
29500	0.38753820527609961	0.062441712775293201	-0.295	3.82833e-05
29600	0.38753836399959907	0.062441730743145504	-0.296	3.84431e-05
29700	0.38753852299394353	0.062441748805845826	-0.297	3.86031e-05
29800	0.38753868225999411	0.062441766963556099	-0.298	3.87634e-05
29900	0.38753884179861386	0.062441785216438887	-0.299	3.8924e-05
30000	0.38753900161066751	0.062441803564657263	-0.3	3.90848e-05
30100	0.38753916169702246	0.062441822008374705	-0.301	3.9246e-05
30200	0.38753932205854696	0.06244184054775534	-0.302	3.94074e-05
30300	0.38753948269611205	0.062441859182963785	-0.303	3.95691e-05
30400	0.3875396436105899	0.062441877914165174	-0.304	3.97311e-05
30500	0.38753980480285521	0.062441896741525171	-0.305	3.98934e-05
30600	0.38753996627378401	0.062441915665209881	-0.306	4.0056e-05
30700	0.38754012802425497	0.062441934685386072	-0.307	4.02189e-05
30800	0.38754029005514784	0.062441953802220944	-0.308	4.0382e-05
30900	0.38754045236734508	0.062441973015882252	-0.309	4.05455e-05
31000	0.38754061496173053	0.062441992326538208	-0.31	4.07092e-05
31100	0.38754077783919028	0.062442011734357643	-0.311	4.08732e-05
31200	0.38754094100061232	0.062442031239509921	-0.312	4.10376e-05
31300	0.38754110444688616	0.062442050842164899	-0.313	4.12022e-05
31400	0.38754126817890377	0.062442070542492949	-0.314	4.13671e-05
31500	0.38754143219755904	0.062442090340664981	-0.315	4.15323e-05
31600	0.3875415965037477	0.062442110236852526	-0.316	4.16978e-05
31700	0.38754176109836719	0.062442130231227549	-0.317	4.18636e-05
31800	0.3875419259823174	0.06244215032396256	-0.318	4.20297e-05
31900	0.38754209115650001	0.062442170515230697	-0.319	4.21961e-05
32000	0.38754225662181829	0.062442190805205515	-0.32	4.23628e-05
32100	0.38754242237917852	0.06244221119406123	-0.321	4.25298e-05
32200	0.38754258842948797	0.062442231681972493	-0.322	4.26971e-05
32300	0.38754275477365591	0.062442252269114533	-0.323	4.28647e-05
32400	0.38754292141259444	0.062442272955663215	-0.324	4.30327e-05
32500	0.38754308834721685	0.062442293741794802	-0.325	4.32009e-05
32600	0.38754325557843888	0.062442314627686173	-0.326	4.33694e-05
32700	0.3875434231071781	0.062442335613514761	-0.327	4.35383e-05
32800	0.38754359093435459	0.062442356699458558	-0.328	4.37074e-05
32900	0.38754375906088956	0.062442377885696058	-0.329	4.38769e-05
33000	0.38754392748770722	0.062442399172406321	-0.33	4.40466e-05
33100	0.3875440962157331	0.062442420559769049	-0.331	4.42167e-05
33200	0.38754426524589453	0.062442442047964362	-0.332	4.43871e-05
33300	0.38754443457912219	0.062442463637172999	-0.333	4.45578e-05
33400	0.38754460421634734	0.062442485327576298	-0.334	4.47288e-05
33500	0.38754477415850458	0.062442507119356137	-0.335	4.49001e-05
33600	0.38754494440652953	0.062442529012694883	-0.336	4.50718e-05
33700	0.38754511496136079	0.062442551007775425	-0.337	4.52438e-05
33800	0.3875452858239381	0.062442573104781421	-0.338	4.5416e-05
33900	0.38754545699520421	0.062442595303896876	-0.339	4.55887e-05
34000	0.38754562847610358	0.062442617605306533	-0.34	4.57616e-05
34100	0.38754580026758234	0.062442640009195541	-0.341	4.59348e-05
34200	0.3875459723705893	0.062442662515749724	-0.342	4.61084e-05
34300	0.38754614478607524	0.062442685125155391	-0.343	4.62823e-05
34400	0.38754631751499297	0.06244270783759958	-0.344	4.64565e-05
34500	0.38754649055829765	0.062442730653269655	-0.345	4.6631e-05
34600	0.38754666391694592	0.062442753572353758	-0.346	4.68059e-05
34700	0.38754683759189734	0.062442776595040564	-0.347	4.69811e-05
34800	0.38754701158411292	0.062442799721519206	-0.348	4.71566e-05
34900	0.38754718589455656	0.062442822951979518	-0.349	4.73325e-05
35000	0.38754736052419364	0.062442846286611842	-0.35	4.75087e-05
35100	0.3875475354739924	0.062442869725607128	-0.351	4.76852e-05
35200	0.38754771074492228	0.062442893269156918	-0.352	4.7862e-05
35300	0.387547886337956	0.062442916917453281	-0.353	4.80392e-05
35400	0.38754806225406724	0.062442940670688958	-0.354	4.82167e-05
35500	0.38754823849423281	0.062442964529057184	-0.355	4.83946e-05
35600	0.38754841505943122	0.062442988492751851	-0.356	4.85727e-05
35700	0.38754859195064334	0.062443012561967305	-0.357	4.87513e-05
35800	0.38754876916885234	0.062443036736898667	-0.358	4.89301e-05
35900	0.38754894671504364	0.062443061017741511	-0.359	4.91093e-05
36000	0.38754912459020413	0.062443085404692011	-0.36	4.92889e-05
36100	0.38754930279532396	0.062443109897946963	-0.361	4.94687e-05
36200	0.38754948133139466	0.06244313449770382	-0.362	4.9649e-05
36300	0.38754966019941078	0.06244315920416052	-0.363	4.98295e-05
36400	0.3875498394003688	0.062443184017515599	-0.364	5.00104e-05
36500	0.38755001893526636	0.062443208937968279	-0.365	5.01917e-05
36600	0.38755019880510511	0.062443233965718291	-0.366	5.03733e-05
36700	0.38755037901088785	0.062443259100966021	-0.367	5.05552e-05
36800	0.38755055955362017	0.062443284343912421	-0.368	5.07375e-05
36900	0.38755074043430932	0.062443309694759128	-0.369	5.09202e-05
37000	0.38755092165396554	0.062443335153708278	-0.37	5.11032e-05
37100	0.38755110321360053	0.062443360720962619	-0.371	5.12865e-05
37200	0.38755128511422904	0.062443386396725538	-0.372	5.14702e-05
37300	0.38755146735686741	0.062443412181201023	-0.373	5.16543e-05
37400	0.3875516499425346	0.062443438074593668	-0.374	5.18387e-05
37500	0.38755183287225209	0.062443464077108657	-0.375	5.20235e-05
37600	0.38755201614704371	0.062443490188951845	-0.376	5.22086e-05
37700	0.38755219976793476	0.062443516410329726	-0.377	5.23941e-05
37800	0.38755238373595413	0.062443542741449254	-0.378	5.25799e-05
37900	0.38755256805213217	0.062443569182518116	-0.379	5.27661e-05
38000	0.38755275271750145	0.062443595733744542	-0.38	5.29527e-05
38100	0.38755293773309707	0.062443622395337475	-0.381	5.31396e-05
38200	0.38755312309995693	0.062443649167506436	-0.382	5.33269e-05
38300	0.38755330881912098	0.062443676050461562	-0.383	5.35146e-05
38400	0.38755349489163088	0.062443703044413545	-0.384	5.37026e-05
38500	0.38755368131853157	0.062443730149573835	-0.385	5.3891e-05
38600	0.38755386810087045	0.062443757366154422	-0.386	5.40797e-05
38700	0.3875540552396961	0.062443784694367954	-0.387	5.42689e-05
38800	0.38755424273606076	0.062443812134427686	-0.388	5.44584e-05
38900	0.38755443059101846	0.062443839686547466	-0.389	5.46482e-05
39000	0.38755461880562525	0.062443867350941859	-0.39	5.48385e-05
39100	0.38755480738094045	0.062443895127825992	-0.391	5.50291e-05
39200	0.38755499631802515	0.062443923017415685	-0.392	5.52201e-05
39300	0.38755518561794344	0.062443951019927307	-0.393	5.54114e-05
39400	0.38755537528176065	0.062443979135577997	-0.394	5.56032e-05
39500	0.38755556531054608	0.062444007364585392	-0.395	5.57953e-05
39600	0.38755575570537004	0.062444035707167819	-0.396	5.59878e-05
39700	0.38755594646730623	0.062444064163544269	-0.397	5.61806e-05
39800	0.38755613759743068	0.062444092733934357	-0.398	5.63739e-05
39900	0.38755632909682158	0.062444121418558332	-0.399	5.65675e-05
40000	0.3875565209665594	0.062444150217637197	-0.4	5.67615e-05
40100	0.38755671320772733	0.062444179131392358	-0.401	5.69559e-05
40200	0.38755690582141128	0.06244420816004613	-0.402	5.71507e-05
40300	0.38755709880869943	0.062444237303821322	-0.403	5.73459e-05
40400	0.38755729217068224	0.062444266562941469	-0.404	5.75415e-05
40500	0.38755748590845285	0.062444295937630692	-0.405	5.77374e-05
40600	0.38755768002310653	0.062444325428113866	-0.406	5.79338e-05
40700	0.38755787451574175	0.062444355034616358	-0.407	5.81305e-05
40800	0.38755806938745896	0.06244438475736435	-0.408	5.83276e-05
40900	0.38755826463936177	0.062444414596584639	-0.409	5.85251e-05
41000	0.38755846027255542	0.062444444552504634	-0.41	5.87231e-05
41100	0.3875586562881479	0.062444474625352443	-0.411	5.89214e-05
41200	0.38755885268725004	0.062444504815356912	-0.412	5.91201e-05
41300	0.38755904947097525	0.062444535122747363	-0.413	5.93192e-05
41400	0.38755924664043934	0.062444565547753995	-0.414	5.95187e-05
41500	0.38755944419676064	0.062444596090607506	-0.415	5.97186e-05
41600	0.38755964214105998	0.062444626751539313	-0.416	5.99189e-05
41700	0.38755984047446085	0.062444657530781551	-0.417	6.01196e-05
41800	0.38756003919808901	0.062444688428567034	-0.418	6.03207e-05
41900	0.38756023831307307	0.062444719445129193	-0.419	6.05222e-05
42000	0.38756043782054533	0.062444750580702195	-0.42	6.07241e-05
42100	0.38756063772163818	0.062444781835520789	-0.421	6.09265e-05
42200	0.38756083801748897	0.062444813209820489	-0.422	6.11292e-05
42300	0.38756103870923608	0.062444844703837411	-0.423	6.13324e-05
42400	0.38756123979802148	0.062444876317808443	-0.424	6.15359e-05
42500	0.38756144128498943	0.062444908051971136	-0.425	6.17399e-05
42600	0.38756164317128683	0.062444939906563655	-0.426	6.19443e-05
42700	0.38756184545806271	0.062444971881824962	-0.427	6.21491e-05
42800	0.38756204814646955	0.062445003977994552	-0.428	6.23543e-05
42900	0.38756225123766258	0.06244503619531281	-0.429	6.25599e-05
43000	0.3875624547327991	0.06244506853402066	-0.43	6.2766e-05
43100	0.38756265863303874	0.062445100994359792	-0.431	6.29724e-05
43200	0.38756286293954495	0.062445133576572526	-0.432	6.31793e-05
43300	0.38756306765348247	0.062445166280901909	-0.433	6.33866e-05
43400	0.38756327277601998	0.062445199107591713	-0.434	6.35944e-05
43500	0.38756347830832805	0.062445232056886429	-0.435	6.38025e-05
43600	0.38756368425158066	0.06244526512903114	-0.436	6.40111e-05
43700	0.38756389060695373	0.062445298324271724	-0.437	6.42201e-05
43800	0.38756409737562619	0.062445331642854755	-0.438	6.44295e-05
43900	0.38756430455877966	0.062445365085027488	-0.439	6.46394e-05
44000	0.38756451215759902	0.062445398651037876	-0.44	6.48497e-05
44100	0.38756472017327093	0.062445432341134623	-0.441	6.50604e-05
44200	0.38756492860698583	0.062445466155567085	-0.442	6.52716e-05
44300	0.38756513745993609	0.062445500094585459	-0.443	6.54832e-05
44400	0.38756534673331672	0.062445534158440466	-0.444	6.56952e-05
44500	0.3875655564283263	0.062445568347383615	-0.445	6.59077e-05
44600	0.38756576654616554	0.062445602661667224	-0.446	6.61206e-05
44700	0.38756597708803814	0.062445637101544264	-0.447	6.63339e-05
44800	0.38756618805515058	0.062445671667268395	-0.448	6.65477e-05
44900	0.38756639944871257	0.062445706359094071	-0.449	6.67619e-05
45000	0.3875666112699358	0.06244574117727638	-0.45	6.69766e-05
45100	0.38756682352003524	0.062445776122071209	-0.451	6.71917e-05
45200	0.38756703620022848	0.062445811193735108	-0.452	6.74072e-05
45300	0.38756724931173658	0.062445846392525442	-0.453	6.76232e-05
45400	0.38756746285578209	0.062445881718700212	-0.454	6.78397e-05
45500	0.38756767683359172	0.062445917172518232	-0.455	6.80566e-05
45600	0.38756789124639446	0.062445952754239031	-0.456	6.82739e-05
45700	0.38756810609542225	0.062445988464122824	-0.457	6.84917e-05
45800	0.38756832138190939	0.062446024302430618	-0.458	6.871e-05
45900	0.38756853710709371	0.062446060269424113	-0.459	6.89287e-05
46000	0.38756875327221618	0.062446096365365793	-0.46	6.91478e-05
46100	0.38756896987851963	0.062446132590518892	-0.461	6.93674e-05
46200	0.38756918692725079	0.062446168945147311	-0.462	6.95875e-05
46300	0.38756940441965837	0.062446205429515768	-0.463	6.98081e-05
46400	0.38756962235699444	0.062446242043889731	-0.464	7.0029e-05
46500	0.38756984074051393	0.062446278788535391	-0.465	7.02505e-05
46600	0.387570059571475	0.062446315663719713	-0.466	7.04724e-05
46700	0.38757027885113809	0.062446352669710374	-0.467	7.06948e-05
46800	0.38757049858076753	0.062446389806775873	-0.468	7.09176e-05
46900	0.38757071876162991	0.06244642707518535	-0.469	7.1141e-05
47000	0.38757093939499415	0.062446464475208845	-0.47	7.13647e-05
47100	0.3875711604821333	0.062446502007116995	-0.471	7.1589e-05
47200	0.38757138202432334	0.062446539671181418	-0.472	7.18137e-05
47300	0.38757160402284208	0.062446577467674284	-0.473	7.20389e-05
47400	0.38757182647897132	0.062446615396868611	-0.474	7.22646e-05
47500	0.38757204939399587	0.06244665345903825	-0.475	7.24907e-05
47600	0.38757227276920236	0.062446691654457737	-0.476	7.27173e-05
47700	0.3875724966058825	0.062446729983402373	-0.477	7.29444e-05
47800	0.38757272090532879	0.062446768446148285	-0.478	7.3172e-05
47900	0.38757294566883832	0.062446807042972383	-0.479	7.34e-05
48000	0.38757317089771054	0.06244684577415225	-0.48	7.36286e-05
48100	0.38757339659324774	0.062446884639966366	-0.481	7.38576e-05
48200	0.387573622756756	0.06244692364069393	-0.482	7.40871e-05
48300	0.38757384938954353	0.062446962776614968	-0.483	7.43171e-05
48400	0.38757407649292269	0.062447002048010181	-0.484	7.45476e-05
48500	0.38757430406820831	0.062447041455161167	-0.485	7.47785e-05
48600	0.38757453211671755	0.062447080998350307	-0.486	7.501e-05
48700	0.38757476063977209	0.062447120677860693	-0.487	7.52419e-05
48800	0.38757498963869585	0.062447160493976264	-0.488	7.54743e-05
48900	0.38757521911481574	0.062447200446981752	-0.489	7.57073e-05
49000	0.38757544906946217	0.062447240537162677	-0.49	7.59407e-05
49100	0.38757567950396832	0.062447280764805359	-0.491	7.61746e-05
49200	0.38757591041967099	0.062447321130196881	-0.492	7.6409e-05
49300	0.38757614181790989	0.062447361633625131	-0.493	7.6644e-05
49400	0.38757637370002718	0.062447402275378885	-0.494	7.68794e-05
49500	0.3875766060673696	0.062447443055747648	-0.495	7.71153e-05
49600	0.38757683892128569	0.062447483975021707	-0.496	7.73517e-05
49700	0.38757707226312832	0.062447525033492227	-0.497	7.75886e-05
49800	0.38757730609425201	0.062447566231451132	-0.498	7.78261e-05
49900	0.38757754041601633	0.062447607569191196	-0.499	7.8064e-05
50000	0.38757777522978254	0.062447649047005942	-0.5	7.83025e-05
50100	0.38757801053691615	0.062447690665189785	-0.501	7.85414e-05
50200	0.38757824633878485	0.062447732424037887	-0.502	7.87809e-05
50300	0.38757848263675987	0.062447774323846315	-0.503	7.90209e-05
50400	0.38757871943221606	0.062447816364911951	-0.504	7.92614e-05
50500	0.38757895672653131	0.062447858547532327	-0.505	7.95024e-05
50600	0.38757919452108691	0.062447900872005982	-0.506	7.97439e-05
50700	0.38757943281726698	0.062447943338632302	-0.507	7.9986e-05
50800	0.38757967161645923	0.062447985947711393	-0.508	8.02285e-05
50900	0.38757991092005484	0.062448028699544161	-0.509	8.04716e-05
51000	0.38758015072944757	0.062448071594432455	-0.51	8.07152e-05
51100	0.38758039104603509	0.062448114632678915	-0.511	8.09594e-05
51200	0.38758063187121777	0.062448157814587027	-0.512	8.12041e-05
51300	  0.3875808732064	0.062448201140461068	-0.513	8.14492e-05
51400	0.38758111505298865	0.06244824461060626	-0.514	8.1695e-05
51500	0.38758135741239469	0.062448288225328587	-0.515	8.19412e-05
51600	0.38758160028603217	0.062448331984934859	-0.516	8.2188e-05
51700	0.38758184367531834	0.062448375889732802	-0.517	8.24353e-05
51800	0.38758208758167378	0.062448419940030968	-0.518	8.26832e-05
51900	0.38758233200652248	0.06244846413613872	-0.519	8.29316e-05
52000	0.38758257695129167	0.062448508478366298	-0.52	8.31805e-05
52100	0.38758282241741243	0.062448552967024784	-0.521	8.343e-05
52200	0.38758306840631873	0.062448597602426194	-0.522	8.368e-05
52300	0.38758331491944781	0.062448642384883332	-0.523	8.39305e-05
52400	0.38758356195824101	0.062448687314709823	-0.524	8.41816e-05
52500	0.38758380952414173	0.062448732392220249	-0.525	8.44332e-05
52600	0.38758405761859877	0.062448777617729982	-0.526	8.46854e-05
52700	0.3875843062430625	0.062448822991555318	-0.527	8.49381e-05
52800	0.38758455539898778	0.062448868514013385	-0.528	8.51914e-05
52900	0.38758480508783238	0.062448914185422193	-0.529	8.54453e-05
53000	0.3875850553110583	0.06244896000610059	-0.53	8.56996e-05
53100	0.38758530607012931	0.062449005976368405	-0.531	8.59546e-05
53200	0.38758555736651462	0.062449052096546234	-0.532	8.62101e-05
53300	0.38758580920168589	0.062449098366955585	-0.533	8.64661e-05
53400	0.38758606157711822	0.062449144787918874	-0.534	8.67227e-05
53500	0.38758631449429098	0.062449191359759348	-0.535	8.69799e-05
53600	0.38758656795468543	0.062449238082801214	-0.536	8.72376e-05
53700	0.38758682195978861	0.062449284957369483	-0.537	8.74959e-05
53800	0.38758707651108892	0.062449331983790136	-0.538	8.77548e-05
53900	0.3875873316100798	0.062449379162390024	-0.539	8.80142e-05
54000	0.38758758725825743	0.062449426493496836	-0.54	8.82742e-05
54100	0.38758784345712149	0.06244947397743919	-0.541	8.85348e-05
54200	0.38758810020817563	0.062449521614546616	-0.542	8.87959e-05
54300	0.38758835751292697	0.062449569405149549	-0.543	8.90576e-05
54400	0.38758861537288652	0.062449617349579337	-0.544	8.93199e-05
54500	0.38758887378956791	0.062449665448168205	-0.545	8.95827e-05
54600	0.38758913276448936	0.062449713701249278	-0.546	8.98462e-05
54700	0.38758939229917205	0.062449762109156565	-0.547	9.01102e-05
54800	0.38758965239514087	0.06244981067222509	-0.548	9.03748e-05
54900	0.38758991305392482	0.062449859390790667	-0.549	9.06399e-05
55000	0.38759017427705572	0.062449908265190091	-0.55	9.09057e-05
55100	0.38759043606606985	0.062449957295761103	-0.551	9.1172e-05
55200	0.3875906984225066	0.062450006482842338	-0.552	9.1439e-05
55300	0.38759096134790938	0.062450055826773307	-0.553	9.17065e-05
55400	0.38759122484382519	0.062450105327894502	-0.554	9.19746e-05
55500	0.38759148891180439	0.062450154986547303	-0.555	9.22433e-05
55600	0.38759175355340142	0.062450204803074061	-0.556	9.25126e-05
55700	0.38759201877017391	0.062450254777818043	-0.557	9.27825e-05
55800	0.38759228456368378	0.06245030491112339	-0.558	9.30529e-05
55900	0.38759255093549622	0.062450355203335341	-0.559	9.3324e-05
56000	0.38759281788718053	0.06245040565479975	-0.56	9.35957e-05
56100	0.38759308542030929	0.062450456265863777	-0.561	9.3868e-05
56200	0.3875933535364593	0.062450507036875359	-0.562	9.41409e-05
56300	0.38759362223721067	0.062450557968183336	-0.563	9.44143e-05
56400	0.3875938915241478	0.062450609060137566	-0.564	9.46884e-05
56500	0.38759416139885827	0.062450660313088886	-0.565	9.49631e-05
56600	0.3875944318629343	0.062450711727388933	-0.566	9.52384e-05
56700	0.3875947029179706	0.062450763303390465	-0.567	9.55144e-05
56800	0.38759497456556674	0.062450815041447123	-0.568	9.57909e-05
56900	0.38759524680732593	0.062450866941913485	-0.569	9.6068e-05
57000	0.38759551964485461	0.062450919005145107	-0.57	9.63458e-05
57100	0.38759579307976388	0.062450971231498557	-0.571	9.66242e-05
57200	0.38759606711366795	0.062451023621331321	-0.572	9.69032e-05
57300	0.38759634174818569	0.062451076175001827	-0.573	9.71828e-05
57400	0.38759661698493914	0.062451128892869523	-0.574	9.7463e-05
57500	0.38759689282555437	0.062451181775294809	-0.575	9.77439e-05
57600	0.38759716927166143	0.062451234822639069	-0.576	9.80254e-05
57700	0.38759744632489435	0.062451288035264667	-0.577	9.83075e-05
57800	0.38759772398689063	0.062451341413534853	-0.578	9.85902e-05
57900	0.38759800225929214	0.062451394957814016	-0.579	9.88736e-05
58000	0.38759828114374478	0.062451448668467413	-0.58	9.91576e-05
58100	0.38759856064189802	0.062451502545861341	-0.581	9.94423e-05
58200	0.38759884075540524	0.062451556590363062	-0.582	9.97276e-05
58300	0.38759912148592418	0.062451610802340844	-0.583	0.000100013
58400	0.3875994028351159	0.062451665182163926	-0.584	0.0001003
58500	0.38759968480464657	0.062451719730202547	-0.585	0.000100587
58600	0.38759996739618491	0.062451774446827958	-0.586	0.000100875
58700	0.38760025061140407	0.06245182933241241	-0.587	0.000101164
58800	0.38760053445198195	0.062451884387329189	-0.588	0.000101453
58900	0.38760081891959974	0.062451939611952487	-0.589	0.000101742
59000	0.38760110401594328	0.062451995006657546	-0.59	0.000102033
59100	0.38760138974270147	0.062452050571820676	-0.591	0.000102324
59200	0.38760167610156837	0.062452106307819139	-0.592	0.000102616
59300	0.38760196309424128	0.062452162215031255	-0.593	0.000102908
59400	0.38760225072242172	0.062452218293836306	-0.594	0.000103201
59500	0.38760253898781527	0.062452274544614612	-0.595	0.000103495
59600	0.38760282789213207	0.062452330967747612	-0.596	0.000103789
59700	0.38760311743708614	0.062452387563617602	-0.597	0.000104084
59800	0.38760340762439521	0.062452444332607979	-0.598	0.00010438
59900	0.38760369845578124	0.062452501275103219	-0.599	0.000104676
60000	0.38760398993297074	0.062452558391488826	-0.6	0.000104973
60100	0.38760428205769398	0.06245261568215122	-0.601	0.000105271
60200	0.38760457483168548	0.062452673147477974	-0.602	0.000105569
60300	0.38760486825668405	0.062452730787857645	-0.603	0.000105868
60400	0.38760516233443237	0.062452788603679893	-0.604	0.000106168
60500	0.38760545706667754	0.062452846595335329	-0.605	0.000106468
60600	0.38760575245517076	0.062452904763215702	-0.606	0.00010677
60700	0.38760604850166763	0.062452963107713713	-0.607	0.000107071
60800	0.38760634520792764	0.062453021629223261	-0.608	0.000107374
60900	0.38760664257571487	0.062453080328139142	-0.609	0.000107677
61000	0.38760694060679757	0.062453139204857303	-0.61	0.000107981
61100	0.38760723930294799	0.062453198259774724	-0.611	0.000108285
61200	0.38760753866594239	0.062453257493289435	-0.612	0.00010859
61300	0.38760783869756199	0.062453316905800513	-0.613	0.000108896
61400	0.38760813939959232	0.062453376497708227	-0.614	0.000109203
61500	0.38760844077382234	0.062453436269413749	-0.615	0.00010951
61600	0.38760874282204605	0.062453496221319404	-0.616	0.000109818
61700	0.3876090455460614	0.062453556353828557	-0.617	0.000110126
61800	0.38760934894767068	0.062453616667345752	-0.618	0.000110436
61900	0.38760965302868117	0.062453677162276469	-0.619	0.000110746
62000	0.3876099577909034	0.062453737839027322	-0.62	0.000111057
62100	0.38761026323615289	0.062453798698006137	-0.621	0.000111368
62200	0.38761056936624999	0.062453859739621614	-0.622	0.00011168
62300	0.38761087618301826	0.062453920964283691	-0.623	0.000111993
62400	0.38761118368828662	0.062453982372403356	-0.624	0.000112307
62500	0.38761149188388822	0.062454043964392685	-0.625	0.000112621
62600	0.3876118007716598	0.06245410574066481	-0.626	0.000112936
62700	0.3876121103534434	0.062454167701634089	-0.627	0.000113252
62800	0.38761242063108564	0.062454229847715877	-0.628	0.000113568
62900	0.38761273160643728	0.062454292179326638	-0.629	0.000113885
63000	0.3876130432813531	0.062454354696883971	-0.63	0.000114203
63100	0.38761335565769306	0.062454417400806678	-0.631	0.000114522
63200	0.387613668737321	0.062454480291514514	-0.632	0.000114841
63300	0.38761398252210605	0.062454543369428406	-0.633	0.000115161
63400	0.38761429701392103	0.062454606634970475	-0.634	0.000115482
63500	0.38761461221464361	0.062454670088563868	-0.635	0.000115803
63600	0.38761492812615561	0.062454733730632969	-0.636	0.000116126
63700	0.38761524475034426	0.062454797561603118	-0.637	0.000116449
63800	0.38761556208910058	0.062454861581900972	-0.638	0.000116772
63900	0.38761588014432047	0.06245492579195417	-0.639	0.000117097
64000	0.38761619891790433	0.062454990192191556	-0.64	0.000117422
64100	0.38761651841175671	0.062455054783043154	-0.641	0.000117748
64200	0.38761683862778834	0.06245511956494007	-0.642	0.000118075
64300	0.38761715956791226	0.06245518453831457	-0.643	0.000118402
64400	0.38761748123404793	0.062455249703600071	-0.644	0.00011873
64500	0.38761780362811882	0.062455315061231094	-0.645	0.000119059
64600	0.38761812675205232	0.062455380611643373	-0.646	0.000119389
64700	0.38761845060778194	0.062455446355273815	-0.647	0.00011972
64800	0.38761877519724502	0.062455512292560411	-0.648	0.000120051
64900	0.38761910052238335	0.062455578423942414	-0.649	0.000120383
65000	0.38761942658514387	0.062455644749860088	-0.65	0.000120715
65100	0.38761975338747823	0.06245571127075504	-0.651	0.000121049
65200	0.38762008093134281	0.062455777987069923	-0.652	0.000121383
65300	0.38762040921869806	0.06245584489924854	-0.653	0.000121718
65400	0.38762073825150978	0.062455912007735995	-0.654	0.000122054
65500	0.38762106803174878	0.062455979312978506	-0.655	0.000122391
65600	0.38762139856139016	0.062456046815423466	-0.656	0.000122728
65700	0.38762172984241383	0.062456114515519447	-0.657	0.000123066
65800	0.38762206187680476	0.062456182413716199	-0.658	0.000123405
65900	0.38762239466655246	0.062456250510464759	-0.659	0.000123745
66000	0.38762272821365101	0.062456318806217159	-0.66	0.000124085
66100	0.38762306252009987	0.062456387301426858	-0.661	0.000124426
66200	0.3876233975879031	0.062456455996548324	-0.662	0.000124769
66300	0.38762373341906964	0.062456524892037353	-0.663	0.000125111
66400	0.38762407001561355	0.062456593988350864	-0.664	0.000125455
66500	0.38762440737955339	0.062456663285946998	-0.665	0.000125799
66600	0.38762474551291215	0.06245673278528513	-0.666	0.000126145
66700	0.38762508441771937	0.062456802486825849	-0.667	0.000126491
66800	0.3876254240960072	0.06245687239103101	-0.668	0.000126837
66900	0.38762576454981534	0.062456942498363539	-0.669	0.000127185
67000	0.38762610578118595	0.062457012809287726	-0.67	0.000127533
67100	0.38762644779216743	0.06245708332426899	-0.671	0.000127883
67200	0.38762679058481331	0.062457154043774034	-0.672	0.000128233
67300	0.38762713416118122	0.062457224968270809	-0.673	0.000128583
67400	0.38762747852333473	0.062457296098228421	-0.674	0.000128935
67500	0.38762782367334181	0.062457367434117332	-0.675	0.000129287
67600	0.38762816961327562	0.062457438976409117	-0.676	0.000129641
67700	0.38762851634521428	0.062457510725576718	-0.677	0.000129995
67800	0.38762886387124096	0.062457582682094108	-0.678	0.00013035
67900	0.38762921219344421	0.062457654846436776	-0.679	0.000130705
68000	0.38762956131391751	0.062457727219081334	-0.68	0.000131062
68100	0.38762991123475926	0.062457799800505601	-0.681	0.000131419
68200	0.38763026195807254	0.062457872591188748	-0.682	0.000131778
68300	0.38763061348596617	0.062457945591611143	-0.683	0.000132137
68400	0.38763096582055395	0.062458018802254447	-0.684	0.000132496
68500	0.3876313189639547	0.062458092223601644	-0.685	0.000132857
68600	0.38763167291829242	0.062458165856136859	-0.686	0.000133219
68700	0.3876320276856966	0.062458239700345579	-0.687	0.000133581
68800	0.38763238326830118	0.062458313756714574	-0.688	0.000133944
68900	0.38763273966824596	0.062458388025731844	-0.689	0.000134308
69000	0.38763309688767594	0.062458462507886676	-0.69	0.000134673
69100	0.38763345492874052	0.062458537203669701	-0.691	0.000135039
69200	0.38763381379359524	0.06245861211357278	-0.692	0.000135406
69300	0.38763417348440071	0.062458687238089151	-0.693	0.000135773
69400	0.38763453400332232	0.062458762577713198	-0.694	0.000136141
69500	0.38763489535253115	0.062458838132940744	-0.695	0.00013651
69600	0.38763525753420314	0.06245891390426881	-0.696	0.00013688
69700	0.38763562055052031	0.062458989892195789	-0.697	0.000137251
69800	0.38763598440366903	0.062459066097221357	-0.698	0.000137623
69900	0.3876363490958416	0.062459142519846529	-0.699	0.000137996
70000	0.38763671462923538	0.062459219160573606	-0.7	0.000138369
70100	0.3876370810060536	0.062459296019906171	-0.701	0.000138744
70200	0.38763744822850404	0.062459373098349258	-0.702	0.000139119
70300	0.38763781629880034	0.062459450396409107	-0.703	0.000139495
70400	0.38763818521916177	0.062459527914593284	-0.704	0.000139872
70500	0.38763855499181238	0.062459605653410695	-0.705	0.00014025
70600	0.387638925618982	0.062459683613371689	-0.706	0.000140628
70700	0.38763929710290579	0.062459761794987759	-0.707	0.000141008
70800	0.38763966944582462	0.062459840198771849	-0.708	0.000141389
70900	0.38764004264998447	0.062459918825238395	-0.709	0.00014177
71000	0.38764041671763677	0.062459997674902928	-0.71	0.000142152
71100	0.38764079165103899	0.062460076748282405	-0.711	0.000142535
71200	0.38764116745245342	0.062460156045895207	-0.712	0.00014292
71300	0.38764154412414781	0.062460235568260962	-0.713	0.000143304
71400	0.38764192166839578	0.06246031531590078	-0.714	0.00014369
71500	0.38764230008747685	0.062460395289337028	-0.715	0.000144077
71600	0.38764267938367591	0.062460475489093503	-0.716	0.000144465
71700	0.3876430595592828	0.062460555915695375	-0.717	0.000144853
71800	0.38764344061659356	0.062460636569669124	-0.718	0.000145243
71900	0.38764382255790969	0.062460717451542684	-0.719	0.000145633
72000	0.38764420538553801	0.062460798561845332	-0.72	0.000146025
72100	0.38764458910179117	0.062460879901107727	-0.721	0.000146417
72200	0.38764497370898782	0.062460961469861888	-0.722	0.00014681
72300	0.38764535920945165	0.062461043268641325	-0.723	0.000147204
72400	0.38764574560551257	0.06246112529798082	-0.724	0.000147599
72500	0.38764613289950628	0.062461207558416637	-0.725	0.000147995
72600	0.38764652109377334	0.062461290050486368	-0.726	0.000148392
72700	0.38764691019066044	0.062461372774729081	-0.727	0.00014879
72800	0.38764730019251992	0.062461455731685191	-0.728	0.000149188
72900	0.38764769110171055	0.062461538921896584	-0.729	0.000149588
73000	0.3876480829205956	0.062461622345906499	-0.73	0.000149989
73100	0.38764847565154581	0.062461706004259696	-0.731	0.00015039
73200	0.38764886929693604	0.062461789897502167	-0.732	0.000150793
73300	0.38764926385914789	0.062461874026181523	-0.733	0.000151196
73400	0.38764965934056805	0.062461958390846686	-0.734	0.000151601
73500	0.38765005574359024	0.062462042992048078	-0.735	0.000152006
73600	0.38765045307061347	0.06246212783033752	-0.736	0.000152412
73700	0.38765085132404137	0.062462212906268327	-0.737	0.000152819
73800	0.38765125050628513	0.062462298220395132	-0.738	0.000153228
73900	0.38765165061976109	0.062462383773274087	-0.739	0.000153637
74000	0.38765205166689198	0.062462469565462864	-0.74	0.000154047
74100	0.38765245365010587	0.062462555597520501	-0.741	0.000154458
74200	0.38765285657183673	0.062462641870007482	-0.742	0.00015487
74300	0.38765326043452525	0.062462728383485829	-0.743	0.000155283
74400	0.38765366524061728	0.062462815138518951	-0.744	0.000155697
74500	0.3876540709925651	0.06246290213567169	-0.745	0.000156112
74600	0.38765447769282713	0.06246298937551048	-0.746	0.000156528
74700	0.38765488534386716	0.062463076858603202	-0.747	0.000156945
74800	0.38765529394815562	0.062463164585519142	-0.748	0.000157363
74900	0.38765570350816847	0.062463252556829094	-0.749	0.000157782
75000	0.38765611402638805	0.062463340773105405	-0.75	0.000158202
75100	0.38765652550530239	0.062463429234921805	-0.751	0.000158623
75200	0.38765693794740641	0.062463517942853639	-0.752	0.000159044
75300	0.38765735135520091	0.062463606897477666	-0.753	0.000159467
75400	0.38765776573119215	0.062463696099372086	-0.754	0.000159891
75500	0.3876581810778929	0.062463785549116732	-0.755	0.000160316
75600	0.3876585973978221	0.062463875247292841	-0.756	0.000160742
75700	0.38765901469350511	0.062463965194483266	-0.757	0.000161169
75800	0.38765943296747307	0.062464055391272283	-0.758	0.000161597
75900	0.38765985222226357	0.062464145838245756	-0.759	0.000162026
76000	0.38766027246042056	0.062464236535991043	-0.76	0.000162455
76100	0.38766069368449368	0.062464327485096956	-0.761	0.000162886
76200	0.3876611158970395	0.062464418686153933	-0.762	0.000163318
76300	0.38766153910062057	0.062464510139753966	-0.763	0.000163751
76400	0.38766196329780445	0.06246460184649049	-0.764	0.000164185
76500	0.38766238849116752	0.062464693806958509	-0.765	0.00016462
76600	0.38766281468329089	0.062464786021754627	-0.766	0.000165056
76700	0.38766324187676199	0.062464878491476923	-0.767	0.000165493
76800	0.38766367007417529	0.062464971216725076	-0.768	0.000165932
76900	0.38766409927813023	0.062465064198100266	-0.769	0.000166371
77000	0.38766452949123464	0.062465157436205308	-0.77	0.000166811
77100	0.38766496071610096	0.062465250931644567	-0.771	0.000167252
77200	0.38766539295534891	0.062465344685023912	-0.772	0.000167694
77300	0.38766582621160472	0.062465438696950933	-0.773	0.000168138
77400	0.38766626048750086	0.062465532968034601	-0.774	0.000168582
77500	0.38766669578567553	0.062465627498885519	-0.775	0.000169028
77600	0.38766713210877496	0.062465722290115995	-0.776	0.000169474
77700	0.38766756945945052	0.062465817342339823	-0.777	0.000169922
77800	0.38766800784036076	0.062465912656172379	-0.778	0.00017037
77900	0.38766844725417038	0.062466008232230669	-0.779	0.00017082
78000	0.3876688877035509	0.062466104071133281	-0.78	0.000171271
78100	0.38766932919118047	0.062466200173500401	-0.781	0.000171723
78200	0.38766977171974337	0.062466296539953906	-0.782	0.000172176
78300	0.38767021529193108	0.062466393171117164	-0.783	0.000172629
78400	0.38767065991044114	0.062466490067615198	-0.784	0.000173085
78500	0.38767110557797835	0.062466587230074651	-0.785	0.000173541
78600	0.38767155229725303	0.062466684659123792	-0.786	0.000173998
78700	0.38767200007098324	0.062466782355392603	-0.787	0.000174456
78800	0.38767244890189306	0.062466880319512523	-0.788	0.000174916
78900	0.38767289879271388	0.062466978552116761	-0.789	0.000175376
79000	0.38767334974618356	0.062467077053840088	-0.79	0.000175838
79100	0.38767380176504596	0.06246717582531898	-0.791	0.0001763
79200	0.38767425485205298	0.062467274867191551	-0.792	0.000176764
79300	0.38767470900996204	0.062467374180097533	-0.793	0.000177229
79400	0.38767516424153797	0.062467473764678282	-0.794	0.000177695
79500	0.38767562054955274	0.06246757362157692	-0.795	0.000178162
79600	0.38767607793678438	0.062467673751438121	-0.796	0.00017863
79700	0.38767653640601801	0.062467774154908298	-0.797	0.0001791
79800	0.38767699596004618	0.062467874832635509	-0.798	0.00017957
79900	0.38767745660166769	0.06246797578526956	-0.799	0.000180042
80000	0.38767791833368764	0.062468077013461736	-0.8	0.000180514
80100	0.38767838115891906	0.062468178517865222	-0.801	0.000180988
80200	0.3876788450801818	0.062468280299134767	-0.802	0.000181463
80300	0.38767931010030232	0.062468382357926892	-0.803	0.000181939
80400	0.38767977622211414	0.062468484694899781	-0.804	0.000182417
80500	0.38768024344845742	0.062468587310713246	-0.805	0.000182895
80600	0.38768071178217983	0.062468690206028937	-0.806	0.000183374
80700	0.38768118122613571	0.062468793381510124	-0.807	0.000183855
80800	0.38768165178318659	0.062468896837821836	-0.808	0.000184337
80900	0.3876821234562014	0.062469000575630797	-0.809	0.00018482
81000	0.38768259624805518	0.062469104595605424	-0.81	0.000185304
81100	0.38768307016163078	0.062469208898415916	-0.811	0.000185789
81200	0.38768354519981824	0.062469313484734161	-0.812	0.000186276
81300	0.38768402136551394	0.062469418355233779	-0.813	0.000186763
81400	0.38768449866162191	0.062469523510590125	-0.814	0.000187252
81500	0.38768497709105343	0.062469628951480324	-0.815	0.000187742
81600	0.38768545665672688	0.062469734678583314	-0.816	0.000188233
81700	0.38768593736156781	0.062469840692579659	-0.817	0.000188725
81800	0.38768641920850866	0.062469946994151759	-0.818	0.000189219
81900	0.3876869022004894	0.06247005358398372	-0.819	0.000189713
82000	0.38768738634045752	0.062470160462761451	-0.82	0.000190209
82100	0.38768787163136681	0.062470267631172603	-0.821	0.000190706
82200	0.38768835807617946	0.062470375089906639	-0.822	0.000191204
82300	0.38768884567786432	0.062470482839654742	-0.823	0.000191703
82400	0.38768933443939813	0.062470590881109976	-0.824	0.000192204
82500	0.38768982436376409	0.062470699214967097	-0.825	0.000192706
82600	0.38769031545395316	0.062470807841922722	-0.826	0.000193209
82700	0.38769080771296405	0.062470916762675188	-0.827	0.000193713
82800	0.38769130114380224	0.06247102597792465	-0.828	0.000194218
82900	0.38769179574948082	0.062471135488373138	-0.829	0.000194725
83000	0.38769229153302054	0.06247124529472442	-0.83	0.000195233
83100	0.38769278849744943	0.062471355397684045	-0.831	0.000195742
83200	0.38769328664580299	0.062471465797959508	-0.832	0.000196252
83300	0.38769378598112414	0.062471576496260041	-0.833	0.000196763
83400	0.38769428650646365	0.062471687493296714	-0.834	0.000197276
83500	0.38769478822487913	0.062471798789782408	-0.835	0.00019779
83600	0.38769529113943657	0.062471910386431836	-0.836	0.000198305
83700	0.38769579525320841	0.062472022283961613	-0.837	0.000198822
83800	0.38769630056927618	0.062472134483090157	-0.838	0.000199339
83900	0.3876968070907279	0.06247224698453778	-0.839	0.000199858
84000	0.3876973148206595	0.062472359789026564	-0.84	0.000200378
84100	0.38769782376217438	0.062472472897280543	-0.841	0.000200899
84200	0.38769833391838376	0.062472586310025509	-0.842	0.000201422
84300	0.3876988452924065	0.062472700027989173	-0.843	0.000201946
84400	0.38769935788736903	0.062472814051901179	-0.844	0.000202471
84500	0.38769987170640635	0.062472928382492951	-0.845	0.000202997
84600	0.38770038675266011	0.062473043020497866	-0.846	0.000203525
84700	0.38770090302928001	0.062473157966651136	-0.847	0.000204054
84800	0.38770142053942375	0.062473273221689864	-0.848	0.000204584
84900	0.38770193928625657	0.062473388786353126	-0.849	0.000205116
85000	0.38770245927295127	0.062473504661381872	-0.85	0.000205648
85100	0.38770298050269003	0.062473620847518938	-0.851	0.000206182
85200	0.38770350297866102	0.062473737345508998	-0.852	0.000206718
85300	0.38770402670406073	0.06247385415609872	-0.853	0.000207254
85400	0.38770455168209378	0.062473971280036671	-0.854	0.000207792
85500	0.38770507791597347	0.062474088718073431	-0.855	0.000208331
85600	0.38770560540891985	0.062474206470961378	-0.856	0.000208872
85700	0.38770613416416111	0.062474324539454888	-0.857	0.000209414
85800	0.38770666418493444	0.062474442924310238	-0.858	0.000209957
85900	0.3877071954744834	0.062474561626285667	-0.859	0.000210501
86000	0.38770772803606079	0.062474680646141409	-0.86	0.000211047
86100	0.38770826187292684	0.062474799984639576	-0.861	0.000211594
86200	0.3877087969883507	0.062474919642544327	-0.862	0.000212142
86300	0.38770933338560881	0.062475039620621647	-0.863	0.000212692
86400	0.38770987106798549	0.062475159919639603	-0.864	0.000213243
86500	0.38771041003877366	0.062475280540368272	-0.865	0.000213795
86600	0.38771095030127434	0.062475401483579586	-0.866	0.000214349
86700	0.38771149185879683	0.062475522750047516	-0.867	0.000214904
86800	0.38771203471465815	0.062475644340548073	-0.868	0.00021546
86900	0.38771257887218397	0.062475766255859148	-0.869	0.000216018
87000	0.38771312433470828	0.062475888496760681	-0.87	0.000216577
87100	0.38771367110557275	0.062476011064034651	-0.871	0.000217137
87200	0.3877142191881276	0.062476133958465047	-0.872	0.000217699
87300	0.38771476858573156	0.06247625718083779	-0.873	0.000218262
87400	0.38771531930175135	0.062476380731940916	-0.874	0.000218826
87500	0.38771587133956242	0.06247650461256439	-0.875	0.000219392
87600	0.38771642470254769	0.062476628823500267	-0.876	0.000219959
87700	0.38771697939409949	0.06247675336554262	-0.877	0.000220528
87800	0.38771753541761822	0.062476878239487561	-0.878	0.000221097
87900	0.38771809277651198	0.062477003446133224	-0.879	0.000221669
88000	0.38771865147419821	0.062477128986279828	-0.88	0.000222241
88100	0.38771921151410249	0.062477254860729643	-0.881	0.000222815
88200	0.38771977289965925	0.062477381070286941	-0.882	0.000223391
88300	0.38772033563431046	0.062477507615758092	-0.883	0.000223967
88400	0.38772089972150747	0.062477634497951552	-0.884	0.000224546
88500	0.38772146516471001	0.062477761717677854	-0.885	0.000225125
88600	0.38772203196738608	0.062477889275749578	-0.886	0.000225706
88700	0.38772260013301268	0.062478017172981369	-0.887	0.000226289
88800	0.38772316966507508	0.062478145410190047	-0.888	0.000226872
88900	0.38772374056706715	0.06247827398819443	-0.889	0.000227458
89000	0.3877243128424917	0.062478402907815506	-0.89	0.000228044
89100	0.38772488649485987	0.062478532169876276	-0.891	0.000228632
89200	0.38772546152769161	0.062478661775201998	-0.892	0.000229222
89300	0.38772603794451616	0.062478791724619891	-0.893	0.000229813
89400	0.38772661574887074	0.062478922018959403	-0.894	0.000230405
89500	0.3877271949443018	0.062479052659052035	-0.895	0.000230999
89600	0.38772777553436394	0.062479183645731497	-0.896	0.000231594
89700	0.38772835752262141	0.062479314979833556	-0.897	0.00023219
89800	0.38772894091264659	0.062479446662196146	-0.898	0.000232789
89900	0.38772952570802116	0.062479578693659402	-0.899	0.000233388
90000	0.38773011191233558	0.062479711075065551	-0.9	0.000233989
90100	0.38773069952918937	0.062479843807258947	-0.901	0.000234591
90200	0.38773128856219036	0.062479976891086218	-0.902	0.000235195
90300	0.38773187901495559	0.06248011032739606	-0.903	0.000235801
90400	0.38773247089111185	0.062480244117039375	-0.904	0.000236407
90500	0.38773306419429338	0.062480378260869211	-0.905	0.000237016
90600	0.3877336589281451	0.062480512759740911	-0.906	0.000237625
90700	0.38773425509632009	0.062480647614511865	-0.907	0.000238237
90800	0.38773485270247987	0.062480782826041727	-0.908	0.000238849
90900	0.38773545175029628	0.062480918395192368	-0.909	0.000239464
91000	0.38773605224344992	0.062481054322827877	-0.91	0.000240079
91100	0.38773665418563008	0.062481190609814448	-0.911	0.000240696
91200	0.38773725758053512	0.062481327257020616	-0.912	0.000241315
91300	0.3877378624318733	0.062481464265317165	-0.913	0.000241935
91400	0.38773846874336149	0.062481601635576971	-0.914	0.000242557
91500	0.38773907651872574	0.062481739368675154	-0.915	0.00024318
91600	0.3877396857617022	0.062481877465489159	-0.916	0.000243805
91700	0.38774029647603531	0.062482015926898699	-0.917	0.000244431
91800	0.3877409086654795	0.062482154753785636	-0.918	0.000245059
91900	0.38774152233379733	0.062482293947034168	-0.919	0.000245688
92000	0.38774213748476188	0.062482433507530737	-0.92	0.000246319
92100	0.38774275412215559	0.062482573436163993	-0.921	0.000246951
92200	0.38774337224976946	0.062482713733824878	-0.922	0.000247585
92300	0.38774399187140451	0.06248285440140669	-0.923	0.00024822
92400	0.38774461299087132	0.062482995439804942	-0.924	0.000248857
92500	0.38774523561198926	0.062483136849917485	-0.925	0.000249496
92600	0.38774585973858799	0.062483278632644454	-0.926	0.000250136
92700	0.38774648537450596	0.06248342078888821	-0.927	0.000250777
92800	0.38774711252359173	0.062483563319553521	-0.928	0.000251421
92900	0.38774774118970279	0.062483706225547421	-0.929	0.000252065
93000	0.38774837137670687	0.062483849507779222	-0.93	0.000252712
93100	0.38774900308848065	0.062483993167160704	-0.931	0.000253359
93200	0.38774963632891113	0.06248413720460582	-0.932	0.000254009
93300	0.38775027110189447	0.062484281621030952	-0.933	0.00025466
93400	0.38775090741133661	0.06248442641735482	-0.934	0.000255312
93500	0.38775154526115346	0.062484571594498446	-0.935	0.000255967
93600	0.38775218465527006	0.062484717153385189	-0.936	0.000256622
93700	0.3877528255976217	0.062484863094940828	-0.937	0.00025728
93800	0.38775346809215366	0.062485009420093537	-0.938	0.000257939
93900	0.38775411214282046	0.062485156129773747	-0.939	0.000258599
94000	0.38775475775358614	0.062485303224914399	-0.94	0.000259261
94100	0.38775540492842581	0.062485450706450653	-0.941	0.000259925
94200	0.38775605367132354	0.062485598575320274	-0.942	0.00026059
94300	0.38775670398627343	0.062485746832463211	-0.943	0.000261257
94400	0.38775735587727928	0.062485895478821968	-0.944	0.000261926
94500	0.38775800934835597	0.062486044515341392	-0.945	0.000262596
94600	0.38775866440352708	0.062486193942968733	-0.946	0.000263268
94700	0.38775932104682659	0.062486343762653718	-0.947	0.000263942
94800	0.38775997928229833	0.062486493975348396	-0.948	0.000264617
94900	0.38776063911399683	0.062486644582007332	-0.949	0.000265294
95000	0.38776130054598629	0.062486795583587496	-0.95	0.000265972
95100	0.3877619635823405	0.062486946981048369	-0.951	0.000266652
95200	0.3877626282271443	0.062487098775351767	-0.952	0.000267334
95300	0.38776329448449265	0.062487250967462049	-0.953	0.000268017
95400	0.38776396235848987	0.062487403558346005	-0.954	0.000268702
95500	0.387764631853251	0.062487556548972929	-0.955	0.000269389
95600	0.38776530297290113	0.062487709940314509	-0.956	0.000270078
95700	0.38776597572157584	0.062487863733345007	-0.957	0.000270768
95800	0.3877666501034206	0.062488017929041066	-0.958	0.00027146
95900	0.38776732612259174	0.06248817252838193	-0.959	0.000272153
96000	0.38776800378325577	0.062488327532349328	-0.96	0.000272848
96100	0.38776868308958901	0.062488482941927374	-0.961	0.000273545
96200	0.38776936404577933	0.062488638758102871	-0.962	0.000274244
96300	0.3877700466560236	0.062488794981865041	-0.963	0.000274944
96400	0.38777073092453068	0.062488951614205604	-0.964	0.000275646
96500	0.38777141685551814	0.062489108656118883	-0.965	0.00027635
96600	0.38777210445321536	0.06248926610860174	-0.966	0.000277055
96700	0.38777279372186174	0.062489423972653529	-0.967	0.000277762
96800	0.38777348466570749	0.06248958224927615	-0.968	0.000278471
96900	0.38777417728901348	0.062489740939474049	-0.969	0.000279181
97000	0.38777487159605062	0.062489900044254303	-0.97	0.000279894
97100	0.38777556759110077	0.062490059564626547	-0.971	0.000280608
97200	0.38777626527845671	0.062490219501602919	-0.972	0.000281324
97300	0.38777696466242145	0.062490379856198208	-0.973	0.000282041
97400	0.38777766574730893	0.06249054062942979	-0.974	0.00028276
97500	0.38777836853744402	0.062490701822317571	-0.975	0.000283481
97600	0.38777907303716186	0.06249086343588417	-0.976	0.000284204
97700	0.38777977925080881	0.062491025471154725	-0.977	0.000284929
97800	0.38778048718274211	0.062491187929157012	-0.978	0.000285655
97900	0.38778119683733003	0.062491350810921414	-0.979	0.000286383
98000	0.38778190821895087	0.062491514117481016	-0.98	0.000287113
98100	0.38778262133199365	0.062491677849871405	-0.981	0.000287845
98200	0.38778333618086031	0.062491842009130903	-0.982	0.000288578
98300	0.38778405276996147	0.062492006596300505	-0.983	0.000289313
98400	0.38778477110372023	0.062492171612423777	-0.984	0.000290051
98500	0.38778549118656974	0.062492337058547023	-0.985	0.000290789
98600	0.38778621302295513	0.062492502935719139	-0.986	0.00029153
98700	0.38778693661733205	0.062492669244991736	-0.987	0.000292272
98800	0.38778766197416692	0.062492835987419108	-0.988	0.000293017
98900	0.38778838909793806	0.062493003164058245	-0.989	0.000293763
99000	0.38778911799313404	0.062493170775968804	-0.99	0.000294511
99100	0.38778984866425575	0.062493338824213145	-0.991	0.000295261
99200	0.38779058111581433	0.062493507309856353	-0.992	0.000296012
99300	0.38779131535233297	0.062493676233966282	-0.993	0.000296766
99400	0.38779205137834527	0.062493845597613402	-0.994	0.000297521
99500	0.38779278919839671	0.062494015401870891	-0.995	0.000298278
99600	0.3877935288170441	0.062494185647814837	-0.996	0.000299037
99700	0.38779427023885504	0.062494356336523935	-0.997	0.000299798
99800	0.38779501346840911	0.06249452746907963	-0.998	0.00030056
99900	0.38779575851029746	0.062494699046566154	-0.999	0.000301325
100000	0.38779650536912202	0.062494871070070554	-1	0.000302091
