# Filename: 3Dvlt_K0cFind3_Plot_Op3352_K0.38750_y0.06240_step100000.dat
# Source: 3Dvlt_K0cFind3_Plot.c
# Source version: 1 (2012 Jun 07 - ...)
# Constant values: PI= 3.141592653589793116, PISQ=9.8696044010893579923, PICU=31.0062766802998162063
# Parameter values: OpA=3, OpAa=3, OpB=5, OpC=2, B=41.3417022403997549418, THETA=0.6, N=2, initialdl=1e-05, trajectorydl=0.0001, initialds=1e-05, trajectorydsMax=1e-05, uncertainty=1e-13, dataskipdl=100, dataskipds=999
# Option-dependent values: K=0.387500000000000011102, y=0.0623999999999999971356, Kstar=                  -10, ystar=                  -10, c=                    0, Z=                    0, lambda=                    0, initialKdir=0, flowdir=-1, Max_steps=100000
# Initialized values: Deltas=0, Deltal=0, count_steps=0, count_passes=0, K0c=0, oldK0c=-100
# Input-file parameter: Cc=6.9203e-310
# step	K	y	path-length-l	path-length-s (in K-y-space)
0	0.38750000000000001	0.062399999999999997	0	0
1	0.38749999861413725	0.062399999951131206	-1e-05	1.38672e-09
2	0.38749999722825762	0.062399999902254144	-2e-05	2.77347e-09
3	0.38749999584236106	0.062399999853368811	-3e-05	4.16022e-09
4	0.38749999445644762	0.062399999804475206	-4e-05	5.547e-09
5	0.3874999930705173	0.062399999755573338	-5e-05	6.93379e-09
6	0.38749999168457011	0.062399999706663198	-6e-05	8.3206e-09
7	0.38749999029860605	0.062399999657744787	-7e-05	9.70743e-09
8	0.3874999889126251	0.062399999608818112	-8e-05	1.10943e-08
9	0.38749998752662723	0.062399999559883165	-9e-05	1.24811e-08
10	0.38749998614061248	0.062399999510939948	-0.0001	1.3868e-08
100	0.38749986133004327	0.062399995072173052	-0.001	1.38757e-07
200	0.38749972249058401	0.062399990061556734	-0.002	2.77687e-07
300	0.38749958348093788	0.062399984968049715	-0.003	4.1679e-07
400	0.38749944430042005	0.062399979791550209	-0.004	5.56067e-07
500	0.38749930494834406	0.062399974531956053	-0.005	6.95518e-07
600	0.38749916542402241	0.062399969189164767	-0.006	8.35145e-07
700	0.38749902572676576	0.062399963763073302	-0.007	9.74947e-07
800	0.38749888585588371	0.062399958253578275	-0.008	1.11493e-06
900	0.38749874581068405	0.062399952660575957	-0.009	1.25508e-06
1000	0.38749860559047428	0.062399946983962062	-0.01	1.39542e-06
1100	0.38749846519455994	0.062399941223631981	-0.011	1.53593e-06
1200	0.3874983246222452	0.062399935379480707	-0.012	1.67663e-06
1300	0.3874981838728328	0.062399929451402734	-0.013	1.8175e-06
1400	0.38749804294562401	0.062399923439292196	-0.014	1.95856e-06
1500	0.3874979018399195	0.062399917343042823	-0.015	2.09979e-06
1600	0.3874977605550175	0.062399911162547943	-0.016	2.24121e-06
1700	0.38749761909021613	0.062399904897700399	-0.017	2.38282e-06
1800	0.38749747744481089	0.062399898548392681	-0.018	2.5246e-06
1900	0.38749733561809685	0.062399892114516783	-0.019	2.66658e-06
2000	0.38749719360936746	0.062399885595964315	-0.02	2.80874e-06
2100	0.38749705141791441	0.062399878992626487	-0.021	2.95108e-06
2200	0.38749690904302803	0.062399872304394088	-0.022	3.09361e-06
2300	0.38749676648399772	0.062399865531157457	-0.023	3.23633e-06
2400	0.3874966237401114	0.062399858672806494	-0.024	3.37924e-06
2500	0.38749648081065535	0.062399851729230696	-0.025	3.52234e-06
2600	0.38749633769491432	0.062399844700319167	-0.026	3.66563e-06
2700	0.38749619439217226	0.06239983758596053	-0.027	3.80911e-06
2800	0.3874960509017113	0.06239983038604302	-0.028	3.95278e-06
2900	0.38749590722281207	0.062399823100454423	-0.029	4.09664e-06
3000	0.38749576335475439	0.062399815729082077	-0.03	4.2407e-06
3100	0.38749561929681559	0.062399808271812934	-0.031	4.38495e-06
3200	0.38749547504827236	0.062399800728533468	-0.032	4.52939e-06
3300	0.3874953306084003	0.062399793099129783	-0.033	4.67403e-06
3400	0.38749518597647198	0.06239978538348754	-0.034	4.81887e-06
3500	0.38749504115176059	0.062399777581491872	-0.035	4.96391e-06
3600	0.38749489613353644	0.062399769693027587	-0.036	5.10914e-06
3700	0.38749475092106872	0.062399761717979021	-0.037	5.25457e-06
3800	0.38749460551362575	0.062399753656229982	-0.038	5.4002e-06
3900	0.38749445991047393	0.062399745507664098	-0.039	5.54603e-06
4000	0.38749431411087759	0.062399737272164302	-0.04	5.69206e-06
4100	0.38749416811410109	0.062399728949613181	-0.041	5.8383e-06
4200	0.38749402191940613	0.062399720539892845	-0.042	5.98474e-06
4300	0.38749387552605313	0.062399712042885046	-0.043	6.13137e-06
4400	0.38749372893330164	0.06239970345847097	-0.044	6.27822e-06
4500	0.38749358214040869	0.062399694786531561	-0.045	6.42527e-06
4600	0.38749343514663093	0.062399686026947093	-0.046	6.57252e-06
4700	0.38749328795122268	0.062399677179597518	-0.047	6.71998e-06
4800	0.38749314055343737	0.062399668244362327	-0.048	6.86765e-06
4900	0.38749299295252643	0.062399659221120618	-0.049	7.01553e-06
5000	0.38749284514773996	0.06239965010975089	-0.05	7.16361e-06
5100	0.38749269713832707	0.062399640910131379	-0.051	7.31191e-06
5200	0.38749254892353463	0.062399631622139733	-0.052	7.46041e-06
5300	0.38749240050260852	0.062399622245653222	-0.053	7.60913e-06
5400	0.38749225187479253	0.062399612780548668	-0.054	7.75806e-06
5500	0.38749210303932941	0.062399603226702377	-0.055	7.9072e-06
5600	0.38749195399546038	0.062399593583990255	-0.056	8.05656e-06
5700	0.38749180474242489	0.062399583852287756	-0.057	8.20613e-06
5800	0.387491655279461	0.062399574031469868	-0.058	8.35591e-06
5900	0.38749150560580536	0.062399564121411115	-0.059	8.50591e-06
6000	0.38749135572069227	0.062399554121985619	-0.06	8.65613e-06
6100	0.38749120562335604	0.062399544033066946	-0.061	8.80657e-06
6200	0.38749105531302769	0.062399533854528302	-0.062	8.95722e-06
6300	0.38749090478893822	0.062399523586242386	-0.063	9.1081e-06
6400	0.38749075405031619	0.062399513228081432	-0.064	9.25919e-06
6500	0.38749060309638866	0.062399502779917244	-0.065	9.41051e-06
6600	0.38749045192638126	0.062399492241621148	-0.066	9.56204e-06
6700	0.38749030053951816	0.062399481613063981	-0.067	9.7138e-06
6800	0.38749014893502154	0.062399470894116189	-0.068	9.86578e-06
6900	0.38748999711211252	0.062399460084647695	-0.069	1.0018e-05
7000	0.38748984507001011	0.062399449184527951	-0.07	1.01704e-05
7100	0.38748969280793244	0.062399438193625964	-0.071	1.03231e-05
7200	0.38748954032509475	0.062399427111810311	-0.072	1.0476e-05
7300	0.38748938762071256	0.062399415938949029	-0.073	1.06291e-05
7400	0.38748923469399832	0.062399404674909766	-0.074	1.07824e-05
7500	0.38748908154416339	0.062399393319559605	-0.075	1.0936e-05
7600	0.38748892817041719	0.062399381872765253	-0.076	1.10898e-05
7700	0.38748877457196845	0.062399370334392835	-0.077	1.12438e-05
7800	0.38748862074802315	0.062399358704308176	-0.078	1.13981e-05
7900	0.38748846669778625	0.062399346982376404	-0.079	1.15526e-05
8000	0.38748831242046056	0.062399335168462362	-0.08	1.17073e-05
8100	0.3874881579152481	0.062399323262430306	-0.081	1.18623e-05
8200	0.38748800318134818	0.062399311264144094	-0.082	1.20175e-05
8300	0.38748784821795945	0.062399299173467038	-0.083	1.21729e-05
8400	0.38748769302427882	0.062399286990262016	-0.084	1.23286e-05
8500	0.38748753759950089	0.062399274714391356	-0.085	1.24845e-05
8600	0.38748738194281873	0.062399262345717021	-0.086	1.26406e-05
8700	0.38748722605342423	0.062399249884100422	-0.087	1.2797e-05
8800	0.38748706993050774	0.062399237329402543	-0.088	1.29536e-05
8900	0.38748691357325715	0.062399224681483782	-0.089	1.31105e-05
9000	0.38748675698085899	0.062399211940204091	-0.09	1.32676e-05
9100	0.38748660015249814	0.062399199105423006	-0.091	1.3425e-05
9200	0.38748644308735813	0.062399186176999515	-0.092	1.35826e-05
9300	0.38748628578462052	0.062399173154792098	-0.093	1.37404e-05
9400	0.3874861282434649	0.062399160038658814	-0.094	1.38985e-05
9500	0.38748597046306987	0.06239914682845716	-0.095	1.40568e-05
9600	0.38748581244261149	0.062399133524044248	-0.096	1.42154e-05
9700	0.38748565418126429	0.062399120125276562	-0.097	1.43742e-05
9800	0.38748549567820206	0.06239910663201019	-0.098	1.45333e-05
9900	0.38748533693259574	0.062399093044100719	-0.099	1.46926e-05
10000	0.38748517794361459	0.062399079361403161	-0.1	1.48522e-05
10100	0.38748501871042668	0.062399065583772159	-0.101	1.5012e-05
10200	0.38748485923219855	0.062399051711061762	-0.102	1.51721e-05
10300	0.38748469950809428	0.062399037743125552	-0.103	1.53325e-05
10400	0.38748453953727602	0.062399023679816625	-0.104	1.5493e-05
10500	0.3874843793189055	0.062399009520987501	-0.105	1.56539e-05
10600	0.38748421885214118	0.062398995266490342	-0.106	1.5815e-05
10700	0.38748405813614084	0.062398980916176697	-0.107	1.59763e-05
10800	0.38748389717006015	0.062398966469897656	-0.108	1.6138e-05
10900	0.38748373595305274	0.062398951927503797	-0.109	1.62998e-05
11000	0.38748357448427079	0.062398937288845158	-0.11	1.6462e-05
11100	0.38748341276286413	0.062398922553771323	-0.111	1.66244e-05
11200	0.38748325078798207	0.06239890772213133	-0.112	1.6787e-05
11300	0.38748308855877039	0.06239889279377378	-0.113	1.69499e-05
11400	0.38748292607437479	0.062398877768546711	-0.114	1.71131e-05
11500	0.38748276333393816	0.062398862646297529	-0.115	1.72765e-05
11600	0.38748260033660187	0.062398847426873405	-0.116	1.74402e-05
11700	0.38748243708150559	0.062398832110120796	-0.117	1.76042e-05
11800	0.38748227356778692	0.06239881669588563	-0.118	1.77685e-05
11900	0.38748210979458148	0.062398801184013475	-0.119	1.7933e-05
12000	0.38748194576102379	0.062398785574349254	-0.12	1.80977e-05
12100	0.38748178146624601	0.06239876986673739	-0.121	1.82628e-05
12200	0.38748161690937816	0.06239875406102182	-0.122	1.84281e-05
12300	0.38748145208954876	0.062398738157045941	-0.123	1.85937e-05
12400	0.38748128700588541	0.062398722154652711	-0.124	1.87595e-05
12500	0.38748112165751214	0.062398706053684451	-0.125	1.89257e-05
12600	0.38748095604355243	0.062398689853982968	-0.126	1.90921e-05
12700	0.38748079016312725	0.062398673555389583	-0.127	1.92588e-05
12800	0.38748062401535627	0.062398657157745202	-0.128	1.94257e-05
12900	0.38748045759935629	0.062398640660889945	-0.129	1.95929e-05
13000	0.38748029091424302	0.062398624064663698	-0.13	1.97604e-05
13100	0.38748012395913084	0.062398607368905623	-0.131	1.99282e-05
13200	0.38747995673313107	0.062398590573454399	-0.132	2.00963e-05
13300	0.3874797892353532	0.062398573678148155	-0.133	2.02647e-05
13400	0.38747962146490617	0.062398556682824548	-0.134	2.04333e-05
13500	0.38747945342089551	0.062398539587320688	-0.135	2.06022e-05
13600	0.38747928510242574	0.062398522391473116	-0.136	2.07714e-05
13700	0.38747911650859906	0.06239850509511783	-0.137	2.09409e-05
13800	0.38747894763851581	0.0623984876980904	-0.138	2.11106e-05
13900	0.38747877849127438	0.062398470200225743	-0.139	2.12807e-05
14000	0.38747860906597148	0.062398452601358241	-0.14	2.1451e-05
14100	0.38747843936170184	0.062398434901321839	-0.141	2.16216e-05
14200	0.38747826937755775	0.062398417099949789	-0.142	2.17926e-05
14300	0.38747809911263048	0.062398399197074968	-0.143	2.19638e-05
14400	0.38747792856600843	0.062398381192529606	-0.144	2.21353e-05
14500	0.38747775773677851	0.062398363086145395	-0.145	2.2307e-05
14600	0.38747758662402554	0.062398344877753482	-0.146	2.24791e-05
14700	0.38747741522683277	0.062398326567184526	-0.147	2.26515e-05
14800	0.38747724354428109	0.062398308154268577	-0.148	2.28242e-05
14900	0.38747707157544931	0.062398289638835147	-0.149	2.29971e-05
15000	0.38747689931941465	0.062398271020713277	-0.15	2.31704e-05
15100	0.38747672677525163	0.062398252299731304	-0.151	2.33439e-05
15200	0.38747655394203379	0.062398233475717137	-0.152	2.35178e-05
15300	0.38747638081883207	0.062398214548498109	-0.153	2.36919e-05
15400	0.38747620740471583	0.062398195517900955	-0.154	2.38664e-05
15500	0.38747603369875189	0.062398176383751912	-0.155	2.40412e-05
15600	0.38747585970000475	0.062398157145876564	-0.156	2.42162e-05
15700	0.38747568540753818	0.062398137804100098	-0.157	2.43916e-05
15800	0.38747551082041315	0.062398118358247011	-0.158	2.45672e-05
15900	0.38747533593768774	0.06239809880814124	-0.159	2.47432e-05
16000	0.38747516075841965	0.062398079153606248	-0.16	2.49195e-05
16100	0.3874749852816638	0.062398059394464869	-0.161	2.50961e-05
16200	0.38747480950647284	0.062398039530539358	-0.162	2.5273e-05
16300	0.38747463343189759	0.06239801956165146	-0.163	2.54502e-05
16400	0.38747445705698702	0.062397999487622362	-0.164	2.56277e-05
16500	0.38747428038078768	0.062397979308272615	-0.165	2.58055e-05
16600	0.38747410340234428	0.062397959023422239	-0.166	2.59837e-05
16700	0.38747392612069903	0.062397938632890677	-0.167	2.61621e-05
16800	0.3874737485348923	0.062397918136496838	-0.168	2.63409e-05
16900	0.38747357064396287	0.062397897534058985	-0.169	2.652e-05
17000	0.3874733924469474	0.062397876825394834	-0.17	2.66993e-05
17100	0.38747321394287954	0.062397856010321634	-0.171	2.68791e-05
17200	0.38747303513079168	0.062397835088655908	-0.172	2.70591e-05
17300	0.38747285600971337	0.062397814060213615	-0.173	2.72394e-05
17400	0.38747267657867274	0.062397792924810271	-0.174	2.74201e-05
17500	0.38747249683669599	0.062397771682260655	-0.175	2.76011e-05
17600	0.38747231678280619	0.062397750332379036	-0.176	2.77824e-05
17700	0.38747213641602535	0.062397728874979089	-0.177	2.79641e-05
17800	0.38747195573537269	0.062397707309873887	-0.178	2.8146e-05
17900	0.38747177473986544	0.062397685636875984	-0.179	2.83283e-05
18000	0.38747159342851845	0.062397663855797272	-0.18	2.85109e-05
18100	0.38747141180034517	0.062397641966449147	-0.181	2.86939e-05
18200	0.38747122985435589	0.062397619968642314	-0.182	2.88771e-05
18300	0.38747104758955936	0.062397597862186897	-0.183	2.90607e-05
18400	0.38747086500496269	0.062397575646892509	-0.184	2.92447e-05
18500	0.38747068209956986	0.062397553322568126	-0.185	2.94289e-05
18600	0.38747049887238277	0.062397530889022078	-0.186	2.96135e-05
18700	0.38747031532240156	0.062397508346062162	-0.187	2.97985e-05
18800	0.38747013144862352	0.062397485693495625	-0.188	2.99837e-05
18900	0.3874699472500448	0.062397462931129022	-0.189	3.01693e-05
19000	0.38746976272565853	0.062397440058768343	-0.19	3.03553e-05
19100	0.3874695778744558	0.062397417076218979	-0.191	3.05415e-05
19200	0.3874693926954258	0.062397393983285719	-0.192	3.07281e-05
19300	0.38746920718755473	0.062397370779772733	-0.193	3.09151e-05
19400	0.38746902134982714	0.062397347465483567	-0.194	3.11024e-05
19500	0.38746883518122549	0.062397324040221282	-0.195	3.129e-05
19600	0.38746864868072994	0.062397300503788132	-0.196	3.1478e-05
19700	0.38746846184731815	0.062397276855985978	-0.197	3.16663e-05
19800	0.38746827467996536	0.062397253096615875	-0.198	3.1855e-05
19900	0.38746808717764492	0.062397229225478454	-0.199	3.2044e-05
20000	0.38746789933932785	0.062397205242373584	-0.2	3.22334e-05
20100	0.38746771116398293	0.062397181147100578	-0.201	3.24231e-05
20200	0.3874675226505766	0.062397156939458139	-0.202	3.26132e-05
20300	0.38746733379807297	0.06239713261924433	-0.203	3.28036e-05
20400	0.3874671446054338	0.062397108186256649	-0.204	3.29943e-05
20500	0.38746695507161877	0.062397083640291888	-0.205	3.31855e-05
20600	0.38746676519558509	0.062397058981146343	-0.206	3.33769e-05
20700	0.38746657497628806	0.062397034208615559	-0.207	3.35687e-05
20800	0.38746638441268016	0.062397009322494486	-0.208	3.37609e-05
20900	0.38746619350371148	0.062396984322577523	-0.209	3.39535e-05
21000	0.38746600224833017	0.062396959208658329	-0.21	3.41464e-05
21100	0.38746581064548202	0.062396933980530062	-0.211	3.43396e-05
21200	0.38746561869411006	0.062396908637985124	-0.212	3.45332e-05
21300	0.38746542639315579	0.062396883180815446	-0.213	3.47272e-05
21400	0.3874652337415575	0.062396857608812195	-0.214	3.49216e-05
21500	0.38746504073825178	0.062396831921765865	-0.215	3.51163e-05
21600	0.38746484738217246	0.062396806119466477	-0.216	3.53113e-05
21700	0.38746465367225119	0.062396780201703334	-0.217	3.55068e-05
21800	0.3874644596074171	0.062396754168265088	-0.218	3.57026e-05
21900	0.38746426518659671	0.062396728018939716	-0.219	3.58987e-05
22000	0.38746407040871467	0.062396701753514659	-0.22	3.60953e-05
22100	0.38746387527269349	0.06239667537177665	-0.221	3.62922e-05
22200	0.387463679777452	0.062396648873511783	-0.222	3.64895e-05
22300	0.38746348392190816	0.062396622258505501	-0.223	3.66871e-05
22400	0.38746328770497634	0.062396595526542628	-0.224	3.68852e-05
22500	0.38746309112556876	0.062396568677407296	-0.225	3.70836e-05
22600	0.38746289418259561	0.062396541710883054	-0.226	3.72823e-05
22700	0.38746269687496487	0.062396514626752789	-0.227	3.74815e-05
22800	0.38746249920158149	0.062396487424798641	-0.228	3.7681e-05
22900	0.38746230116134805	0.062396460104802202	-0.229	3.7881e-05
23000	0.38746210275316434	0.062396432666544377	-0.23	3.80813e-05
23100	0.38746190397592883	0.062396405109805368	-0.231	3.82819e-05
23200	0.38746170482853587	0.062396377434364825	-0.232	3.8483e-05
23300	0.387461505309879	0.062396349640001646	-0.233	3.86844e-05
23400	0.38746130541884821	0.062396321726494154	-0.234	3.88863e-05
23500	0.3874611051543318	0.062396293693619917	-0.235	3.90885e-05
23600	0.3874609045152152	0.062396265541155849	-0.236	3.92911e-05
23700	0.38746070350038109	0.062396237268878274	-0.237	3.94941e-05
23800	0.38746050210870986	0.062396208876562831	-0.238	3.96975e-05
23900	0.38746030033907891	0.062396180363984415	-0.239	3.99012e-05
24000	0.38746009819036409	0.062396151730917289	-0.24	4.01054e-05
24100	0.3874598956614379	0.062396122977135073	-0.241	4.031e-05
24200	0.3874596927511707	0.062396094102410718	-0.242	4.05149e-05
24300	0.38745948945843051	0.062396065106516477	-0.243	4.07203e-05
24400	0.38745928578208255	0.062396035989223976	-0.244	4.0926e-05
24500	0.38745908172098903	0.062396006750304052	-0.245	4.11322e-05
24600	0.38745887727401052	0.062395977389526944	-0.246	4.13387e-05
24700	0.38745867244000443	0.062395947906662218	-0.247	4.15457e-05
24800	0.38745846721782579	0.062395918301478732	-0.248	4.1753e-05
24900	0.38745826160632679	0.062395888573744673	-0.249	4.19608e-05
25000	0.38745805560435748	0.062395858723227511	-0.25	4.21689e-05
25100	0.3874578492107647	0.06239582874969412	-0.251	4.23775e-05
25200	0.38745764242439346	0.06239579865291061	-0.252	4.25864e-05
25300	0.3874574352440856	0.06239576843264235	-0.253	4.27958e-05
25400	0.38745722766868057	0.062395738088654153	-0.254	4.30056e-05
25500	0.38745701969701513	0.06239570762071002	-0.255	4.32158e-05
25600	0.38745681132792342	0.062395677028573349	-0.256	4.34264e-05
25700	0.3874566025602369	0.062395646312006808	-0.257	4.36374e-05
25800	0.38745639339278487	0.062395615470772388	-0.258	4.38488e-05
25900	0.38745618382439312	0.062395584504631313	-0.259	4.40607e-05
26000	0.38745597385388558	0.062395553413344192	-0.26	4.42729e-05
26100	0.38745576348008315	0.062395522196670827	-0.261	4.44856e-05
26200	0.38745555270180398	0.062395490854370433	-0.262	4.46987e-05
26300	0.38745534151786343	0.062395459386201418	-0.263	4.49122e-05
26400	0.3874551299270747	0.062395427791921587	-0.264	4.51262e-05
26500	0.3874549179282481	0.062395396071287974	-0.265	4.53405e-05
26600	0.38745470552019101	0.062395364224056865	-0.266	4.55553e-05
26700	0.38745449270170818	0.062395332249983934	-0.267	4.57705e-05
26800	0.38745427947160188	0.062395300148824051	-0.268	4.59861e-05
26900	0.38745406582867126	0.062395267920331454	-0.269	4.62022e-05
27000	0.38745385177171338	0.062395235564259591	-0.27	4.64187e-05
27100	0.38745363729952215	0.062395203080361235	-0.271	4.66356e-05
27200	0.3874534224108887	0.062395170468388432	-0.272	4.68529e-05
27300	0.38745320710460152	0.062395137728092465	-0.273	4.70707e-05
27400	0.38745299137944583	0.062395104859223983	-0.274	4.72889e-05
27500	0.38745277523420518	0.062395071861532862	-0.275	4.75076e-05
27600	0.38745255866765949	0.062395038734768205	-0.276	4.77267e-05
27700	0.38745234167858644	0.062395005478678461	-0.277	4.79462e-05
27800	0.38745212426576059	0.062394972093011293	-0.278	4.81662e-05
27900	0.38745190642795369	0.062394938577513687	-0.279	4.83866e-05
28000	0.38745168816393522	0.062394904931931908	-0.28	4.86074e-05
28100	0.38745146947247078	0.062394871156011403	-0.281	4.88287e-05
28200	0.38745125035232431	0.062394837249496932	-0.282	4.90504e-05
28300	0.38745103080225629	0.062394803212132546	-0.283	4.92726e-05
28400	0.38745081082102439	0.062394769043661466	-0.284	4.94952e-05
28500	0.38745059040738372	0.062394734743826251	-0.285	4.97183e-05
28600	0.38745036956008616	0.062394700312368732	-0.286	4.99418e-05
28700	0.38745014827788105	0.062394665749029965	-0.287	5.01658e-05
28800	0.38744992655951488	0.062394631053550177	-0.288	5.03902e-05
28900	0.38744970440373161	0.062394596225668987	-0.289	5.0615e-05
29000	0.38744948180927163	0.062394561265125187	-0.29	5.08404e-05
29100	0.38744925877487274	0.06239452617165691	-0.291	5.10661e-05
29200	0.38744903529927022	0.062394490945001407	-0.292	5.12924e-05
29300	0.38744881138119541	0.062394455584895231	-0.293	5.15191e-05
29400	0.38744858701937807	0.062394420091074126	-0.294	5.17462e-05
29500	0.38744836221254414	0.062394384463273202	-0.295	5.19738e-05
29600	0.38744813695941671	0.062394348701226711	-0.296	5.22019e-05
29700	0.38744791125871675	0.06239431280466818	-0.297	5.24304e-05
29800	0.38744768510916144	0.06239427677333035	-0.298	5.26595e-05
29900	0.3874474585094651	0.062394240606945178	-0.299	5.28889e-05
30000	0.38744723145833981	0.062394204305243936	-0.3	5.31189e-05
30100	0.38744700395449377	0.062394167867957095	-0.301	5.33493e-05
30200	0.3874467759966333	0.062394131294814248	-0.302	5.35801e-05
30300	0.38744654758346031	0.062394094585544402	-0.303	5.38115e-05
30400	0.38744631871367452	0.06239405773987565	-0.304	5.40433e-05
30500	0.38744608938597347	0.062394020757535362	-0.305	5.42756e-05
30600	0.38744585959905059	0.06239398363825012	-0.306	5.45083e-05
30700	0.38744562935159621	0.062393946381745717	-0.307	5.47416e-05
30800	0.3874453986422986	0.062393908987747257	-0.308	5.49753e-05
30900	0.38744516746984242	0.062393871455978897	-0.309	5.52095e-05
31000	0.3874449358329094	0.062393833786164102	-0.31	5.54442e-05
31100	0.38744470373017798	0.062393795978025544	-0.311	5.56794e-05
31200	0.38744447116032366	0.062393758031285135	-0.312	5.5915e-05
31300	0.38744423812201956	0.062393719945663964	-0.313	5.61511e-05
31400	0.38744400461393474	0.062393681720882319	-0.314	5.63877e-05
31500	0.38744377063473612	0.062393643356659693	-0.315	5.66248e-05
31600	0.38744353618308652	0.062393604852714842	-0.316	5.68624e-05
31700	0.38744330125764681	0.062393566208765676	-0.317	5.71005e-05
31800	0.38744306585707405	0.062393527424529256	-0.318	5.73391e-05
31900	0.38744282998002261	0.062393488499721955	-0.319	5.75782e-05
32000	0.38744259362514322	0.062393449434059278	-0.32	5.78177e-05
32100	0.38744235679108413	0.06239341022725594	-0.321	5.80578e-05
32200	0.38744211947648993	0.062393370879025835	-0.322	5.82983e-05
32300	0.38744188168000265	0.062393331389082055	-0.323	5.85394e-05
32400	0.38744164340026066	0.062393291757136871	-0.324	5.87809e-05
32500	0.38744140463589927	0.062393251982901771	-0.325	5.9023e-05
32600	0.38744116538555057	0.062393212066087445	-0.326	5.92656e-05
32700	0.38744092564784427	0.062393172006403638	-0.327	5.95086e-05
32800	0.38744068542140581	0.062393131803559522	-0.328	5.97522e-05
32900	0.38744044470485789	0.062393091457263218	-0.329	5.99963e-05
33000	0.38744020349682012	0.062393050967222134	-0.33	6.02408e-05
33100	0.38743996179590945	0.062393010333142818	-0.331	6.04859e-05
33200	0.3874397196007387	0.062392969554730997	-0.332	6.07315e-05
33300	0.38743947690991787	0.062392928631691623	-0.333	6.09777e-05
33400	0.38743923372205358	0.062392887563728731	-0.334	6.12243e-05
33500	0.38743899003574972	0.062392846350545601	-0.335	6.14714e-05
33600	0.38743874584960608	0.062392804991844658	-0.336	6.17191e-05
33700	0.38743850116222051	0.062392763487327481	-0.337	6.19673e-05
33800	0.38743825597218612	0.062392721836694781	-0.338	6.2216e-05
33900	0.38743801027809383	0.0623926800396465	-0.339	6.24652e-05
34000	0.38743776407853109	0.062392638095881733	-0.34	6.2715e-05
34100	0.38743751737208143	0.062392596005098638	-0.341	6.29652e-05
34200	0.38743727015732549	0.062392553766994714	-0.342	6.3216e-05
34300	0.3874370224328415	0.062392511381266363	-0.343	6.34673e-05
34400	0.38743677419720307	0.062392468847609357	-0.344	6.37192e-05
34500	0.38743652544898111	0.062392426165718509	-0.345	6.39716e-05
34600	0.3874362761867432	0.062392383335287772	-0.346	6.42245e-05
34700	0.38743602640905345	0.062392340356010344	-0.347	6.44779e-05
34800	0.38743577611447261	0.062392297227578435	-0.348	6.47319e-05
34900	0.38743552530155823	0.062392253949683459	-0.349	6.49864e-05
35000	0.3874352739688649	0.06239221052201601	-0.35	6.52415e-05
35100	0.38743502211494268	0.062392166944265817	-0.351	6.54971e-05
35200	0.38743476973833979	0.062392123216121663	-0.352	6.57532e-05
35300	0.38743451683759955	0.062392079337271505	-0.353	6.60099e-05
35400	0.38743426341126314	0.062392035307402456	-0.354	6.62671e-05
35500	0.38743400945786788	0.062391991126200717	-0.355	6.65249e-05
35600	0.38743375497594773	0.062391946793351631	-0.356	6.67832e-05
35700	0.38743349996403242	0.062391902308539707	-0.357	6.70421e-05
35800	0.38743324442064947	0.062391857671448538	-0.358	6.73015e-05
35900	0.38743298834432227	0.062391812881760898	-0.359	6.75615e-05
36000	0.38743273173357134	0.062391767939158536	-0.36	6.7822e-05
36100	0.38743247458691304	0.062391722843322506	-0.361	6.8083e-05
36200	0.38743221690286067	0.062391677593932833	-0.362	6.83447e-05
36300	0.38743195867992419	0.062391632190668747	-0.363	6.86069e-05
36400	0.38743169991660992	0.062391586633208526	-0.364	6.88696e-05
36500	0.38743144061142043	0.062391540921229567	-0.365	6.91329e-05
36600	0.38743118076285538	0.062391495054408407	-0.366	6.93968e-05
36700	0.38743092036941035	0.062391449032420679	-0.367	6.96612e-05
36800	0.38743065942957772	0.062391402854941116	-0.368	6.99262e-05
36900	0.38743039794184631	0.062391356521643522	-0.369	7.01918e-05
37000	0.38743013590470154	0.062391310032200831	-0.37	7.04579e-05
37100	0.38742987331662498	0.06239126338628511	-0.371	7.07246e-05
37200	0.38742961017609473	0.062391216583567444	-0.372	7.09919e-05
37300	0.38742934648158545	0.062391169623718032	-0.373	7.12597e-05
37400	0.38742908223156819	0.062391122506406216	-0.374	7.15281e-05
37500	0.38742881742451063	0.062391075231300323	-0.375	7.17971e-05
37600	0.38742855205887655	0.062391027798067933	-0.376	7.20667e-05
37700	0.38742828613312641	0.062390980206375533	-0.377	7.23368e-05
37800	0.38742801964571694	0.062390932455888753	-0.378	7.26076e-05
37900	0.38742775259510104	0.062390884546272375	-0.379	7.28789e-05
38000	0.38742748497972834	0.062390836477190161	-0.38	7.31508e-05
38100	0.38742721679804459	0.062390788248305025	-0.381	7.34233e-05
38200	0.38742694804849176	0.062390739859278857	-0.382	7.36963e-05
38300	0.3874266787295087	0.062390691309772775	-0.383	7.397e-05
38400	0.38742640883953056	0.062390642599446836	-0.384	7.42442e-05
38500	0.38742613837698797	0.062390593727960145	-0.385	7.45191e-05
38600	0.38742586734030893	0.06239054469497099	-0.386	7.47945e-05
38700	0.38742559572791707	0.062390495500136624	-0.387	7.50706e-05
38800	0.38742532353823261	0.062390446143113405	-0.388	7.53472e-05
38900	0.38742505076967215	0.062390396623556749	-0.389	7.56244e-05
39000	0.38742477742064835	0.062390346941121028	-0.39	7.59022e-05
39100	0.38742450348957064	0.062390297095459818	-0.391	7.61807e-05
39200	0.38742422897484369	0.062390247086225759	-0.392	7.64597e-05
39300	0.38742395387486928	0.062390196913070343	-0.393	7.67393e-05
39400	0.38742367818804513	0.062390146575644373	-0.394	7.70196e-05
39500	0.38742340191276525	0.062390096073597467	-0.395	7.73004e-05
39600	0.38742312504742027	0.062390045406578359	-0.396	7.75819e-05
39700	0.38742284759039608	0.062389994574234844	-0.397	7.7864e-05
39800	0.38742256954007587	0.062389943576213795	-0.398	7.81467e-05
39900	0.38742229089483837	0.062389892412161072	-0.399	7.843e-05
40000	0.38742201165305828	0.062389841081721548	-0.4	7.87139e-05
40100	0.38742173181310779	0.062389789584539196	-0.401	7.89984e-05
40200	0.38742145137335326	0.062389737920256948	-0.402	7.92836e-05
40300	0.38742117033215917	0.062389686088516756	-0.403	7.95694e-05
40400	0.38742088868788466	0.062389634088959631	-0.404	7.98558e-05
40500	0.38742060643888598	0.062389581921225658	-0.405	8.01428e-05
40600	0.38742032358351502	0.062389529584953834	-0.406	8.04305e-05
40700	0.38742004012011971	0.062389477079782284	-0.407	8.07187e-05
40800	0.38741975604704421	0.062389424405348087	-0.408	8.10077e-05
40900	0.38741947136262939	0.0623893715612873	-0.409	8.12972e-05
41000	0.38741918606521075	0.062389318547235111	-0.41	8.15874e-05
41100	0.38741890015312164	0.062389265362825554	-0.411	8.18782e-05
41200	0.38741861362469032	0.062389212007691749	-0.412	8.21697e-05
41300	0.38741832647824143	0.062389158481465888	-0.413	8.24617e-05
41400	0.38741803871209585	0.062389104783779084	-0.414	8.27545e-05
41500	0.3874177503245701	0.062389050914261446	-0.415	8.30479e-05
41600	0.3874174613139772	0.062388996872542124	-0.416	8.33419e-05
41700	0.38741717167862555	0.062388942658249229	-0.417	8.36365e-05
41800	0.3874168814168199	0.062388888271009829	-0.418	8.39319e-05
41900	0.38741659052686134	0.062388833710450065	-0.419	8.42278e-05
42000	0.38741629900704633	0.062388778976195026	-0.42	8.45244e-05
42100	0.3874160068556679	0.062388724067868766	-0.421	8.48217e-05
42200	0.38741571407101483	0.062388668985094313	-0.422	8.51196e-05
42300	0.38741542065137169	0.062388613727493762	-0.423	8.54182e-05
42400	0.38741512659501859	0.062388558294688083	-0.424	8.57174e-05
42500	0.38741483190023246	0.062388502686297351	-0.425	8.60173e-05
42600	0.38741453656528613	0.062388446901940398	-0.426	8.63179e-05
42700	0.38741424058844781	0.062388390941235244	-0.427	8.66191e-05
42800	0.38741394396798168	0.06238833480379876	-0.428	8.6921e-05
42900	0.38741364670214795	0.062388278489246801	-0.429	8.72235e-05
43000	0.38741334878920292	0.062388221997194244	-0.43	8.75268e-05
43100	0.38741305022739841	0.062388165327254823	-0.431	8.78307e-05
43200	0.38741275101498224	0.062388108479041283	-0.432	8.81352e-05
43300	0.38741245115019807	0.062388051452165375	-0.433	8.84405e-05
43400	0.3874121506312857	0.062387994246237727	-0.434	8.87464e-05
43500	 0.38741184945648	0.062387936860867951	-0.435	8.9053e-05
43600	0.38741154762401198	0.062387879295664611	-0.436	8.93602e-05
43700	0.38741124513210928	0.062387821550235201	-0.437	8.96682e-05
43800	0.38741094197899495	0.062387763624186132	-0.438	8.99768e-05
43900	0.38741063816288679	0.062387705517122791	-0.439	9.02862e-05
44000	0.38741033368199962	0.062387647228649569	-0.44	9.05962e-05
44100	0.38741002853454326	0.062387588758369653	-0.441	9.09069e-05
44200	0.38740972271872398	0.062387530105885297	-0.442	9.12183e-05
44300	0.38740941623274305	0.062387471270797613	-0.443	9.15303e-05
44400	0.38740910907479786	0.06238741225270665	-0.444	9.18431e-05
44500	0.38740880124308186	0.062387353051211271	-0.445	9.21566e-05
44600	0.38740849273578409	0.062387293665909511	-0.446	9.24708e-05
44700	0.38740818355108825	0.062387234096398174	-0.447	9.27856e-05
44800	0.38740787368717533	0.062387174342273005	-0.448	9.31012e-05
44900	0.38740756314222063	0.062387114403128649	-0.449	9.34175e-05
45000	0.38740725191439607	0.062387054278558639	-0.45	9.37345e-05
45100	0.38740694000186882	0.062386993968155467	-0.451	9.40521e-05
45200	0.38740662740280185	0.062386933471510531	-0.452	9.43705e-05
45300	0.38740631411535342	0.062386872788214108	-0.453	9.46897e-05
45400	0.3874060001376779	0.06238681191785541	-0.454	9.50095e-05
45500	0.38740568546792498	0.062386750860022558	-0.455	9.533e-05
45600	0.38740537010423998	0.062386689614302472	-0.456	9.56513e-05
45700	0.38740505404476361	0.06238662818028113	-0.457	9.59733e-05
45800	0.38740473728763242	0.062386566557543231	-0.458	9.62959e-05
45900	0.38740441983097923	0.062386504745672484	-0.459	9.66194e-05
46000	0.38740410167293121	0.06238644274425148	-0.46	9.69435e-05
46100	0.3874037828116112	0.06238638055286156	-0.461	9.72684e-05
46200	0.38740346324513875	0.062386318171083088	-0.462	9.7594e-05
46300	0.38740314297162765	0.06238625559849529	-0.463	9.79203e-05
46400	0.3874028219891878	0.062386192834676224	-0.464	9.82474e-05
46500	0.38740250029592427	0.062386129879202848	-0.465	9.85752e-05
46600	0.38740217788993825	0.062386066731651001	-0.466	9.89037e-05
46700	0.38740185476932576	0.062386003391595377	-0.467	9.9233e-05
46800	0.38740153093217861	0.062385939858609483	-0.468	9.9563e-05
46900	0.38740120637658398	0.062385876132265788	-0.469	9.98937e-05
47000	0.38740088110062454	0.062385812212135558	-0.47	0.000100225
47100	0.38740055510237847	0.062385748097788893	-0.471	0.000100557
47200	0.38740022837991905	0.062385683788794853	-0.472	0.00010089
47300	0.3873999009313151	0.062385619284721201	-0.473	0.000101224
47400	0.38739957275463111	0.06238555458513468	-0.474	0.000101559
47500	0.38739924384792662	0.062385489689600823	-0.475	0.000101894
47600	0.38739891420925704	0.062385424597684029	-0.476	0.00010223
47700	0.38739858383667269	0.062385359308947494	-0.477	0.000102567
47800	0.38739825272821948	0.062385293822953311	-0.478	0.000102904
47900	0.3873979208819382	0.062385228139262339	-0.479	0.000103243
48000	0.38739758829586524	0.06238516225743438	-0.48	0.000103582
48100	0.38739725496803268	0.062385096177027893	-0.481	0.000103921
48200	0.38739692089646738	0.062385029897600364	-0.482	0.000104262
48300	0.38739658607919175	0.062384963418707966	-0.483	0.000104603
48400	0.38739625051422333	0.062384896739905729	-0.484	0.000104945
48500	0.38739591419957525	0.062384829860747532	-0.485	0.000105288
48600	0.38739557713325562	0.062384762780786036	-0.486	0.000105632
48700	0.38739523931326814	0.062384695499572727	-0.487	0.000105976
48800	0.38739490073761107	0.062384628016657867	-0.488	0.000106322
48900	0.38739456140427841	0.062384560331590636	-0.489	0.000106668
49000	0.3873942213112595	0.062384492443918853	-0.49	0.000107015
49100	0.38739388045653833	0.062384424353189305	-0.491	0.000107362
49200	0.38739353883809435	0.062384356058947467	-0.492	0.00010771
49300	0.38739319645390263	0.062384287560737627	-0.493	0.00010806
49400	0.38739285330193229	0.062384218858102899	-0.494	0.00010841
49500	0.3873925093801488	0.062384149950585152	-0.495	0.00010876
49600	0.38739216468651227	0.062384080837725134	-0.496	0.000109112
49700	0.38739181921897753	0.062384011519062248	-0.497	0.000109464
49800	0.38739147297549492	0.062383941994134724	-0.498	0.000109817
49900	0.38739112595401026	0.062383872262479628	-0.499	0.000110171
50000	0.3873907781524637	0.062383802323632748	-0.5	0.000110526
50100	0.38739042956879094	0.062383732177128629	-0.501	0.000110882
50200	0.38739008020092286	0.062383661822500658	-0.502	0.000111238
50300	0.38738973004678501	0.062383591259280891	-0.503	0.000111595
50400	0.38738937910429772	0.06238352048700023	-0.504	0.000111953
50500	0.38738902737137726	0.062383449505188336	-0.505	0.000112312
50600	0.38738867484593431	0.062383378313373573	-0.506	0.000112672
50700	0.38738832152587482	0.062383306911083132	-0.507	0.000113032
50800	0.38738796740909881	0.062383235297842871	-0.508	0.000113394
50900	0.38738761249350268	0.06238316347317744	-0.509	0.000113756
51000	0.38738725677697683	0.062383091436610257	-0.51	0.000114119
51100	0.38738690025740741	0.062383019187663452	-0.511	0.000114482
51200	0.38738654293267399	0.062382946725857952	-0.512	0.000114847
51300	0.38738618480065284	0.062382874050713286	-0.513	0.000115212
51400	0.38738582585921405	0.062382801161747901	-0.514	0.000115579
51500	0.38738546610622332	0.062382728058478824	-0.515	0.000115946
51600	0.38738510553954053	0.062382654740421879	-0.516	0.000116314
51700	0.38738474415702079	0.062382581207091642	-0.517	0.000116682
51800	0.38738438195651409	0.062382507458001356	-0.518	0.000117052
51900	0.38738401893586516	0.062382433492663009	-0.519	0.000117423
52000	0.38738365509291306	0.062382359310587297	-0.52	0.000117794
52100	0.38738329042549297	0.062382284911283607	-0.521	0.000118166
52200	0.38738292493143384	0.062382210294260082	-0.522	0.000118539
52300	0.38738255860855952	0.062382135459023554	-0.523	0.000118913
52400	0.38738219145468911	0.062382060405079529	-0.524	0.000119288
52500	0.38738182346763589	0.062381985131932265	-0.525	0.000119663
52600	0.38738145464520829	0.062381909639084701	-0.526	0.00012004
52700	0.38738108498520962	0.062381833926038452	-0.527	0.000120417
52800	0.38738071448543759	0.062381757992293875	-0.528	0.000120795
52900	0.38738034314368414	0.062381681837349975	-0.529	0.000121174
53000	0.38737997095773719	0.062381605460704384	-0.53	0.000121554
53100	0.38737959792537824	0.062381528861853469	-0.531	0.000121935
53200	0.38737922404438396	0.062381452040292329	-0.532	0.000122317
53300	0.3873788493125252	0.062381374995514688	-0.533	0.000122699
53400	0.38737847372756834	0.062381297727012938	-0.534	0.000123083
53500	0.38737809728727368	0.06238122023427814	-0.535	0.000123467
53600	0.38737771998939635	0.062381142516800062	-0.536	0.000123852
53700	0.38737734183168593	0.062381064574067099	-0.537	0.000124239
53800	0.38737696281188683	0.06238098640556633	-0.538	0.000124626
53900	0.38737658292773819	0.062380908010783456	-0.539	0.000125013
54000	0.38737620217697355	0.06238082938920278	-0.54	0.000125402
54100	0.38737582055732067	0.062380750540307388	-0.541	0.000125792
54200	0.38737543806650199	0.062380671463578966	-0.542	0.000126183
54300	0.38737505470223454	0.062380592158497804	-0.543	0.000126574
54400	0.38737467046223023	0.062380512624542861	-0.544	0.000126966
54500	0.38737428534419488	0.06238043286119168	-0.545	0.00012736
54600	0.38737389934582944	0.062380352867920541	-0.546	0.000127754
54700	0.3873735124648286	0.062380272644204329	-0.547	0.000128149
54800	0.3873731246988818	0.062380192189516459	-0.548	0.000128545
54900	0.38737273604567352	0.062380111503329054	-0.549	0.000128942
55000	0.38737234650288144	0.062380030585112892	-0.55	0.00012934
55100	0.38737195606817876	0.062379949434337272	-0.551	0.000129739
55200	0.38737156473923257	0.062379868050470126	-0.552	0.000130138
55300	0.38737117251370445	0.062379786432978084	-0.553	0.000130539
55400	0.38737077938925024	0.062379704581326287	-0.554	0.00013094
55500	0.38737038536352003	0.062379622494978554	-0.555	0.000131343
55600	0.38736999043415909	0.062379540173397238	-0.556	0.000131746
55700	0.38736959459880566	0.06237945761604332	-0.557	0.000132151
55800	0.38736919785509349	0.062379374822376384	-0.558	0.000132556
55900	0.38736880020065007	0.062379291791854627	-0.559	0.000132962
56000	0.38736840163309738	0.062379208523934748	-0.56	0.000133369
56100	0.38736800215005135	0.062379125018072079	-0.561	0.000133778
56200	0.38736760174912244	0.062379041273720591	-0.562	0.000134187
56300	0.38736720042791511	0.06237895729033275	-0.563	0.000134597
56400	0.38736679818402875	0.062378873067359626	-0.564	0.000135008
56500	0.38736639501505582	0.062378788604250883	-0.565	0.000135419
56600	0.38736599091858404	0.062378703900454698	-0.566	0.000135832
56700	0.38736558589219466	0.06237861895541786	-0.567	0.000136246
56800	0.38736517993346287	0.062378533768585674	-0.568	0.000136661
56900	0.38736477303995948	0.062378448339402093	-0.569	0.000137077
57000	0.3873643652092475	0.062378362667309478	-0.57	0.000137494
57100	0.38736395643888566	0.062378276751748882	-0.571	0.000137911
57200	0.3873635467264257	0.062378190592159793	-0.572	0.00013833
57300	0.38736313606941392	0.062378104187980322	-0.573	0.00013875
57400	0.387362724465391	0.062378017538647072	-0.574	0.00013917
57500	0.38736231191189102	0.06237793064359521	-0.575	0.000139592
57600	0.38736189840644247	0.06237784350225839	-0.576	0.000140014
57700	0.38736148394656766	0.062377756114068858	-0.577	0.000140438
57800	0.38736106852978397	0.062377668478457327	-0.578	0.000140862
57900	0.3873606521536011	0.062377580594853078	-0.579	0.000141288
58000	0.3873602348155234	0.062377492462683981	-0.58	0.000141715
58100	0.38735981651304996	0.062377404081376243	-0.581	0.000142142
58200	0.38735939724367296	0.062377315450354645	-0.582	0.000142571
58300	0.38735897700487915	0.062377226569042536	-0.583	0.000143
58400	0.38735855579414857	0.06237713743686174	-0.584	0.000143431
58500	0.38735813360895549	0.062377048053232555	-0.585	0.000143862
58600	0.38735771044676798	0.062376958417573791	-0.586	0.000144295
58700	0.38735728630504823	0.062376868529302743	-0.587	0.000144728
58800	0.38735686118125218	0.062376778387835244	-0.588	0.000145163
58900	0.3873564350728293	0.062376687992585583	-0.589	0.000145599
59000	0.3873560079772233	0.062376597342966501	-0.59	0.000146035
59100	0.38735557989187197	0.062376506438389254	-0.591	0.000146473
59200	0.38735515081420641	0.062376415278263507	-0.592	0.000146911
59300	0.38735472074165161	0.06237632386199745	-0.593	0.000147351
59400	0.38735428967162633	0.062376232188997849	-0.594	0.000147792
59500	0.38735385760154289	0.062376140258669742	-0.595	0.000148234
59600	0.38735342452880744	0.062376048070416704	-0.596	0.000148676
59700	0.38735299045082067	0.062375955623640823	-0.597	0.00014912
59800	0.38735255536497637	0.062375862917742525	-0.598	0.000149565
59900	0.38735211926866153	0.062375769952120776	-0.599	0.000150011
60000	0.38735168215925769	0.062375676726172953	-0.6	0.000150458
60100	0.3873512440341394	0.062375583239294818	-0.601	0.000150906
60200	0.38735080489067547	0.062375489490880703	-0.602	0.000151355
60300	0.38735036472622736	0.062375395480323288	-0.603	0.000151805
60400	0.38734992353815112	0.062375301207013727	-0.604	0.000152256
60500	0.38734948132379626	0.062375206670341569	-0.605	0.000152708
60600	0.38734903808050525	0.062375111869694751	-0.606	0.000153162
60700	0.38734859380561543	0.062375016804459664	-0.607	0.000153616
60800	0.38734814849645588	0.062374921474021149	-0.608	0.000154071
60900	0.38734770215035086	0.062374825877762385	-0.609	0.000154528
61000	0.38734725476461707	0.062374730015065036	-0.61	0.000154985
61100	0.38734680633656543	0.062374633885309075	-0.611	0.000155444
61200	0.38734635686349989	0.062374537487872986	-0.612	0.000155904
61300	0.38734590634271809	0.062374440822133621	-0.613	0.000156364
61400	0.38734545477151111	0.062374343887466092	-0.614	0.000156826
61500	0.38734500214716316	0.062374246683244094	-0.615	0.000157289
61600	0.38734454846695249	0.062374149208839637	-0.616	0.000157753
61700	0.38734409372815021	0.062374051463622952	-0.617	0.000158218
61800	0.3873436379280209	0.062373953446962872	-0.618	0.000158685
61900	0.38734318106382332	0.062373855158226563	-0.619	0.000159152
62000	0.38734272313280799	0.062373756596779455	-0.62	0.00015962
62100	0.38734226413222045	0.06237365776198537	-0.621	0.00016009
62200	0.38734180405929836	0.062373558653206582	-0.622	0.00016056
62300	0.38734134291127376	0.062373459269803651	-0.623	0.000161032
62400	0.38734088068537065	0.062373359611135458	-0.624	0.000161505
62500	0.38734041737880726	0.062373259676559302	-0.625	0.000161979
62600	0.38733995298879464	0.062373159465430754	-0.626	0.000162454
62700	0.38733948751253783	0.062373058977103824	-0.627	0.00016293
62800	0.38733902094723427	0.062372958210930786	-0.628	0.000163408
62900	0.38733855329007488	0.06237285716626223	-0.629	0.000163886
63000	0.38733808453824398	0.062372755842447149	-0.63	0.000164366
63100	0.38733761468891886	0.062372654238832814	-0.631	0.000164846
63200	0.38733714373926981	0.062372552354764785	-0.632	0.000165328
63300	0.3873366716864603	0.06237245018958705	-0.633	0.000165811
63400	0.38733619852764745	0.06237234774264179	-0.634	0.000166295
63500	0.38733572425998081	0.062372245013269524	-0.635	0.000166781
63600	0.38733524888060328	0.062372142000809115	-0.636	0.000167267
63700	0.3873347723866512	0.062372038704597725	-0.637	0.000167755
63800	0.38733429477525316	0.062371935123970726	-0.638	0.000168243
63900	0.38733381604353156	0.062371831258261914	-0.639	0.000168733
64000	0.38733333618860089	0.06237172710680329	-0.64	0.000169224
64100	0.38733285520757021	0.062371622668925097	-0.641	0.000169716
64200	0.38733237309754032	0.062371517943955949	-0.642	0.00017021
64300	0.38733188985560524	0.062371412931222739	-0.643	0.000170704
64400	0.38733140547885181	0.062371307630050547	-0.644	0.0001712
64500	0.38733091996436014	0.062371202039762791	-0.645	0.000171697
64600	0.3873304333092028	0.062371096159681144	-0.646	0.000172195
64700	0.38732994551044581	0.062370989989125436	-0.647	0.000172694
64800	0.38732945656514783	0.062370883527413927	-0.648	0.000173194
64900	0.38732896647036036	0.062370776773863032	-0.649	0.000173696
65000	0.3873284752231278	0.062370669727787396	-0.65	0.000174199
65100	0.38732798282048725	0.062370562388499903	-0.651	0.000174703
65200	0.38732748925946892	0.062370454755311729	-0.652	0.000175208
65300	0.38732699453709535	0.06237034682753223	-0.653	0.000175714
65400	0.38732649865038199	0.062370238604469025	-0.654	0.000176222
65500	0.3873260015963374	0.06237013008542798	-0.655	0.000176731
65600	0.38732550337196264	0.062370021269713097	-0.656	0.000177241
65700	0.3873250039742509	0.062369912156626683	-0.657	0.000177752
65800	0.38732450340018937	0.062369802745469202	-0.658	0.000178264
65900	0.38732400164675668	0.062369693035539332	-0.659	0.000178778
66000	0.38732349871092508	0.062369583026133983	-0.66	0.000179293
66100	0.38732299458965896	0.062369472716548267	-0.661	0.000179809
66200	0.38732248927991519	0.062369362106075459	-0.662	0.000180326
66300	0.38732198277864355	0.062369251194007033	-0.663	0.000180844
66400	0.38732147508278647	0.06236913997963265	-0.664	0.000181364
66500	0.38732096618927858	0.062369028462240107	-0.665	0.000181885
66600	0.38732045609504762	0.062368916641115484	-0.666	0.000182407
66700	0.38731994479701265	0.062368804515542949	-0.667	0.000182931
66800	0.38731943229208687	0.062368692084804896	-0.668	0.000183455
66900	0.38731891857717521	0.062368579348181796	-0.669	0.000183981
67000	0.3873184036491748	0.062368466304952359	-0.67	0.000184509
67100	0.38731788750497609	0.062368352954393462	-0.671	0.000185037
67200	0.38731737014146089	0.062368239295780031	-0.672	0.000185567
67300	0.38731685155550399	0.062368125328385267	-0.673	0.000186098
67400	0.38731633174397279	0.06236801105148039	-0.674	0.00018663
67500	0.3873158107037265	0.06236789646433484	-0.675	0.000187163
67600	0.38731528843161755	0.062367781566216196	-0.676	0.000187698
67700	0.38731476492449018	0.062367666356390128	-0.677	0.000188234
67800	0.38731424017918037	0.062367550834120385	-0.678	0.000188772
67900	0.38731371419251748	0.062367434998668904	-0.679	0.00018931
68000	0.38731318696132266	0.062367318849295736	-0.68	0.00018985
68100	0.38731265848240937	0.062367202385259002	-0.681	0.000190391
68200	0.38731212875258342	0.062367085605814963	-0.682	0.000190934
68300	0.38731159776864249	0.062366968510217967	-0.683	0.000191477
68400	0.38731106552737682	0.062366851097720458	-0.684	0.000192022
68500	0.3873105320255687	0.062366733367572993	-0.685	0.000192569
68600	0.38730999725999282	0.062366615319024148	-0.686	0.000193116
68700	0.38730946122741572	0.062366496951320669	-0.687	0.000193665
68800	0.38730892392459659	0.062366378263707348	-0.688	0.000194216
68900	0.38730838534828615	0.062366259255426958	-0.689	0.000194767
69000	0.38730784549522734	0.062366139925720494	-0.69	0.00019532
69100	0.38730730436215521	0.062366020273826948	-0.691	0.000195874
69200	0.38730676194579694	0.06236590029898334	-0.692	0.00019643
69300	0.38730621824287204	0.062365780000424781	-0.693	0.000196987
69400	0.38730567325009135	0.062365659377384426	-0.694	0.000197545
69500	0.3873051269641582	0.062365538429093433	-0.695	0.000198104
69600	0.38730457938176799	0.06236541715478109	-0.696	0.000198665
69700	0.38730403049960743	0.062365295553674614	-0.697	0.000199227
69800	0.38730348031435607	0.062365173624999375	-0.698	0.000199791
69900	0.3873029288226848	0.062365051367978666	-0.699	0.000200356
70000	0.3873023760212565	0.062364928781833778	-0.7	0.000200922
70100	0.3873018219067258	0.062364805865784148	-0.701	0.00020149
70200	0.38730126647573926	0.062364682619047124	-0.702	0.000202058
70300	0.38730070972493613	0.062364559040838125	-0.703	0.000202629
70400	0.38730015165094561	0.062364435130370502	-0.704	0.0002032
70500	0.38729959225039023	0.062364310886855651	-0.705	0.000203773
70600	0.38729903151988421	0.062364186309502904	-0.706	0.000204348
70700	0.38729846945603291	0.062364061397519599	-0.707	0.000204924
70800	0.38729790605543363	0.062363936150111127	-0.708	0.000205501
70900	0.38729734131467525	0.062363810566480854	-0.709	0.000206079
71000	0.38729677523033923	0.062363684645830024	-0.71	0.000206659
71100	0.38729620779899698	0.062363558387357895	-0.711	0.000207241
71200	0.38729563901721348	0.062363431790261659	-0.712	0.000207823
71300	0.38729506888154419	0.062363304853736583	-0.713	0.000208407
71400	0.38729449738853672	0.062363177576975695	-0.714	0.000208993
71500	0.38729392453472927	0.062363049959170171	-0.715	0.00020958
71600	0.38729335031665252	0.062362921999508984	-0.716	0.000210168
71700	0.38729277473082907	0.062362793697179106	-0.717	0.000210758
71800	0.38729219777377227	0.062362665051365437	-0.718	0.000211349
71900	0.3872916194419872	0.062362536061250785	-0.719	0.000211941
72000	0.38729103973196993	0.062362406726015937	-0.72	0.000212535
72100	0.387290458640209	0.062362277044839473	-0.721	0.000213131
72200	0.38728987616318378	0.062362147016898059	-0.722	0.000213728
72300	0.38728929229736497	0.06236201664136614	-0.723	0.000214326
72400	0.3872887070392152	0.062361885917416107	-0.724	0.000214926
72500	0.3872881203851879	0.062361754844218249	-0.725	0.000215527
72600	0.38728753233172836	0.062361623420940752	-0.726	0.000216129
72700	0.3872869428752726	0.062361491646749673	-0.727	0.000216733
72800	0.38728635201224876	0.062361359520808936	-0.728	0.000217339
72900	0.38728575973907531	0.062361227042280379	-0.729	0.000217946
73000	0.38728516605216307	0.062361094210323723	-0.73	0.000218554
73100	0.38728457094791335	0.062360961024096481	-0.731	0.000219164
73200	0.3872839744227185	0.062360827482754129	-0.732	0.000219775
73300	0.38728337647296301	0.062360693585449899	-0.733	0.000220388
73400	0.38728277709502151	0.062360559331334976	-0.734	0.000221002
73500	0.38728217628526057	0.062360424719558341	-0.735	0.000221618
73600	0.38728157404003771	0.062360289749266773	-0.736	0.000222235
73700	0.38728097035570141	0.062360154419604935	-0.737	0.000222854
73800	0.38728036522859122	0.062360018729715333	-0.738	0.000223474
73900	0.38727975865503816	0.062359882678738265	-0.739	0.000224095
74000	0.38727915063136359	0.062359746265811922	-0.74	0.000224719
74100	0.38727854115388055	0.062359609490072195	-0.741	0.000225343
74200	0.38727793021889301	0.062359472350652805	-0.742	0.000225969
74300	0.38727731782269542	0.062359334846685335	-0.743	0.000226597
74400	0.38727670396157371	0.062359196977299199	-0.744	0.000227226
74500	0.38727608863180452	0.062359058741621481	-0.745	0.000227857
74600	0.38727547182965566	0.062358920138777148	-0.746	0.000228489
74700	0.38727485355138597	0.062358781167888948	-0.747	0.000229123
74800	0.38727423379324433	0.06235864182807737	-0.748	0.000229758
74900	0.3872736125514708	0.062358502118460654	-0.749	0.000230395
75000	0.38727298982229724	0.062358362038154855	-0.75	0.000231033
75100	0.38727236560194483	0.062358221586273778	-0.751	0.000231673
75200	0.38727173988662661	0.062358080761929009	-0.752	0.000232314
75300	0.38727111267254627	0.06235793956422974	-0.753	0.000232957
75400	0.38727048395589769	0.062357797992283158	-0.754	0.000233602
75500	0.38726985373286604	0.062357656045193978	-0.755	0.000234248
75600	0.38726922199962599	0.062357513722064779	-0.756	0.000234895
75700	0.38726858875234488	0.062357371021995775	-0.757	0.000235544
75800	0.38726795398717917	0.062357227944084902	-0.758	0.000236195
75900	0.38726731770027628	0.06235708448742789	-0.759	0.000236847
76000	0.38726667988777452	0.062356940651118152	-0.76	0.000237501
76100	0.38726604054580249	0.062356796434246756	-0.761	0.000238156
76200	0.38726539967047974	0.062356651835902575	-0.762	0.000238813
76300	0.38726475725791609	0.06235650685517205	-0.763	0.000239472
76400	0.38726411330421145	0.062356361491139455	-0.764	0.000240132
76500	0.38726346780545701	0.062356215742886599	-0.765	0.000240794
76600	0.38726282075773366	0.062356069609493046	-0.766	0.000241457
76700	0.38726217215711334	0.062355923090036049	-0.767	0.000242122
76800	0.38726152199965791	0.062355776183590512	-0.768	0.000242789
76900	0.3872608702814197	0.062355628889228944	-0.769	0.000243457
77000	0.38726021699844221	0.062355481206021648	-0.77	0.000244127
77100	0.38725956214675805	0.062355333133036428	-0.771	0.000244798
77200	0.38725890572239091	0.062355184669338801	-0.772	0.000245471
77300	0.38725824772135448	0.062355035813991919	-0.773	0.000246146
77400	0.38725758813965311	0.062354886566056519	-0.774	0.000246822
77500	0.38725692697328135	0.06235473692459105	-0.775	0.0002475
77600	0.38725626421822296	0.062354586888651552	-0.776	0.000248179
77700	0.3872555998704531	0.062354436457291662	-0.777	0.00024886
77800	0.38725493392593674	0.062354285629562585	-0.778	0.000249543
77900	0.38725426638062888	0.062354134404513255	-0.779	0.000250228
78000	0.38725359723047476	0.062353982781190094	-0.78	0.000250914
78100	0.38725292647140946	0.062353830758637145	-0.781	0.000251602
78200	0.38725225409935865	0.06235367833589605	-0.782	0.000252291
78300	0.38725158011023758	0.062353525512005993	-0.783	0.000252982
78400	0.38725090449995181	0.062353372286003815	-0.784	0.000253675
78500	0.38725022726439662	0.062353218656923823	-0.785	0.000254369
78600	0.38724954839945752	0.062353064623797992	-0.786	0.000255066
78700	0.38724886790100976	0.06235291018565578	-0.787	0.000255763
78800	0.3872481857649186	0.062352755341524166	-0.788	0.000256463
78900	0.38724750198703972	0.062352600090427777	-0.789	0.000257164
79000	0.38724681656321785	0.062352444431388737	-0.79	0.000257867
79100	0.38724612948928777	0.062352288363426649	-0.791	0.000258571
79200	0.38724544076107442	0.062352131885558763	-0.792	0.000259278
79300	0.38724475037439254	0.062351974996799737	-0.793	0.000259986
79400	0.38724405832504655	0.062351817696161771	-0.794	0.000260695
79500	0.38724336460883002	0.062351659982654621	-0.795	0.000261407
79600	0.38724266922152722	0.062351501855285443	-0.796	0.00026212
79700	0.38724197215891126	0.062351343313059013	-0.797	0.000262835
79800	0.38724127341674558	0.062351184354977517	-0.798	0.000263551
79900	0.38724057299078346	0.062351024980040685	-0.799	0.00026427
80000	0.38723987087676681	0.06235086518724569	-0.8	0.00026499
80100	0.38723916707042799	0.062350704975587173	-0.801	0.000265712
80200	0.38723846156748853	0.062350544344057263	-0.802	0.000266435
80300	0.38723775436365965	0.062350383291645536	-0.803	0.00026716
80400	0.38723704545464216	0.062350221817339027	-0.804	0.000267888
80500	0.38723633483612635	0.062350059920122228	-0.805	0.000268616
80600	0.38723562250379179	0.062349897598977015	-0.806	0.000269347
80700	0.38723490845330738	0.062349734852882761	-0.807	0.000270079
80800	0.38723419268033188	0.06234957168081625	-0.808	0.000270813
80900	0.38723347518051354	0.062349408081751725	-0.809	0.000271549
81000	0.38723275594948953	0.06234924405466083	-0.81	0.000272287
81100	0.38723203498288622	0.062349079598512575	-0.811	0.000273027
81200	0.38723131227632007	0.062348914712273384	-0.812	0.000273768
81300	0.38723058782539604	0.062348749394907164	-0.813	0.000274511
81400	0.38722986162570883	0.062348583645375058	-0.814	0.000275256
81500	0.38722913367284206	0.062348417462635725	-0.815	0.000276002
81600	0.38722840396236879	0.062348250845645173	-0.816	0.000276751
81700	0.38722767248985118	0.062348083793356802	-0.817	0.000277501
81800	0.38722693925084056	0.062347916304721321	-0.818	0.000278253
81900	0.38722620424087728	0.062347748378686806	-0.819	0.000279007
82000	0.38722546745549108	0.062347580014198788	-0.82	0.000279763
82100	0.38722472889020004	0.062347411210199995	-0.821	0.000280521
82200	0.38722398854051265	0.062347241965630587	-0.822	0.00028128
82300	0.38722324640192518	0.062347072279428033	-0.823	0.000282041
82400	0.38722250246992329	0.062346902150527142	-0.824	0.000282805
82500	0.3872217567399816	0.062346731577860005	-0.825	0.00028357
82600	0.38722100920756414	0.06234656056035616	-0.826	0.000284336
82700	0.38722025986812281	0.062346389096942297	-0.827	0.000285105
82800	0.38721950871709904	0.06234621718654243	-0.828	0.000285876
82900	0.38721875574992376	0.06234604482807795	-0.829	0.000286648
83000	0.38721800096201536	0.062345872020467534	-0.83	0.000287422
83100	0.38721724434878213	0.062345698762627036	-0.831	0.000288199
83200	0.38721648590562063	0.062345525053469665	-0.832	0.000288977
83300	0.38721572562791623	0.062345350891905911	-0.833	0.000289757
83400	0.38721496351104279	0.062345176276843467	-0.834	0.000290539
83500	0.38721419955036351	0.062345001207187306	-0.835	0.000291322
83600	0.38721343374122985	0.062344825681839681	-0.836	0.000292108
83700	0.38721266607898208	0.062344649699700071	-0.837	0.000292896
83800	0.3872118965589485	0.062344473259665169	-0.838	0.000293685
83900	0.3872111251764469	0.06234429636062893	-0.839	0.000294477
84000	0.38721035192678288	0.062344119001482498	-0.84	0.00029527
84100	0.38720957680525092	0.062343941181114235	-0.841	0.000296065
84200	0.38720879980713402	0.062343762898409809	-0.842	0.000296862
84300	0.38720802092770301	0.062343584152251941	-0.843	0.000297661
84400	0.38720724016221852	0.062343404941520596	-0.844	0.000298462
84500	0.38720645750592836	0.062343225265092957	-0.845	0.000299265
84600	0.38720567295406894	0.062343045121843403	-0.846	0.00030007
84700	0.38720488650186574	0.062342864510643463	-0.847	0.000300877
84800	0.38720409814453122	0.062342683430361756	-0.848	0.000301686
84900	0.38720330787726748	0.062342501879864239	-0.849	0.000302497
85000	0.38720251569526448	0.062342319858013896	-0.85	0.00030331
85100	0.38720172159370031	0.062342137363670863	-0.851	0.000304125
85200	0.38720092556774133	0.062341954395692456	-0.852	0.000304942
85300	0.38720012761254186	0.062341770952933084	-0.853	0.00030576
85400	0.38719932772324461	0.062341587034244347	-0.854	0.000306581
85500	0.38719852589498022	0.062341402638474881	-0.855	0.000307404
85600	0.38719772212286746	0.062341217764470609	-0.856	0.000308229
85700	0.38719691640201309	0.062341032411074242	-0.857	0.000309055
85800	0.38719610872751253	0.062340846577125839	-0.858	0.000309884
85900	0.38719529909444855	0.06234066026146251	-0.859	0.000310715
86000	0.38719448749789193	0.06234047346291844	-0.86	0.000311548
86100	0.38719367393290227	0.062340286180324903	-0.861	0.000312383
86200	0.38719285839452594	0.062340098412510148	-0.862	0.000313219
86300	0.38719204087779752	0.062339910158299608	-0.863	0.000314058
86400	0.38719122137773937	0.062339721416515698	-0.864	0.000314899
86500	0.38719039988936232	0.062339532185977903	-0.865	0.000315742
86600	0.38718957640766438	0.062339342465502767	-0.866	0.000316587
86700	0.38718875092763133	0.062339152253903837	-0.867	0.000317434
86800	0.3871879234442373	0.062338961549991731	-0.868	0.000318284
86900	0.38718709395244338	0.062338770352574062	-0.869	0.000319135
87000	0.38718626244719856	0.062338578660455495	-0.87	0.000319988
87100	0.38718542892343993	0.062338386472437592	-0.871	0.000320844
87200	0.38718459337609157	0.062338193787319016	-0.872	0.000321701
87300	0.38718375580006581	0.062338000603895376	-0.873	0.000322561
87400	0.38718291619026152	0.062337806920959291	-0.874	0.000323422
87500	0.38718207454156622	0.06233761273730036	-0.875	0.000324286
87600	0.38718123084885436	0.062337418051705111	-0.876	0.000325152
87700	0.38718038510698771	0.062337222862957044	-0.877	0.00032602
87800	0.38717953731081589	0.062337027169836655	-0.878	0.00032689
87900	0.3871786874551757	0.062336830971121353	-0.879	0.000327762
88000	0.38717783553489155	0.062336634265585472	-0.88	0.000328637
88100	0.38717698154477426	0.062336437052000343	-0.881	0.000329513
88200	0.38717612547962338	0.062336239329134173	-0.882	0.000330392
88300	0.38717526733422519	0.06233604109575204	-0.883	0.000331272
88400	0.38717440710335277	0.062335842350616066	-0.884	0.000332155
88500	0.38717354478176669	0.062335643092485127	-0.885	0.00033304
88600	0.38717268036421476	0.062335443320115064	-0.886	0.000333927
88700	0.38717181384543209	0.062335243032258653	-0.887	0.000334817
88800	0.38717094522014056	0.062335042227665442	-0.888	0.000335708
88900	0.38717007448304963	0.062334840905081935	-0.889	0.000336602
89000	0.3871692016288551	0.062334639063251492	-0.89	0.000337498
89100	0.38716832665224038	0.062334436700914306	-0.891	0.000338396
89200	0.38716744954787552	0.062334233816807388	-0.892	0.000339296
89300	0.38716657031041818	0.062334030409664704	-0.893	0.000340199
89400	0.38716568893451242	0.062333826478216885	-0.894	0.000341103
89500	0.38716480541478926	0.062333622021191575	-0.895	0.00034201
89600	0.38716391974586656	0.062333417037313134	-0.896	0.000342919
89700	0.38716303192234897	0.062333211525302683	-0.897	0.000343831
89800	0.38716214193882814	0.062333005483878268	-0.898	0.000344744
89900	0.38716124978988253	0.062332798911754694	-0.899	0.00034566
90000	0.38716035547007699	0.062332591807643459	-0.9	0.000346578
90100	0.38715945897396381	0.062332384170252962	-0.901	0.000347498
90200	0.38715856029608148	0.062332175998288296	-0.902	0.000348421
90300	0.3871576594309542	0.062331967290451359	-0.903	0.000349345
90400	0.38715675637309432	0.062331758045440819	-0.904	0.000350272
90500	0.38715585111700007	0.062331548261952037	-0.905	0.000351202
90600	0.38715494365715603	0.062331337938677164	-0.906	0.000352133
90700	0.38715403398803411	0.062331127074305041	-0.907	0.000353067
90800	0.38715312210409158	0.06233091566752131	-0.908	0.000354003
90900	0.38715220799977318	0.062330703717008266	-0.909	0.000354941
91000	0.38715129166950923	0.062330491221444927	-0.91	0.000355882
91100	0.38715037310771727	0.062330278179507002	-0.911	0.000356825
91200	0.38714945230880027	0.062330064589866903	-0.912	0.00035777
91300	0.3871485292671481	0.062329850451193755	-0.913	0.000358718
91400	0.38714760397713655	0.0623296357621533	-0.914	0.000359668
91500	0.387146676433128	0.062329420521407983	-0.915	0.00036062
91600	0.38714574662947127	0.062329204727616959	-0.916	0.000361574
91700	0.38714481456050071	0.062328988379435971	-0.917	0.000362531
91800	0.38714388022053653	0.062328771475517394	-0.918	0.00036349
91900	0.38714294360388668	0.062328554014510325	-0.919	0.000364452
92000	0.38714200470484345	0.062328335995060373	-0.92	0.000365416
92100	0.38714106351768623	0.062328117415809854	-0.921	0.000366382
92200	0.38714012003667997	0.06232789827539767	-0.922	0.000367351
92300	0.38713917425607552	0.062327678572459293	-0.923	0.000368322
92400	0.38713822617010984	0.062327458305626936	-0.924	0.000369295
92500	0.38713727577300566	0.062327237473529175	-0.925	0.000370271
92600	0.38713632305897216	0.06232701607479138	-0.926	0.000371249
92700	0.38713536802220344	0.062326794108035342	-0.927	0.000372229
92800	0.38713441065687987	0.062326571571879423	-0.928	0.000373212
92900	0.38713345095716795	0.062326348464938654	-0.929	0.000374197
93000	0.38713248891721908	0.062326124785824499	-0.93	0.000375185
93100	0.38713152453117128	0.062325900533145046	-0.931	0.000376175
93200	0.38713055779314731	0.062325675705504818	-0.932	0.000377168
93300	0.38712958869725594	0.06232545030150493	-0.933	0.000378163
93400	0.38712861723759201	0.062325224319742981	-0.934	0.00037916
93500	0.38712764340823569	0.062324997758813103	-0.935	0.00038016
93600	0.3871266672032519	0.062324770617305895	-0.936	0.000381162
93700	0.3871256886166915	0.062324542893808427	-0.937	0.000382167
93800	0.38712470764259166	0.06232431458690426	-0.938	0.000383174
93900	0.38712372427497388	0.062324085695173503	-0.939	0.000384184
94000	0.38712273850784557	0.062323856217192573	-0.94	0.000385196
94100	0.38712175033519902	0.0623236261515345	-0.941	0.000386211
94200	0.38712075975101251	0.062323395496768665	-0.942	0.000387228
94300	0.38711976674924897	0.062323164251460901	-0.943	0.000388247
94400	0.38711877132385708	0.062322932414173429	-0.944	0.000389269
94500	0.38711777346876991	0.062322699983465006	-0.945	0.000390294
94600	0.38711677317790683	0.062322466957890718	-0.946	0.000391321
94700	0.3871157704451712	0.062322233336002002	-0.947	0.00039235
94800	0.38711476526445249	0.062321999116346755	-0.948	0.000393383
94900	0.38711375762962413	0.062321764297469343	-0.949	0.000394417
95000	0.38711274753454594	0.062321528877910301	-0.95	0.000395454
95100	0.38711173497306162	0.062321292856206641	-0.951	0.000396494
95200	0.38711071993900037	0.062321056230891757	-0.952	0.000397536
95300	0.38710970242617587	0.062320819000495395	-0.953	0.000398581
95400	0.38710868242838714	0.062320581163543595	-0.954	0.000399628
95500	0.38710765993941754	0.062320342718558734	-0.955	0.000400678
95600	0.3871066349530356	0.062320103664059531	-0.956	0.000401731
95700	0.38710560746299422	0.062319863998561015	-0.957	0.000402786
95800	0.38710457746303167	0.062319623720574535	-0.958	0.000403844
95900	0.38710354494687066	0.062319382828607654	-0.959	0.000404904
96000	0.38710250990821832	0.062319141321164333	-0.96	0.000405967
96100	0.38710147234076647	0.062318899196744784	-0.961	0.000407032
96200	0.38710043223819135	0.062318656453845399	-0.962	0.0004081
96300	0.38709938959415435	0.062318413090958896	-0.963	0.000409171
96400	0.38709834440230062	0.062318169106574256	-0.964	0.000410244
96500	0.38709729665626003	0.062317924499176669	-0.965	0.00041132
96600	0.38709624634964718	0.062317679267247572	-0.966	0.000412399
96700	0.38709519347606042	0.062317433409264683	-0.967	0.00041348
96800	0.38709413802908332	0.062317186923701799	-0.968	0.000414564
96900	0.38709308000228326	0.062316939809029005	-0.969	0.00041565
97000	0.38709201938921178	0.062316692063712632	-0.97	0.000416739
97100	0.38709095618340483	0.062316443686215112	-0.971	0.000417831
97200	0.38708989037838271	0.062316194674995058	-0.972	0.000418926
97300	0.38708882196764915	0.062315945028507326	-0.973	0.000420023
97400	0.38708775094469317	0.062315694745202869	-0.974	0.000421123
97500	0.38708667730298735	0.062315443823528778	-0.975	0.000422225
97600	0.38708560103598733	0.062315192261928304	-0.976	0.000423331
97700	0.38708452213713418	0.062314940058840806	-0.977	0.000424439
97800	0.38708344059985228	0.062314687212701829	-0.978	0.000425549
97900	0.38708235641755012	0.062314433721943022	-0.979	0.000426663
98000	0.38708126958361955	0.062314179584992059	-0.98	0.000427779
98100	0.38708018009143746	0.06231392480027273	-0.981	0.000428898
98200	0.38707908793436324	0.062313669366204971	-0.982	0.000430019
98300	0.38707799310574104	0.06231341328120471	-0.983	0.000431144
98400	0.38707689559889769	0.062313156543684016	-0.984	0.000432271
98500	0.38707579540714443	0.062312899152051002	-0.985	0.000433401
98600	0.38707469252377641	0.062312641104709736	-0.986	0.000434533
98700	0.38707358694207161	0.062312382400060463	-0.987	0.000435669
98800	0.38707247865529237	0.06231212303649937	-0.988	0.000436807
98900	0.3870713676566841	0.06231186301241861	-0.989	0.000437948
99000	0.38707025393947558	0.062311602326206431	-0.99	0.000439092
99100	0.38706913749687932	0.06231134097624709	-0.991	0.000440239
99200	0.38706801832209087	0.062311078960920745	-0.992	0.000441388
99300	0.3870668964082904	0.062310816278603569	-0.993	0.00044254
99400	0.38706577174863954	0.062310552927667774	-0.994	0.000443695
99500	0.3870646443362844	0.062310288906481479	-0.995	0.000444853
99600	0.38706351416435403	0.06231002421340865	-0.996	0.000446014
99700	0.38706238122596071	0.062309758846809379	-0.997	0.000447178
99800	0.38706124551419957	0.062309492805039564	-0.998	0.000448344
99900	0.38706010702214938	0.062309226086451085	-0.999	0.000449513
100000	0.38705896574287191	0.062308958689391639	-1	0.000450686
