# Filename: 3Dvlt_K0cFind3_Plot_Op3352_K0.38755_y0.06242_step100000.dat
# Source: 3Dvlt_K0cFind3_Plot.c
# Source version: 1 (2012 Jun 07 - ...)
# Constant values: PI= 3.141592653589793116, PISQ=9.8696044010893579923, PICU=31.0062766802998162063
# Parameter values: OpA=3, OpAa=3, OpB=5, OpC=2, B=41.3417022403997549418, THETA=0.6, N=2, initialdl=1e-05, trajectorydl=0.0001, initialds=1e-05, trajectorydsMax=1e-05, uncertainty=1e-13, dataskipdl=100, dataskipds=999
# Option-dependent values: K=0.387550000000000005596, y=0.0624200000000000032596, Kstar=                  -10, ystar=                  -10, c=                    0, Z=                    0, lambda=                    0, initialKdir=0, flowdir=-1, Max_steps=100000
# Initialized values: Deltas=0, Deltal=0, count_steps=0, count_passes=0, K0c=0, oldK0c=-100
# Input-file parameter: Cc=6.92677e-310
# step	K	y	path-length-l	path-length-s (in K-y-space)
0	0.38755000000000001	0.062420000000000003	0	0
1	0.38755000035572545	0.062420000249535916	-1e-05	4.34521e-10
2	0.38755000071146994	0.062420000499073952	-2e-05	8.69059e-10
3	0.38755000106723353	0.062420000748614111	-3e-05	1.30361e-09
4	0.38755000142301615	0.062420000998156394	-4e-05	1.73819e-09
5	0.38755000177881782	0.0624200012477008	-5e-05	2.17277e-09
6	0.38755000213463853	0.062420001497247329	-6e-05	2.60738e-09
7	0.38755000249047833	0.062420001746795989	-7e-05	3.042e-09
8	0.38755000284633717	0.062420001996346772	-8e-05	3.47664e-09
9	0.38755000320221505	0.062420002245899678	-9e-05	3.9113e-09
10	0.38755000355811198	0.062420002495454707	-0.0001	4.34597e-09
100	0.38755003566690849	0.062420024964123536	-0.001	4.35355e-08
200	0.38755007152466275	0.062420049949600279	-0.002	8.72396e-08
300	0.38755010757358627	0.062420074956544169	-0.003	1.31113e-07
400	0.38755014381400432	0.062420099985069505	-0.004	1.75156e-07
500	0.3875501802462426	0.062420125035290701	-0.005	2.19369e-07
600	0.38755021687062868	0.062420150107322284	-0.006	2.63754e-07
700	0.38755025368749058	0.062420175201279085	-0.007	3.08309e-07
800	0.3875502906971578	0.062420200317276055	-0.008	3.53036e-07
900	0.38755032789996074	0.062420225455428448	-0.009	3.97936e-07
1000	0.38755036529622999	0.062420250615851616	-0.01	4.43008e-07
1100	0.38755040288629872	0.062420275798661232	-0.011	4.88254e-07
1200	0.38755044067049982	0.062420301003973	-0.012	5.33674e-07
1300	0.3875504786491682	0.062420326231902891	-0.013	5.79268e-07
1400	0.38755051682263908	0.062420351482567166	-0.014	6.25037e-07
1500	0.38755055519124959	0.062420376756082092	-0.015	6.70982e-07
1600	0.38755059375533668	0.062420402052564328	-0.016	7.17102e-07
1700	0.38755063251523947	0.06242042737213066	-0.017	7.63399e-07
1800	0.38755067147129779	0.06242045271489808	-0.018	8.09873e-07
1900	0.38755071062385238	0.062420478080983804	-0.019	8.56525e-07
2000	0.38755074997324551	0.062420503470505206	-0.02	9.03354e-07
2100	0.38755078951981958	0.062420528883579893	-0.021	9.50362e-07
2200	0.38755082926391887	0.062420554320325693	-0.022	9.9755e-07
2300	0.38755086920588855	0.062420579780860623	-0.023	1.04492e-06
2400	0.38755090934607517	0.062420605265302895	-0.024	1.09246e-06
2500	0.38755094968482601	0.062420630773770941	-0.025	1.14019e-06
2600	0.38755099022248923	0.062420656306383382	-0.026	1.1881e-06
2700	0.38755103095941423	0.062420681863259074	-0.027	1.23619e-06
2800	0.38755107189595195	0.062420707444517068	-0.028	1.28446e-06
2900	0.38755111303245376	0.06242073305027665	-0.029	1.33292e-06
3000	0.38755115436927279	0.062420758680657273	-0.03	1.38155e-06
3100	0.38755119590676268	0.062420784335778648	-0.031	1.43038e-06
3200	0.3875512376452781	0.062420810015760636	-0.032	1.47938e-06
3300	0.38755127958517527	0.062420835720723385	-0.033	1.52857e-06
3400	0.38755132172681195	0.062420861450787214	-0.034	1.57795e-06
3500	0.38755136407054575	0.062420887206072612	-0.035	1.62751e-06
3600	0.38755140661673615	0.062420912986700397	-0.036	1.67726e-06
3700	0.38755144936574365	0.062420938792791508	-0.037	1.72719e-06
3800	0.38755149231793018	0.062420964624467119	-0.038	1.77731e-06
3900	0.3875515354736585	0.062420990481848584	-0.039	1.82762e-06
4000	0.38755157883329183	0.062421016365057591	-0.04	1.87812e-06
4100	0.38755162239719543	0.062421042274215986	-0.041	1.9288e-06
4200	0.38755166616573561	0.062421068209445728	-0.042	1.97968e-06
4300	0.38755171013927958	0.062421094170869142	-0.043	2.03075e-06
4400	0.38755175431819561	0.062421120158608734	-0.044	2.082e-06
4500	0.38755179870285306	0.062421146172787191	-0.045	2.13345e-06
4600	0.38755184329362247	0.06242117221352747	-0.046	2.18509e-06
4700	0.38755188809087543	0.062421198280952661	-0.047	2.23692e-06
4800	0.38755193309498503	0.062421224375186171	-0.048	2.28894e-06
4900	0.38755197830632543	0.062421250496351652	-0.049	2.34115e-06
5000	0.3875520237252717	0.0624212766445729	-0.05	2.39356e-06
5100	0.38755206935220021	0.06242130281997392	-0.051	2.44616e-06
5200	0.38755211518748883	0.062421329022679002	-0.052	2.49896e-06
5300	0.38755216123151559	0.062421355252812651	-0.053	2.55195e-06
5400	0.38755220748466013	0.062421381510499599	-0.054	2.60514e-06
5500	0.38755225394730353	0.06242140779586481	-0.055	2.65852e-06
5600	0.38755230061982843	0.062421434109033426	-0.056	2.7121e-06
5700	0.38755234750261736	0.062421460450130924	-0.057	2.76587e-06
5800	0.38755239459605506	0.062421486819282869	-0.058	2.81985e-06
5900	0.38755244190052718	0.062421513216615154	-0.059	2.87402e-06
6000	0.38755248941642034	0.062421539642253859	-0.06	2.92839e-06
6100	0.38755253714412236	0.062421566096325327	-0.061	2.98296e-06
6200	0.38755258508402274	0.062421592578956103	-0.062	3.03773e-06
6300	0.38755263323651151	0.062421619090273044	-0.063	3.09269e-06
6400	0.38755268160197959	0.062421645630403103	-0.064	3.14786e-06
6500	0.38755273018082004	0.062421672199473588	-0.065	3.20323e-06
6600	0.38755277897342688	0.062421698797611974	-0.066	3.2588e-06
6700	0.38755282798019497	0.062421725424945992	-0.067	3.31458e-06
6800	0.38755287720152037	0.062421752081603644	-0.068	3.37055e-06
6900	0.38755292663780055	0.062421778767713078	-0.069	3.42673e-06
7000	0.38755297628943436	0.062421805483402801	-0.07	3.48311e-06
7100	0.38755302615682102	0.06242183222880144	-0.071	3.5397e-06
7200	0.387553076240362	0.062421859004037954	-0.072	3.59649e-06
7300	0.38755312654045926	0.062421885809241552	-0.073	3.65349e-06
7400	0.38755317705751646	0.06242191264454152	-0.074	3.71069e-06
7500	0.38755322779193802	0.062421939510067581	-0.075	3.7681e-06
7600	0.38755327874412959	0.062421966405949623	-0.076	3.82572e-06
7700	0.3875533299144982	0.062421993332317689	-0.077	3.88354e-06
7800	0.38755338130345246	0.062422020289302244	-0.078	3.94157e-06
7900	0.38755343291140137	0.062422047277033856	-0.079	3.99981e-06
8000	0.38755348473875573	0.062422074295643414	-0.08	4.05825e-06
8100	0.38755353678592758	0.062422101345261993	-0.081	4.11691e-06
8200	0.38755358905333026	0.062422128426020976	-0.082	4.17578e-06
8300	0.38755364154137817	0.062422155538051978	-0.083	4.23485e-06
8400	0.3875536942504863	0.062422182681486804	-0.084	4.29414e-06
8500	0.38755374718107211	0.062422209856457578	-0.085	4.35364e-06
8600	0.38755380033355336	0.062422237063096679	-0.086	4.41335e-06
8700	0.38755385370834966	0.062422264301536648	-0.087	4.47327e-06
8800	0.38755390730588141	0.062422291571910322	-0.088	4.53341e-06
8900	0.38755396112657031	0.062422318874350811	-0.089	4.59376e-06
9000	0.38755401517083948	0.062422346208991494	-0.09	4.65432e-06
9100	0.38755406943911336	0.062422373575965959	-0.091	4.7151e-06
9200	0.38755412393181771	0.062422400975408104	-0.092	4.7761e-06
9300	0.38755417864937869	0.062422428407451963	-0.093	4.8373e-06
9400	0.38755423359222491	0.062422455872231941	-0.094	4.89873e-06
9500	0.38755428876078585	0.062422483369882674	-0.095	4.96037e-06
9600	0.38755434415549206	0.062422510900539047	-0.096	5.02223e-06
9700	0.38755439977677519	0.062422538464336187	-0.097	5.08431e-06
9800	0.38755445562506841	0.062422566061409508	-0.098	5.1466e-06
9900	0.38755451170080657	0.06242259369189463	-0.099	5.20911e-06
10000	0.38755456800442517	0.062422621355927528	-0.1	5.27185e-06
10100	0.38755462453636103	0.062422649053644322	-0.101	5.3348e-06
10200	0.38755468129705295	0.062422676785181486	-0.102	5.39797e-06
10300	0.38755473828694026	0.062422704550675695	-0.103	5.46137e-06
10400	0.3875547955064636	0.062422732350263931	-0.104	5.52498e-06
10500	0.38755485295606551	0.062422760184083451	-0.105	5.58882e-06
10600	0.38755491063618935	0.062422788052271645	-0.106	5.65288e-06
10700	 0.38755496854728	0.062422815954966362	-0.107	5.71716e-06
10800	0.38755502668978342	0.062422843892305603	-0.108	5.78167e-06
10900	0.38755508506414699	0.062422871864427625	-0.109	5.8464e-06
11000	0.387555143670819	0.06242289987147101	-0.11	5.91135e-06
11100	0.38755520251024983	0.062422927913574601	-0.111	5.97653e-06
11200	0.38755526158289094	0.062422955990877514	-0.112	6.04194e-06
11300	0.38755532088919475	0.06242298410351909	-0.113	6.10757e-06
11400	0.3875553804296154	0.062423012251638939	-0.114	6.17343e-06
11500	0.38755544020460791	0.062423040435377004	-0.115	6.23952e-06
11600	0.38755550021462931	0.062423068654873452	-0.116	6.30583e-06
11700	0.38755556046013723	0.062423096910268712	-0.117	6.37237e-06
11800	0.38755562094159063	0.062423125201703573	-0.118	6.43914e-06
11900	0.3875556816594507	0.06242315352931898	-0.119	6.50614e-06
12000	0.38755574261417902	0.06242318189325629	-0.12	6.57337e-06
12100	0.38755580380623894	0.062423210293656953	-0.121	6.64084e-06
12200	0.38755586523609536	0.062423238730662869	-0.122	6.70853e-06
12300	0.38755592690421359	0.062423267204416134	-0.123	6.77645e-06
12400	0.38755598881106168	0.062423295715059154	-0.124	6.84461e-06
12500	0.38755605095710777	0.062423324262734545	-0.125	6.913e-06
12600	0.38755611334282225	0.062423352847585281	-0.126	6.98162e-06
12700	0.38755617596867648	0.062423381469754624	-0.127	7.05048e-06
12800	0.38755623883514312	0.062423410129386077	-0.128	7.11957e-06
12900	0.38755630194269652	0.062423438826623392	-0.129	7.1889e-06
13000	0.38755636529181192	0.062423467561610706	-0.13	7.25846e-06
13100	0.38755642888296643	0.062423496334492332	-0.131	7.32825e-06
13200	0.38755649271663795	0.062423525145412904	-0.132	7.39829e-06
13300	0.38755655679330653	0.062423553994517399	-0.133	7.46856e-06
13400	0.38755662111345274	0.062423582881951038	-0.134	7.53907e-06
13500	0.38755668567755935	0.062423611807859283	-0.135	7.60982e-06
13600	0.38755675048610999	0.062423640772387996	-0.136	7.6808e-06
13700	0.38755681553958976	0.062423669775683206	-0.137	7.75203e-06
13800	0.38755688083848544	0.062423698817891372	-0.138	7.8235e-06
13900	0.38755694638328481	0.062423727899159058	-0.139	7.8952e-06
14000	0.38755701217447758	0.062423757019633277	-0.14	7.96715e-06
14100	0.38755707821255392	0.062423786179461302	-0.141	8.03934e-06
14200	0.38755714449800693	0.062423815378790659	-0.142	8.11177e-06
14300	0.38755721103132962	0.062423844617769203	-0.143	8.18445e-06
14400	0.3875572778130168	0.062423873896545051	-0.144	8.25736e-06
14500	0.38755734484356535	0.062423903215266661	-0.145	8.33053e-06
14600	0.38755741212347244	0.062423932574082748	-0.146	8.40393e-06
14700	0.38755747965323789	0.062423961973142379	-0.147	8.47758e-06
14800	0.38755754743336246	0.06242399141259479	-0.148	8.55148e-06
14900	0.38755761546434819	0.0624240208925897	-0.149	8.62563e-06
15000	0.38755768374669847	0.062424050413276977	-0.15	8.70002e-06
15100	0.38755775228091854	0.062424079974806812	-0.151	8.77465e-06
15200	0.38755782106751485	0.0624241095773298	-0.152	8.84954e-06
15300	0.38755789010699493	0.062424139220996815	-0.153	8.92467e-06
15400	0.38755795939986842	0.062424168905958886	-0.154	9.00006e-06
15500	0.3875580289466462	0.062424198632367513	-0.155	9.07569e-06
15600	0.38755809874784042	0.062424228400374447	-0.156	9.15158e-06
15700	0.38755816880396482	0.062424258210131769	-0.157	9.22771e-06
15800	0.38755823911553439	0.062424288061791768	-0.158	9.3041e-06
15900	0.38755830968306576	0.062424317955507187	-0.159	9.38073e-06
16000	0.3875583805070773	0.062424347891430976	-0.16	9.45763e-06
16100	0.38755845158808827	0.062424377869716441	-0.161	9.53477e-06
16200	0.38755852292662002	0.062424407890517133	-0.162	9.61217e-06
16300	0.3875585945231948	0.062424437953986993	-0.163	9.68982e-06
16400	0.38755866637833686	0.062424468060280194	-0.164	9.76773e-06
16500	0.38755873849257155	0.06242449820955133	-0.165	9.84589e-06
16600	0.38755881086642552	0.062424528401955275	-0.166	9.92431e-06
16700	0.38755888350042772	0.062424558637647114	-0.167	1.0003e-05
16800	0.38755895639510796	0.062424588916782417	-0.168	1.00819e-05
16900	0.38755902955099769	0.062424619239516942	-0.169	1.01611e-05
17000	0.38755910296862989	0.062424649606006813	-0.17	1.02406e-05
17100	0.38755917664853901	0.062424680016408447	-0.171	1.03203e-05
17200	0.38755925059126095	0.062424710470878643	-0.172	1.04002e-05
17300	0.38755932479733346	0.062424740969574413	-0.173	1.04805e-05
17400	0.38755939926729543	0.062424771512653215	-0.174	1.0561e-05
17500	0.38755947400168711	0.062424802100272778	-0.175	1.06417e-05
17600	0.38755954900105111	0.062424832732591119	-0.176	1.07227e-05
17700	0.38755962426593049	0.062424863409766586	-0.177	1.0804e-05
17800	0.38755969979687033	0.062424894131957918	-0.178	1.08855e-05
17900	0.38755977559441751	0.062424924899324094	-0.179	1.09673e-05
18000	0.38755985165912032	0.06242495571202452	-0.18	1.10494e-05
18100	0.38755992799152805	0.06242498657021886	-0.181	1.11317e-05
18200	0.38756000459219286	0.062425017474067084	-0.182	1.12143e-05
18300	0.38756008146166637	0.0624250484237295	-0.183	1.12972e-05
18400	0.38756015860050347	0.062425079419366841	-0.184	1.13803e-05
18500	0.38756023600926015	0.062425110461140042	-0.185	1.14637e-05
18600	0.38756031368849403	0.062425141549210514	-0.186	1.15474e-05
18700	0.3875603916387641	0.062425172683739844	-0.187	1.16314e-05
18800	0.38756046986063064	0.062425203864890026	-0.188	1.17156e-05
18900	0.38756054835465636	0.062425235092823467	-0.189	1.18e-05
19000	0.38756062712140449	0.062425266367702778	-0.19	1.18848e-05
19100	0.38756070616144067	0.062425297689690983	-0.191	1.19698e-05
19200	0.38756078547533152	0.062425329058951463	-0.192	1.20551e-05
19300	0.38756086506364579	0.062425360475647861	-0.193	1.21407e-05
19400	0.38756094492695364	0.062425391939944189	-0.194	1.22265e-05
19500	0.38756102506582635	0.062425423452004823	-0.195	1.23126e-05
19600	0.38756110548083744	0.062425455011994486	-0.196	1.2399e-05
19700	0.3875611861725618	0.062425486620078269	-0.197	1.24857e-05
19800	0.38756126714157596	0.062425518276421482	-0.198	1.25726e-05
19900	0.38756134838845779	0.062425549981189897	-0.199	1.26598e-05
20000	0.38756142991378756	0.062425581734549596	-0.2	1.27473e-05
20100	0.38756151171814612	0.062425613536667014	-0.201	1.28351e-05
20200	0.38756159380211636	0.062425645387708971	-0.202	1.29231e-05
20300	0.38756167616628256	0.062425677287842568	-0.203	1.30114e-05
20400	0.38756175881123184	0.062425709237235262	-0.204	1.31e-05
20500	0.38756184173755082	0.062425741236054891	-0.205	1.31889e-05
20600	0.38756192494582969	0.062425773284469632	-0.206	1.32781e-05
20700	0.38756200843665933	0.062425805382648039	-0.207	1.33676e-05
20800	0.38756209221063237	0.062425837530759011	-0.208	1.34573e-05
20900	0.38756217626834355	0.06242586972897176	-0.209	1.35473e-05
21000	0.38756226061038829	0.062425901977455907	-0.21	1.36376e-05
21100	0.38756234523736477	0.062425934276381351	-0.211	1.37282e-05
21200	0.38756243014987196	0.06242596662591849	-0.212	1.3819e-05
21300	0.38756251534851116	0.062425999026237897	-0.213	1.39102e-05
21400	0.38756260083388505	0.062426031477510684	-0.214	1.40016e-05
21500	0.38756268660659743	0.0624260639799082	-0.215	1.40934e-05
21600	0.38756277266725492	0.062426096533602246	-0.216	1.41854e-05
21700	0.38756285901646481	0.062426129138764899	-0.217	1.42777e-05
21800	0.38756294565483651	0.062426161795568612	-0.218	1.43703e-05
21900	0.38756303258298114	0.062426194504186294	-0.219	1.44631e-05
22000	0.38756311980151115	0.062426227264791176	-0.22	1.45563e-05
22100	0.38756320731104088	0.062426260077556701	-0.221	1.46498e-05
22200	0.3875632951121869	0.062426292942656871	-0.222	1.47435e-05
22300	0.38756338320556677	0.062426325860266016	-0.223	1.48376e-05
22400	0.38756347159179999	0.062426358830558838	-0.224	1.49319e-05
22500	0.38756356027150801	0.062426391853710329	-0.225	1.50265e-05
22600	0.38756364924531356	0.062426424929895981	-0.226	1.51214e-05
22700	0.38756373851384157	0.062426458059291555	-0.227	1.52167e-05
22800	0.38756382807771805	0.062426491242073265	-0.228	1.53122e-05
22900	0.38756391793757139	0.062426524478417601	-0.229	1.5408e-05
23000	0.38756400809403085	0.062426557768501451	-0.23	1.55041e-05
23100	0.3875640985477285	0.062426591112502212	-0.231	1.56005e-05
23200	0.38756418929929759	0.062426624510597516	-0.232	1.56972e-05
23300	0.38756428034937274	0.062426657962965378	-0.233	1.57942e-05
23400	0.38756437169859137	0.062426691469784266	-0.234	1.58915e-05
23500	0.38756446334759148	0.062426725031233053	-0.235	1.59891e-05
23600	0.38756455529701345	0.062426758647490851	-0.236	1.6087e-05
23700	0.38756464754749975	0.062426792318737281	-0.237	1.61852e-05
23800	0.38756474009969377	0.062426826045152269	-0.238	1.62837e-05
23900	0.38756483295424105	0.062426859826916196	-0.239	1.63825e-05
24000	0.38756492611178917	0.06242689366420983	-0.24	1.64816e-05
24100	0.38756501957298711	0.062426927557214275	-0.241	1.6581e-05
24200	0.38756511333848559	0.062426961506110969	-0.242	1.66808e-05
24300	0.38756520740893735	0.062426995511081926	-0.243	1.67808e-05
24400	0.38756530178499687	0.062427029572309382	-0.244	1.68811e-05
24500	0.3875653964673203	0.062427063689976012	-0.245	1.69818e-05
24600	0.38756549145656666	0.062427097864264883	-0.246	1.70827e-05
24700	0.38756558675339453	0.062427132095359564	-0.247	1.7184e-05
24800	0.38756568235846567	0.062427166383443859	-0.248	1.72855e-05
24900	0.38756577827244437	0.062427200728701983	-0.249	1.73874e-05
25000	0.38756587449599522	0.062427235131318655	-0.25	1.74896e-05
25100	0.38756597102978518	0.062427269591478915	-0.251	1.75921e-05
25200	0.3875660678744835	0.062427304109368212	-0.252	1.76949e-05
25300	0.38756616503076097	0.062427338685172383	-0.253	1.7798e-05
25400	0.38756626249928972	0.062427373319077696	-0.254	1.79015e-05
25500	0.3875663602807447	0.062427408011270856	-0.255	1.80052e-05
25600	0.38756645837580184	0.06242744276193888	-0.256	1.81093e-05
25700	0.38756655678513896	0.062427477571269242	-0.257	1.82137e-05
25800	0.38756665550943625	0.062427512439449807	-0.258	1.83184e-05
25900	0.38756675454937567	0.062427547366668903	-0.259	1.84234e-05
26000	0.38756685390564066	0.062427582353115137	-0.26	1.85287e-05
26100	0.3875669535789163	0.06242761739897764	-0.261	1.86344e-05
26200	0.38756705356989068	0.062427652504445978	-0.262	1.87404e-05
26300	0.38756715387925272	0.062427687669710005	-0.263	1.88467e-05
26400	0.38756725450769342	0.062427722894960083	-0.264	1.89533e-05
26500	0.38756735545590554	0.062427758180386941	-0.265	1.90602e-05
26600	0.3875674567245842	0.062427793526181719	-0.266	1.91675e-05
26700	0.38756755831442619	0.062427828932536053	-0.267	1.92751e-05
26800	0.38756766022613021	0.062427864399641896	-0.268	1.9383e-05
26900	0.38756776246039665	0.062427899927691641	-0.269	1.94912e-05
27000	0.38756786501792795	0.062427935516878197	-0.27	1.95998e-05
27100	0.38756796789942827	0.062427971167394708	-0.271	1.97086e-05
27200	0.38756807110560376	0.062428006879434915	-0.272	1.98179e-05
27300	0.38756817463716275	0.062428042653192871	-0.273	1.99274e-05
27400	0.3875682784948154	0.062428078488863122	-0.274	2.00373e-05
27500	0.3875683826792739	0.062428114386640608	-0.275	2.01475e-05
27600	0.38756848719125192	0.062428150346720682	-0.276	2.0258e-05
27700	0.3875685920314651	0.06242818636929922	-0.277	2.03688e-05
27800	0.38756869720063158	0.06242822245457235	-0.278	2.048e-05
27900	0.38756880269947086	0.062428258602736743	-0.279	2.05915e-05
28000	0.3875689085287049	0.062428294813989489	-0.28	2.07034e-05
28100	0.3875690146890568	0.062428331088528126	-0.281	2.08156e-05
28200	0.38756912118125231	0.062428367426550592	-0.282	2.09281e-05
28300	0.38756922800601956	0.062428403828255298	-0.283	2.1041e-05
28400	0.38756933516408754	0.062428440293841057	-0.284	2.11542e-05
28500	0.38756944265618809	0.062428476823507072	-0.285	2.12677e-05
28600	0.38756955048305414	0.062428513417453063	-0.286	2.13816e-05
28700	0.38756965864542148	0.062428550075879212	-0.287	2.14958e-05
28800	0.3875697671440273	0.062428586798986038	-0.288	2.16103e-05
28900	0.38756987597961101	0.062428623586974583	-0.289	2.17252e-05
29000	0.38756998515291441	0.062428660440046239	-0.29	2.18404e-05
29100	0.38757009466468056	0.062428697358402986	-0.291	2.1956e-05
29200	0.38757020451565466	0.062428734342247119	-0.292	2.20719e-05
29300	0.38757031470658432	0.062428771391781462	-0.293	2.21881e-05
29400	0.38757042523821927	0.062428808507209242	-0.294	2.23047e-05
29500	0.38757053611131032	0.062428845688734129	-0.295	2.24217e-05
29600	0.38757064732661167	0.062428882936560307	-0.296	2.2539e-05
29700	0.38757075888487802	0.062428920250892306	-0.297	2.26566e-05
29800	0.38757087078686719	0.062428957631935192	-0.298	2.27746e-05
29900	0.38757098303333887	0.062428995079894446	-0.299	2.28929e-05
30000	0.38757109562505448	0.062429032594976078	-0.3	2.30116e-05
30100	0.38757120856277788	0.062429070177386393	-0.301	2.31306e-05
30200	0.38757132184727416	0.062429107827332332	-0.302	2.325e-05
30300	0.38757143547931178	0.062429145545021145	-0.303	2.33697e-05
30400	0.38757154945966038	0.062429183330660699	-0.304	2.34898e-05
30500	0.38757166378909136	0.062429221184459177	-0.305	2.36102e-05
30600	0.3875717784683792	0.06242925910662523	-0.306	2.3731e-05
30700	0.38757189349829962	0.062429297097368129	-0.307	2.38522e-05
30800	0.38757200887963117	0.062429335156897442	-0.308	2.39737e-05
30900	0.38757212461315366	0.062429373285423265	-0.309	2.40955e-05
31000	0.38757224069964913	0.062429411483156179	-0.31	2.42177e-05
31100	0.38757235713990196	0.06242944975030721	-0.311	2.43403e-05
31200	0.38757247393469912	0.062429488087087835	-0.312	2.44632e-05
31300	0.38757259108482839	0.062429526493710044	-0.313	2.45865e-05
31400	0.38757270859108139	0.062429564970386264	-0.314	2.47101e-05
31500	0.38757282645425012	0.062429603517329416	-0.315	2.48342e-05
31600	0.38757294467513004	0.062429642134752897	-0.316	2.49585e-05
31700	0.38757306325451768	0.062429680822870565	-0.317	2.50833e-05
31800	0.38757318219321285	0.062429719581896741	-0.318	2.52083e-05
31900	0.38757330149201646	0.062429758412046232	-0.319	2.53338e-05
32000	0.38757342115173193	0.062429797313534395	-0.32	2.54596e-05
32100	0.38757354117316506	0.062429836286576966	-0.321	2.55858e-05
32200	0.38757366155712369	0.062429875331390237	-0.322	2.57124e-05
32300	0.38757378230441719	0.062429914448190967	-0.323	2.58393e-05
32400	0.38757390341585812	0.062429953637196348	-0.324	2.59666e-05
32500	0.38757402489226067	0.062429992898624109	-0.325	2.60943e-05
32600	0.38757414673444074	0.062430032232692459	-0.326	2.62223e-05
32700	0.38757426894321745	0.062430071639620111	-0.327	2.63507e-05
32800	0.38757439151941159	0.062430111119626194	-0.328	2.64795e-05
32900	0.38757451446384616	0.062430150672930465	-0.329	2.66086e-05
33000	0.38757463777734608	0.062430190299753011	-0.33	2.67382e-05
33100	0.38757476146073844	0.062430230000314488	-0.331	2.6868e-05
33200	0.38757488551485286	0.062430269774836088	-0.332	2.69983e-05
33300	0.38757500994052163	0.062430309623539487	-0.333	2.7129e-05
33400	0.38757513473857824	0.062430349546646835	-0.334	2.726e-05
33500	0.38757525990985908	0.06243038954438071	-0.335	2.73914e-05
33600	0.38757538545520276	0.062430429616964302	-0.336	2.75232e-05
33700	0.38757551137544932	0.062430469764621271	-0.337	2.76554e-05
33800	0.38757563767144199	0.062430509987575801	-0.338	2.77879e-05
33900	0.38757576434402613	0.062430550286052482	-0.339	2.79208e-05
34000	0.38757589139404919	0.062430590660276508	-0.34	2.80541e-05
34100	0.38757601882236065	0.062430631110473526	-0.341	2.81878e-05
34200	0.38757614662981205	0.062430671636869772	-0.342	2.83219e-05
34300	0.38757627481725754	0.062430712239691898	-0.343	2.84564e-05
34400	0.38757640338555421	0.062430752919167082	-0.344	2.85912e-05
34500	0.38757653233555994	0.062430793675523115	-0.345	2.87265e-05
34600	0.38757666166813592	0.062430834508988196	-0.346	2.88621e-05
34700	0.38757679138414602	0.062430875419791046	-0.347	2.89981e-05
34800	0.38757692148445499	0.062430916408160904	-0.348	2.91345e-05
34900	0.38757705196993081	0.0624309574743276	-0.349	2.92713e-05
35000	0.38757718284144377	0.062430998618521374	-0.35	2.94085e-05
35100	0.3875773140998664	0.06243103984097309	-0.351	2.95461e-05
35200	0.38757744574607333	0.062431081141914098	-0.352	2.96841e-05
35300	0.38757757778094171	0.06243112252157626	-0.353	2.98224e-05
35400	0.38757771020535126	0.062431163980191981	-0.354	2.99612e-05
35500	0.38757784302018317	0.062431205517994089	-0.355	3.01003e-05
35600	0.38757797622632179	0.062431247135216091	-0.356	3.02399e-05
35700	0.38757810982465346	0.062431288832091952	-0.357	3.03798e-05
35800	0.38757824381606681	0.062431330608856181	-0.358	3.05202e-05
35900	0.38757837820145324	0.062431372465743783	-0.359	3.0661e-05
36000	0.3875785129817062	0.062431414402990368	-0.36	3.08021e-05
36100	0.38757864815772103	0.062431456420831997	-0.361	3.09437e-05
36200	0.38757878373039645	0.06243149851950535	-0.362	3.10856e-05
36300	0.38757891970063263	0.062431540699247619	-0.363	3.1228e-05
36400	0.38757905606933279	0.062431582960296439	-0.364	3.13708e-05
36500	0.38757919283740205	0.062431625302890141	-0.365	3.15139e-05
36600	0.38757933000574818	0.062431667727267458	-0.366	3.16575e-05
36700	0.38757946757528167	0.062431710233667809	-0.367	3.18015e-05
36800	0.3875796055469149	0.062431752822331044	-0.368	3.19459e-05
36900	0.38757974392156247	0.062431795493497561	-0.369	3.20907e-05
37000	0.38757988270014188	0.062431838247408396	-0.37	3.22359e-05
37100	0.38758002188357316	0.062431881084305064	-0.371	3.23815e-05
37200	0.38758016147277846	0.062431924004429644	-0.372	3.25276e-05
37300	0.38758030146868216	0.062431967008024766	-0.373	3.2674e-05
37400	0.38758044187221108	0.062432010095333598	-0.374	3.28209e-05
37500	0.38758058268429557	0.062432053266599861	-0.375	3.29682e-05
37600	0.3875807239058669	0.062432096522067895	-0.376	3.31159e-05
37700	0.38758086553786025	0.06243213986198258	-0.377	3.3264e-05
37800	0.38758100758121145	0.062432183286589303	-0.378	3.34125e-05
37900	0.38758115003686044	0.062432226796133999	-0.379	3.35615e-05
38000	0.38758129290574911	0.062432270390863256	-0.38	3.37108e-05
38100	0.38758143618882163	0.062432314071024182	-0.381	3.38606e-05
38200	0.38758157988702507	0.062432357836864398	-0.382	3.40108e-05
38300	0.38758172400130836	0.062432401688632136	-0.383	3.41615e-05
38400	0.38758186853262361	0.062432445626576225	-0.384	3.43125e-05
38500	0.38758201348192506	0.062432489650945992	-0.385	3.4464e-05
38600	0.38758215885016889	0.062432533761991434	-0.386	3.46159e-05
38700	0.38758230463831495	0.062432577959963098	-0.387	3.47683e-05
38800	0.38758245084732501	0.062432622245111966	-0.388	3.49211e-05
38900	0.38758259747816359	0.0624326666176898	-0.389	3.50743e-05
39000	0.38758274453179742	0.062432711077948802	-0.39	3.52279e-05
39100	0.38758289200919588	0.062432755626141749	-0.391	3.53819e-05
39200	0.38758303991133142	0.062432800262522112	-0.392	3.55364e-05
39300	0.38758318823917842	0.062432844987343805	-0.393	3.56914e-05
39400	0.38758333699371361	0.06243288980086148	-0.394	3.58467e-05
39500	0.38758348617591687	0.062432934703330258	-0.395	3.60025e-05
39600	0.38758363578677035	0.062432979695005872	-0.396	3.61587e-05
39700	0.38758378582725916	0.062433024776144673	-0.397	3.63154e-05
39800	0.3875839362983704	0.062433069947003497	-0.398	3.64725e-05
39900	0.38758408720109461	0.06243311520783993	-0.399	3.66301e-05
40000	0.38758423853642399	0.062433160558912015	-0.4	3.6788e-05
40100	0.38758439030535335	0.06243320600047849	-0.401	3.69465e-05
40200	0.38758454250888086	0.06243325153279862	-0.402	3.71053e-05
40300	0.3875846951480072	0.062433297156132293	-0.403	3.72646e-05
40400	0.38758484822373523	0.062433342870740031	-0.404	3.74244e-05
40500	0.3875850017370705	0.062433388676882882	-0.405	3.75846e-05
40600	0.38758515568902163	0.06243343457482254	-0.406	3.77453e-05
40700	0.3875853100805996	0.062433480564821321	-0.407	3.79063e-05
40800	0.38758546491281742	0.062433526647142086	-0.408	3.80679e-05
40900	0.38758562018669174	0.062433572822048353	-0.409	3.82299e-05
41000	0.38758577590324134	0.062433619089804278	-0.41	3.83923e-05
41100	0.38758593206348801	0.062433665450674497	-0.411	3.85552e-05
41200	0.38758608866845595	0.062433711904924409	-0.412	3.87186e-05
41300	0.38758624571917216	0.062433758452819912	-0.413	3.88824e-05
41400	0.38758640321666621	0.062433805094627627	-0.414	3.90466e-05
41500	0.3875865611619706	0.062433851830614694	-0.415	3.92114e-05
41600	0.3875867195561199	0.062433898661048912	-0.416	3.93765e-05
41700	0.38758687840015243	0.062433945586198698	-0.417	3.95422e-05
41800	0.38758703769510799	0.062433992606333089	-0.418	3.97082e-05
41900	0.38758719744203035	0.0624340397217217	-0.419	3.98748e-05
42000	0.38758735764196511	0.062434086932634913	-0.42	4.00418e-05
42100	0.38758751829596089	0.06243413423934361	-0.421	4.02093e-05
42200	0.38758767940506911	0.0624341816421193	-0.422	4.03772e-05
42300	0.38758784097034382	0.062434229141234157	-0.423	4.05456e-05
42400	0.38758800299284202	0.062434276736960982	-0.424	4.07145e-05
42500	0.3875881654736229	0.062434324429573217	-0.425	4.08838e-05
42600	0.38758832841374952	0.062434372219344912	-0.426	4.10536e-05
42700	0.3875884918142869	0.062434420106550773	-0.427	4.12239e-05
42800	0.38758865567630268	0.06243446809146614	-0.428	4.13946e-05
42900	0.38758882000086792	0.062434516174367016	-0.429	4.15659e-05
43000	0.38758898478905551	0.062434564355529971	-0.43	4.17375e-05
43100	0.38758915004194244	0.062434612635232332	-0.431	4.19097e-05
43200	0.38758931576060784	0.062434661013751995	-0.432	4.20823e-05
43300	0.38758948194613352	0.062434709491367507	-0.433	4.22555e-05
43400	0.38758964859960382	0.062434758068358	-0.434	4.2429e-05
43500	0.38758981572210671	0.062434806745003402	-0.435	4.26031e-05
43600	0.38758998331473266	0.062434855521584211	-0.436	4.27777e-05
43700	0.387590151378575	0.062434904398381529	-0.437	4.29527e-05
43800	0.38759031991472975	0.062434953375677192	-0.438	4.31282e-05
43900	0.38759048892429593	0.062435002453753712	-0.439	4.33042e-05
44000	0.38759065840837525	0.062435051632894194	-0.44	4.34807e-05
44100	0.38759082836807274	0.062435100913382419	-0.441	4.36576e-05
44200	0.38759099880449555	0.062435150295502784	-0.442	4.38351e-05
44300	0.38759116971875407	0.062435199779540422	-0.443	4.4013e-05
44400	0.38759134111196231	0.062435249365781147	-0.444	4.41914e-05
44500	0.38759151298523609	0.062435299054511346	-0.445	4.43703e-05
44600	0.38759168533969474	0.062435348846018167	-0.446	4.45497e-05
44700	0.38759185817646058	0.062435398740589371	-0.447	4.47296e-05
44800	0.38759203149665811	0.062435448738513401	-0.448	4.491e-05
44900	0.38759220530141564	0.062435498840079373	-0.449	4.50909e-05
45000	0.38759237959186366	0.062435549045577111	-0.45	4.52723e-05
45100	0.38759255436913626	0.062435599355297071	-0.451	4.54542e-05
45200	0.3875927296343698	0.062435649769530421	-0.452	4.56365e-05
45300	0.38759290538870422	0.062435700288569047	-0.453	4.58194e-05
45400	0.38759308163328232	0.062435750912705354	-0.454	4.60028e-05
45500	0.38759325836925013	0.062435801642232586	-0.455	4.61866e-05
45600	0.3875934355977555	0.062435852477444667	-0.456	4.6371e-05
45700	0.38759361331995018	0.062435903418636189	-0.457	4.65559e-05
45800	0.38759379153698925	0.062435954466102332	-0.458	4.67413e-05
45900	0.38759397025002967	0.062436005620139165	-0.459	4.69272e-05
46000	0.38759414946023235	0.06243605688104327	-0.46	4.71136e-05
46100	0.38759432916876069	0.062436108249111964	-0.461	4.73005e-05
46200	0.38759450937678169	0.062436159724643371	-0.462	4.74879e-05
46300	0.38759469008546438	0.06243621130793614	-0.463	4.76758e-05
46400	0.38759487129598208	0.062436262999289734	-0.464	4.78643e-05
46500	0.3875950530095103	0.062436314799004307	-0.465	4.80532e-05
46600	0.38759523522722794	0.062436366707380765	-0.466	4.82427e-05
46700	0.38759541795031682	0.062436418724720603	-0.467	4.84327e-05
46800	0.38759560117996206	0.062436470851326129	-0.468	4.86232e-05
46900	0.38759578491735069	0.062436523087500223	-0.469	4.88142e-05
47000	0.38759596916367456	0.062436575433546609	-0.47	4.90057e-05
47100	0.38759615392012764	0.062436627889769683	-0.471	4.91978e-05
47200	0.38759633918790715	0.062436680456474589	-0.472	4.93904e-05
47300	0.3875965249682139	0.062436733133967096	-0.473	4.95835e-05
47400	0.38759671126225059	0.062436785922553778	-0.474	4.97771e-05
47500	0.38759689807122449	0.062436838822541918	-0.475	4.99712e-05
47600	0.38759708539634469	0.062436891834239498	-0.476	5.01659e-05
47700	0.38759727323882442	0.062436944957955265	-0.477	5.03611e-05
47800	0.3875974615998794	0.062436998193998533	-0.478	5.05569e-05
47900	0.38759765048072886	0.062437051542679603	-0.479	5.07531e-05
48000	0.38759783988259522	0.06243710500430933	-0.48	5.09499e-05
48100	0.38759802980670349	0.062437158579199299	-0.481	5.11473e-05
48200	0.38759822025428275	0.062437212267661926	-0.482	5.13451e-05
48300	0.38759841122656452	0.062437266070010267	-0.483	5.15436e-05
48400	0.38759860272478397	0.062437319986558208	-0.484	5.17425e-05
48500	0.38759879475017944	0.062437374017620305	-0.485	5.1942e-05
48600	0.38759898730399184	0.06243742816351186	-0.486	5.2142e-05
48700	0.3875991803874666	0.062437482424548989	-0.487	5.23426e-05
48800	0.3875993740018509	0.062437536801048431	-0.488	5.25437e-05
48900	0.38759956814839563	0.062437591293327772	-0.489	5.27453e-05
49000	0.38759976282835551	0.062437645901705287	-0.49	5.29475e-05
49100	0.38759995804298775	0.062437700626500073	-0.491	5.31503e-05
49200	0.38760015379355317	0.062437755468031896	-0.492	5.33535e-05
49300	0.38760035008131588	0.062437810426621325	-0.493	5.35574e-05
49400	0.38760054690754314	0.062437865502589666	-0.494	5.37618e-05
49500	0.38760074427350605	0.062437920696259086	-0.495	5.39667e-05
49600	0.38760094218047764	0.062437976007952284	-0.496	5.41722e-05
49700	0.38760114062973505	0.062438031437992994	-0.497	5.43782e-05
49800	0.38760133962255933	0.062438086986705547	-0.498	5.45848e-05
49900	0.38760153916023377	0.062438142654415003	-0.499	5.4792e-05
50000	0.38760173924404567	0.062438198441447344	-0.5	5.49997e-05
50100	0.38760193987528585	0.062438254348129218	-0.501	5.5208e-05
50200	0.38760214105524737	0.062438310374788066	-0.502	5.54168e-05
50300	0.38760234278522748	0.062438366521752116	-0.503	5.56262e-05
50400	0.38760254506652631	0.062438422789350356	-0.504	5.58362e-05
50500	0.38760274790044824	0.062438479177912558	-0.505	5.60467e-05
50600	0.38760295128829997	0.062438535687769331	-0.506	5.62578e-05
50700	0.38760315523139199	0.062438592319251987	-0.507	5.64695e-05
50800	0.38760335973103832	0.062438649072692601	-0.508	5.66817e-05
50900	0.38760356478855634	0.062438705948424163	-0.509	5.68945e-05
51000	0.38760377040526689	0.062438762946780323	-0.51	5.71079e-05
51100	0.38760397658249368	0.062438820068095577	-0.511	5.73218e-05
51200	0.38760418332156438	0.062438877312705227	-0.512	5.75363e-05
51300	0.38760439062380958	0.062438934680945343	-0.513	5.77514e-05
51400	0.38760459849056383	0.062438992173152796	-0.514	5.79671e-05
51500	0.3876048069231654	0.062439049789665253	-0.515	5.81833e-05
51600	0.3876050159229551	0.062439107530821242	-0.516	5.84002e-05
51700	0.38760522549127768	0.062439165396959984	-0.517	5.86176e-05
51800	0.38760543562948119	0.062439223388421602	-0.518	5.88356e-05
51900	0.38760564633891725	0.062439281505546958	-0.519	5.90541e-05
52000	0.38760585762094119	0.062439339748677776	-0.52	5.92733e-05
52100	0.38760606947691151	0.062439398118156589	-0.521	5.94931e-05
52200	0.38760628190819024	0.062439456614326698	-0.522	5.97134e-05
52300	0.38760649491614274	0.062439515237532245	-0.523	5.99343e-05
52400	0.38760670850213896	0.062439573988118224	-0.524	6.01558e-05
52500	0.38760692266755076	0.062439632866430464	-0.525	6.0378e-05
52600	0.38760713741375491	0.062439691872815416	-0.526	6.06007e-05
52700	0.38760735274213054	0.062439751007620642	-0.527	6.0824e-05
52800	0.3876075686540621	0.062439810271194322	-0.528	6.10479e-05
52900	0.38760778515093547	0.062439869663885587	-0.529	6.12724e-05
53000	0.38760800223414055	0.062439929186044352	-0.53	6.14975e-05
53100	0.38760821990507244	0.062439988838021321	-0.531	6.17231e-05
53200	0.38760843816512763	0.062440048620168082	-0.532	6.19494e-05
53300	0.38760865701570835	0.062440108532837137	-0.533	6.21763e-05
53400	0.3876088764582189	0.062440168576381655	-0.534	6.24039e-05
53500	0.38760909649406755	0.062440228751155756	-0.535	6.2632e-05
53600	0.38760931712466645	0.062440289057514406	-0.536	6.28607e-05
53700	0.38760953835143147	0.062440349495813362	-0.537	6.309e-05
53800	0.38760976017578141	0.062440410066409317	-0.538	6.332e-05
53900	0.38760998259913959	0.062440470769659716	-0.539	6.35505e-05
54000	0.38761020562293269	0.062440531605922937	-0.54	6.37817e-05
54100	0.38761042924859074	0.062440592575558118	-0.541	6.40135e-05
54200	0.38761065347754747	0.062440653678925373	-0.542	6.42459e-05
54300	0.38761087831124091	0.062440714916385573	-0.543	6.44789e-05
54400	0.38761110375111213	0.062440776288300484	-0.544	6.47126e-05
54500	0.3876113297986063	0.062440837795032754	-0.545	6.49468e-05
54600	0.38761155645517198	0.062440899436945869	-0.546	6.51817e-05
54700	0.3876117837222619	0.062440961214404248	-0.547	6.54172e-05
54800	0.38761201160133191	0.062441023127773158	-0.548	6.56534e-05
54900	0.38761224009384204	0.062441085177418601	-0.549	6.58901e-05
55000	0.38761246920125586	0.062441147363707594	-0.55	6.61275e-05
55100	0.38761269892504108	0.062441209687008038	-0.551	6.63656e-05
55200	0.38761292926666896	0.062441272147688701	-0.552	6.66042e-05
55300	0.38761316022761394	0.062441334746119084	-0.553	6.68435e-05
55400	0.38761339180935522	0.062441397482669789	-0.554	6.70835e-05
55500	0.3876136240133754	0.062441460357712156	-0.555	6.7324e-05
55600	0.38761385684116045	0.062441523371618519	-0.556	6.75652e-05
55700	0.38761409029420052	0.062441586524762033	-0.557	6.78071e-05
55800	0.38761432437399018	0.062441649817516758	-0.558	6.80496e-05
55900	0.38761455908202674	0.062441713250257651	-0.559	6.82927e-05
56000	0.38761479441981261	0.062441776823360558	-0.56	6.85365e-05
56100	0.3876150303888522	0.06244184053720226	-0.561	6.87809e-05
56200	0.38761526699065563	0.06244190439216038	-0.562	6.90259e-05
56300	0.3876155042267363	0.062441968388613482	-0.563	6.92717e-05
56400	0.38761574209861061	0.062442032526941076	-0.564	6.9518e-05
56500	0.38761598060779984	0.06244209680752353	-0.565	6.9765e-05
56600	0.38761621975582949	0.06244216123074213	-0.566	7.00127e-05
56700	0.38761645954422785	0.062442225796979042	-0.567	7.0261e-05
56800	0.3876166999745278	0.062442290506617405	-0.568	7.051e-05
56900	0.38761694104826605	0.062442355360041238	-0.569	7.07597e-05
57000	0.38761718276698304	0.062442420357635531	-0.57	7.101e-05
57100	0.38761742513222408	0.062442485499786163	-0.571	7.1261e-05
57200	0.38761766814553678	0.062442550786879977	-0.572	7.15126e-05
57300	0.38761791180847416	0.062442616219304588	-0.573	7.17649e-05
57400	0.38761815612259232	0.062442681797448781	-0.574	7.20178e-05
57500	0.38761840108945206	0.062442747521702063	-0.575	7.22715e-05
57600	0.38761864671061769	0.062442813392454985	-0.576	7.25258e-05
57700	0.38761889298765773	0.062442879410099052	-0.577	7.27807e-05
57800	0.38761913992214503	0.062442945575026651	-0.578	7.30364e-05
57900	0.38761938751565528	0.062443011887631142	-0.579	7.32927e-05
58000	0.38761963576976949	0.062443078348306785	-0.58	7.35497e-05
58100	0.387619884686072	0.06244314495744889	-0.581	7.38074e-05
58200	0.38762013426615199	0.062443211715453584	-0.582	7.40657e-05
58300	0.38762038451160219	0.062443278622718056	-0.583	7.43248e-05
58400	0.38762063542401842	0.062443345679640369	-0.584	7.45845e-05
58500	0.38762088700500286	0.062443412886619587	-0.585	7.48449e-05
58600	0.38762113925615971	0.062443480244055695	-0.586	7.5106e-05
58700	0.38762139217909825	0.062443547752349692	-0.587	7.53678e-05
58800	0.38762164577543151	0.062443615411903505	-0.588	7.56302e-05
58900	0.38762190004677677	0.062443683223120085	-0.589	7.58934e-05
59000	0.387622154994756	0.062443751186403294	-0.59	7.61572e-05
59100	0.38762241062099423	0.062443819302157935	-0.591	7.64218e-05
59200	0.38762266692712161	0.06244388757078987	-0.592	7.6687e-05
59300	0.38762292391477188	0.062443955992705892	-0.593	7.6953e-05
59400	0.38762318158558362	0.062444024568313786	-0.594	7.72196e-05
59500	0.38762343994119902	0.062444093298022273	-0.595	7.74869e-05
59600	0.38762369898326421	0.062444162182241102	-0.596	7.7755e-05
59700	0.38762395871342986	0.062444231221381021	-0.597	7.80237e-05
59800	0.38762421913335121	0.062444300415853728	-0.598	7.82932e-05
59900	0.38762448024468754	0.062444369766071983	-0.599	7.85634e-05
60000	0.3876247420491023	0.062444439272449408	-0.6	7.88342e-05
60100	0.38762500454826287	0.062444508935400767	-0.601	7.91058e-05
60200	0.38762526774384154	0.062444578755341706	-0.602	7.93781e-05
60300	0.38762553163751429	0.06244464873268897	-0.603	7.96511e-05
60400	0.38762579623096116	0.062444718867860238	-0.604	7.99249e-05
60500	0.38762606152586748	0.062444789161274251	-0.605	8.01993e-05
60600	0.38762632752392234	0.062444859613350709	-0.606	8.04745e-05
60700	0.387626594226819	0.062444930224510302	-0.607	8.07504e-05
60800	0.38762686163625537	0.062445000995174894	-0.608	8.1027e-05
60900	0.38762712975393337	0.062445071925767183	-0.609	8.13043e-05
61000	0.38762739858155976	0.062445143016710954	-0.61	8.15824e-05
61100	0.38762766812084476	0.062445214268431054	-0.611	8.18612e-05
61200	0.38762793837350407	0.062445285681353248	-0.612	8.21407e-05
61300	0.38762820934125658	0.06244535725590445	-0.613	8.2421e-05
61400	0.38762848102582637	0.062445428992512535	-0.614	8.2702e-05
61500	0.38762875342894221	0.062445500891606456	-0.615	8.29837e-05
61600	0.38762902655233639	0.062445572953616121	-0.616	8.32662e-05
61700	0.38762930039774679	0.062445645178972588	-0.617	8.35494e-05
61800	0.38762957496691414	0.062445717568107864	-0.618	8.38333e-05
61900	0.38762985026158459	0.062445790121455041	-0.619	8.4118e-05
62000	0.38763012628350874	0.062445862839448293	-0.62	8.44035e-05
62100	0.38763040303444163	0.062445935722522695	-0.621	8.46897e-05
62200	0.38763068051614263	0.062446008771114628	-0.622	8.49766e-05
62300	0.3876309587303759	0.062446081985661268	-0.623	8.52643e-05
62400	0.3876312376789095	0.062446155366600968	-0.624	8.55527e-05
62500	0.38763151736351664	0.062446228914373181	-0.625	8.58419e-05
62600	0.38763179778597484	0.062446302629418318	-0.626	8.61319e-05
62700	0.38763207894806589	0.062446376512177944	-0.627	8.64226e-05
62800	0.38763236085157643	0.062446450563094676	-0.628	8.6714e-05
62900	0.38763264349829768	0.062446524782612159	-0.629	8.70063e-05
63000	0.38763292689002499	0.062446599171175121	-0.63	8.72993e-05
63100	0.38763321102855874	0.062446673729229366	-0.631	8.7593e-05
63200	0.3876334959157039	0.062446748457221861	-0.632	8.78875e-05
63300	0.38763378155327038	0.062446823355600506	-0.633	8.81828e-05
63400	0.38763406794307126	0.062446898424814413	-0.634	8.84789e-05
63500	0.38763435508692606	0.062446973665313779	-0.635	8.87757e-05
63600	0.38763464298665734	0.062447049077549777	-0.636	8.90734e-05
63700	0.38763493164409363	0.062447124661974773	-0.637	8.93717e-05
63800	0.38763522106106707	0.062447200419042205	-0.638	8.96709e-05
63900	0.38763551123941559	0.062447276349206604	-0.639	8.99709e-05
64000	0.3876358021809812	0.062447352452923537	-0.64	9.02716e-05
64100	 0.38763609388761	0.062447428730649818	-0.641	9.05731e-05
64200	0.38763638636115361	0.062447505182843262	-0.642	9.08754e-05
64300	0.38763667960346804	0.062447581809962793	-0.643	9.11785e-05
64400	0.3876369736164143	0.062447658612468523	-0.644	9.14824e-05
64500	0.38763726840185803	0.062447735590821611	-0.645	9.1787e-05
64600	0.38763756396166943	0.06244781274548436	-0.646	9.20925e-05
64700	0.38763786029772362	0.062447890076920157	-0.647	9.23988e-05
64800	0.38763815741189994	0.062447967585593553	-0.648	9.27058e-05
64900	0.38763845530608376	0.062448045271970239	-0.649	9.30137e-05
65000	0.3876387539821643	0.062448123136517035	-0.65	9.33223e-05
65100	0.38763905344203614	0.062448201179701832	-0.651	9.36318e-05
65200	0.38763935368759839	0.062448279401993746	-0.652	9.39421e-05
65300	0.38763965472075407	0.062448357803862903	-0.653	9.42531e-05
65400	0.38763995654341249	0.062448436385780737	-0.654	9.4565e-05
65500	0.3876402591574874	0.062448515148219676	-0.655	9.48777e-05
65600	0.38764056256489787	0.062448594091653382	-0.656	9.51912e-05
65700	0.38764086676756659	0.062448673216556644	-0.657	9.55056e-05
65800	0.38764117176742247	0.062448752523405385	-0.658	9.58207e-05
65900	0.38764147756639805	0.062448832012676751	-0.659	9.61367e-05
66000	0.38764178416643147	0.062448911684848993	-0.66	9.64535e-05
66100	0.38764209156946605	0.062448991540401497	-0.661	9.67711e-05
66200	0.38764239977745008	0.062449071579814851	-0.662	9.70895e-05
66300	0.38764270879233581	0.062449151803570802	-0.663	9.74087e-05
66400	0.3876430186160818	0.062449232212152282	-0.664	9.77288e-05
66500	0.38764332925065059	0.062449312806043426	-0.665	9.80498e-05
66600	0.38764364069801055	0.062449393585729464	-0.666	9.83715e-05
66700	0.38764395296013426	0.062449474551696832	-0.667	9.86941e-05
66800	0.3876442660389996	0.062449555704433155	-0.668	9.90175e-05
66900	0.38764457993658974	0.062449637044427291	-0.669	9.93418e-05
67000	0.38764489465489271	0.062449718572169265	-0.67	9.96669e-05
67100	0.38764521019590137	0.062449800288150226	-0.671	9.99928e-05
67200	0.38764552656161394	0.062449882192862655	-0.672	0.00010032
67300	0.3876458437540341	0.062449964286800073	-0.673	0.000100647
67400	0.38764616177516958	0.062450046570457253	-0.674	0.000100976
67500	0.38764648062703422	0.062450129044330276	-0.675	0.000101305
67600	0.38764680031164656	0.062450211708916292	-0.676	0.000101635
67700	0.38764712083102953	0.062450294564713738	-0.677	0.000101966
67800	0.38764744218721275	0.062450377612222253	-0.678	0.000102298
67900	0.3876477643822302	0.062450460851942634	-0.679	0.000102631
68000	0.38764808741812068	0.062450544284377046	-0.68	0.000102965
68100	0.38764841129692884	0.0624506279100287	-0.681	0.000103299
68200	0.38764873602070449	0.062450711729402107	-0.682	0.000103635
68300	0.38764906159150175	0.062450795743003024	-0.683	0.000103971
68400	0.38764938801138105	0.062450879951338377	-0.684	0.000104308
68500	0.38764971528240777	0.062450964354916476	-0.685	0.000104646
68600	0.38765004340665177	0.062451048954246732	-0.686	0.000104985
68700	0.38765037238618877	0.062451133749839849	-0.687	0.000105324
68800	0.38765070222310027	0.062451218742207729	-0.688	0.000105665
68900	0.3876510329194725	0.06245130393186353	-0.689	0.000106007
69000	0.38765136447739679	0.062451389319321725	-0.69	0.000106349
69100	0.38765169689897039	0.062451474905098031	-0.691	0.000106692
69200	0.38765203018629552	0.062451560689709362	-0.692	0.000107036
69300	0.38765236434147943	0.062451646673673936	-0.693	0.000107381
69400	0.38765269936663549	0.062451732857511211	-0.694	0.000107727
69500	0.38765303526388178	0.062451819241741917	-0.695	0.000108074
69600	0.38765337203534217	0.062451905826888011	-0.696	0.000108422
69700	0.38765370968314533	0.062451992613472854	-0.697	0.000108771
69800	0.38765404820942623	0.062452079602020982	-0.698	0.00010912
69900	0.38765438761632454	0.062452166793058261	-0.699	0.00010947
70000	0.38765472790598549	0.06245225418711179	-0.7	0.000109822
70100	0.38765506908056019	0.062452341784709958	-0.701	0.000110174
70200	0.38765541114220498	0.062452429586382495	-0.702	0.000110527
70300	0.38765575409308151	0.062452517592660323	-0.703	0.000110881
70400	0.38765609793535682	0.062452605804075779	-0.704	0.000111236
70500	0.3876564426712038	0.062452694221162453	-0.705	0.000111592
70600	0.3876567883028007	0.062452782844455212	-0.706	0.000111949
70700	0.38765713483233116	0.062452871674490255	-0.707	0.000112307
70800	0.38765748226198482	0.062452960711805096	-0.708	0.000112665
70900	0.38765783059395603	0.062453049956938567	-0.709	0.000113025
71000	0.38765817983044593	0.062453139410430805	-0.71	0.000113385
71100	0.38765852997366007	0.062453229072823198	-0.711	0.000113747
71200	0.38765888102581036	0.062453318944658547	-0.712	0.000114109
71300	0.38765923298911409	0.062453409026480937	-0.713	0.000114473
71400	0.3876595858657938	0.06245349931883587	-0.714	0.000114837
71500	0.38765993965807849	0.062453589822270075	-0.715	0.000115202
71600	0.38766029436820226	0.062453680537331677	-0.716	0.000115568
71700	0.38766064999840472	0.062453771464570068	-0.717	0.000115935
71800	0.3876610065509315	0.062453862604536052	-0.718	0.000116303
71900	0.38766136402803403	0.062453953957781791	-0.719	0.000116672
72000	0.38766172243196889	0.062454045524860745	-0.72	0.000117042
72100	0.38766208176499939	0.062454137306327755	-0.721	0.000117413
72200	0.38766244202939337	0.062454229302738987	-0.722	0.000117785
72300	0.38766280322742552	0.062454321514652085	-0.723	0.000118158
72400	0.38766316536137563	0.06245441394262588	-0.724	0.000118531
72500	0.38766352843352914	0.062454506587220682	-0.725	0.000118906
72600	0.38766389244617816	0.062454599448998144	-0.726	0.000119282
72700	0.38766425740161953	0.062454692528521288	-0.727	0.000119658
72800	0.3876646233021564	0.062454785826354546	-0.728	0.000120036
72900	0.38766499015009848	0.062454879343063693	-0.729	0.000120414
73000	0.38766535794775997	0.062454973079215909	-0.73	0.000120794
73100	0.38766572669746208	0.062455067035379737	-0.731	0.000121175
73200	0.38766609640153105	0.06245516121212516	-0.732	0.000121556
73300	0.38766646706229957	0.062455255610023575	-0.733	0.000121939
73400	0.38766683868210644	0.062455350229647634	-0.734	0.000122322
73500	0.38766721126329579	0.062455445071571539	-0.735	0.000122707
73600	0.38766758480821778	0.062455540136370953	-0.736	0.000123092
73700	0.38766795931922887	0.062455635424622624	-0.737	0.000123478
73800	0.38766833479869134	0.062455730936905075	-0.738	0.000123866
73900	0.38766871124897334	0.062455826673798093	-0.739	0.000124254
74000	0.38766908867244954	0.062455922635882892	-0.74	0.000124644
74100	0.38766946707149968	0.062456018823742097	-0.741	0.000125034
74200	0.38766984644851027	0.062456115237959811	-0.742	0.000125426
74300	0.38767022680587376	0.062456211879121523	-0.743	0.000125818
74400	0.38767060814598864	0.062456308747814167	-0.744	0.000126211
74500	0.3876709904712593	0.062456405844626174	-0.745	0.000126606
74600	0.38767137378409655	0.062456503170147261	-0.746	0.000127001
74700	0.3876717580869169	0.062456600724968774	-0.747	0.000127398
74800	0.3876721433821434	0.062456698509683412	-0.748	0.000127795
74900	0.38767252967220506	0.06245679652488538	-0.749	0.000128194
75000	0.38767291695953698	0.062456894771170252	-0.75	0.000128594
75100	0.38767330524658061	0.062456993249135138	-0.751	0.000128994
75200	0.38767369453578315	0.062457091959378555	-0.752	0.000129396
75300	0.38767408482959848	0.06245719090250057	-0.753	0.000129798
75400	0.38767447613048683	0.062457290079102695	-0.754	0.000130202
75500	0.38767486844091398	0.062457389489787851	-0.755	0.000130607
75600	0.3876752617633526	0.062457489135160499	-0.756	0.000131012
75700	0.38767565610028143	0.062457589015826598	-0.757	0.000131419
75800	0.38767605145418499	0.06245768913239353	-0.758	0.000131827
75900	0.38767644782755489	0.062457789485470254	-0.759	0.000132236
76000	0.38767684522288848	0.062457890075667107	-0.76	0.000132646
76100	0.38767724364268979	0.06245799090359605	-0.761	0.000133057
76200	0.38767764308946939	0.062458091969870469	-0.762	0.000133469
76300	0.38767804356574337	0.062458193275105274	-0.763	0.000133882
76400	0.38767844507403543	0.062458294819916951	-0.764	0.000134296
76500	0.38767884761687432	0.062458396604923319	-0.765	0.000134711
76600	0.38767925119679586	0.06245849863074393	-0.766	0.000135128
76700	0.38767965581634239	0.062458600897999726	-0.767	0.000135545
76800	0.38768006147806272	0.062458703407313174	-0.768	0.000135963
76900	0.3876804681845118	0.062458806159308336	-0.769	0.000136383
77000	0.38768087593825129	0.062458909154610762	-0.77	0.000136803
77100	0.3876812847418491	0.062459012393847622	-0.771	0.000137225
77200	0.38768169459787988	0.06245911587764745	-0.772	0.000137648
77300	0.38768210550892501	0.062459219606640484	-0.773	0.000138072
77400	0.38768251747757171	0.062459323581458497	-0.774	0.000138496
77500	0.38768293050641423	0.062459427802734682	-0.775	0.000138922
77600	0.38768334459805359	0.062459532271103957	-0.776	0.00013935
77700	0.38768375975509678	0.062459636987202707	-0.777	0.000139778
77800	0.38768417598015781	0.062459741951668944	-0.778	0.000140207
77900	0.38768459327585719	0.062459847165142149	-0.779	0.000140637
78000	0.38768501164482266	0.062459952628263427	-0.78	0.000141069
78100	0.38768543108968745	0.062460058341675471	-0.781	0.000141501
78200	0.38768585161309255	0.062460164306022567	-0.782	0.000141935
78300	0.38768627321768478	0.06246027052195062	-0.783	0.00014237
78400	0.38768669590611821	0.062460376990106974	-0.784	0.000142806
78500	0.38768711968105385	0.062460483711140713	-0.785	0.000143243
78600	0.38768754454515869	0.062460590685702526	-0.786	0.000143681
78700	0.38768797050110648	0.062460697914444516	-0.787	0.00014412
78800	0.38768839755157886	0.062460805398020597	-0.788	0.00014456
78900	0.38768882569926283	0.062460913137086245	-0.789	0.000145002
79000	0.38768925494685308	0.062461021132298483	-0.79	0.000145445
79100	0.38768968529705128	0.062461129384315972	-0.791	0.000145888
79200	0.38769011675256504	0.062461237893798982	-0.792	0.000146333
79300	0.38769054931610952	0.062461346661409498	-0.793	0.000146779
79400	0.38769098299040666	0.062461455687811078	-0.794	0.000147226
79500	0.38769141777818544	0.062461564973668837	-0.795	0.000147675
79600	0.38769185368218118	0.062461674519649645	-0.796	0.000148124
79700	0.38769229070513672	0.062461784326421972	-0.797	0.000148575
79800	0.38769272884980122	0.062461894394655951	-0.798	0.000149027
79900	0.38769316811893151	0.062462004725023321	-0.799	0.000149479
80000	0.38769360851529105	0.062462115318197467	-0.8	0.000149933
80100	0.38769405004164981	0.062462226174853537	-0.801	0.000150389
80200	0.38769449270078599	0.062462337295668219	-0.802	0.000150845
80300	0.38769493649548364	0.062462448681319886	-0.803	0.000151303
80400	0.38769538142853432	0.062462560332488676	-0.804	0.000151761
80500	0.38769582750273701	0.062462672249856292	-0.805	0.000152221
80600	0.38769627472089718	0.062462784434106237	-0.806	0.000152682
80700	0.38769672308582731	0.062462896885923547	-0.807	0.000153145
80800	0.38769717260034758	0.062463009605995067	-0.808	0.000153608
80900	0.38769762326728519	0.062463122595009274	-0.809	0.000154073
81000	0.3876980750894739	0.062463235853656401	-0.81	0.000154538
81100	0.3876985280697558	0.062463349382628298	-0.811	0.000155005
81200	0.38769898221097848	0.062463463182618646	-0.812	0.000155474
81300	0.3876994375159985	0.06246357725432268	-0.813	0.000155943
81400	0.38769989398767818	0.062463691598437447	-0.814	0.000156414
81500	0.38770035162888822	0.0624638062156617	-0.815	0.000156885
81600	0.38770081044250604	0.062463921106695887	-0.816	0.000157358
81700	0.38770127043141617	0.062464036272242202	-0.817	0.000157833
81800	0.3877017315985109	0.062464151713004644	-0.818	0.000158308
81900	0.38770219394668964	0.062464267429688823	-0.819	0.000158785
82000	0.38770265747885907	0.062464383423002146	-0.82	0.000159262
82100	0.38770312219793335	0.062464499693653766	-0.821	0.000159741
82200	0.38770358810683364	0.062464616242354547	-0.822	0.000160222
82300	0.38770405520848883	0.06246473306981714	-0.823	0.000160703
82400	0.38770452350583545	0.06246485017675607	-0.824	0.000161186
82500	0.38770499300181716	0.062464967563887405	-0.825	0.00016167
82600	0.38770546369938486	0.062465085231929104	-0.826	0.000162155
82700	0.38770593560149719	0.062465203181600919	-0.827	0.000162641
82800	0.38770640871112033	0.062465321413624326	-0.828	0.000163129
82900	0.38770688303122736	0.062465439928722541	-0.829	0.000163618
83000	0.3877073585647996	0.062465558727620628	-0.83	0.000164108
83100	0.387707835314826	0.062465677811045513	-0.831	0.0001646
83200	0.38770831328430266	0.062465797179725766	-0.832	0.000165092
83300	0.38770879247623302	0.062465916834391871	-0.833	0.000165586
83400	0.38770927289362855	0.062466036775776008	-0.834	0.000166081
83500	0.3877097545395084	0.062466157004612284	-0.835	0.000166578
83600	0.38771023741689881	0.062466277521636596	-0.836	0.000167075
83700	0.38771072152883435	0.062466398327586568	-0.837	0.000167574
83800	0.38771120687835675	0.062466519423201701	-0.838	0.000168075
83900	0.38771169346851603	0.062466640809223324	-0.839	0.000168576
84000	0.38771218130236884	0.062466762486394628	-0.84	0.000169079
84100	0.38771267038298068	0.062466884455460614	-0.841	0.000169583
84200	0.38771316071342438	0.062467006717168101	-0.842	0.000170088
84300	0.38771365229678034	0.062467129272265817	-0.843	0.000170595
84400	0.38771414513613728	0.06246725212150421	-0.844	0.000171103
84500	0.38771463923459104	0.062467375265635769	-0.845	0.000171612
84600	0.38771513459524531	0.062467498705414681	-0.846	0.000172123
84700	0.3877156312212125	0.062467622441597044	-0.847	0.000172634
84800	0.38771612911561243	0.062467746474940862	-0.848	0.000173147
84900	0.38771662828157222	0.062467870806205979	-0.849	0.000173662
85000	0.38771712872222769	0.062467995436154181	-0.85	0.000174178
85100	0.38771763044072227	0.062468120365549044	-0.851	0.000174695
85200	0.38771813344020706	0.062468245595156041	-0.852	0.000175213
85300	0.38771863772384174	0.062468371125742557	-0.853	0.000175733
85400	0.38771914329479346	0.062468496958077969	-0.854	0.000176254
85500	0.38771965015623766	0.062468623092933412	-0.855	0.000176776
85600	0.3877201583113577	0.062468749531082023	-0.856	0.0001773
85700	0.38772066776334529	0.062468876273298807	-0.857	0.000177825
85800	0.38772117851539944	0.062469003320360691	-0.858	0.000178351
85900	0.38772169057072792	0.062469130673046533	-0.859	0.000178879
86000	0.38772220393254658	0.062469258332137123	-0.86	0.000179408
86100	0.38772271860407903	0.062469386298415128	-0.861	0.000179938
86200	0.38772323458855718	0.062469514572665266	-0.862	0.00018047
86300	0.38772375188922115	0.062469643155674097	-0.863	0.000181003
86400	0.3877242705093194	0.062469772048230121	-0.864	0.000181537
86500	0.38772479045210806	0.062469901251123908	-0.865	0.000182073
86600	0.38772531172085251	0.062470030765147844	-0.866	0.00018261
86700	0.38772583431882557	0.06247016059109628	-0.867	0.000183148
86800	0.38772635824930818	0.062470290729765669	-0.868	0.000183688
86900	0.38772688351559059	0.062470421181954353	-0.869	0.000184229
87000	0.38772741012097023	0.062470551948462572	-0.87	0.000184772
87100	0.38772793806875322	0.062470683030092733	-0.871	0.000185316
87200	0.38772846736225441	0.062470814427649041	-0.872	0.000185861
87300	0.38772899800479649	0.062470946141937822	-0.873	0.000186408
87400	0.38772952999971111	0.06247107817376734	-0.874	0.000186956
87500	0.38773006335033772	0.06247121052394787	-0.875	0.000187506
87600	0.38773059806002486	0.06247134319329168	-0.876	0.000188057
87700	0.38773113413212906	0.062471476182612999	-0.877	0.000188609
87800	0.38773167157001537	0.062471609492728224	-0.878	0.000189163
87900	0.38773221037705768	0.062471743124455671	-0.879	0.000189718
88000	0.38773275055663831	0.062471877078615644	-0.88	0.000190274
88100	0.38773329211214741	0.062472011356030616	-0.881	0.000190832
88200	0.38773383504698472	0.062472145957524969	-0.882	0.000191392
88300	0.38773437936455801	0.06247228088392516	-0.883	0.000191953
88400	0.38773492506828394	0.062472416136059722	-0.884	0.000192515
88500	0.38773547216158727	0.062472551714759239	-0.885	0.000193078
88600	0.38773602064790263	0.062472687620856338	-0.886	0.000193643
88700	0.38773657053067173	0.062472823855185683	-0.887	0.00019421
88800	0.38773712181334602	0.06247296041858403	-0.888	0.000194778
88900	0.38773767449938495	0.062473097311890269	-0.889	0.000195347
89000	0.38773822859225776	0.062473234535945228	-0.89	0.000195918
89100	0.38773878409544138	0.062473372091591983	-0.891	0.00019649
89200	0.38773934101242213	0.062473509979675587	-0.892	0.000197064
89300	0.38773989934669501	0.062473648201043196	-0.893	0.000197639
89400	0.38774045910176397	0.062473786756544122	-0.894	0.000198216
89500	0.38774102028114182	0.062473925647029686	-0.895	0.000198794
89600	0.38774158288834976	0.062474064873353455	-0.896	0.000199374
89700	0.38774214692691833	0.062474204436371035	-0.897	0.000199955
89800	0.38774271240038688	0.06247434433694015	-0.898	0.000200537
89900	0.38774327931230368	0.062474484575920655	-0.899	0.000201121
90000	0.38774384766622627	0.062474625154174533	-0.9	0.000201707
90100	0.38774441746572047	0.062474766072565982	-0.901	0.000202294
90200	0.38774498871436225	0.062474907331961232	-0.902	0.000202882
90300	0.38774556141573496	0.06247504893322875	-0.903	0.000203472
90400	0.38774613557343268	0.062475190877239045	-0.904	0.000204064
90500	0.38774671119105725	0.062475333164864859	-0.905	0.000204657
90600	0.38774728827222088	0.062475475796981129	-0.906	0.000205251
90700	0.38774786682054418	0.062475618774464906	-0.907	0.000205847
90800	0.38774844683965648	0.062475762098195442	-0.908	0.000206444
90900	0.38774902833319691	0.062475905769054159	-0.909	0.000207043
91000	0.38774961130481334	0.062476049787924696	-0.91	0.000207644
91100	0.38775019575816361	0.062476194155692839	-0.911	0.000208246
91200	0.38775078169691429	0.062476338873246641	-0.912	0.000208849
91300	0.38775136912474156	0.062476483941476278	-0.913	0.000209454
91400	0.38775195804533003	0.06247662936127419	-0.914	0.000210061
91500	0.38775254846237428	0.062476775133535029	-0.915	0.000210669
91600	0.38775314037957859	0.062476921259155632	-0.916	0.000211279
91700	0.38775373380065553	0.062477067739035073	-0.917	0.00021189
91800	0.3877543287293278	0.062477214574074673	-0.918	0.000212503
91900	0.38775492516932747	0.062477361765177999	-0.919	0.000213117
92000	0.38775552312439604	0.062477509313250849	-0.92	0.000213733
92100	0.38775612259828435	0.062477657219201295	-0.921	0.000214351
92200	0.38775672359475216	0.062477805483939636	-0.922	0.00021497
92300	0.38775732611756974	0.062477954108378385	-0.923	0.00021559
92400	0.38775793017051652	0.062478103093432387	-0.924	0.000216212
92500	0.38775853575738117	0.062478252440018728	-0.925	0.000216836
92600	0.38775914288196217	0.062478402149056839	-0.926	0.000217461
92700	0.38775975154806769	0.06247855222146835	-0.927	0.000218088
92800	0.38776036175951512	0.062478702658177176	-0.928	0.000218717
92900	0.387760973520132	0.062478853460109604	-0.929	0.000219347
93000	0.3877615868337555	0.062479004628194224	-0.93	0.000219979
93100	0.38776220170423215	0.062479156163361832	-0.931	0.000220612
93200	0.38776281813541763	0.062479308066545586	-0.932	0.000221247
93300	0.38776343613117825	0.062479460338681049	-0.933	0.000221883
93400	0.38776405569539063	0.062479612980705951	-0.934	0.000222521
93500	0.38776467683193999	0.062479765993560435	-0.935	0.000223161
93600	0.38776529954472211	0.062479919378187025	-0.936	0.000223802
93700	0.38776592383764175	0.062480073135530508	-0.937	0.000224445
93800	0.38776654971461477	0.062480227266538055	-0.938	0.00022509
93900	0.38776717717956577	0.062480381772159227	-0.939	0.000225736
94000	0.3877678062364302	0.062480536653345881	-0.94	0.000226384
94100	0.38776843688915247	0.062480691911052252	-0.941	0.000227033
94200	0.38776906914168752	0.062480847546234924	-0.942	0.000227684
94300	0.38776970299800062	0.062481003559852984	-0.943	0.000228337
94400	0.38777033846206632	0.062481159952867793	-0.944	0.000228992
94500	0.38777097553787016	0.062481316726243054	-0.945	0.000229648
94600	0.38777161422940642	0.062481473880945021	-0.946	0.000230305
94700	0.38777225454068076	0.062481631417942197	-0.947	0.000230965
94800	0.38777289647570795	0.062481789338205626	-0.948	0.000231626
94900	0.3877735400385135	0.062481947642708639	-0.949	0.000232289
95000	0.38777418523313312	0.062482106332427088	-0.95	0.000232953
95100	0.38777483206361241	0.062482265408339212	-0.951	0.000233619
95200	0.38777548053400734	0.062482424871425704	-0.952	0.000234287
95300	0.3877761306483839	0.062482584722669682	-0.953	0.000234957
95400	0.38777678241081887	0.062482744963056683	-0.954	0.000235628
95500	0.3877774358253987	0.062482905593574729	-0.955	0.000236301
95600	0.3877780908962204	0.062483066615214293	-0.956	0.000236975
95700	0.38777874762739156	0.062483228028968267	-0.957	0.000237651
95800	0.38777940602303002	0.062483389835832133	-0.958	0.000238329
95900	0.38778006608726395	0.06248355203680369	-0.959	0.000239009
96000	0.38778072782423217	0.062483714632883408	-0.96	0.000239691
96100	0.3877813912380832	0.062483877625074069	-0.961	0.000240374
96200	0.3877820563329768	0.062484041014381028	-0.962	0.000241059
96300	0.38778272311308332	0.062484204801812174	-0.963	0.000241745
96400	0.3877833915825829	0.062484368988377809	-0.964	0.000242433
96500	0.38778406174566699	0.062484533575090859	-0.965	0.000243124
96600	0.38778473360653765	0.062484698562966762	-0.966	0.000243815
96700	0.38778540716940679	0.062484863953023335	-0.967	0.000244509
96800	0.38778608243849688	0.062485029746281097	-0.968	0.000245204
96900	0.38778675941804236	0.062485195943763047	-0.969	0.000245901
97000	0.38778743811228744	0.062485362546494685	-0.97	0.0002466
97100	0.38778811852548711	0.062485529555504196	-0.971	0.000247301
97200	0.38778880066190718	0.062485696971822206	-0.972	0.000248003
97300	0.38778948452582412	0.062485864796481945	-0.973	0.000248707
97400	0.38779017012152567	0.062486033030519188	-0.974	0.000249413
97500	0.38779085745330943	0.062486201674972305	-0.975	0.000250121
97600	0.38779154652548536	0.06248637073088225	-0.976	0.00025083
97700	0.38779223734237278	0.062486540199292631	-0.977	0.000251542
97800	0.38779292990830255	0.062486710081249605	-0.978	0.000252255
97900	0.38779362422761671	0.062486880377801889	-0.979	0.00025297
98000	0.38779432030466787	0.062487051090000884	-0.98	0.000253686
98100	0.38779501814382006	0.062487222218900615	-0.981	0.000254405
98200	0.38779571774944771	0.06248739376555764	-0.982	0.000255125
98300	0.38779641912593671	0.062487565731031224	-0.983	0.000255847
98400	0.38779712227768398	0.062487738116383251	-0.984	0.000256571
98500	0.38779782720909761	0.062487910922678289	-0.985	0.000257297
98600	0.38779853392459712	0.06248808415098351	-0.986	0.000258025
98700	0.38779924242861208	0.062488257802368739	-0.987	0.000258754
98800	0.38779995272558482	0.062488431877906529	-0.988	0.000259486
98900	0.38780066481996739	0.062488606378672075	-0.989	0.000260219
99000	0.38780137871622411	0.062488781305743236	-0.99	0.000260954
99100	0.38780209441883023	0.062488956660200538	-0.991	0.000261691
99200	0.38780281193227206	0.062489132443127253	-0.992	0.000262429
99300	0.38780353126104777	0.06248930865560931	-0.993	0.00026317
99400	0.38780425240966693	0.062489485298735388	-0.994	0.000263913
99500	0.3878049753826493	0.062489662373596794	-0.995	0.000264657
99600	0.38780570018452759	0.062489839881287659	-0.996	0.000265403
99700	0.38780642681984479	0.062490017822904816	-0.997	0.000266151
99800	0.38780715529315657	0.0624901961995478	-0.998	0.000266901
99900	0.38780788560902885	0.062490375012318924	-0.999	0.000267653
100000	0.38780861777203957	0.062490554262323181	-1	0.000268407
