# Filename: 3Dvlt_K0cFind3_Plot_Op3341_K4.145_y0.157_step100000.dat
# Source: 3Dvlt_K0cFind3_Plot.c
# Source version: 1 (2012 Jun 07 - ...)
# Constant values: PI= 3.141592653589793116, PISQ=9.8696044010893579923, PICU=31.0062766802998162063
# Parameter values: OpA=3, OpAa=3, OpB=4, OpC=1, B=41.3417022403997549418, THETA=0.6, N=2, initialdl=1e-05, trajectorydl=0.0001, initialds=1e-05, trajectorydsMax=1e-05, uncertainty=1e-13, dataskipdl=100, dataskipds=999
# Option-dependent values: K=4.14499094839478754437, y=0.157098769484898231896, Kstar=                  -10, ystar=                  -10, c=                    0, Z=                    0, lambda=                    0, initialKdir=0, flowdir=1, Max_steps=100000
# Initialized values: Deltas=0, Deltal=0, count_steps=0, count_passes=0, K0c=0, oldK0c=-100
# Input-file parameter: Cc=6.93272e-310
# step	K	y	path-length-l	path-length-s (in K-y-space)
0	4.1449909483947875	0.15709876948489823	0	0
1	4.1439168257411136	0.15709875323373379	1e-05	0.00107412
2	4.1428432705090659	0.15709872944041925	2e-05	0.00214768
3	4.1417702823026596	0.15709869811152899	3e-05	0.00322067
4	4.1406978607262284	0.15709865925363226	4e-05	0.00429309
5	4.1396260053844207	0.15709861287329319	5e-05	0.00536494
6	4.1385547158822025	0.15709855897707078	6e-05	0.00643623
7	4.1374839918248538	0.15709849757151892	7e-05	0.00750696
8	4.136413832817972	0.15709842866318638	8e-05	0.00857712
9	4.1353442384674697	0.15709835225861682	9e-05	0.00964671
10	4.1342752083795746	0.15709826836434879	0.0001	0.0107157
100	4.0403246126381429	0.15706085393821601	0.001	0.104666
200	3.9409578854375957	0.15695374180158225	0.002	0.204033
300	3.8465388592814294	0.1567832856727395	0.003	0.298452
400	3.7567426354681186	0.15655488938766823	0.004	0.388249
500	3.671269170646378	0.15627353920743975	0.005	0.473723
600	3.5898412707133422	0.15594383374638437	0.006	0.555151
700	3.5122027308286263	0.15557001244305352	0.007	0.632791
800	3.4381166173454019	0.15515598245787646	0.008	0.706878
900	3.3673636855085478	0.15470534394332258	0.009	0.777632
1000	3.2997409255637984	0.15422141367820133	0.01	0.845257
1100	3.2350602292610149	0.1537072470909514	0.011	0.90994
1200	3.1731471684672989	0.1531656587202547	0.012	0.971855
1300	3.1138398776163827	0.15259924117726881	0.013	1.03117
1400	3.0569880319233373	0.15201038268401854	0.014	1.08802
1500	3.002451913623581	0.15140128326840294	0.015	1.14256
1600	2.9501015589049633	0.15077396969896195	0.016	1.19491
1700	2.899815978656497	0.15013030924286885	0.017	1.2452
1800	2.8514824466321289	0.1494720223292236	0.018	1.29354
1900	2.8049958491050324	0.14880069419713438	0.019	1.34003
2000	2.7602580905551077	0.14811778560468064	0.02	1.38478
2100	2.7171775503813191	0.14742464267094685	0.021	1.42786
2200	2.6756685860562435	0.1467225059191147	0.022	1.46938
2300	2.6356510785397123	0.14601251858429107	0.023	1.5094
2400	2.5970500161401668	0.14529573424541897	0.024	1.54801
2500	2.5597951133562469	0.14457312383638499	0.025	1.58527
2600	2.5238204615475839	0.14384558208733905	0.026	1.62125
2700	2.4890642085737706	0.14311393344333026	0.027	1.65602
2800	2.4554682648054733	0.14237893750365857	0.028	1.68962
2900	2.4229780331530177	0.14164129402186176	0.029	1.72212
3000	2.3915421609774317	0.14090164750300005	0.03	1.75356
3100	2.3611123119480837	0.14016059143187687	0.031	1.784
3200	2.3316429560918892	0.13941867216302214	0.032	1.81348
3300	2.3030911764426083	0.1386763925006769	0.033	1.84204
3400	2.2754164908469683	0.13793421499462513	0.034	1.86973
3500	2.2485806876181993	0.13719256497552076	0.035	1.89657
3600	2.2225476738488754	0.13645183335134142	0.036	1.92262
3700	2.1972833353042742	0.13571237918474749	0.037	1.94789
3800	2.1727554069166199	0.13497453206943799	0.038	1.97243
3900	2.1489333529899444	0.1342385943220358	0.039	1.99626
4000	2.1257882563061941	0.13350484300462706	0.04	2.01942
4100	2.1032927153964009	0.13277353179177978	0.041	2.04193
4200	2.0814207493067678	0.13204489269468953	0.042	2.06381
4300	2.0601477092494624	0.13131913765401948	0.043	2.0851
4400	2.0394501965819773	0.13059646001201627	0.044	2.10581
4500	2.0193059866080132	0.12987703587359176	0.045	2.12597
4600	1.9996939577371562	0.12916102536523233	0.046	2.14559
4700	1.9805940255809864	0.12844857379985972	0.047	2.1647
4800	1.9619870815996021	0.12773981275507623	0.048	2.18332
4900	1.9438549359457864	0.12703486107161396	0.049	2.20147
5000	1.9261802641839985	0.12633382577823268	0.05	2.21916
5100	1.9089465575886744	0.12563680294879601	0.051	2.23641
5200	 1.89213807675117	0.1249438784967824	0.052	2.25323
5300	1.8757398082471635	0.12425512891205376	0.053	2.26964
5400	1.8597374241369138	0.12357062194431194	0.054	2.28566
5500	1.8441172440894131	0.12289041723730956	0.055	2.30129
5600	1.8288661999385107	0.12221456691755489	0.056	2.31656
5700	1.8139718024945872	0.12154311614094709	0.057	2.33147
5800	1.7994221104495283	0.12087610360050267	0.058	2.34603
5900	1.7852057012256557	0.12021356199808182	0.059	2.36027
6000	1.7713116436310681	0.11955551848279193	0.06	2.37418
6100	1.7577294721946386	0.11890199505853445	0.061	2.38777
6200	1.7444491630637724	0.11825300896296628	0.062	2.40107
6300	1.7314611113570604	0.11760857301997009	0.063	2.41407
6400	1.7187561098722222	0.11696869596756543	0.064	2.42679
6500	1.7063253290573115	0.11633338276304037	0.065	2.43924
6600	1.6941602981601009	0.11570263486695004	0.066	2.45142
6700	1.6822528874769358	0.11507645050749891	0.067	2.46335
6800	1.6705952916281857	0.11445482492671061	0.068	2.47502
6900	1.6591800137928228	0.11383775060968039	0.069	2.48645
7000	1.6479998508395617	0.11322521749810931	0.07	2.49765
7100	1.6370478792965646	0.11261721318922858	0.071	2.50862
7200	1.6263174421058895	0.11201372312113968	0.072	2.51937
7300	1.6158021361127108	0.11141473074551961	0.073	2.5299
7400	1.6054958002428878	0.11082021768857098	0.074	2.54022
7500	1.5953925043257295	0.11023016390103096	0.075	2.55034
7600	1.5854865385218326	0.10964454779799493	0.076	2.56027
7700	1.5757724033186404	0.10906334638925431	0.077	2.57
7800	1.5662448000589617	0.10848653540079824	0.078	2.57954
7900	1.5568986219700478	0.10791408938808106	0.079	2.58891
8000	1.5477289456630583	0.10734598184161583	0.08	2.59809
8100	1.5387310230747313	0.10678218528541264	0.081	2.60711
8200	1.5299002738250149	0.10622267136874428	0.082	2.61596
8300	1.5212322779661263	0.10566741095168752	0.083	2.62464
8400	1.5127227691001324	0.10511637418485691	0.084	2.63317
8500	1.5043676278436431	0.1045695305837188	0.085	2.64154
8600	1.4961628756196137	0.10402684909784635	0.086	2.64977
8700	1.4881046687575266	0.1034882981754499	0.087	2.65784
8800	1.4801892928844356	0.10295384582349645	0.088	2.66578
8900	1.4724131575904686	0.10242345966370862	0.089	2.67357
9000	1.4647727913534179	0.10189710698471299	0.09	2.68123
9100	1.4572648367080177	0.10137475479059242	0.091	2.68875
9200	1.449886045646396	0.10085636984607491	0.092	2.69615
9300	1.4426332752370539	0.10034191871858114	0.093	2.70342
9400	1.4355034834504463	0.099831367817333358	0.094	2.71057
9500	1.4284937251800318	0.099324683429716468	0.095	2.7176
9600	1.4216011484482929	0.098821831755071171	0.096	2.72451
9700	1.4148229907878622	0.098322778936083488	0.097	2.73131
9800	1.4081565757885075	0.097827491087926849	0.098	2.73799
9900	1.4015993098012449	0.097335934325301715	0.099	2.74457
10000	1.3951486787913845	0.096848074787507898	0.1	2.75104
10100	1.3888022453327966	0.096363878661676033	0.101	2.7574
10200	1.3825576457361104	0.095883312204277274	0.102	2.76366
10300	1.3764125873040154	0.095406341761020377	0.103	2.76983
10400	1.3703648457072042	0.094932933785241536	0.104	2.77589
10500	1.3644122624748514	0.094463054854881254	0.105	2.78186
10600	1.3585527425939226	0.093996671688141409	0.106	2.78774
10700	1.3527842522118583	0.093533751157904688	0.107	2.79353
10800	1.3471048164375501	0.093074260304997769	0.108	2.79923
10900	1.3415125172357547	0.092618166350371081	0.109	2.80484
11000	1.3360054914103991	0.092165436706264481	0.11	2.81036
11100	1.3305819286724614	0.091716038986425538	0.111	2.81581
11200	1.3252400697883457	0.091269941015439296	0.112	2.82117
11300	1.3199782048048974	0.090827110837228178	0.113	2.82645
11400	1.3147946713474221	0.090387516722774508	0.114	2.83165
11500	1.3096878529872413	0.08995112717711648	0.115	2.83677
11600	1.304656177675531	0.08951791094566397	0.116	2.84182
11700	1.2996981162403254	0.089087837019878879	0.117	2.8468
11800	1.2948121809437938	0.088660874642360957	0.118	2.85171
11900	1.2899969240969684	0.088236993311377659	0.119	2.85654
12000	1.2852509367293146	0.087816162784874252	0.12	2.8613
12100	1.2805728473106393	0.08739835308399975	0.121	2.866
12200	1.2759613205229685	0.086983534496178114	0.122	2.87063
12300	1.2714150560801449	0.086571677577756689	0.123	2.8752
12400	1.266932787593001	0.086162753156259458	0.124	2.8797
12500	1.2625132814781053	0.085756732332271282	0.125	2.88414
12600	1.2581553359081288	0.085353586480977711	0.126	2.88851
12700	1.2538577798020123	0.084953287253384538	0.127	2.89283
12800	1.2496194718532136	0.084555806577237921	0.128	2.89708
12900	1.2454392995943473	0.084161116657666082	0.129	2.90128
13000	1.2413161784966755	0.083769189977561873	0.13	2.90543
13100	1.237249051102945	0.083379999297723897	0.131	2.90951
13200	1.233236886192127	0.082993517656773597	0.132	2.91354
13300	1.2292786779747515	0.082609718370863366	0.133	2.91752
13400	1.225373445317492	0.082228575033191878	0.134	2.92144
13500	1.2215202309958204	0.081850061513339706	0.135	2.92531
13600	1.2177181009735281	0.081474151956438617	0.136	2.92913
13700	1.2139661437080165	0.081100820782186875	0.137	2.93291
13800	1.2102634694802903	0.080730042683722539	0.138	2.93663
13900	1.2066092097486394	0.08036179262636528	0.139	2.9403
14000	 1.20300251652504	0.079996045846236152	0.14	2.94392
14100	1.1994425617733633	0.07963277784876753	0.141	2.9475
14200	1.1959285368285002	0.079271964407108389	0.142	2.95104
14300	1.1924596518355723	0.078913581560436874	0.143	2.95452
14400	1.1890351352084267	0.078557605612185971	0.144	2.95797
14500	1.1856542331066353	0.078204013128190614	0.145	2.96136
14600	1.1823162089302999	0.077852780934762708	0.146	2.96472
14700	1.1790203428319215	0.077503886116701129	0.147	2.96804
14800	1.1757659312447071	0.077157306015242497	0.148	2.97131
14900	1.172552286426654	0.076813018225958249	0.149	2.97454
15000	1.1693787360198014	0.076471000596604388	0.15	2.97773
15100	1.1662446226240815	0.076131231224927279	0.151	2.98088
15200	1.1631493033851941	0.075793688456432265	0.152	2.984
15300	1.1600921495959826	0.075458350882117511	0.153	2.98707
15400	1.1570725463108025	0.075125197336178909	0.154	2.99011
15500	1.1540898919723754	0.074794206893688833	0.155	2.99311
15600	1.1511435980506894	0.074465358868252951	0.156	2.99608
15700	1.148233088693474	0.074138632809648247	0.157	2.99901
15800	1.1453578003878244	0.073814008501445247	0.158	3.0019
15900	1.1425171816325839	0.073491465958618177	0.159	3.00476
16000	1.1397106926210538	0.073170985425144705	0.16	3.00758
16100	1.1369378049336878	0.07285254737159895	0.161	3.01037
16200	1.1341980012403876	0.072536132492739422	0.162	3.01313
16300	1.1314907750120669	0.072221721705094222	0.163	3.01586
16400	1.1288156302411314	0.071909296144546317	0.164	3.01855
16500	1.1261720811705822	0.071598837163919862	0.165	3.02121
16600	1.1235596520314051	0.071290326330569809	0.166	3.02384
16700	1.1209778767879794	0.070983745423976882	0.167	3.02644
16800	1.1184262988912097	0.070679076433348656	0.168	3.02901
16900	1.1159044710391062	0.070376301555229073	0.169	3.03155
17000	1.1134119549445667	0.070075403191116978	0.17	3.03406
17100	1.1109483211100961	0.06977636394509551	0.171	3.03655
17200	1.1085131486092341	0.06947916662147291	0.172	3.039
17300	1.1061060248744532	0.069183794222436715	0.173	3.04142
17400	1.1037265454913097	0.068890229945721304	0.174	3.04382
17500	1.1013743139986287	0.068598457182290212	0.175	3.04619
17600	1.0990489416945308	0.068308459514034192	0.176	3.04854
17700	1.0967500474480831	0.06802022071148553	0.177	3.05085
17800	1.0944772575164088	0.067733724731548928	0.178	3.05314
17900	1.0922302053670487	0.067448955715250655	0.179	3.05541
18000	1.0900085315054251	0.067165897985505402	0.18	3.05765
18100	1.087811883307213	0.066884536044902285	0.181	3.05986
18200	1.0856399148554796	0.066604854573509384	0.182	3.06205
18300	1.0834922867824155	0.066326838426698856	0.183	3.06422
18400	1.0813686661155266	0.066050472632990728	0.184	3.06636
18500	1.079268726128126	0.065775742391918426	0.185	3.06848
18600	1.0771921461939915	0.065502633071913938	0.186	3.07057
18700	1.0751386116460595	0.065231130208214111	0.187	3.07264
18800	1.0731078136390186	0.064961219500788189	0.188	3.07469
18900	1.0710994490156804	0.064692886812286549	0.189	3.07672
19000	1.0691132201770099	0.064426118166010904	0.19	3.07872
19100	1.0671488349556955	0.064160899743905986	0.191	3.0807
19200	1.065206006493147	0.063897217884572893	0.192	3.08266
19300	1.0632844531198238	0.063635059081304721	0.193	3.0846
19400	1.0613838982387662	0.063374409980143043	0.194	3.08652
19500	1.0595040702122629	0.063115257377957493	0.195	3.08842
19600	1.0576447022515236	0.062857588220545976	0.196	3.0903
19700	1.0558055323092883	0.062601389600757618	0.197	3.09215
19800	1.0539863029752665	0.062346648756637112	0.198	3.09399
19900	1.0521867613743436	0.062093353069591441	0.199	3.09581
20000	1.0504066590674308	0.061841490062577623	0.2	3.09761
20100	1.0486457519549219	0.061591047398312698	0.201	3.09938
20200	1.046903800182645	0.06134201287750525	0.202	3.10114
20300	1.0451805680502526	0.061094374437108197	0.203	3.10289
20400	1.0434758239219712	0.060848120148593303	0.204	3.10461
20500	1.0417893401396314	0.060603238216246927	0.205	3.10631
20600	1.0401208929379353	0.06035971697548681	0.206	3.108
20700	1.0384702623618598	0.060117544891200157	0.207	3.10967
20800	1.0368372321861721	0.05987671055610249	0.208	3.11132
20900	1.0352215898369534	0.059637202689117305	0.209	3.11295
21000	1.0336231263151106	0.059399010133776228	0.21	3.11457
21100	1.032041636121797	0.05916212185664009	0.211	3.11617
21200	1.030476917185686	0.058926526945739466	0.212	3.11775
21300	1.0289287707920538	0.058692214609036238	0.213	3.11931
21400	1.0273970015136118	0.05845917417290436	0.214	3.12086
21500	1.0258814171430466	0.058227395080630878	0.215	3.1224
21600	1.0243818286272048	0.057996866890936305	0.216	3.12391
21700	1.0228980500028935	0.057767579276514359	0.217	3.12541
21800	1.021429898334232	0.057539522022591057	0.218	3.1269
21900	1.0199771936515367	0.057312685025502547	0.219	3.12837
22000	1.0185397588916556	0.057087058291292167	0.22	3.12983
22100	1.0171174198397617	0.056862631934325655	0.221	3.13127
22200	1.0157100050725216	0.056639396175924978	0.222	3.13269
22300	1.0143173459026313	0.056417341343020497	0.223	3.1341
22400	1.0129392763246572	0.056196457866820912	0.224	3.1355
22500	1.0115756329621648	0.055976736281501079	0.225	3.13688
22600	1.010226255016097	0.055758167222907475	0.226	3.13824
22700	1.0088909842143523	0.055540741427281083	0.227	3.1396
22800	1.0075696647625536	0.055324449729997359	0.228	3.14094
22900	1.0062621432959553	0.055109283064323306	0.229	3.14226
23000	1.0049682688324704	0.054895232460191165	0.23	3.14357
23100	1.0036878927267829	0.054682289042988788	0.231	3.14487
23200	1.0024208686255138	0.054470444032366498	0.232	3.14616
23300	1.0011670524234173	0.054259688741059894	0.233	3.14743
23400	0.99992630222057799	0.054050014573728732	0.234	3.14869
23500	0.99869847828058689	0.053841413025811691	0.235	3.14993
23600	0.99748344298965419	0.053633875682396276	0.236	3.15116
23700	0.99628106081665868	0.053427394217104768	0.237	3.15238
23800	0.99509119827408743	0.053221960390994638	0.238	3.15359
23900	0.99391372387985644	0.053017566051474431	0.239	3.15479
24000	0.99274850811998261	0.05281420313123425	0.24	3.15597
24100	0.99159542341208362	0.05261186364719065	0.241	3.15714
24200	0.99045434406969646	0.052410539699446139	0.242	3.1583
24300	0.98932514626737278	0.052210223470262974	0.243	3.15945
24400	0.98820770800655222	0.052010907223050497	0.244	3.16058
24500	0.9871019090821781	0.051812583301366726	0.245	3.1617
24600	0.98600763105004752	0.051615244127933481	0.246	3.16282
24700	0.98492475719486861	0.051418882203664626	0.247	3.16392
24800	0.98385317249901383	0.051223490106708174	0.248	3.16501
24900	0.98279276361194756	0.051029060491500876	0.249	3.16608
25000	0.98174341882031257	0.05083558608783597	0.25	3.16715
25100	0.98070502801866055	0.050643059699943614	0.251	3.16821
25200	0.97967748268080435	0.050451474205584018	0.252	3.16925
25300	0.97866067583178529	0.050260822555152573	0.253	3.17029
25400	0.97765450202043402	0.050071097770797449	0.254	3.17131
25500	0.97665885729251545	0.049882292945549293	0.255	3.17232
25600	0.97567363916443317	0.049694401242462355	0.256	3.17333
25700	0.97469874659749312	0.049507415893767864	0.257	3.17432
25800	0.97373407997270445	0.049321330200038434	0.258	3.1753
25900	0.97277954106610542	0.04913613752936407	0.259	3.17627
26000	0.97183503302460206	0.048951831316539469	0.26	3.17724
26100	0.97090046034231181	0.04876840506226203	0.261	3.17819
26200	0.96997572883739092	0.04858585233234114	0.262	3.17913
26300	0.96906074562934086	0.048404166756917742	0.263	3.18006
26400	0.96815541911678316	0.048223342029694923	0.264	3.18099
26500	0.96725965895568378	0.048043371907178618	0.265	3.1819
26600	0.96637337603802531	0.047864250207928713	0.266	3.18281
26700	0.96549648247090902	0.047685970811820182	0.267	3.1837
26800	0.96462889155608489	0.047508527659314383	0.268	3.18459
26900	0.9637705177698872	0.047331914750740035	0.269	3.18546
27000	0.96292127674358308	0.047156126145583767	0.27	3.18633
27100	0.96208108524410585	0.04698115596179063	0.271	3.18719
27200	0.96124986115517874	0.04680699837507362	0.272	3.18804
27300	0.96042752345881188	0.046633647618232632	0.273	3.18888
27400	0.95961399221716881	0.046461097980482736	0.274	3.18971
27500	0.95880918855478969	0.046289343806791068	0.275	3.19053
27600	0.95801303464116405	0.046118379497222889	0.276	3.19135
27700	0.95722545367364953	0.045948199506296625	0.277	3.19215
27800	0.95644636986072085	0.045778798342346876	0.278	3.19295
27900	0.95567570840555105	0.0456101705668965	0.279	3.19374
28000	0.95491339548990406	0.045442310794036891	0.28	3.19452
28100	0.95415935825834985	0.045275213689816449	0.281	3.19529
28200	0.95341352480277708	0.045108873971637355	0.282	3.19606
28300	0.95267582414720631	0.044943286407660266	0.283	3.19681
28400	0.95194618623289673	0.044778445816216816	0.284	3.19756
28500	0.95122454190373529	0.044614347065230028	0.285	3.1983
28600	0.95051082289190603	0.044450985071642544	0.286	3.19903
28700	0.94980496180383456	0.044288354800852088	0.287	3.19976
28800	0.9491068921063921	0.044126451266154651	0.288	3.20047
28900	0.94841654811336917	0.043965269528194989	0.289	3.20118
29000	0.94773386497219747	0.043804804694424188	0.29	3.20188
29100	0.94705877865092347	0.043645051918564659	0.291	3.20258
29200	0.94639122592542901	0.04348600640008176	0.292	3.20326
29300	0.94573114436688388	0.043327663383662861	0.293	3.20394
29400	0.94507847232943776	0.043170018158702771	0.294	3.20461
29500	0.94443314893813857	0.043013066058796318	0.295	3.20528
29600	0.94379511407707328	0.042856802461237103	0.296	3.20593
29700	0.94316430837772802	0.042701222786523191	0.297	3.20658
29800	0.94254067320756441	0.042546322497869042	0.298	3.20723
29900	0.94192415065880197	0.042392097100723856	0.299	3.20786
30000	0.9413146835374061	0.042238542142296262	0.3	3.20849
30100	0.94071221535227945	0.04208565321108497	0.301	3.20911
30200	0.94011669030464406	0.04193342593641565	0.302	3.20973
30300	0.93952805327762368	0.041781855987983736	0.303	3.21033
30400	0.93894624982600694	0.041630939075403335	0.304	3.21094
30500	0.93837122616619795	0.041480670947761665	0.305	3.21153
30600	0.93780292916634655	0.041331047393179457	0.306	3.21212
30700	0.93724130633665526	0.041182064238376767	0.307	3.2127
30800	0.93668630581986101	0.041033717348244673	0.308	3.21327
30900	0.93613787638188173	0.040886002625422295	0.309	3.21384
31000	0.93559596740263173	0.040738916009879313	0.31	3.2144
31100	0.93506052886700142	0.040592453478503515	0.311	3.21496
31200	0.93453151135599033	0.040446611044694186	0.312	3.21551
31300	0.93400886603800271	0.040301384757960169	0.313	3.21605
31400	0.93349254466028786	0.040156770703523213	0.314	3.21658
31500	0.93298249954053891	0.040012765001926416	0.315	3.21711
31600	0.93247868355863106	0.039869363808647654	0.316	3.21764
31700	0.9319810501485063	0.039726563313717787	0.317	3.21816
31800	0.93148955329019734	0.039584359741343694	0.318	3.21867
31900	0.9310041475019889	0.039442749349536288	0.319	3.21917
32000	0.9305247878327183	0.039301728429742937	0.32	3.21967
32100	0.93005142985420275	0.039161293306484615	0.321	3.22017
32200	0.92958402965379971	0.039021440336997802	0.322	3.22065
32300	0.92912254382708992	0.038882165910880534	0.323	3.22114
32400	0.92866692947069185	0.038743466449743122	0.324	3.22161
32500	0.92821714417519374	0.038605338406863227	0.325	3.22208
32600	0.9277731460182036	0.038467778266845061	0.326	3.22255
32700	0.92733489355752119	0.038330782545283187	0.327	3.22301
32800	0.92690234582442121	0.038194347788430116	0.328	3.22346
32900	0.92647546231705191	0.038058470572868208	0.329	3.22391
33000	0.92605420299394092	0.03792314750518571	0.33	3.22435
33100	0.92563852826761317	0.037788375221656678	0.331	3.22479
33200	0.92522839899831077	0.037654150387924981	0.332	3.22522
33300	0.92482377648782332	0.037520469698692098	0.333	3.22565
33400	0.92442462247341273	0.037387329877408781	0.334	3.22607
33500	0.92403089912184411	0.037254727675970552	0.335	3.22648
33600	0.92364256902351238	0.03712265987441693	0.336	3.22689
33700	0.92325959518666645	0.036991123280634308	0.337	3.2273
33800	0.92288194103172627	0.036860114730062551	0.338	3.2277
33900	0.92250957038569414	0.036729631085405112	0.339	3.22809
34000	0.9221424474766563	0.036599669236342551	0.34	3.22848
34100	0.92178053692837525	0.036470226099249901	0.341	3.22887
34200	0.92142380375496546	0.036341298616917136	0.342	3.22925
34300	0.92107221335566114	0.036212883758273223	0.343	3.22962
34400	0.92072573150966341	0.036084978518113389	0.344	3.22999
34500	0.92038432437107043	0.035957579916829754	0.345	3.23035
34600	0.92004795846389364	0.035830685000145183	0.346	3.23071
34700	0.91971660067714778	0.035704290838850572	0.347	3.23107
34800	0.91939021826001943	0.035578394528544811	0.348	3.23142
34900	0.91906877881711946	0.035452993189378314	0.349	3.23176
35000	0.91875225030380159	0.035328083965799464	0.35	3.2321
35100	0.91844060102155922	0.035203664026304135	0.351	3.23244
35200	0.91813379961349628	0.035079730563188069	0.352	3.23277
35300	0.91783181505986544	0.034956280792302404	0.353	3.2331
35400	0.91753461667368008	0.034833311952812002	0.354	3.23342
35500	0.91724217409639119	0.03471082130695665	0.355	3.23373
35600	0.91695445729363456	0.034588806139815187	0.356	3.23405
35700	0.91667143655104311	0.034467263759072296	0.357	3.23435
35800	0.91639308247012397	0.034346191494788111	0.358	3.23466
35900	0.91611936596419907	0.034225586699170654	0.359	3.23496
36000	0.91585025825440969	0.034105446746350743	0.36	3.23525
36100	0.91558573086578132	0.03398576903215976	0.361	3.23554
36200	0.91532575562334839	0.033866550973909837	0.362	3.23583
36300	0.91507030464834016	0.033747790010176804	0.363	3.23611
36400	0.91481935035442496	0.033629483600585562	0.364	3.23639
36500	0.91457286544400773	0.033511629225598041	0.365	3.23666
36600	0.91433082290458778	0.033394224386303455	0.366	3.23693
36700	0.91409319600517291	0.03327726660421132	0.367	3.23719
36800	0.9138599582927428	0.033160753421046504	0.368	3.23746
36900	0.91363108358876821	0.033044682398547083	0.369	3.23771
37000	0.9134065459857853	0.032929051118264142	0.37	3.23796
37100	0.91318631984401477	0.032813857181364071	0.371	3.23821
37200	0.9129703797880403	0.032699098208433176	0.372	3.23846
37300	0.91275870070352749	0.032584771839284467	0.373	3.2387
37400	0.91255125773399837	0.032470875732766732	0.374	3.23893
37500	0.91234802627765177	0.032357407566575708	0.375	3.23917
37600	0.91214898198422734	0.032244365037067631	0.376	3.2394
37700	0.91195410075192218	0.032131745859074606	0.377	3.23962
37800	0.91176335872434955	0.032019547765722439	0.378	3.23984
37900	0.91157673228754066	0.031907768508250209	0.379	3.24006
38000	0.91139419806699329	0.031796405855832134	0.38	3.24027
38100	0.91121573292476121	0.031685457595401395	0.381	3.24048
38200	0.91104131395659071	0.031574921531475918	0.382	3.24069
38300	0.9108709184890923	0.031464795485986213	0.383	3.24089
38400	0.91070452407695746	0.031355077298105098	0.384	3.24109
38500	0.91054210850021444	0.03124576482407921	0.385	3.24129
38600	0.91038364976152619	0.031136855937062936	0.386	3.24148
38700	0.91022912608352424	0.031028348526953482	0.387	3.24167
38800	0.91007851590617994	0.030920240500228343	0.388	3.24186
38900	0.90993179788421896	0.030812529779784409	0.389	3.24204
39000	0.90978895088456668	0.030705214304778797	0.39	3.24222
39100	0.90964995398383308	0.030598292030471652	0.391	3.24239
39200	0.9095147864658325	0.030491760928070547	0.392	3.24256
39300	0.90938342781914061	0.030385618984576659	0.393	3.24273
39400	0.90925585773468298	0.030279864202632647	0.394	3.2429
39500	0.90913205610336145	0.030174494600372328	0.395	3.24306
39600	0.9090120030137081	0.030069508211271849	0.396	3.24322
39700	0.90889567874957888	0.029964903084002618	0.397	3.24338
39800	0.90878306378787488	0.02986067728228585	0.398	3.24353
39900	0.90867413879629899	0.029756828884748641	0.399	3.24368
40000	0.90856888463114116	0.029653355984781759	0.4	3.24383
40100	0.90846728233509488	0.029550256690398888	0.401	3.24397
40200	0.90836931313510605	0.029447529124097409	0.402	3.24411
40300	0.90827495844024952	0.029345171422720896	0.403	3.24425
40400	0.90818419983963528	0.029243181737322772	0.404	3.24439
40500	0.90809701910034546	0.029141558233031845	0.405	3.24452
40600	0.9080133981653965	0.029040299088918971	0.406	3.24466
40700	0.90793331915173259	0.028939402497865432	0.407	3.24478
40800	0.90785676434824591	0.028838866666432515	0.408	3.24491
40900	0.90778371621382126	0.028738689814732776	0.409	3.24503
41000	0.90771415737541028	0.028638870176302379	0.41	3.24516
41100	0.90764807062613118	0.028539405997975116	0.411	3.24528
41200	0.90758543892339361	0.028440295539757503	0.412	3.24539
41300	0.90752624538704973	0.02834153707470552	0.413	3.24551
41400	0.9074704732975698	0.028243128888802444	0.414	3.24562
41500	0.90741810609424256	0.028145069280838111	0.415	3.24573
41600	0.90736912737339837	0.028047356562289384	0.416	3.24584
41700	0.90732352088666024	0.027949989057202008	0.417	3.24595
41800	0.9072812705392137	0.027852965102073669	0.418	3.24606
41900	0.9072423603881038	0.027756283045738291	0.419	3.24616
42000	0.90720677464054911	0.027659941249251595	0.42	3.24626
42100	0.90717449765228619	0.027563938085777832	0.421	3.24636
42200	0.90714551392592657	0.027468271940477768	0.422	3.24646
42300	0.90711980810934645	0.027372941210397853	0.423	3.24656
42400	0.90709736499408644	0.027277944304360535	0.424	3.24666
42500	0.90707816951378162	0.027183279642855704	0.425	3.24676
42600	0.90706220674260707	0.027088945657933381	0.426	3.24685
42700	0.90704946189374125	0.026994940793097444	0.427	3.24695
42800	0.90703992031786196	0.0269012635032005	0.428	3.24704
42900	0.90703356750164488	0.026807912254339851	0.429	3.24713
43000	0.9070303890662953	0.02671488552375462	0.43	3.24723
43100	0.90703037076609117	0.026622181799723869	0.431	3.24732
43200	0.90703349848694903	0.02652979958146575	0.432	3.24741
43300	0.90703975824500738	0.026437737379037839	0.433	3.24751
43400	0.90704913618522576	0.026345993713238421	0.434	3.2476
43500	0.90706161858000733	0.026254567115508783	0.435	3.24769
43600	0.90707719182783464	0.026163456127836587	0.436	3.24778
43700	0.90709584245192343	0.026072659302660211	0.437	3.24787
43800	0.90711755709889674	0.02598217520277402	0.438	3.24797
43900	0.90714232253747362	0.025892002401234755	0.439	3.24806
44000	0.9071701256571717	0.025802139481268749	0.44	3.24816
44100	0.907200953467033	0.02571258503618018	0.441	3.24825
44200	0.90723479309436028	0.025623337669260213	0.442	3.24835
44300	0.90727163178347248	0.025534395993697105	0.443	3.24844
44400	0.90731145689447357	0.025445758632487329	0.444	3.24854
44500	0.90735425590203833	0.025357424218347347	0.445	3.24864
44600	0.90740001639421564	0.025269391393626529	0.446	3.24874
44700	0.90744872607124094	0.025181658810220903	0.447	3.24884
44800	0.90750037274436834	0.025094225129487644	0.448	3.24894
44900	0.90755494433471695	0.025007089022160721	0.449	3.24904
45000	0.9076124288721289	0.02492024916826701	0.45	3.24915
45100	0.90767281449404391	0.024833704257043631	0.451	3.24925
45200	0.90773608944438988	0.024747452986855888	0.452	3.24936
45300	0.90780224207248006	0.024661494065116113	0.453	3.24947
45400	0.90787126083193126	0.024575826208203363	0.454	3.24958
45500	0.90794313427959183	0.024490448141383819	0.455	3.24969
45600	0.90801785107448507	0.02440535859873209	0.456	3.2498
45700	0.90809539997676147	0.024320556323053303	0.457	3.24992
45800	0.90817576984666815	0.024236040065805892	0.458	3.25003
45900	0.90825894964352905	0.02415180858702521	0.459	3.25015
46000	0.90834492842473757	0.024067860655247922	0.46	3.25027
46100	0.90843369534476093	0.023984195047437113	0.461	3.25039
46200	0.90852523965415954	0.023900810548908191	0.462	3.25052
46300	0.908619550698614	0.023817705953255462	0.463	3.25064
46400	0.90871661791796554	0.023734880062279494	0.464	3.25077
46500	0.90881643084527153	0.023652331685915181	0.465	3.2509
46600	0.90891897910586683	0.023570059642160475	0.466	3.25103
46700	0.90902425241643969	0.023488062757005896	0.467	3.25116
46800	0.90913224058411735	0.023406339864364738	0.468	3.2513
46900	0.90924293350556484	0.023324889806003824	0.469	3.25144
47000	0.90935632116609078	0.023243711431475168	0.47	3.25158
47100	0.90947239363876953	0.023162803598048065	0.471	3.25172
47200	0.90959114108356542	0.02308216517064211	0.472	3.25186
47300	0.90971255374647642	0.023001795021760592	0.473	3.25201
47400	0.90983662195868287	0.022921692031424783	0.474	3.25216
47500	0.9099633361357049	0.022841855087108731	0.475	3.25231
47600	0.91009268677657584	0.022762283083674714	0.476	3.25246
47700	0.91022466446301953	0.022682974923309319	0.477	3.25261
47800	0.91035925985864086	0.022603929515460197	0.478	3.25277
47900	0.91049646370812121	0.022525145776773385	0.479	3.25293
48000	0.91063626683643017	0.022446622631031189	0.48	3.25309
48100	0.91077866014804088	0.022368359009090823	0.481	3.25325
48200	0.91092363462615789	0.022290353848823417	0.482	3.25341
48300	0.91107118133195131	0.022212606095053839	0.483	3.25358
48400	0.91122129140380037	0.022135114699500927	0.484	3.25375
48500	0.91137395605654958	0.022057878620718424	0.485	3.25392
48600	0.91152916658076821	0.021980896824036346	0.486	3.25409
48700	0.91168691434202065	0.02190416828150302	0.487	3.25427
48800	0.91184719078014553	0.021827691971827708	0.488	3.25445
48900	0.91200998740854256	0.021751466880323624	0.489	3.25463
49000	0.91217529581346801	0.021675491998851625	0.49	3.25481
49100	0.91234310765333804	0.021599766325764391	0.491	3.25499
49200	0.91251341465803815	0.021524288865851206	0.492	3.25518
49300	0.91268620862824612	0.021449058630283145	0.493	3.25537
49400	0.9128614814347541	0.021374074636558812	0.494	3.25556
49500	0.91303922501780765	0.021299335908450727	0.495	3.25575
49600	0.91321943138644324	0.021224841475952081	0.496	3.25594
49700	0.91340209261784211	0.021150590375223956	0.497	3.25614
49800	0.91358720085668377	0.021076581648543247	0.498	3.25634
49900	0.913774748314512	0.02100281434425082	0.499	3.25654
50000	0.91396472726910472	0.02092928751670042	0.5	3.25675
50100	0.91415713006385446	0.020856000226207826	0.501	3.25695
50200	0.9143519491071519	0.020782951539000647	0.502	3.25716
50300	0.91454917687177761	0.020710140527168446	0.503	3.25737
50400	0.91474880589430219	0.020637566268613544	0.504	3.25758
50500	0.91495082877449063	0.020565227847002061	0.505	3.2578
50600	0.91515523817471767	0.020493124351715498	0.506	3.25801
50700	0.91536202681938295	0.02042125487780283	0.507	3.25823
50800	0.91557118749433586	0.020349618525933002	0.508	3.25845
50900	0.91578271304631242	0.020278214402347779	0.509	3.25868
51000	0.91599659638236741	0.020207041618815265	0.51	3.2589
51100	0.91621283046932067	0.020136099292583514	0.511	3.25913
51200	0.91643140833320758	0.020065386546334947	0.512	3.25936
51300	0.91665232305873667	0.019994902508140875	0.513	3.25959
51400	0.91687556778874624	0.019924646311416699	0.514	3.25983
51500	0.91710113572367991	0.019854617094877253	0.515	3.26006
51600	0.91732902012105344	0.019784814002492834	0.516	3.2603
51700	0.91755921429493981	0.019715236183445423	0.517	3.26054
51800	0.91779171161545103	0.019645882792085487	0.518	3.26078
51900	0.91802650550823095	0.019576752987888971	0.519	3.26103
52000	0.91826358945394926	0.019507845935414877	0.52	3.26128
52100	0.91850295698780637	0.019439160804263174	0.521	3.26152
52200	0.91874460169903738	0.019370696769032979	0.522	3.26178
52300	0.91898851723042774	0.019302453009281351	0.523	3.26203
52400	0.91923469727782736	0.019234428709482214	0.524	3.26228
52500	0.91948313558967631	0.019166623058985827	0.525	3.26254
52600	0.91973382596653297	0.019099035251978543	0.526	3.2628
52700	0.91998676226060161	0.019031664487442906	0.527	3.26306
52800	0.92024193837527946	0.018964509969118276	0.528	3.26333
52900	0.9204993482646926	0.0188975709054616	0.529	3.26359
53000	0.92075898593324645	0.018830846509608683	0.53	3.26386
53100	0.92102084543517659	0.018764335999335753	0.531	3.26413
53200	0.9212849208741084	0.018698038597021321	0.532	3.2644
53300	0.92155120640261812	0.018631953529608562	0.533	3.26468
53400	0.92181969622179749	0.018566080028567834	0.534	3.26495
53500	0.92209038458082782	0.01850041732985961	0.535	3.26523
53600	0.92236326577655459	0.018434964673897835	0.536	3.26551
53700	0.92263833415306662	0.018369721305513502	0.537	3.2658
53800	0.9229155841012826	0.018304686473918506	0.538	3.26608
53900	0.92319501005853699	0.018239859432670043	0.539	3.26637
54000	0.92347660650817609	0.018175239439635026	0.54	3.26666
54100	0.92376036797915362	0.01811082575695518	0.541	3.26695
54200	0.92404628904563257	0.018046617651012006	0.542	3.26724
54300	0.92433436432659233	0.017982614392392519	0.543	3.26754
54400	0.92462458848543683	0.017918815255854988	0.544	3.26783
54500	0.9249169562296069	0.017855219520295045	0.545	3.26813
54600	0.92521146231020213	0.017791826468712125	0.546	3.26843
54700	0.92550810152160046	0.017728635388176255	0.547	3.26874
54800	0.92580686870108186	0.017665645569795059	0.548	3.26904
54900	0.92610775872846152	0.017602856308681022	0.549	3.26935
55000	0.92641076652572041	0.017540266903919178	0.55	3.26966
55100	0.92671588705664254	0.017477876658534963	0.551	3.26997
55200	0.92702311532645776	0.017415684879462361	0.552	3.27028
55300	0.92733244638148271	0.017353690877512488	0.553	3.2706
55400	0.92764387530877268	0.017291893967342199	0.554	3.27092
55500	0.9279573972357682	0.017230293467423205	0.555	3.27124
55600	0.92827300732995643	0.017168888700011327	0.556	3.27156
55700	0.9285907007985239	0.017107678991116024	0.557	3.27188
55800	0.92891047288802264	0.01704666367047027	0.558	3.27221
55900	0.92923231888403268	0.016985842071500595	0.559	3.27253
56000	0.92955623411083155	0.016925213531297521	0.56	3.27286
56100	0.92988221393106929	0.016864777390586123	0.561	3.2732
56200	0.9302102537454402	0.016804532993696858	0.562	3.27353
56300	0.9305403489923616	0.016744479688536776	0.563	3.27386
56400	0.93087249514765891	0.016684616826560902	0.564	3.2742
56500	0.93120668772424686	0.016624943762743791	0.565	3.27454
56600	0.93154292227182134	0.016565459855551436	0.566	3.27488
56700	0.93188119437654693	0.016506164466913473	0.567	3.27523
56800	0.93222149966075463	0.016447056962195408	0.568	3.27557
56900	0.93256383378263563	0.016388136710171326	0.569	3.27592
57000	0.93290819243594447	0.016329403082996699	0.57	3.27627
57100	0.93325457134970413	0.016270855456181461	0.571	3.27662
57200	0.93360296628790551	0.016212493208563359	0.572	3.27697
57300	0.93395337304922343	0.016154315722281432	0.573	3.27733
57400	0.93430578746672432	0.016096322382749897	0.574	3.27769
57500	0.93466020540758254	0.016038512578631991	0.575	3.27804
57600	0.93501662277279995	0.015980885701814343	0.576	3.27841
57700	0.93537503549692236	0.015923441147381374	0.577	3.27877
57800	0.93573543954776528	0.015866178313589947	0.578	3.27913
57900	0.9360978309261383	0.015809096601844257	0.579	3.2795
58000	0.93646220566557492	0.015752195416670955	0.58	3.27987
58100	0.93682855983206192	0.015695474165694476	0.581	3.28024
58200	0.93719688952377433	0.015638932259612538	0.582	3.28061
58300	0.9375671908708112	0.015582569112171934	0.583	3.28099
58400	0.93793946003493456	0.015526384140144449	0.584	3.28136
58500	0.93831369320931068	0.015470376763303003	0.585	3.28174
58600	0.93868988661825303	0.015414546404398049	0.586	3.28212
58700	0.93906803651697002	0.015358892489134109	0.587	3.2825
58800	0.93944813919131231	0.015303414446146552	0.588	3.28289
58900	0.93983019095752596	0.015248111706978573	0.589	3.28327
59000	0.9402141881620022	0.01519298370605833	0.59	3.28366
59100	0.94060012718103725	0.015138029880676324	0.591	3.28405
59200	0.94098800442058783	0.015083249670962902	0.592	3.28444
59300	0.94137781631603312	0.01502864251986607	0.593	3.28484
59400	0.94176955933193551	0.014974207873129378	0.594	3.28523
59500	0.94216322996180801	0.014919945179270051	0.595	3.28563
59600	0.94255882472788077	0.014865853889557277	0.596	3.28603
59700	0.94295634018086838	0.014811933457990725	0.597	3.28643
59800	0.9433557728997447	0.014758183341279223	0.598	3.28683
59900	0.94375711949151364	0.014704602998819578	0.599	3.28724
60000	0.94416037659098651	0.014651191892675657	0.6	3.28765
60100	0.94456554086056088	0.014597949487557551	0.601	3.28805
60200	0.94497260898999857	0.014544875250801002	0.602	3.28847
60300	0.94538157769620668	0.01449196865234695	0.603	3.28888
60400	0.94579244372302607	0.014439229164721278	0.604	3.28929
60500	0.94620520384101547	0.014386656263014721	0.605	3.28971
60600	0.94661985484723787	0.014334249424862926	0.606	3.29013
60700	0.94703639356505187	0.014282008130426736	0.607	3.29055
60800	0.94745481684390354	0.014229931862372563	0.608	3.29097
60900	0.94787512155912068	0.014178020105853008	0.609	3.29139
61000	0.94829730461170969	0.014126272348487581	0.61	3.29182
61100	0.94872136292815112	0.014074688080343617	0.611	3.29224
61200	0.94914729346019988	0.014023266793917338	0.612	3.29267
61300	0.94957509318468858	0.013972007984115064	0.613	3.2931
61400	0.95000475910332893	0.013920911148234643	0.614	3.29354
61500	0.95043628824251625	0.013869975785946974	0.615	3.29397
61600	0.95086967765313879	0.013819201399277684	0.616	3.29441
61700	0.95130492441038361	0.013768587492589012	0.617	3.29485
61800	0.95174202561354959	0.013718133572561787	0.618	3.29529
61900	0.95218097838585791	0.013667839148177598	0.619	3.29573
62000	0.95262177987426622	0.013617703730701111	0.62	3.29617
62100	0.95306442724928409	0.013567726833662502	0.621	3.29662
62200	0.9535089177047904	0.013517907972840077	0.622	3.29706
62300	0.95395524845785207	0.013468246666243003	0.623	3.29751
62400	0.95440341674854412	0.01341874243409423	0.624	3.29796
62500	0.9548534198397739	0.013369394798813496	0.625	3.29842
62600	0.9553052550171004	0.013320203285000526	0.626	3.29887
62700	0.95575891958856507	0.01327116741941833	0.627	3.29933
62800	0.95621441088451475	0.013222286730976692	0.628	3.29978
62900	0.9566717262574308	0.013173560750715777	0.629	3.30024
63000	0.95713086308175999	0.013124989011789817	0.63	3.30071
63100	0.95759181875374566	0.013076571049451024	0.631	3.30117
63200	0.95805459069126153	0.013028306401033586	0.632	3.30164
63300	0.95851917633364425	0.012980194605937806	0.633	3.3021
63400	0.95898557314153021	0.012932235205614385	0.634	3.30257
63500	0.95945377859669356	0.012884427743548796	0.635	3.30304
63600	0.95992379020188523	0.012836771765245867	0.636	3.30351
63700	0.96039560548067182	0.01278926681821442	0.637	3.30399
63800	0.96086922197727864	0.012741912451952058	0.638	3.30446
63900	0.96134463725643238	0.012694708217930095	0.639	3.30494
64000	0.96182184890320499	0.012647653669578601	0.64	3.30542
64100	0.9623008545228624	0.012600748362271576	0.641	3.3059
64200	0.96278165174070673	0.012553991853312241	0.642	3.30639
64300	0.96326423820192886	0.012507383701918451	0.643	3.30687
64400	0.96374861157145797	0.012460923469208246	0.644	3.30736
64500	0.9642347695338116	0.012414610718185485	0.645	3.30785
64600	0.96472270979294772	0.012368445013725663	0.646	3.30834
64700	0.96521243007212065	0.012322425922561799	0.647	3.30883
64800	0.96570392811373329	0.012276553013270427	0.648	3.30932
64900	0.96619720167919698	0.012230825856257732	0.649	3.30982
65000	0.96669224854878621	0.012185244023745842	0.65	3.31031
65100	0.9671890665214985	0.012139807089759147	0.651	3.31081
65200	0.96768765341491503	0.012094514630110794	0.652	3.31131
65300	0.96818800706506081	0.012049366222389269	0.653	3.31182
65400	0.96869012532626853	0.012004361445945107	0.654	3.31232
65500	0.96919400607104089	0.01195949988187767	0.655	3.31283
65600	0.96969964718991641	0.011914781113022129	0.656	3.31333
65700	0.97020704659133439	0.01187020472393646	0.657	3.31384
65800	0.97071620220150456	0.011825770300888576	0.658	3.31435
65900	0.97122711196427203	0.01178147743184357	0.659	3.31487
66000	0.97173977384098986	0.011737325706451114	0.66	3.31538
66100	0.97225418581038681	0.011693314716032872	0.661	3.3159
66200	0.97277034586844169	0.011649444053570093	0.662	3.31642
66300	0.97328825202825475	0.011605713313691209	0.663	3.31694
66400	0.9738079023199202	0.011562122092659716	0.664	3.31746
66500	0.97432929479040509	0.011518669988361936	0.665	3.31798
66600	0.97485242750342105	0.01147535660029508	0.666	3.3185
66700	0.9753772985393051	0.011432181529555248	0.667	3.31903
66800	0.97590390599489385	0.011389144378825671	0.668	3.31956
66900	0.97643224798340644	0.011346244752364896	0.669	3.32009
67000	0.9769623226343227	0.011303482255995248	0.67	3.32062
67100	0.97749412809326397	0.011260856497091227	0.671	3.32116
67200	0.97802766252187712	0.011218367084568102	0.672	3.32169
67300	0.97856292409771639	0.011176013628870555	0.673	3.32223
67400	0.97909991101412752	0.011133795741961452	0.674	3.32277
67500	0.97963862148013392	0.01109171303731068	0.675	3.32331
67600	0.98017905372032166	0.011049765129884063	0.676	3.32385
67700	0.98072120597472701	0.011007951636132433	0.677	3.32439
67800	0.98126507649872685	0.010966272173980742	0.678	3.32494
67900	0.98181066356292213	0.010924726362817241	0.679	3.32548
68000	0.98235796545303278	0.010883313823482853	0.68	3.32603
68100	0.98290698046978675	0.010842034178260487	0.681	3.32658
68200	0.98345770692881285	0.010800887050864611	0.682	3.32714
68300	0.98401014316052926	0.010759872066430736	0.683	3.32769
68400	0.98456428751004399	0.010718988851505134	0.684	3.32825
68500	0.98512013833704337	0.010678237034034562	0.685	3.3288
68600	0.98567769401568994	0.010637616243356072	0.686	3.32936
68700	0.98623695293451907	0.010597126110186983	0.687	3.32992
68800	0.98679791349633439	0.010556766266614812	0.688	3.33049
68900	0.98736057411810685	0.010516536346087407	0.689	3.33105
69000	0.98792493323087271	0.010476435983403124	0.69	3.33162
69100	0.9884909892796353	0.010436464814701018	0.691	3.33218
69200	0.98905874072326105	0.010396622477451226	0.692	3.33275
69300	0.98962818603438574	0.010356908610445368	0.693	3.33332
69400	0.99019932369931352	0.010317322853787033	0.694	3.3339
69500	0.99077215221792025	0.010277864848882363	0.695	3.33447
69600	0.99134667010355848	0.010238534238430699	0.696	3.33505
69700	0.9919228758829588	0.010199330666415322	0.697	3.33562
69800	0.99250076809613941	0.010160253778094245	0.698	3.3362
69900	0.99308034529630806	0.010121303219991112	0.699	3.33678
70000	0.99366160604977183	0.010082478639886159	0.7	3.33737
70100	0.99424454893584335	0.010043779686807273	0.701	3.33795
70200	0.9948291725467493	0.010005206011021053	0.702	3.33854
70300	0.99541547548753917	0.0099667572640240627	0.703	3.33912
70400	0.99600345637599619	0.0099284330985340927	0.704	3.33971
70500	0.99659311384254612	0.0098902331684814302	0.705	3.3403
70600	0.99718444653017047	0.0098521571290003506	0.706	3.3409
70700	0.99777745309431665	0.0098142046364205586	0.707	3.34149
70800	0.99837213220281185	0.0097763753482587538	0.708	3.34209
70900	0.99896848253577697	0.0097386689232102745	0.709	3.34268
71000	0.99956650278553805	0.00970108502114078	0.71	3.34328
71100	1.0001661916565452	0.0096636233030780293	0.711	3.34388
71200	1.0007675478652847	0.0096262834312037006	0.712	3.34449
71300	1.0013705701401971	0.0095890650688453295	0.713	3.34509
71400	1.0019752572215932	0.0095519678804682762	0.714	3.3457
71500	1.0025816078615719	0.0095149915316677432	0.715	3.3463
71600	1.0031896208239364	0.0094781356891609526	0.716	3.34691
71700	1.0037992948841177	0.0094414000207792715	0.717	3.34752
71800	1.0044106288290913	0.0094047841954604736	0.718	3.34814
71900	1.0050236214572974	0.0093682878832410475	0.719	3.34875
72000	1.0056382715785595	0.0093319107552486125	0.72	3.34937
72100	1.0062545780140115	0.0092956524836943222	0.721	3.34998
72200	1.0068725395960139	0.0092595127418653739	0.722	3.3506
72300	 1.00749215516808	0.0092234912041176068	0.723	3.35122
72400	1.0081134235847982	0.0091875875458681429	0.724	3.35185
72500	1.0087363437117574	0.0091518014435880337	0.725	3.35247
72600	1.0093609144254707	0.009116132574795089	0.726	3.35309
72700	1.0099871346132965	0.0090805806180466585	0.727	3.35372
72800	1.0106150031733721	0.0090451452529325283	0.728	3.35435
72900	1.0112445190145343	0.0090098261600679002	0.729	3.35498
73000	1.0118756810562453	0.0089746230210863386	0.73	3.35561
73100	1.0125084882285285	0.0089395355186328886	0.731	3.35625
73200	1.0131429394718856	0.0089045633363571929	0.732	3.35688
73300	1.0137790337372348	0.0088697061589066602	0.733	3.35752
73400	1.0144167699858322	0.0088349636719197294	0.734	3.35816
73500	1.0150561471892077	0.0088003355620191667	0.735	3.3588
73600	1.0156971643290937	0.0087658215168054457	0.736	3.35944
73700	1.0163398203973517	0.0087314212248501485	0.737	3.36008
73800	1.0169841143959095	0.0086971343756894557	0.738	3.36073
73900	1.017630045336694	0.0086629606598176666	0.739	3.36138
74000	1.0182776122415567	0.0086288997686808054	0.74	3.36202
74100	1.0189268141422125	0.0085949513946702617	0.741	3.36268
74200	1.0195776500801721	0.0085611152311164517	0.742	3.36333
74300	1.0202301191066743	0.0085273909722826825	0.743	3.36398
74400	1.0208842202826247	0.0084937783133588324	0.744	3.36464
74500	1.0215399526785258	0.0084602769504553092	0.745	3.36529
74600	1.0221973153744182	0.0084268865805969297	0.746	3.36595
74700	1.0228563074598116	0.0083936069017168883	0.747	3.36661
74800	1.0235169280336216	0.0083604376126508138	0.748	3.36727
74900	1.0241791762041168	0.0083273784131308089	0.749	3.36793
75000	1.0248430510888404	0.0082944290037796058	0.75	3.3686
75100	1.025508551814563	0.0082615890861047116	0.751	3.36927
75200	1.0261756775172113	0.0082288583624927081	0.752	3.36993
75300	1.0268444273418103	0.0081962365362034731	0.753	3.3706
75400	1.0275148004424293	0.0081637233113645326	0.754	3.37127
75500	1.0281867959821107	0.0081313183929654451	0.755	3.37195
75600	1.0288604131328196	0.0080990214868522439	0.756	3.37262
75700	1.0295356510753806	0.0080668322997219117	0.757	3.3733
75800	1.0302125089994192	0.0080347505391169007	0.758	3.37397
75900	1.0308909861033089	0.0080027759134197757	0.759	3.37465
76000	1.031571081594105	0.0079709081318477277	0.76	3.37533
76100	1.032252794687494	0.0079391469044473671	0.761	3.37602
76200	1.0329361246077342	0.007907491942089364	0.762	3.3767
76300	1.0336210705876019	0.0078759429564632683	0.763	3.37739
76400	1.0343076318683329	0.0078444996600723106	0.764	3.37807
76500	1.0349958076995676	0.0078131617662282778	0.765	3.37876
76600	1.0356855973393009	0.0077819289890463869	0.766	3.37945
76700	1.0363770000538186	0.0077508010434402964	0.767	3.38015
76800	1.0370700151176542	0.0077197776451170706	0.768	3.38084
76900	1.0377646418135233	0.0076888585105722327	0.769	3.38153
77000	 1.03846087943228	0.0076580433570848571	0.77	3.38223
77100	 1.03915872727286	0.0076273319027127208	0.771	3.38293
77200	1.039858184642229	0.0075967238662874581	0.772	3.38363
77300	1.040559250855331	0.0075662189674098003	0.773	3.38433
77400	1.0412619252350364	0.0075358169264448365	0.774	3.38504
77500	1.041966207112091	0.0075055174645173202	0.775	3.38574
77600	1.0426720958250641	0.0074753203035070334	0.776	3.38645
77700	1.0433795907202998	0.0074452251660441756	0.777	3.38715
77800	1.0440886911518681	0.007415231775504791	0.778	3.38786
77900	1.044799396481513	0.0073853398560062653	0.779	3.38858
78000	1.0455117060785992	0.0073555491324028294	0.78	3.38929
78100	1.0462256193200743	0.0073258593302811311	0.781	3.39
78200	1.0469411355904126	0.0072962701759558346	0.782	3.39072
78300	1.0476582542815662	0.0072667813964652512	0.783	3.39144
78400	1.0483769747929226	0.0072373927195670462	0.784	3.39216
78500	1.0490972965312519	0.0072081038737339337	0.785	3.39288
78600	1.0498192189106659	0.0071789145881494621	0.786	3.3936
78700	1.0505427413525656	0.0071498245927037966	0.787	3.39432
78800	1.0512678632855976	0.0071208336179895762	0.788	3.39505
78900	1.0519945841456093	0.0070919413952977798	0.789	3.39578
79000	1.0527229033756025	0.0070631476566136477	0.79	3.39651
79100	1.0534528204256857	0.0070344521346126293	0.791	3.39724
79200	1.0541843347530351	0.0070058545626564082	0.792	3.39797
79300	1.0549174458218455	0.0069773546747888722	0.793	3.3987
79400	1.0556521531032876	0.0069489522057322459	0.794	3.39944
79500	1.0563884560754639	0.0069206468908831519	0.795	3.40017
79600	1.0571263542233673	0.0068924384663087701	0.796	3.40091
79700	1.0578658470388342	0.0068643266687430093	0.797	3.40165
79800	1.0586069340205058	0.0068363112355827246	0.798	3.40239
79900	1.0593496146737835	0.0068083919048839599	0.799	3.40314
80000	1.060093888510786	0.0067805684153582459	0.8	3.40388
80100	1.0608397550503115	0.0067528405063689021	0.801	3.40463
80200	1.0615872138177922	0.0067252079179274202	0.802	3.40538
80300	1.0623362643452536	0.006697670390689814	0.803	3.40613
80400	1.0630869061712787	0.0066702276659530834	0.804	3.40688
80500	1.0638391388409585	0.0066428794856516361	0.805	3.40763
80600	1.0645929619058636	0.0066156255923538222	0.806	3.40838
80700	1.0653483749239936	0.0065884657292584158	0.807	3.40914
80800	1.0661053774597415	0.0065613996401912116	0.808	3.4099
80900	1.0668639690838588	0.0065344270696015873	0.809	3.41066
81000	 1.06762414937341	0.0065075477625591545	0.81	3.41142
81100	1.0683859179117381	0.0064807614647503986	0.811	3.41218
81200	1.0691492742884252	0.0064540679224753834	0.812	3.41294
81300	1.0699142180992554	0.0064274668826444642	0.813	3.41371
81400	1.0706807489461732	0.0064009580927750333	0.814	3.41448
81500	1.0714488664372532	0.0063745413009883333	0.815	3.41524
81600	1.0722185701866549	0.0063482162560062469	0.816	3.41601
81700	1.0729898598145957	0.0063219827071481589	0.817	3.41679
81800	1.0737627349473038	0.0062958404043278416	0.818	3.41756
81900	1.0745371952169886	0.0062697890980503513	0.819	3.41833
82000	1.075313240261806	0.0062438285394089783	0.82	3.41911
82100	1.0760908697258151	0.0062179584800822066	0.821	3.41989
82200	1.0768700832589519	0.006192178672330728	0.822	3.42067
82300	1.0776508805169873	0.0061664888689944653	0.823	3.42145
82400	1.0784332611614962	0.0061408888234896243	0.824	3.42223
82500	1.0792172248598233	0.0061153782898058047	0.825	3.42302
82600	1.080002771285044	0.0060899570225031079	0.826	3.4238
82700	1.0807899001159371	0.0060646247767092674	0.827	3.42459
82800	1.0815786110369476	0.0060393813081168497	0.828	3.42538
82900	1.0823689037381521	0.0060142263729804314	0.829	3.42617
83000	1.0831607779152255	0.0059891597281138617	0.83	3.42696
83100	1.0839542332694152	0.0059641811308875012	0.831	3.42776
83200	1.0847492695074992	0.0059392903392255086	0.832	3.42855
83300	1.0855458863417566	0.0059144871116031681	0.833	3.42935
83400	1.0863440834899369	0.005889771207044218	0.834	3.43015
83500	1.0871438606752286	0.0058651423851182379	0.835	3.43095
83600	1.0879452176262263	0.0058406004059380198	0.836	3.43175
83700	1.0887481540768984	0.0058161450301570149	0.837	3.43255
83800	1.0895526697665592	0.005791776018966765	0.838	3.43336
83900	1.0903587644398334	0.0057674931340943852	0.839	3.43416
84000	1.0911664378466295	0.0057432961378000641	0.84	3.43497
84100	1.0919756897421056	0.0057191847928745885	0.841	3.43578
84200	1.0927865198866447	0.0056951588626368973	0.842	3.43659
84300	1.0935989280458227	0.0056712181109316575	0.843	3.43741
84400	1.0944129139903742	0.0056473623021268717	0.844	3.43822
84500	1.0952284774961678	0.0056235912011114919	0.845	3.43904
84600	1.0960456183441751	0.0055999045732930946	0.846	3.43985
84700	1.0968643363204438	0.0055763021845955446	0.847	3.44067
84800	1.0976846312160693	0.0055527838014566835	0.848	3.44149
84900	1.098506502827159	0.0055293491908260757	0.849	3.44232
85000	1.099329950954812	0.0055059981201627502	0.85	3.44314
85100	1.1001549754050926	0.005482730357432972	0.851	3.44396
85200	1.1009815759889932	0.0054595456711080299	0.852	3.44479
85300	1.1018097525224149	0.005436443830162078	0.853	3.44562
85400	1.1026395048261362	0.0054134246040699668	0.854	3.44645
85500	1.1034708327257867	0.0053904877628050945	0.855	3.44728
85600	1.1043037360518222	0.0053676330768373214	0.856	3.44812
85700	1.1051382146394964	0.0053448603171308657	0.857	3.44895
85800	1.1059742683288305	0.0053221692551422379	0.858	3.44979
85900	1.106811896964595	0.005299559662818208	0.859	3.45062
86000	1.1076511003962763	0.005277031312593764	0.86	3.45146
86100	1.1084918784780573	0.0052545839773901317	0.861	3.4523
86200	1.1093342310687839	0.0052322174306127737	0.862	3.45315
86300	1.1101781580319505	0.0052099314461494578	0.863	3.45399
86400	1.1110236592356606	0.0051877257983683036	0.864	3.45484
86500	1.1118707345526153	0.0051656002621158666	0.865	3.45568
86600	1.1127193838600817	0.0051435546127152577	0.866	3.45653
86700	 1.11356960703987	0.0051215886259642612	0.867	3.45738
86800	1.1144214039783067	0.0050997020781334878	0.868	3.45824
86900	1.1152747745662124	0.0050778947459645231	0.869	3.45909
87000	1.1161297186988788	0.0050561664066681505	0.87	3.45995
87100	1.1169862362760457	0.0050345168379225249	0.871	3.4608
87200	1.1178443272018745	0.0050129458178714264	0.872	3.46166
87300	1.1187039913849244	0.004991453125122486	0.873	3.46252
87400	1.1195652287381281	0.0049700385387454766	0.874	3.46338
87500	1.1204280391787795	0.0049487018382705812	0.875	3.46424
87600	1.1212924226284942	0.0049274428036867098	0.876	3.46511
87700	1.1221583790132026	0.0049062612154398182	0.877	3.46598
87800	1.1230259082631158	0.0048851568544312496	0.878	3.46684
87900	1.1238950103127097	0.0048641295020161032	0.879	3.46771
88000	  1.1247656851007	0.0048431789400016209	0.88	3.46858
88100	1.1256379325700219	0.0048223049506455739	0.881	3.46946
88200	1.1265117526678083	0.0048015073166546903	0.882	3.47033
88300	1.127387145345369	0.0047807858211830843	0.883	3.47121
88400	1.1282641105581668	0.0047601402478307129	0.884	3.47208
88500	  1.1291426482658	0.0047395703806418438	0.885	3.47296
88600	1.1300227584319786	0.0047190760041035578	0.886	3.47384
88700	1.1309044410245008	0.0046986569031442355	0.887	3.47472
88800	1.1317876960152413	0.0046783128631321053	0.888	3.47561
88900	1.1326725233801225	0.0046580436698737656	0.889	3.47649
89000	1.133558923099099	0.0046378491096127393	0.89	3.47738
89100	1.1344468951561344	0.0046177289690280668	0.891	3.47827
89200	1.1353364395391821	0.0045976830352328921	0.892	3.47916
89300	1.1362275562401678	0.0045777110957730613	0.893	3.48005
89400	1.137120245254968	0.0045578129386257531	0.894	3.48094
89500	1.1380145065833922	0.0045379883521981263	0.895	3.48184
89600	1.1389103402291583	0.0045182371253259654	0.896	3.48273
89700	1.1398077461998828	0.0044985590472723562	0.897	3.48363
89800	1.1407067245070563	0.0044789539077263784	0.898	3.48453
89900	1.1416072751660202	0.0044594214968018096	0.899	3.48543
90000	1.1425093981959591	0.0044399616050358401	0.9	3.48633
90100	1.1434130936198716	0.0044205740233878082	0.901	3.48724
90200	1.1443183614645618	0.0044012585432379554	0.902	3.48814
90300	1.1452252017606148	0.0043820149563861968	0.903	3.48905
90400	1.1461336145423759	0.0043628430550508831	0.904	3.48996
90500	1.1470435998479445	0.0043437426318676114	0.905	3.49087
90600	1.147955157719146	0.0043247134798880303	0.906	3.49178
90700	1.148868288201514	0.0043057553925786645	0.907	3.49269
90800	1.1497829913442836	0.0042868681638197452	0.908	3.49361
90900	1.1506992672003642	0.0042680515879040667	0.909	3.49452
91000	1.1516171158263224	0.0042493054595358834	0.91	3.49544
91100	1.1525365372823724	0.0042306295738297334	0.911	3.49636
91200	1.1534575316323556	0.0042120237263093751	0.912	3.49728
91300	1.1543800989437214	0.0041934877129066904	0.913	3.49821
91400	1.1553042392875157	0.0041750213299605893	0.914	3.49913
91500	1.1562299527383595	0.0041566243742159614	0.915	3.50006
91600	1.1571572393744376	0.0041382966428226212	0.916	3.50098
91700	1.1580860992774771	0.004120037933334264	0.917	3.50191
91800	1.1590165325327408	0.0041018480437074491	0.918	3.50284
91900	1.1599485392290001	0.0040837267723005839	0.919	3.50377
92000	1.1608821194585279	0.0040656739178729136	0.92	3.50471
92100	1.1618172733170806	0.0040476892795835509	0.921	3.50564
92200	1.1627540009038819	0.004029772656990502	0.922	3.50658
92300	1.1636923023216093	0.0040119238500496883	0.923	3.50752
92400	1.1646321776763784	0.003994142659114016	0.924	3.50846
92500	1.1655736270777288	0.0039764288849324144	0.925	3.5094
92600	1.1665166506386069	0.0039587823286489406	0.926	3.51034
92700	1.1674612484753528	0.0039412027918018407	0.927	3.51129
92800	1.1684074207076887	0.0039236900763226622	0.928	3.51224
92900	1.1693551674587015	0.0039062439845353662	0.929	3.51318
93000	1.1703044888548286	0.0038888643191554262	0.93	3.51413
93100	1.1712553850258456	0.0038715508832889872	0.931	3.51508
93200	1.1722078561048515	0.003854303480431997	0.932	3.51604
93300	1.1731619022282533	0.0038371219144693706	0.933	3.51699
93400	1.1741175235357588	0.0038200059896741374	0.934	3.51795
93500	1.175074720170352	0.0038029555107066456	0.935	3.5189
93600	1.176033492278292	0.0037859702826137233	0.936	3.51986
93700	1.1769938400090907	0.0037690501108279036	0.937	3.52082
93800	1.1779557635155025	0.0037521948011666074	0.938	3.52179
93900	1.178919262953515	0.0037354041598313837	0.939	3.52275
94000	1.1798843384823312	0.0037186779934071318	0.94	3.52371
94100	1.1808509902643585	0.0037020161088613429	0.941	3.52468
94200	1.1818192184651981	0.0036854183135433512	0.942	3.52565
94300	1.1827890232536276	0.0036688844151835957	0.943	3.52662
94400	1.1837604048015942	0.0036524142218928852	0.944	3.52759
94500	1.1847333632841999	0.0036360075421616885	0.945	3.52856
94600	1.1857078988796879	0.0036196641848594171	0.946	3.52954
94700	1.1866840117694326	0.0036033839592337262	0.947	3.53051
94800	1.1876617021379288	0.0035871666749098278	0.948	3.53149
94900	1.1886409701727805	0.0035710121418898065	0.949	3.53247
95000	1.1896218160646821	0.0035549201705519472	0.95	3.53345
95100	1.1906042400074159	0.0035388905716500691	0.951	3.53444
95200	1.1915882421978383	0.0035229231563128839	0.952	3.53542
95300	1.1925738228358622	0.0035070177360433342	0.953	3.53641
95400	1.1935609821244557	0.0034911741227179691	0.954	3.53739
95500	1.1945497202696225	0.0034753921285863134	0.955	3.53838
95600	1.1955400374804002	0.0034596715662702534	0.956	3.53937
95700	1.1965319339688381	0.0034440122487634176	0.957	3.54036
95800	1.1975254099499941	0.003428413989430586	0.958	3.54136
95900	1.1985204656419237	0.0034128766020070853	0.959	3.54235
96000	1.1995171012656702	0.0033973999005982151	0.96	3.54335
96100	1.2005153170452465	0.0033819836996786608	0.961	3.54435
96200	1.2015151132076376	0.0033666278140919315	0.962	3.54535
96300	1.202516489982778	0.0033513320590498	0.963	3.54635
96400	1.2035194476035502	0.0033360962501317449	0.964	3.54735
96500	1.2045239863057717	0.0033209202032844073	0.965	3.54836
96600	1.2055301063281834	0.003305803734821052	0.966	3.54936
96700	1.2065378079124431	0.0032907466614210449	0.967	3.55037
96800	1.2075470913031168	0.0032757488001293202	0.968	3.55138
96900	1.2085579567476621	0.0032608099683558646	0.969	3.55239
97000	1.2095704044964284	0.003245929983875225	0.97	3.5534
97100	1.2105844348026382	0.0032311086648259854	0.971	3.55442
97200	1.211600047922387	0.0032163458297102942	0.972	3.55543
97300	1.2126172441146275	0.003201641297393362	0.973	3.55645
97400	1.2136360236411632	0.0031869948871029873	0.974	3.55747
97500	1.2146563867666369	0.0031724064184290874	0.975	3.55849
97600	1.2156783337585269	0.0031578757113232287	0.976	3.55951
97700	1.2167018648871375	0.0031434025860981618	0.977	3.56054
97800	1.2177269804255824	0.0031289868634273802	0.978	3.56156
97900	1.2187536806497863	0.0031146283643446655	0.979	3.56259
98000	1.2197819658384714	0.0031003269102436448	0.98	3.56362
98100	1.2208118362731497	0.0030860823228773659	0.981	3.56465
98200	1.2218432922381168	0.0030718944243578595	0.982	3.56568
98300	1.2228763340204392	0.003057763037155721	0.983	3.56671
98400	1.2239109619099524	0.0030436879840997069	0.984	3.56775
98500	1.2249471761992465	0.0030296690883763033	0.985	3.56878
98600	1.2259849771836644	0.0030157061735293384	0.986	3.56982
98700	1.2270243651612911	0.0030017990634595773	0.987	3.57086
98800	1.2280653404329427	0.0029879475824243313	0.988	3.5719
98900	1.2291079033021683	0.0029741515550370731	0.989	3.57294
99000	1.2301520540752304	0.0029604108062670476	0.99	3.57399
99100	1.2311977930611082	0.0029467251614389111	0.991	3.57503
99200	1.2322451205714833	0.0029330944462323452	0.992	3.57608
99300	1.2332940369207346	0.0029195184866816983	0.993	3.57713
99400	1.2343445424259352	0.0029059971091756282	0.994	3.57818
99500	1.2353966374068388	0.0028925301404567399	0.995	3.57923
99600	1.2364503221858738	0.0028791174076212454	0.996	3.58029
99700	1.2375055970881417	0.002865758738118607	0.997	3.58134
99800	1.2385624624414058	0.0028524539597512126	0.998	3.5824
99900	1.2396209185760856	0.0028392029006740218	0.999	3.58346
100000	1.2406809658252504	0.0028260053893942494	1	3.58452
