# Filename: 3Dvlt_K0cFind3_Plot_Op3352_K0.38750_y0.06246_step100000.dat
# Source: 3Dvlt_K0cFind3_Plot.c
# Source version: 1 (2012 Jun 07 - ...)
# Constant values: PI= 3.141592653589793116, PISQ=9.8696044010893579923, PICU=31.0062766802998162063
# Parameter values: OpA=3, OpAa=3, OpB=5, OpC=2, B=41.3417022403997549418, THETA=0.6, N=2, initialdl=1e-05, trajectorydl=0.0001, initialds=1e-05, trajectorydsMax=1e-05, uncertainty=1e-13, dataskipdl=100, dataskipds=999
# Option-dependent values: K=0.387500000000000011102, y=0.0624600000000000016298, Kstar=                  -10, ystar=                  -10, c=                    0, Z=                    0, lambda=                    0, initialKdir=0, flowdir=-1, Max_steps=100000
# Initialized values: Deltas=0, Deltal=0, count_steps=0, count_passes=0, K0c=0, oldK0c=-100
# Input-file parameter: Cc=6.92109e-310
# step	K	y	path-length-l	path-length-s (in K-y-space)
0	0.38750000000000001	0.062460000000000002	0	0
1	0.38750000233878484	0.062459999951095344	-1e-05	2.3393e-09
2	0.38750000467759005	0.062459999902204653	-2e-05	4.67861e-09
3	0.38750000701641568	0.062459999853327931	-3e-05	7.01795e-09
4	0.38750000935526169	0.062459999804465177	-4e-05	9.3573e-09
5	0.38750001169412807	0.062459999755616391	-5e-05	1.16967e-08
6	0.38750001403301482	0.062459999706781573	-6e-05	1.40361e-08
7	0.38750001637192194	0.062459999657960723	-7e-05	1.63755e-08
8	0.38750001871084949	0.062459999609153841	-8e-05	1.87149e-08
9	0.38750002104979742	0.062459999560360926	-9e-05	2.10544e-08
10	0.38750002338876571	0.062459999511581987	-0.0001	2.33939e-08
100	0.38750023397954247	0.062459995178696125	-0.001	2.34029e-07
200	0.38750046816395428	0.062459990497194841	-0.002	4.6826e-07
300	0.38750070255430968	0.062459985955618677	-0.003	7.02695e-07
400	0.38750093715168432	0.062459981554090965	-0.004	9.37333e-07
500	0.38750117195715611	0.062459977292735558	-0.005	1.17218e-06
600	0.38750140697180463	0.062459973171676952	-0.006	1.40723e-06
700	0.38750164219671113	0.062459969191040375	-0.007	1.64249e-06
800	0.38750187763295946	0.062459965350951552	-0.008	1.87795e-06
900	0.38750211328163436	0.062459961651537027	-0.009	2.11363e-06
1000	0.38750234914382364	0.062459958092923817	-0.01	2.34952e-06
1100	0.38750258522061581	0.0624599546752398	-0.011	2.58562e-06
1200	0.38750282151310206	0.06245995139861335	-0.012	2.82194e-06
1300	0.38750305802237528	0.062459948263173561	-0.013	3.05847e-06
1400	0.38750329474952921	0.062459945269050111	-0.014	3.29521e-06
1500	0.38750353169566154	0.06245994241637335	-0.015	3.53218e-06
1600	0.38750376886187016	0.062459939705274393	-0.016	3.76936e-06
1700	0.38750400624925591	0.062459937135884908	-0.017	4.00676e-06
1800	0.38750424385892102	0.062459934708337286	-0.018	4.24438e-06
1900	0.38750448169196983	0.062459932422764472	-0.019	4.48223e-06
2000	0.3875047197495089	0.062459930279300163	-0.02	4.72029e-06
2100	0.38750495803264601	0.06245992827807869	-0.021	4.95859e-06
2200	0.38750519654249138	0.062459926419235041	-0.022	5.1971e-06
2300	0.38750543528015702	0.062459924702904908	-0.023	5.43585e-06
2400	0.38750567424675725	0.062459923129224611	-0.024	5.67482e-06
2500	0.38750591344340773	0.06245992169833111	-0.025	5.91402e-06
2600	0.38750615287122658	0.062459920410362142	-0.026	6.15345e-06
2700	0.38750639253133407	0.062459919265455952	-0.027	6.39311e-06
2800	0.38750663242485206	0.0624599182637516	-0.028	6.63301e-06
2900	0.38750687255290428	0.06245991740538874	-0.029	6.87314e-06
3000	0.38750711291661655	0.062459916690507683	-0.03	7.1135e-06
3100	0.38750735351711718	0.062459916119249517	-0.031	7.3541e-06
3200	0.38750759435553606	0.062459915691755873	-0.032	7.59494e-06
3300	0.38750783543300543	0.062459915408169142	-0.033	7.83602e-06
3400	0.38750807675065885	0.062459915268632392	-0.034	8.07734e-06
3500	0.38750831830963262	0.062459915273289354	-0.035	8.3189e-06
3600	0.38750856011106477	0.062459915422284476	-0.036	8.5607e-06
3700	0.3875088021560959	0.062459915715762759	-0.037	8.80274e-06
3800	0.38750904444586753	0.06245991615386997	-0.038	9.04503e-06
3900	0.38750928698152382	0.062459916736752642	-0.039	9.28757e-06
4000	0.3875095297642116	0.062459917464557896	-0.04	9.53035e-06
4100	0.38750977279507903	0.062459918337433515	-0.041	9.77339e-06
4200	0.38751001607527669	0.06245991935552804	-0.042	1.00167e-05
4300	0.38751025960595692	0.062459920518990616	-0.043	1.02602e-05
4400	0.38751050338827447	0.0624599218279712	-0.044	1.0504e-05
4500	0.38751074742338598	0.062459923282620358	-0.045	1.0748e-05
4600	0.38751099171244996	0.062459924883089352	-0.046	1.09923e-05
4700	0.38751123625662781	0.062459926629530205	-0.047	1.12369e-05
4800	0.38751148105708244	0.062459928522095469	-0.048	1.14817e-05
4900	0.38751172611497886	0.062459930560938619	-0.049	1.17267e-05
5000	0.3875119714314848	0.062459932746213663	-0.05	1.19721e-05
5100	0.38751221700776894	0.062459935078075339	-0.051	1.22177e-05
5200	0.38751246284500324	0.062459937556679127	-0.052	1.24635e-05
5300	0.38751270894436124	0.062459940182181185	-0.053	1.27096e-05
5400	0.38751295530701896	0.062459942954738411	-0.054	1.2956e-05
5500	0.38751320193415434	0.062459945874508267	-0.055	1.32026e-05
5600	0.3875134488269476	0.062459948941649066	-0.056	1.34496e-05
5700	0.38751369598658081	0.062459952156319748	-0.057	1.36967e-05
5800	0.38751394341423884	0.062459955518680062	-0.058	1.39442e-05
5900	0.3875141911111083	0.062459959028890344	-0.059	1.41919e-05
6000	0.38751443907837813	0.062459962687111723	-0.06	1.44399e-05
6100	0.38751468731723931	0.062459966493506026	-0.061	1.46882e-05
6200	0.38751493582888541	0.062459970448235737	-0.062	1.49367e-05
6300	0.38751518461451184	0.062459974551464105	-0.063	1.51855e-05
6400	0.38751543367531582	0.062459978803355104	-0.064	1.54346e-05
6500	0.38751568301249784	0.062459983204073408	-0.065	1.5684e-05
6600	0.38751593262725997	0.062459987753784377	-0.066	1.59337e-05
6700	0.38751618252080666	0.062459992452654184	-0.067	1.61836e-05
6800	0.38751643269434449	0.062459997300849564	-0.068	1.64338e-05
6900	0.38751668314908233	0.062460002298538132	-0.069	1.66843e-05
7000	0.38751693388623187	0.062460007445888165	-0.07	1.69351e-05
7100	0.38751718490700598	0.062460012743068623	-0.071	1.71862e-05
7200	0.38751743621262064	0.062460018190249267	-0.072	1.74376e-05
7300	0.38751768780429408	0.062460023787600551	-0.073	1.76892e-05
7400	0.38751793968324594	0.062460029535293636	-0.074	1.79412e-05
7500	0.38751819185069986	0.062460035433500469	-0.075	1.81934e-05
7600	0.38751844430787941	0.062460041482393716	-0.076	1.84459e-05
7700	0.38751869705601266	0.062460047682146677	-0.077	1.86987e-05
7800	0.3875189500963287	0.062460054032933546	-0.078	1.89519e-05
7900	0.38751920343005958	0.062460060534929099	-0.079	1.92053e-05
8000	0.38751945705843943	0.062460067188309036	-0.08	1.9459e-05
8100	0.38751971098270466	0.062460073993249564	-0.081	1.9713e-05
8200	0.3875199652040941	0.062460080949927783	-0.082	1.99673e-05
8300	0.3875202197238492	0.062460088058521539	-0.083	2.0222e-05
8400	0.38752047454321276	0.062460095319209361	-0.084	2.04769e-05
8500	0.38752072966343132	0.062460102732170529	-0.085	2.07321e-05
8600	0.38752098508575283	0.062460110297585109	-0.086	2.09876e-05
8700	0.38752124081142814	0.062460118015633857	-0.087	2.12435e-05
8800	0.3875214968417105	0.062460125886498317	-0.088	2.14996e-05
8900	0.38752175317785487	0.062460133910360781	-0.089	2.17561e-05
9000	0.3875220098211194	0.062460142087404344	-0.09	2.20129e-05
9100	0.38752226677276386	0.062460150417812728	-0.091	2.227e-05
9200	0.38752252403405135	0.062460158901770473	-0.092	2.25274e-05
9300	0.38752278160624665	0.06246016753946295	-0.093	2.27851e-05
9400	0.38752303949061739	0.062460176331076103	-0.094	2.30431e-05
9500	0.38752329768843324	0.062460185276796851	-0.095	2.33015e-05
9600	0.38752355620096668	0.062460194376812724	-0.096	2.35601e-05
9700	0.38752381502949257	0.062460203631312029	-0.097	2.38191e-05
9800	0.38752407417528761	0.062460213040483929	-0.098	2.40784e-05
9900	0.38752433363963223	0.062460222604518313	-0.099	2.43381e-05
10000	0.38752459342380863	0.062460232323605772	-0.1	2.4598e-05
10100	0.38752485352910082	0.062460242197937679	-0.101	2.48583e-05
10200	0.3875251139567964	0.062460252227706209	-0.102	2.5119e-05
10300	0.38752537470818488	0.062460262413104345	-0.103	2.53799e-05
10400	0.38752563578455856	0.062460272754325759	-0.104	2.56412e-05
10500	0.38752589718721192	0.062460283251564969	-0.105	2.59028e-05
10600	0.38752615891744219	0.062460293905017221	-0.106	2.61648e-05
10700	0.38752642097654866	0.062460304714878533	-0.107	2.6427e-05
10800	0.38752668336583412	0.062460315681345725	-0.108	2.66897e-05
10900	0.38752694608660271	0.062460326804616391	-0.109	2.69526e-05
11000	0.38752720914016198	0.06246033808488894	-0.11	2.72159e-05
11100	0.38752747252782205	0.062460349522362478	-0.111	2.74795e-05
11200	0.38752773625089504	0.062460361117237004	-0.112	2.77435e-05
11300	0.38752800031069584	0.062460372869713177	-0.113	2.80078e-05
11400	0.38752826470854174	0.062460384779992537	-0.114	2.82725e-05
11500	0.38752852944575328	0.062460396848277429	-0.115	2.85375e-05
11600	0.38752879452365324	0.062460409074770892	-0.116	2.88029e-05
11700	0.38752905994356618	0.062460421459676833	-0.117	2.90686e-05
11800	0.38752932570682069	0.062460434003199949	-0.118	2.93346e-05
11900	0.38752959181474667	0.062460446705545722	-0.119	2.96011e-05
12000	0.38752985826867808	0.062460459566920375	-0.12	2.98678e-05
12100	0.38753012506995005	0.062460472587530957	-0.121	3.01349e-05
12200	0.38753039221990088	0.062460485767585387	-0.122	3.04024e-05
12300	0.38753065971987172	0.062460499107292358	-0.123	3.06702e-05
12400	0.387530927571206	0.062460512606861293	-0.124	3.09384e-05
12500	0.38753119577525064	0.062460526266502461	-0.125	3.1207e-05
12600	0.38753146433335417	0.062460540086427006	-0.126	3.14759e-05
12700	0.38753173324686813	0.062460554066846703	-0.127	3.17452e-05
12800	0.3875320025171472	0.062460568207974361	-0.128	3.20148e-05
12900	0.38753227214554842	0.06246058251002342	-0.129	3.22848e-05
13000	0.3875325421334313	0.062460596973208229	-0.13	3.25552e-05
13100	0.38753281248215821	0.062460611597743951	-0.131	3.28259e-05
13200	0.38753308319309387	0.062460626383846522	-0.132	3.30971e-05
13300	0.38753335426760677	0.06246064133173268	-0.133	3.33685e-05
13400	0.38753362570706751	0.062460656441620015	-0.134	3.36404e-05
13500	0.38753389751284922	0.062460671713726934	-0.135	3.39126e-05
13600	0.38753416968632787	0.062460687148272694	-0.136	3.41853e-05
13700	0.38753444222888178	0.062460702745477381	-0.137	3.44582e-05
13800	0.38753471514189325	0.062460718505561799	-0.138	3.47316e-05
13900	0.38753498842674633	0.062460734428747687	-0.139	3.50054e-05
14000	0.38753526208482814	0.062460750515257582	-0.14	3.52795e-05
14100	0.38753553611752822	0.062460766765314826	-0.141	3.5554e-05
14200	0.38753581052623975	0.062460783179143664	-0.142	3.58289e-05
14300	0.38753608531235767	0.062460799756969096	-0.143	3.61042e-05
14400	0.38753636047728068	0.062460816499017052	-0.144	3.63799e-05
14500	0.38753663602240968	0.06246083340551413	-0.145	3.66559e-05
14600	0.38753691194914858	0.062460850476687979	-0.146	3.69324e-05
14700	0.38753718825890404	0.062460867712766863	-0.147	3.72092e-05
14800	0.38753746495308555	0.062460885113980104	-0.148	3.74865e-05
14900	0.38753774203310548	0.062460902680557755	-0.149	3.77641e-05
15000	0.38753801950037942	0.062460920412730651	-0.15	3.80421e-05
15100	0.38753829735632511	0.06246093831073065	-0.151	3.83206e-05
15200	0.38753857560236388	0.06246095637479035	-0.152	3.85994e-05
15300	0.38753885423991952	0.062460974605143216	-0.153	3.88786e-05
15400	0.38753913327041867	0.06246099300202352	-0.154	3.91583e-05
15500	0.38753941269529113	0.062461011565666399	-0.155	3.94383e-05
15600	0.3875396925159692	0.062461030296308014	-0.156	3.97188e-05
15700	0.38753997273388852	0.062461049194185117	-0.157	3.99996e-05
15800	0.38754025335048742	0.062461068259535506	-0.158	4.02809e-05
15900	0.38754053436720731	0.06246108749259778	-0.159	4.05625e-05
16000	0.38754081578549193	0.062461106893611396	-0.16	4.08446e-05
16100	0.38754109760678918	0.062461126462816693	-0.161	4.11271e-05
16200	0.38754137983254894	0.062461146200454877	-0.162	4.141e-05
16300	0.38754166246422428	0.062461166106768023	-0.163	4.16934e-05
16400	0.38754194550327126	0.062461186181999036	-0.164	4.19771e-05
16500	0.38754222895114915	0.062461206426391733	-0.165	4.22613e-05
16600	0.38754251280931962	0.062461226840190814	-0.166	4.25459e-05
16700	0.38754279707924788	0.062461247423641765	-0.167	4.28309e-05
16800	0.38754308176240176	0.062461268176991144	-0.168	4.31163e-05
16900	0.38754336686025237	0.06246128910048615	-0.169	4.34022e-05
17000	0.38754365237427391	0.062461310194375022	-0.17	4.36885e-05
17100	0.38754393830594397	0.062461331458906921	-0.171	4.39752e-05
17200	0.38754422465674165	0.062461352894331641	-0.172	4.42624e-05
17300	0.38754451142815077	0.062461374500900176	-0.173	4.455e-05
17400	0.38754479862165747	0.062461396278864136	-0.174	4.4838e-05
17500	0.38754508623875089	0.062461418228476243	-0.175	4.51264e-05
17600	0.38754537428092384	0.062461440349989947	-0.176	4.54153e-05
17700	0.38754566274967139	0.06246146264365969	-0.177	4.57046e-05
17800	0.38754595164649241	0.062461485109740776	-0.178	4.59944e-05
17900	0.38754624097288809	0.062461507748489402	-0.179	4.62846e-05
18000	0.38754653073036333	0.06246153056016264	-0.18	4.65753e-05
18100	0.38754682092042625	0.062461553545018575	-0.181	4.68664e-05
18200	0.38754711154458749	0.062461576703316056	-0.182	4.71579e-05
18300	0.3875474026043616	0.062461600035314903	-0.183	4.74499e-05
18400	0.38754769410126561	0.062461623541275837	-0.184	4.77424e-05
18500	0.38754798603681934	0.062461647221460484	-0.185	4.80353e-05
18600	0.38754827841254708	0.06246167107613141	-0.186	4.83286e-05
18700	0.38754857122997532	0.062461695105552023	-0.187	4.86224e-05
18800	0.38754886449063414	0.062461719309986667	-0.188	4.89167e-05
18900	0.38754915819605645	0.062461743689700658	-0.189	4.92114e-05
19000	0.38754945234777888	0.062461768244960185	-0.19	4.95066e-05
19100	0.38754974694734057	0.062461792976032389	-0.191	4.98022e-05
19200	0.38755004199628434	0.062461817883185278	-0.192	5.00983e-05
19300	0.38755033749615614	0.06246184296668781	-0.193	5.03949e-05
19400	0.38755063344850516	0.062461868226809901	-0.194	5.06919e-05
19500	0.38755092985488365	0.062461893663822349	-0.195	5.09894e-05
19600	0.38755122671684739	0.062461919277996915	-0.196	5.12873e-05
19700	0.38755152403595561	0.062461945069606208	-0.197	5.15858e-05
19800	0.38755182181376996	0.062461971038923959	-0.198	5.18847e-05
19900	0.38755212005185619	0.062461997186224659	-0.199	5.21841e-05
20000	0.38755241875178287	0.06246202351178378	-0.2	5.24839e-05
20100	0.38755271791512214	0.062462050015877783	-0.201	5.27843e-05
20200	0.38755301754344967	0.062462076698783904	-0.202	5.30851e-05
20300	0.3875533176383435	0.062462103560780594	-0.203	5.33864e-05
20400	0.38755361820138579	0.062462130602147066	-0.204	5.36881e-05
20500	0.38755391923416271	0.062462157823163549	-0.205	5.39904e-05
20600	0.38755422073826173	0.062462185224111164	-0.206	5.42932e-05
20700	0.38755452271527535	0.062462212805271991	-0.207	5.45964e-05
20800	0.38755482516679879	0.062462240566929096	-0.208	5.49001e-05
20900	0.38755512809443082	0.062462268509366474	-0.209	5.52043e-05
21000	0.38755543149977351	0.062462296632869126	-0.21	5.5509e-05
21100	0.38755573538443244	0.062462324937722989	-0.211	5.58142e-05
21200	0.38755603975001635	0.062462353424214946	-0.212	5.61199e-05
21300	0.38755634459813781	0.062462382092632829	-0.213	5.64261e-05
21400	0.38755664993041206	0.062462410943265483	-0.214	5.67328e-05
21500	0.387556955748459	0.062462439976402662	-0.215	5.704e-05
21600	0.38755726205390056	0.06246246919233514	-0.216	5.73477e-05
21700	0.38755756884836295	0.062462498591354644	-0.217	5.76559e-05
21800	0.3875578761334757	0.062462528173753855	-0.218	5.79646e-05
21900	0.38755818391087182	0.062462557939826475	-0.219	5.82738e-05
22000	0.38755849218218758	0.062462587889867166	-0.22	5.85835e-05
22100	0.3875588009490627	0.062462618024171544	-0.221	5.88938e-05
22200	0.38755911021314066	0.062462648343036213	-0.222	5.92045e-05
22300	0.38755941997606874	0.062462678846758816	-0.223	5.95158e-05
22400	0.38755973023949686	0.062462709535637921	-0.224	5.98276e-05
22500	0.38756004100507935	0.062462740409973093	-0.225	6.01399e-05
22600	0.38756035227447316	0.062462771470064911	-0.226	6.04527e-05
22700	0.38756066404933981	0.062462802716214953	-0.227	6.0766e-05
22800	0.3875609763313434	0.062462834148725749	-0.228	6.10799e-05
22900	0.38756128912215193	0.062462865767900833	-0.229	6.13943e-05
23000	0.3875616024234374	0.062462897574044766	-0.23	6.17092e-05
23100	0.38756191623687541	0.062462929567463146	-0.231	6.20246e-05
23200	0.38756223056414391	0.062462961748462498	-0.232	6.23406e-05
23300	0.38756254540692586	0.062462994117350325	-0.233	6.26571e-05
23400	0.38756286076690766	0.062463026674435304	-0.234	6.29741e-05
23500	0.38756317664577866	0.062463059420026938	-0.235	6.32917e-05
23600	0.38756349304523191	0.062463092354435826	-0.236	6.36098e-05
23700	0.38756380996696482	0.06246312547797362	-0.237	6.39284e-05
23800	0.38756412741267759	0.06246315879095287	-0.238	6.42476e-05
23900	0.38756444538407464	0.062463192293687256	-0.239	6.45674e-05
24000	0.38756476388286376	0.062463225986491441	-0.24	6.48876e-05
24100	0.38756508291075653	0.06246325986968114	-0.241	6.52085e-05
24200	0.38756540246946858	0.06246329394357298	-0.242	6.55298e-05
24300	0.3875657225607187	0.062463328208484749	-0.243	6.58518e-05
24400	0.38756604318622928	0.062463362664735185	-0.244	6.61742e-05
24500	0.38756636434772712	0.062463397312644088	-0.245	6.64972e-05
24600	0.38756668604694244	0.062463432152532319	-0.246	6.68208e-05
24700	0.38756700828560881	0.062463467184721705	-0.247	6.7145e-05
24800	0.38756733106546443	0.062463502409535222	-0.248	6.74697e-05
24900	0.38756765438825008	0.062463537827296772	-0.249	6.77949e-05
25000	0.38756797825571093	0.062463573438331331	-0.25	6.81207e-05
25100	0.38756830266959608	0.062463609242964971	-0.251	6.84471e-05
25200	0.38756862763165856	0.062463645241524757	-0.252	6.87741e-05
25300	0.38756895314365486	0.062463681434338815	-0.253	6.91016e-05
25400	0.38756927920734485	0.062463717821736431	-0.254	6.94297e-05
25500	0.38756960582449346	0.062463754404047687	-0.255	6.97583e-05
25600	0.38756993299686809	0.062463791181603938	-0.256	7.00876e-05
25700	0.38757026072624079	0.062463828154737541	-0.257	7.04174e-05
25800	0.3875705890143874	0.062463865323781911	-0.258	7.07478e-05
25900	0.38757091786308756	0.062463902689071558	-0.259	7.10787e-05
26000	0.38757124727412451	0.062463940250942027	-0.26	7.14103e-05
26100	0.3875715772492857	0.062463978009729915	-0.261	7.17424e-05
26200	0.38757190779036244	0.062464015965772911	-0.262	7.20751e-05
26300	0.38757223889914982	0.062464054119409758	-0.263	7.24084e-05
26400	0.38757257057744682	0.06246409247098033	-0.264	7.27423e-05
26500	0.38757290282705681	0.062464131020825549	-0.265	7.30768e-05
26600	0.38757323564978646	0.062464169769287314	-0.266	7.34119e-05
26700	0.38757356904744666	0.062464208716708818	-0.267	7.37475e-05
26800	0.38757390302185213	0.062464247863434165	-0.268	7.40838e-05
26900	0.38757423757482179	0.062464287209808594	-0.269	7.44206e-05
27000	0.38757457270817874	0.062464326756178461	-0.27	7.47581e-05
27100	0.38757490842374986	0.062464366502891187	-0.271	7.50962e-05
27200	0.38757524472336535	0.062464406450295329	-0.272	7.54348e-05
27300	0.38757558160886019	0.062464446598740432	-0.273	7.57741e-05
27400	0.38757591908207362	0.062464486948577265	-0.274	7.6114e-05
27500	0.38757625714484839	0.062464527500157643	-0.275	7.64545e-05
27600	0.38757659579903142	0.062464568253834528	-0.276	7.67956e-05
27700	0.38757693504647339	0.062464609209961913	-0.277	7.71373e-05
27800	0.38757727488902954	0.062464650368894953	-0.278	7.74796e-05
27900	0.38757761532855911	0.062464691730989889	-0.279	7.78225e-05
28000	0.38757795636692549	0.062464733296604104	-0.28	7.81661e-05
28100	0.38757829800599541	0.062464775066096045	-0.281	7.85103e-05
28200	0.3875786402476411	0.062464817039825322	-0.282	7.88551e-05
28300	0.38757898309373778	0.062464859218152695	-0.283	7.92005e-05
28400	0.38757932654616561	0.062464901601439991	-0.284	7.95466e-05
28500	0.3875796706068077	0.062464944190050206	-0.285	7.98933e-05
28600	0.3875800152775527	0.062464986984347361	-0.286	8.02406e-05
28700	0.38758036056029227	0.062465029984696725	-0.287	8.05885e-05
28800	0.38758070645692316	0.062465073191464743	-0.288	8.09371e-05
28900	0.38758105296934592	0.062465116605018849	-0.289	8.12863e-05
29000	0.38758140009946507	0.062465160225727671	-0.29	8.16362e-05
29100	0.38758174784919014	0.06246520405396104	-0.291	8.19867e-05
29200	0.38758209622043366	0.062465248090089825	-0.292	8.23378e-05
29300	0.38758244521511359	0.062465292334486104	-0.293	8.26896e-05
29400	0.38758279483515157	0.062465336787523161	-0.294	8.30421e-05
29500	0.38758314508247338	0.062465381449575308	-0.295	8.33951e-05
29600	0.38758349595900971	0.062465426321018085	-0.296	8.37489e-05
29700	0.3875838474666945	0.062465471402228211	-0.297	8.41033e-05
29800	0.38758419960746676	0.062465516693583495	-0.298	8.44583e-05
29900	0.38758455238326994	0.062465562195462933	-0.299	8.4814e-05
30000	0.3875849057960512	0.062465607908246741	-0.3	8.51704e-05
30100	0.38758525984776254	0.062465653832316198	-0.301	8.55274e-05
30200	0.38758561454035984	0.06246569996805388	-0.302	8.58851e-05
30300	0.38758596987580379	0.06246574631584341	-0.303	8.62434e-05
30400	0.38758632585605918	0.062465792876069667	-0.304	8.66024e-05
30500	0.38758668248309491	0.062465839649118657	-0.305	8.69621e-05
30600	0.38758703975888514	0.062465886635377624	-0.306	8.73224e-05
30700	0.38758739768540762	0.062465933835234903	-0.307	8.76835e-05
30800	0.38758775626464481	0.062465981249080128	-0.308	8.80452e-05
30900	0.38758811549858341	0.062466028877304056	-0.309	8.84076e-05
31000	0.38758847538921509	0.062466076720298649	-0.31	8.87706e-05
31100	0.38758883593853527	0.062466124778456977	-0.311	8.91343e-05
31200	0.38758919714854417	0.062466173052173467	-0.312	8.94988e-05
31300	0.38758955902124703	0.062466221541843621	-0.313	8.98639e-05
31400	0.38758992155865246	0.062466270247864247	-0.314	9.02297e-05
31500	0.38759028476277402	0.062466319170633201	-0.315	9.05962e-05
31600	0.38759064863563059	0.06246636831054974	-0.316	9.09633e-05
31700	0.38759101317924399	0.062466417668014203	-0.317	9.13312e-05
31800	0.38759137839564201	0.06246646724342815	-0.318	9.16998e-05
31900	0.38759174428685644	0.062466517037194337	-0.319	9.2069e-05
32000	0.38759211085492296	0.062466567049716822	-0.32	9.2439e-05
32100	0.38759247810188291	0.062466617281400814	-0.321	9.28097e-05
32200	0.38759284602978183	0.062466667732652754	-0.322	9.3181e-05
32300	0.38759321464067004	0.062466718403880371	-0.323	9.35531e-05
32400	0.38759358393660176	0.062466769295492539	-0.324	9.39259e-05
32500	0.38759395391963636	0.06246682040789938	-0.325	9.42994e-05
32600	0.38759432459183818	0.062466871741512338	-0.326	9.46736e-05
32700	0.38759469595527546	0.062466923296743956	-0.327	9.50485e-05
32800	0.38759506801202143	0.062466975074008127	-0.328	9.54242e-05
32900	0.38759544076415431	0.062467027073719927	-0.329	9.58005e-05
33000	0.38759581421375633	0.062467079296295684	-0.33	9.61776e-05
33100	0.38759618836291487	0.062467131742152994	-0.331	9.65554e-05
33200	0.38759656321372171	0.062467184411710695	-0.332	9.6934e-05
33300	0.38759693876827378	0.062467237305388869	-0.333	9.73132e-05
33400	0.38759731502867284	0.062467290423608886	-0.334	9.76932e-05
33500	0.38759769199702493	0.062467343766793353	-0.335	9.80739e-05
33600	0.38759806967544086	0.062467397335366069	-0.336	9.84554e-05
33700	0.38759844806603605	0.06246745112975232	-0.337	9.88376e-05
33800	0.38759882717093136	0.062467505150378362	-0.338	9.92205e-05
33900	0.38759920699225209	0.062467559397671943	-0.339	9.96042e-05
34000	0.3875995875321282	0.062467613872062018	-0.34	9.99886e-05
34100	0.38759996879269443	0.062467668573978778	-0.341	0.000100374
34200	0.38760035077609084	0.06246772350385376	-0.342	0.00010076
34300	0.387600733484462	0.062467778662119708	-0.343	0.000101146
34400	0.38760111691995758	0.062467834049210726	-0.344	0.000101534
34500	0.38760150108473151	0.062467889665562153	-0.345	0.000101922
34600	0.38760188598094292	0.062467945511610667	-0.346	0.000102311
34700	0.38760227161075667	0.062468001587794197	-0.347	0.000102701
34800	0.38760265797634097	0.062468057894552016	-0.348	0.000103091
34900	0.38760304507987009	0.062468114432324605	-0.349	0.000103482
35000	0.38760343292352339	0.062468171201553853	-0.35	0.000103874
35100	0.38760382150948369	0.062468228202682927	-0.351	0.000104267
35200	0.38760421083994046	0.062468285436156262	-0.352	0.00010466
35300	0.38760460091708748	0.062468342902419649	-0.353	0.000105055
35400	0.38760499174312352	0.062468400601920195	-0.354	0.00010545
35500	0.38760538332025207	0.062468458535106318	-0.355	0.000105846
35600	0.38760577565068244	0.062468516702427673	-0.356	0.000106242
35700	0.38760616873662812	0.062468575104335358	-0.357	0.00010664
35800	0.38760656258030807	0.062468633741281733	-0.358	0.000107038
35900	0.38760695718394611	0.06246869261372056	-0.359	0.000107437
36000	0.38760735254977124	0.062468751722106836	-0.36	0.000107837
36100	0.38760774868001757	0.062468811066897001	-0.361	0.000108237
36200	0.38760814557692436	0.062468870648548704	-0.362	0.000108638
36300	0.38760854324273608	0.062468930467521069	-0.363	0.000109041
36400	0.38760894167970183	0.062468990524274397	-0.364	0.000109444
36500	0.38760934089007643	0.062469050819270532	-0.365	0.000109847
36600	0.38760974087611938	0.062469111352972562	-0.366	0.000110252
36700	0.3876101416400955	0.062469172125844928	-0.367	0.000110657
36800	0.38761054318427507	0.062469233138353508	-0.368	0.000111063
36900	0.38761094551093345	0.062469294390965414	-0.369	0.00011147
37000	0.38761134862235097	0.062469355884149196	-0.37	0.000111878
37100	0.38761175252081326	0.062469417618374781	-0.371	0.000112287
37200	0.38761215720861109	0.062469479594113503	-0.372	0.000112696
37300	0.38761256268804078	0.062469541811837954	-0.373	0.000113106
37400	0.38761296896140385	0.062469604272022181	-0.374	0.000113517
37500	0.38761337603100665	0.062469666975141641	-0.375	0.000113929
37600	0.38761378389916146	0.062469729921673108	-0.376	0.000114342
37700	0.38761419256818569	0.062469793112094725	-0.377	0.000114755
37800	0.38761460204040166	0.062469856546886082	-0.378	0.00011517
37900	0.38761501231813761	0.0624699202265281	-0.379	0.000115585
38000	0.38761542340372651	0.062469984151503198	-0.38	0.000116001
38100	0.38761583529950733	0.06247004832229508	-0.381	0.000116418
38200	0.38761624800782385	0.062470112739388989	-0.382	0.000116836
38300	0.38761666153102636	0.062470177403271446	-0.383	0.000117254
38400	0.38761707587146832	0.062470242314430394	-0.384	0.000117673
38500	0.38761749103151089	0.062470307473355274	-0.385	0.000118094
38600	0.38761790701351934	0.062470372880536876	-0.386	0.000118515
38700	0.38761832381986505	0.062470438536467408	-0.387	0.000118937
38800	0.38761874145292435	0.062470504441640491	-0.388	0.00011936
38900	0.38761915991507956	0.062470570596551207	-0.389	0.000119783
39000	0.38761957920871826	0.062470637001696069	-0.39	0.000120208
39100	0.38761999933623348	0.062470703657573012	-0.391	0.000120633
39200	0.38762042030002336	0.062470770564681394	-0.392	0.000121059
39300	0.3876208421024922	0.062470837723522001	-0.393	0.000121487
39400	0.38762126474605024	0.06247090513459707	-0.394	0.000121914
39500	0.38762168823311238	0.062470972798410275	-0.395	0.000122343
39600	0.38762211256609924	0.062471040715466754	-0.396	0.000122773
39700	0.38762253774743699	0.062471108886273136	-0.397	0.000123204
39800	0.38762296377955785	0.062471177311337431	-0.398	0.000123635
39900	0.38762339066489976	0.062471245991169155	-0.399	0.000124068
40000	0.38762381840590576	0.062471314926279262	-0.4	0.000124501
40100	0.38762424700502451	0.062471384117180145	-0.401	0.000124935
40200	0.38762467646471088	0.062471453564385722	-0.402	0.00012537
40300	0.38762510678742557	0.062471523268411384	-0.403	0.000125806
40400	0.38762553797563387	0.06247159322977399	-0.404	0.000126243
40500	0.3876259700318071	0.062471663448991806	-0.405	0.00012668
40600	0.38762640295842343	0.062471733926584658	-0.406	0.000127119
40700	0.387626836757966	0.062471804663073859	-0.407	0.000127559
40800	0.38762727143292292	0.062471875658982164	-0.408	0.000127999
40900	0.38762770698578985	0.062471946914833883	-0.409	0.00012844
41000	0.38762814341906654	0.062472018431154713	-0.41	0.000128883
41100	0.38762858073525952	0.062472090208471963	-0.411	0.000129326
41200	0.3876290189368809	0.062472162247314424	-0.412	0.00012977
41300	0.38762945802644844	0.062472234548212359	-0.413	0.000130215
41400	0.38762989800648595	0.062472307111697552	-0.414	0.000130661
41500	0.38763033887952303	0.062472379938303325	-0.415	0.000131108
41600	0.38763078064809514	0.062472453028564461	-0.416	0.000131555
41700	0.38763122331474387	0.062472526383017334	-0.417	0.000132004
41800	0.38763166688201645	0.062472600002199778	-0.418	0.000132454
41900	0.38763211135246595	0.062472673886651182	-0.419	0.000132904
42000	0.38763255672865177	0.06247274803691253	-0.42	0.000133356
42100	0.3876330030131388	0.062472822453526186	-0.421	0.000133808
42200	0.38763345020849815	0.062472897137036222	-0.422	0.000134262
42300	0.38763389831730749	0.062472972087988125	-0.423	0.000134716
42400	0.38763434734214886	0.062473047306928979	-0.424	0.000135171
42500	0.38763479728561201	0.062473122794407476	-0.425	0.000135628
42600	0.38763524815029216	0.062473198550973726	-0.426	0.000136085
42700	0.38763569993879066	0.062473274577179549	-0.427	0.000136543
42800	0.38763615265371448	0.062473350873578214	-0.428	0.000137002
42900	0.38763660629767716	0.062473427440724587	-0.429	0.000137462
43000	0.38763706087329758	0.062473504279175099	-0.43	0.000137923
43100	0.38763751638320154	0.062473581389487769	-0.431	0.000138385
43200	0.38763797283002116	0.062473658772222225	-0.432	0.000138848
43300	0.3876384302163941	0.062473736427939533	-0.433	0.000139312
43400	0.38763888854496414	0.062473814357202548	-0.434	0.000139777
43500	0.38763934781838189	0.062473892560575464	-0.435	0.000140243
43600	0.38763980803930315	0.062473971038624287	-0.436	0.00014071
43700	0.38764026921039063	0.062474049791916515	-0.437	0.000141177
43800	0.38764073133431343	0.062474128821021283	-0.438	0.000141646
43900	0.38764119441374695	0.062474208126509244	-0.439	0.000142116
44000	0.38764165845137188	0.062474287708952719	-0.44	0.000142587
44100	0.38764212344987609	0.062474367568925687	-0.441	0.000143059
44200	0.38764258941195351	0.062474447707003659	-0.442	0.000143532
44300	0.38764305634030427	0.062474528123763792	-0.443	0.000144005
44400	0.38764352423763526	0.062474608819784852	-0.444	0.00014448
44500	0.38764399310665854	0.062474689795647208	-0.445	0.000144956
44600	0.38764446295009403	0.062474771051932956	-0.446	0.000145433
44700	0.38764493377066733	0.062474852589225707	-0.447	0.000145911
44800	0.38764540557111005	0.062474934408110701	-0.448	0.000146389
44900	0.38764587835416114	0.06247501650917494	-0.449	0.000146869
45000	0.38764635212256493	0.062475098893006994	-0.45	0.00014735
45100	0.38764682687907331	0.062475181560197039	-0.451	0.000147832
45200	0.38764730262644348	0.062475264511336989	-0.452	0.000148315
45300	0.38764777936743994	0.062475347747020335	-0.453	0.000148799
45400	0.38764825710483369	0.062475431267842309	-0.454	0.000149284
45500	0.38764873584140169	0.062475515074399711	-0.455	0.00014977
45600	0.38764921557992738	0.062475599167291077	-0.456	0.000150257
45700	0.38764969632320145	0.062475683547116592	-0.457	0.000150745
45800	0.38765017807402086	0.062475768214478117	-0.458	0.000151234
45900	0.38765066083518934	0.06247585316997914	-0.459	0.000151724
46000	0.38765114460951616	0.062475938414224878	-0.46	0.000152216
46100	0.3876516293998184	0.062476023947822298	-0.461	0.000152708
46200	0.38765211520891951	0.062476109771379941	-0.462	0.000153201
46300	0.38765260203964952	0.062476195885508179	-0.463	0.000153696
46400	0.38765308989484476	0.062476282290818891	-0.464	0.000154191
46500	0.38765357877734852	0.062476368987925801	-0.465	0.000154688
46600	0.3876540686900109	0.062476455977444348	-0.466	0.000155185
46700	0.38765455963568896	0.062476543259991607	-0.467	0.000155684
46800	0.38765505161724589	0.062476630836186403	-0.468	0.000156184
46900	0.38765554463755192	0.062476718706649267	-0.469	0.000156684
47000	0.38765603869948401	0.062476806872002445	-0.47	0.000157186
47100	0.38765653380592596	0.062476895332869924	-0.471	0.000157689
47200	0.38765702995976842	0.062476984089877431	-0.472	0.000158193
47300	0.38765752716390861	0.062477073143652431	-0.473	0.000158698
47400	0.38765802542125066	0.062477162494824108	-0.474	0.000159204
47500	0.38765852473470591	0.06247725214402336	-0.475	0.000159712
47600	0.38765902510719263	0.062477342091882902	-0.476	0.00016022
47700	0.38765952654163544	0.062477432339037187	-0.477	0.00016073
47800	0.38766002904096653	0.062477522886122398	-0.478	0.00016124
47900	0.38766053260812433	0.062477613733776464	-0.479	0.000161752
48000	0.38766103724605422	0.062477704882639089	-0.48	0.000162265
48100	0.38766154295770938	0.06247779633335173	-0.481	0.000162779
48200	0.38766204974604895	0.062477888086557687	-0.482	0.000163294
48300	0.38766255761404017	0.062477980142901977	-0.483	0.00016381
48400	0.38766306656465616	0.062478072503031369	-0.484	0.000164327
48500	0.38766357660087791	0.062478165167594503	-0.485	0.000164846
48600	0.38766408772569305	0.06247825813724172	-0.486	0.000165365
48700	0.38766459994209684	0.062478351412625276	-0.487	0.000165886
48800	0.38766511325309133	0.062478444994399057	-0.488	0.000166407
48900	0.38766562766168522	0.062478538883218838	-0.489	0.00016693
49000	0.38766614317089471	0.062478633079742253	-0.49	0.000167454
49100	0.38766665978374332	0.062478727584628642	-0.491	0.00016798
49200	0.38766717750326152	0.062478822398539247	-0.492	0.000168506
49300	0.38766769633248677	0.062478917522137092	-0.493	0.000169033
49400	0.38766821627446452	0.062479012956087002	-0.494	0.000169562
49500	0.38766873733224655	0.06247910870105567	-0.495	0.000170092
49600	0.38766925950889247	0.062479204757711564	-0.496	0.000170623
49700	0.38766978280746889	0.062479301126725048	-0.497	0.000171155
49800	0.38767030723104962	0.062479397808768343	-0.498	0.000171688
49900	0.38767083278271602	0.062479494804515444	-0.499	0.000172223
50000	0.38767135946555636	0.062479592114642268	-0.5	0.000172758
50100	0.38767188728266738	0.062479689739826531	-0.501	0.000173295
50200	0.38767241623715182	0.062479787680747807	-0.502	0.000173833
50300	0.38767294633212029	0.062479885938087606	-0.503	0.000174372
50400	0.38767347757069098	0.062479984512529209	-0.504	0.000174912
50500	0.38767400995598944	0.062480083404757789	-0.505	0.000175454
50600	0.38767454349114855	0.062480182615460435	-0.506	0.000175996
50700	0.38767507817930846	0.062480282145326145	-0.507	0.00017654
50800	0.38767561402361739	0.062480381995045735	-0.508	0.000177085
50900	0.38767615102723024	0.062480482165311928	-0.509	0.000177632
51000	0.38767668919331033	0.062480582656819335	-0.51	0.000178179
51100	0.38767722852502823	0.062480683470264448	-0.511	0.000178728
51200	0.3876777690255615	0.062480784606345777	-0.512	0.000179278
51300	0.38767831069809566	0.062480886065763609	-0.513	0.000179829
51400	0.38767885354582377	0.062480987849220161	-0.514	0.000180381
51500	0.38767939757194664	0.062481089957419654	-0.515	0.000180935
51600	0.38767994277967283	0.062481192391068099	-0.516	0.000181489
51700	0.38768048917221798	0.062481295150873598	-0.517	0.000182045
51800	0.38768103675280619	0.062481398237546032	-0.518	0.000182602
51900	0.38768158552466886	0.062481501651797257	-0.519	0.000183161
52000	0.38768213549104452	0.06248160539434118	-0.52	0.000183721
52100	0.3876826866551808	0.062481709465893494	-0.521	0.000184281
52200	0.38768323902033158	0.062481813867171901	-0.522	0.000184844
52300	0.38768379258975955	0.062481918598896104	-0.523	0.000185407
52400	0.38768434736673485	0.062482023661787713	-0.524	0.000185972
52500	0.38768490335453537	0.062482129056570336	-0.525	0.000186538
52600	0.38768546055644698	0.062482234783969533	-0.526	0.000187105
52700	0.38768601897576338	0.062482340844712797	-0.527	0.000187673
52800	0.38768657861578598	0.06248244723952967	-0.528	0.000188243
52900	0.38768713947982458	0.062482553969151644	-0.529	0.000188814
53000	0.38768770157119631	0.062482661034312187	-0.53	0.000189386
53100	0.38768826489322616	0.062482768435746738	-0.531	0.000189959
53200	0.38768882944924732	0.06248287617419282	-0.532	0.000190534
53300	0.38768939524260165	0.062482984250389909	-0.533	0.00019111
53400	0.3876899622766381	0.062483092665079447	-0.534	0.000191687
53500	0.38769053055471381	0.062483201419004958	-0.535	0.000192266
53600	0.38769110008019358	0.062483310512911922	-0.536	0.000192846
53700	0.38769167085645123	0.062483419947547782	-0.537	0.000193427
53800	0.3876922428868681	0.062483529723662196	-0.538	0.00019401
53900	0.38769281617483381	0.062483639842006722	-0.539	0.000194593
54000	0.38769339072374559	0.06248375030333498	-0.54	0.000195178
54100	0.38769396653700944	0.062483861108402629	-0.541	0.000195765
54200	0.38769454361803968	0.062483972257967382	-0.542	0.000196352
54300	0.38769512197025818	0.062484083752788931	-0.543	0.000196941
54400	0.38769570159709488	0.062484195593629145	-0.544	0.000197532
54500	0.38769628250198873	0.062484307781251872	-0.545	0.000198123
54600	0.38769686468838638	0.062484420316423026	-0.546	0.000198716
54700	0.38769744815974339	0.062484533199910694	-0.547	0.000199311
54800	0.38769803291952259	0.062484646432484935	-0.548	0.000199906
54900	0.38769861897119623	0.062484760014917845	-0.549	0.000200503
55000	0.38769920631824384	0.062484873947983736	-0.55	0.000201102
55100	0.38769979496415391	0.062484988232458918	-0.551	0.000201701
55200	0.38770038491242309	0.06248510286912181	-0.552	0.000202302
55300	0.38770097616655685	0.062485217858753002	-0.553	0.000202904
55400	0.38770156873006928	0.062485333202135077	-0.554	0.000203508
55500	0.38770216260648172	0.062485448900052837	-0.555	0.000204113
55600	0.38770275779932456	0.06248556495329307	-0.556	0.00020472
55700	0.38770335431213693	0.062485681362644853	-0.557	0.000205327
55800	0.38770395214846676	0.062485798128899234	-0.558	0.000205937
55900	0.38770455131186982	0.062485915252849467	-0.559	0.000206547
56000	0.38770515180591053	0.062486032735290978	-0.56	0.000207159
56100	0.38770575363416221	0.062486150577021206	-0.561	0.000207772
56200	0.38770635680020682	0.0624862687788399	-0.562	0.000208387
56300	0.38770696130763443	0.062486387341548849	-0.563	0.000209003
56400	0.38770756716004445	0.062486506265952022	-0.564	0.00020962
56500	0.3877081743610441	0.062486625552855557	-0.565	0.000210239
56600	0.38770878291425048	0.062486745203067746	-0.566	0.000210859
56700	0.3877093928232882	0.062486865217399143	-0.567	0.000211481
56800	0.38771000409179118	0.062486985596662353	-0.568	0.000212104
56900	0.38771061672340196	0.062487106341672198	-0.569	0.000212728
57000	0.38771123072177216	0.062487227453245718	-0.57	0.000213354
57100	0.38771184609056192	0.062487348932202195	-0.571	0.000213981
57200	0.38771246283343991	0.062487470779362966	-0.572	0.00021461
57300	0.38771308095408435	0.062487592995551712	-0.573	0.00021524
57400	0.38771370045618209	0.062487715581594258	-0.574	0.000215872
57500	0.3877143213434282	0.062487838538318685	-0.575	0.000216505
57600	0.38771494361952752	0.062487961866555211	-0.576	0.000217139
57700	0.38771556728819356	0.062488085567136406	-0.577	0.000217775
57800	0.38771619235314864	0.062488209640896956	-0.578	0.000218412
57900	0.3877168188181242	0.062488334088673818	-0.579	0.000219051
58000	0.38771744668686126	0.062488458911306236	-0.58	0.000219691
58100	0.38771807596310853	0.062488584109635634	-0.581	0.000220332
58200	0.38771870665062491	0.062488709684505768	-0.582	0.000220976
58300	0.3877193387531776	0.062488835636762566	-0.583	0.00022162
58400	0.3877199722745438	0.062488961967254265	-0.584	0.000222266
58500	0.38772060721850909	0.062489088676831388	-0.585	0.000222914
58600	0.3877212435888685	0.062489215766346765	-0.586	0.000223562
58700	0.38772188138942615	0.062489343236655392	-0.587	0.000224213
58800	0.38772252062399498	0.062489471088614586	-0.588	0.000224865
58900	0.38772316129639817	0.062489599323084094	-0.589	0.000225518
59000	0.38772380341046758	0.062489727940925763	-0.59	0.000226173
59100	0.38772444697004421	0.062489856943003859	-0.591	0.000226829
59200	0.38772509197897836	0.062489986330184939	-0.592	0.000227487
59300	0.38772573844112962	0.06249011610333785	-0.593	0.000228147
59400	0.38772638636036727	0.062490246263333729	-0.594	0.000228807
59500	0.38772703574056933	0.062490376811046161	-0.595	0.00022947
59600	0.38772768658562345	0.062490507747350987	-0.596	0.000230134
59700	0.38772833889942748	0.062490639073126339	-0.597	0.000230799
59800	0.3877289926858879	0.062490770789252713	-0.598	0.000231466
59900	0.38772964794892062	0.062490902896613014	-0.599	0.000232135
60000	0.38773030469245129	0.062491035396092472	-0.6	0.000232804
60100	0.38773096292041498	0.062491168288578688	-0.601	0.000233476
60200	0.38773162263675648	0.062491301574961508	-0.602	0.000234149
60300	0.38773228384542996	0.062491435256133349	-0.603	0.000234824
60400	0.38773294655039919	0.062491569332988828	-0.604	0.0002355
60500	0.38773361075563761	0.062491703806425096	-0.605	0.000236177
60600	0.38773427646512842	0.062491838677341566	-0.606	0.000236857
60700	0.38773494368286343	0.06249197394664012	-0.607	0.000237537
60800	0.38773561241284593	0.062492109615225014	-0.608	0.00023822
60900	0.38773628265908794	0.062492245684002884	-0.609	0.000238904
61000	0.38773695442561107	0.062492382153882857	-0.61	0.000239589
61100	0.38773762771644649	0.062492519025776419	-0.611	0.000240276
61200	0.38773830253563607	0.062492656300597423	-0.612	0.000240965
61300	0.38773897888723075	0.062492793979262343	-0.613	0.000241655
61400	0.38773965677529215	0.062492932062689889	-0.614	0.000242347
61500	0.38774033620389059	0.062493070551801283	-0.615	0.00024304
61600	0.38774101717710691	0.062493209447520251	-0.616	0.000243735
61700	0.38774169969903188	0.062493348750772879	-0.617	0.000244432
61800	0.38774238377376585	0.062493488462487728	-0.618	0.00024513
61900	0.38774306940541964	0.062493628583595882	-0.619	0.00024583
62000	0.38774375659811355	0.062493769115030899	-0.62	0.000246531
62100	0.38774444535597824	0.062493910057728766	-0.621	0.000247234
62200	0.38774513568315455	0.06249405141262792	-0.622	0.000247939
62300	0.38774582758379339	0.0624941931806694	-0.623	0.000248645
62400	0.38774652106205504	0.062494335362796617	-0.624	0.000249353
62500	0.38774721612211033	0.062494477959955566	-0.625	0.000250063
62600	0.38774791276814058	0.062494620973094786	-0.626	0.000250774
62700	0.38774861100433705	0.062494764403165246	-0.627	0.000251487
62800	0.38774931083490083	0.06249490825112039	-0.628	0.000252201
62900	0.38775001226404399	0.062495052517916358	-0.629	0.000252917
63000	0.38775071529598831	0.062495197204511709	-0.63	0.000253635
63100	0.3877514199349657	0.062495342311867527	-0.631	0.000254355
63200	0.38775212618521882	0.062495487840947508	-0.632	0.000255076
63300	0.38775283405100064	0.062495633792717803	-0.633	0.000255798
63400	0.38775354353657404	0.062495780168147247	-0.634	0.000256523
63500	0.38775425464621255	0.062495926968207181	-0.635	0.000257249
63600	0.38775496738420012	0.062496074193871418	-0.636	0.000257977
63700	0.38775568175483138	0.062496221846116515	-0.637	0.000258706
63800	0.38775639776241061	0.062496369925921544	-0.638	0.000259437
63900	0.38775711541125357	0.062496518434268143	-0.639	0.00026017
64000	0.38775783470568598	0.062496667372140567	-0.64	0.000260905
64100	0.38775855565004436	0.062496816740525651	-0.641	0.000261641
64200	0.38775927824867562	0.06249696654041284	-0.642	0.000262379
64300	0.38776000250593728	0.062497116772794237	-0.643	0.000263119
64400	0.3877607284261978	0.062497267438664537	-0.644	0.00026386
64500	0.38776145601383549	0.062497418539021028	-0.645	0.000264603
64600	0.38776218527324047	0.062497570074863687	-0.646	0.000265348
64700	0.38776291620881265	0.062497722047195142	-0.647	0.000266095
64800	0.38776364882496339	0.062497874457020632	-0.648	0.000266843
64900	0.38776438312611372	0.062498027305348008	-0.649	0.000267593
65000	0.3877651191166967	0.062498180593187902	-0.65	0.000268345
65100	0.38776585680115583	0.06249833432155346	-0.651	0.000269098
65200	0.38776659618394477	0.062498488491460648	-0.652	0.000269853
65300	0.38776733726952906	0.06249864310392797	-0.653	0.00027061
65400	0.38776808006238445	0.062498798159976748	-0.654	0.000271369
65500	0.38776882456699785	0.062498953660630893	-0.655	0.00027213
65600	0.38776957078786706	0.062499109606917132	-0.656	0.000272892
65700	0.38777031872950102	0.06249926599986478	-0.657	0.000273656
65800	0.38777106839641978	0.062499422840505921	-0.658	0.000274422
65900	0.38777181979315389	0.062499580129875339	-0.659	0.00027519
66000	0.38777257292424594	0.06249973786901053	-0.66	0.000275959
66100	0.38777332779424856	0.062499896058951808	-0.661	0.000276731
66200	0.38777408440772609	0.062500054700742103	-0.662	0.000277504
66300	0.38777484276925395	0.062500213795427237	-0.663	0.000278279
66400	0.38777560288341867	0.062500373344055671	-0.664	0.000279055
66500	0.38777636475481819	0.062500533347678688	-0.665	0.000279834
66600	0.38777712838806133	0.062500693807350183	-0.666	0.000280614
66700	0.38777789378776856	0.062500854724127017	-0.667	0.000281396
66800	0.38777866095857133	0.062501016099068815	-0.668	0.00028218
66900	0.38777942990511288	0.062501177933237839	-0.669	0.000282966
67000	0.38778020063204788	0.062501340227699376	-0.67	0.000283754
67100	0.38778097314404097	0.062501502983521348	-0.671	0.000284543
67200	0.38778174744576993	0.062501666201774483	-0.672	0.000285334
67300	0.38778252354192327	0.062501829883532284	-0.673	0.000286128
67400	0.38778330143720163	0.062501994029871263	-0.674	0.000286923
67500	0.38778408113631557	0.062502158641870684	-0.675	0.000287719
67600	0.38778486264398887	0.062502323720612513	-0.676	0.000288518
67700	0.38778564596495613	0.062502489267181632	-0.677	0.000289319
67800	0.38778643110396371	0.06250265528266595	-0.678	0.000290121
67900	0.38778721806576888	0.062502821768155956	-0.679	0.000290926
68000	0.38778800685514148	0.062502988724745134	-0.68	0.000291732
68100	0.38778879747686323	0.062503156153529943	-0.681	0.00029254
68200	0.38778958993572665	0.062503324055609474	-0.682	0.00029335
68300	0.38779038423653661	0.062503492432085916	-0.683	0.000294162
68400	0.38779118038410998	0.062503661284064288	-0.684	0.000294976
68500	0.38779197838327456	0.062503830612652383	-0.685	0.000295792
68600	0.38779277823887071	0.062504000418961092	-0.686	0.000296609
68700	0.38779357995575064	0.062504170704104176	-0.687	0.000297429
68800	0.38779438353877815	0.062504341469198227	-0.688	0.000298251
68900	0.38779518899282878	0.062504512715362809	-0.689	0.000299074
69000	0.38779599632279116	0.062504684443720496	-0.69	0.000299899
69100	0.3877968055335641	0.062504856655396665	-0.691	0.000300727
69200	0.38779761663005996	0.062505029351519747	-0.692	0.000301556
69300	0.38779842961720268	0.062505202533221144	-0.693	0.000302387
69400	0.38779924449992814	0.062505376201635057	-0.694	0.00030322
69500	0.38780006128318478	0.062505550357898843	-0.695	0.000304056
69600	0.38780087997193269	0.062505725003152823	-0.696	0.000304893
69700	0.38780170057114405	0.062505900138540238	-0.697	0.000305732
69800	0.38780252308580354	0.062506075765207295	-0.698	0.000306573
69900	0.38780334752090834	0.062506251884303324	-0.699	0.000307416
70000	0.38780417388146715	0.062506428496980529	-0.7	0.000308261
70100	0.38780500217250174	0.062506605604394166	-0.701	0.000309108
70200	0.38780583239904615	0.062506783207702546	-0.702	0.000309957
70300	0.3878066645661466	0.062506961308067002	-0.703	0.000310808
70400	0.38780749867886122	0.062507139906651965	-0.704	0.000311661
70500	0.38780833474226106	0.062507319004624834	-0.705	0.000312516
70600	0.38780917276143007	0.062507498603156103	-0.706	0.000313373
70700	0.38781001274146404	0.062507678703419209	-0.707	0.000314232
70800	0.38781085468747106	0.062507859306590863	-0.708	0.000315093
70900	0.3878116986045726	0.062508040413850677	-0.709	0.000315956
71000	0.38781254449790226	0.062508222026381455	-0.71	0.000316821
71100	0.38781339237260648	0.062508404145369206	-0.711	0.000317689
71200	0.38781424223384414	0.062508586772002661	-0.712	0.000318558
71300	0.38781509408678705	0.062508769907473907	-0.713	0.000319429
71400	0.38781594793661894	0.062508953552978155	-0.714	0.000320303
71500	0.3878168037885375	0.062509137709713766	-0.715	0.000321178
71600	0.38781766164775272	0.062509322378882071	-0.716	0.000322056
71700	0.38781852151948737	0.062509507561687702	-0.717	0.000322935
71800	0.38781938340897643	0.062509693259338403	-0.718	0.000323817
71900	0.38782024732146902	0.062509879473044913	-0.719	0.000324701
72000	0.38782111326222651	0.062510066204021303	-0.72	0.000325586
72100	0.38782198123652317	0.062510253453484876	-0.721	0.000326474
72200	0.38782285124964644	0.062510441222655921	-0.722	0.000327364
72300	0.38782372330689674	0.062510629512758084	-0.723	0.000328257
72400	0.38782459741358716	0.062510818325017967	-0.724	0.000329151
72500	0.38782547357504449	0.062511007660665585	-0.725	0.000330047
72600	0.38782635179660818	0.062511197520934217	-0.726	0.000330946
72700	0.38782723208363151	0.062511387907060151	-0.727	0.000331846
72800	0.38782811444148024	0.062511578820283034	-0.728	0.000332749
72900	0.38782899887553374	0.062511770261845678	-0.729	0.000333654
73000	0.38782988539118446	0.062511962232994156	-0.73	0.000334561
73100	0.38783077399383831	0.062512154734977787	-0.731	0.00033547
73200	0.38783166468891411	0.062512347769049181	-0.732	0.000336382
73300	0.38783255748184442	0.062512541336464125	-0.733	0.000337295
73400	0.38783345237807526	0.062512735438481834	-0.734	0.000338211
73500	0.38783434938306566	0.062512930076364645	-0.735	0.000339129
73600	0.38783524850228879	0.062513125251378351	-0.736	0.000340049
73700	0.3878361497412311	0.062513320964791827	-0.737	0.000340971
73800	0.38783705310539179	0.062513517217877429	-0.738	0.000341896
73900	0.38783795860028447	0.062513714011910818	-0.739	0.000342822
74000	0.38783886623143649	0.0625139113481709	-0.74	0.000343751
74100	0.38783977600438813	0.062514109227939818	-0.741	0.000344682
74200	0.38784068792469367	0.062514307652503265	-0.742	0.000345615
74300	0.38784160199792134	0.062514506623150279	-0.743	0.000346551
74400	0.38784251822965277	0.062514706141173049	-0.744	0.000347489
74500	0.38784343662548382	0.062514906207867288	-0.745	0.000348428
74600	0.38784435719102356	0.062515106824532027	-0.746	0.000349371
74700	0.38784527993189555	0.06251530799246971	-0.747	0.000350315
74800	0.38784620485373644	0.062515509712986195	-0.748	0.000351262
74900	0.38784713196219722	0.062515711987390671	-0.749	0.000352211
75000	0.3878480612629433	0.062515914816995782	-0.75	0.000353162
75100	0.38784899276165385	0.062516118203117393	-0.751	0.000354115
75200	0.38784992646402172	0.062516322147075129	-0.752	0.000355071
75300	0.38785086237575395	0.062516526650191875	-0.753	0.000356029
75400	0.38785180050257151	0.062516731713793933	-0.754	0.000356989
75500	0.38785274085020982	0.062516937339211001	-0.755	0.000357952
75600	0.3878536834244185	0.062517143527776375	-0.756	0.000358917
75700	0.38785462823096151	0.062517350280826764	-0.757	0.000359884
75800	0.38785557527561659	0.062517557599702289	-0.758	0.000360853
75900	0.38785652456417585	0.062517765485746696	-0.759	0.000361825
76000	0.38785747610244636	0.062517973940307073	-0.76	0.000362799
76100	0.38785842989624847	0.06251818296473402	-0.761	0.000363776
76200	0.38785938595141817	0.0625183925603819	-0.762	0.000364754
76300	0.38786034427380495	0.062518602728608194	-0.763	0.000365735
76400	0.38786130486927328	0.062518813470774134	-0.764	0.000366719
76500	0.38786226774370169	0.062519024788244462	-0.765	0.000367705
76600	0.38786323290298369	0.062519236682387541	-0.766	0.000368693
76700	0.38786420035302693	0.062519449154575121	-0.767	0.000369683
76800	0.38786517009975419	0.062519662206182755	-0.768	0.000370676
76900	0.38786614214910259	0.062519875838589228	-0.769	0.000371672
77000	0.38786711650702377	0.062520090053177324	-0.77	0.000372669
77100	0.38786809317948479	0.062520304851332795	-0.771	0.000373669
77200	0.38786907217246736	0.062520520234445764	-0.772	0.000374672
77300	0.38787005349196707	0.062520736203909369	-0.773	0.000375676
77400	0.3878710371439949	0.062520952761120685	-0.774	0.000376684
77500	0.38787202313457686	0.062521169907480204	-0.775	0.000377693
77600	0.38787301146975428	0.062521387644392204	-0.776	0.000378705
77700	0.38787400215558293	0.062521605973264602	-0.777	0.00037972
77800	0.38787499519813329	0.062521824895508796	-0.778	0.000380737
77900	0.38787599060349132	0.062522044412540098	-0.779	0.000381756
78000	0.38787698837775825	0.062522264525777332	-0.78	0.000382778
78100	0.38787798852704969	0.062522485236642944	-0.781	0.000383802
78200	0.38787899105749757	0.062522706546563181	-0.782	0.000384829
78300	0.38787999597524808	0.062522928456967927	-0.783	0.000385858
78400	0.38788100328646269	0.062523150969290911	-0.784	0.000386889
78500	0.38788201299731867	0.062523374084969358	-0.785	0.000387923
78600	0.38788302511400813	0.062523597805444475	-0.786	0.00038896
78700	0.38788403964273888	0.062523822132160997	-0.787	0.000389999
78800	0.3878850565897336	0.062524047066567487	-0.788	0.00039104
78900	0.38788607596123109	0.062524272610116213	-0.789	0.000392084
79000	0.38788709776348501	0.06252449876426322	-0.79	0.000393131
79100	0.38788812200276496	0.062524725530468422	-0.791	0.00039418
79200	0.38788914868535618	0.0625249529101954	-0.792	0.000395232
79300	0.38789017781755897	0.062525180904911645	-0.793	0.000396286
79400	0.38789120940568994	0.062525409516088204	-0.794	0.000397342
79500	0.38789224345608075	0.062525638745200257	-0.795	0.000398401
79600	0.38789327997507922	0.062525868593726538	-0.796	0.000399463
79700	0.38789431896904858	0.062526099063149779	-0.797	0.000400527
79800	0.38789536044436773	0.062526330154956483	-0.798	0.000401594
79900	0.38789640440743212	0.062526561870637029	-0.799	0.000402664
80000	0.38789745086465227	0.062526794211685638	-0.8	0.000403736
80100	0.38789849982245533	0.062527027179600375	-0.801	0.00040481
80200	0.38789955128728415	0.062527260775883234	-0.802	0.000405887
80300	0.38790060526559716	0.062527495002040134	-0.803	0.000406967
80400	0.38790166176386937	0.062527729859580744	-0.804	0.000408049
80500	0.38790272078859189	0.06252796535001881	-0.805	0.000409134
80600	0.38790378234627138	0.062528201474871856	-0.806	0.000410221
80700	0.38790484644343109	0.062528438235661413	-0.807	0.000411312
80800	0.38790591308661054	0.062528675633912928	-0.808	0.000412404
80900	0.38790698228236564	0.062528913671155775	-0.809	0.0004135
81000	0.38790805403726802	0.062529152348923214	-0.81	0.000414598
81100	0.38790912835790592	0.062529391668752751	-0.811	0.000415698
81200	0.38791020525088438	0.062529631632185556	-0.812	0.000416802
81300	0.38791128472282416	0.062529872240766976	-0.813	0.000417908
81400	0.38791236678036284	0.062530113496046216	-0.814	0.000419016
81500	0.38791345143015493	0.062530355399576618	-0.815	0.000420128
81600	0.38791453867887066	0.062530597952915504	-0.816	0.000421242
81700	0.387915628533197	0.062530841157624209	-0.817	0.000422358
81800	0.38791672099983798	0.062531085015268092	-0.818	0.000423478
81900	0.3879178160855139	0.06253132952741644	-0.819	0.0004246
82000	0.38791891379696214	0.062531574695642828	-0.82	0.000425724
82100	0.38792001414093696	0.062531820521524784	-0.821	0.000426852
82200	0.38792111712420874	0.062532067006643932	-0.822	0.000427982
82300	0.38792222275356514	0.062532314152586005	-0.823	0.000429115
82400	0.38792333103581095	0.062532561960940689	-0.824	0.000430251
82500	0.38792444197776738	0.062532810433302027	-0.825	0.000431389
82600	0.38792555558627256	0.062533059571267924	-0.826	0.00043253
82700	0.3879266718681823	0.062533309376440666	-0.827	0.000433674
82800	0.38792779083036932	0.06253355985042644	-0.828	0.000434821
82900	0.38792891247972278	0.062533810994835834	-0.829	0.00043597
83000	0.38793003682314942	0.062534062811283361	-0.83	0.000437122
83100	0.38793116386757376	0.062534315301387811	-0.831	0.000438277
83200	0.38793229361993703	0.062534568466772106	-0.832	0.000439435
83300	0.38793342608719711	0.062534822309063431	-0.833	0.000440596
83400	0.38793456127633019	0.062535076829893163	-0.834	0.000441759
83500	0.38793569919432952	0.062535332030896798	-0.835	0.000442925
83600	0.38793683984820571	0.062535587913714205	-0.836	0.000444094
83700	0.38793798324498707	0.062535844479989416	-0.837	0.000445266
83800	0.38793912939171882	0.062536101731370766	-0.838	0.000446441
83900	0.38794027829546412	0.062536359669510641	-0.839	0.000447618
84000	0.38794142996330394	0.062536618296065938	-0.84	0.000448799
84100	0.38794258440233659	0.062536877612697717	-0.841	0.000449982
84200	0.38794374161967865	0.062537137621071243	-0.842	0.000451168
84300	0.38794490162246331	0.06253739832285618	-0.843	0.000452357
84400	0.38794606441784246	0.062537659719726635	-0.844	0.000453549
84500	0.38794723001298581	0.062537921813360806	-0.845	0.000454743
84600	0.38794839841508055	0.062538184605441388	-0.846	0.000455941
84700	0.38794956963133187	0.062538448097655241	-0.847	0.000457141
84800	0.38795074366896309	0.062538712291693749	-0.848	0.000458345
84900	0.38795192053521521	0.06253897718925254	-0.849	0.000459551
85000	0.38795310023734791	0.062539242792031657	-0.85	0.00046076
85100	0.38795428278263849	0.062539509101735627	-0.851	0.000461972
85200	0.38795546817838233	0.062539776120073318	-0.852	0.000463188
85300	0.38795665643189331	0.062540043848757873	-0.853	0.000464406
85400	0.38795784755050361	0.062540312289506933	-0.854	0.000465627
85500	0.38795904154156341	0.062540581444042717	-0.855	0.00046685
85600	0.38796023841244154	0.062540851314091775	-0.856	0.000468077
85700	0.38796143817052514	0.062541121901384944	-0.857	0.000469307
85800	0.38796264082321941	0.062541393207657781	-0.858	0.00047054
85900	0.38796384637794828	0.062541665234650282	-0.859	0.000471776
86000	0.38796505484215466	0.062541937984106802	-0.86	0.000473015
86100	0.38796626622329944	0.062542211457776248	-0.861	0.000474257
86200	0.38796748052886249	0.062542485657412009	-0.862	0.000475502
86300	0.38796869776634169	0.062542760584772095	-0.863	0.00047675
86400	0.38796991794325447	0.062543036241618985	-0.864	0.000478
86500	0.38797114106713737	0.062543312629719669	-0.865	0.000479254
86600	0.38797236714554412	0.062543589750845757	-0.866	0.000480511
86700	0.3879735961860491	0.062543867606773468	-0.867	0.000481772
86800	0.38797482819624446	0.062544146199283376	-0.868	0.000483035
86900	0.38797606318374173	0.062544425530160985	-0.869	0.000484301
87000	0.38797730115617141	0.062544705601196043	-0.87	0.00048557
87100	0.38797854212118305	0.062544986414183157	-0.871	0.000486842
87200	0.3879797860864454	0.062545267970921442	-0.872	0.000488118
87300	0.38798103305964649	0.062545550273214734	-0.873	0.000489396
87400	0.38798228304849303	0.062545833322871475	-0.874	0.000490678
87500	0.38798353606071145	0.062546117121704756	-0.875	0.000491963
87600	0.38798479210404735	0.062546401671532345	-0.876	0.000493251
87700	0.38798605118626639	0.06254668697417673	-0.877	0.000494542
87800	0.38798731331515252	0.062546973031465017	-0.878	0.000495836
87900	0.38798857849850948	0.062547259845229075	-0.879	0.000497133
88000	0.38798984674416087	0.062547547417305532	-0.88	0.000498433
88100	0.3879911180599499	0.062547835749535527	-0.881	0.000499737
88200	0.3879923924537389	0.06254812484376529	-0.882	0.000501044
88300	0.38799366993340983	0.062548414701845731	-0.883	0.000502354
88400	0.38799495050686539	0.062548705325632128	-0.884	0.000503667
88500	0.38799623418202694	0.062548996716984995	-0.885	0.000504983
88600	0.38799752096683593	0.062549288877769504	-0.886	0.000506303
88700	0.38799881086925414	0.062549581809855564	-0.887	0.000507626
88800	0.38800010389726286	0.06254987551511787	-0.888	0.000508952
88900	0.38800140005886319	0.062550169995436097	-0.889	0.000510281
89000	0.38800269936207676	0.062550465252694629	-0.89	0.000511613
89100	0.38800400181494499	0.062550761288782813	-0.891	0.000512949
89200	0.38800530742552924	0.06255105810559479	-0.892	0.000514288
89300	0.38800661620191157	0.062551355705029607	-0.893	0.00051563
89400	0.38800792815219409	0.062551654088991174	-0.894	0.000516975
89500	0.38800924328449898	0.062551953259388268	-0.895	0.000518324
89600	0.3880105616069684	0.062552253218134582	-0.896	0.000519676
89700	0.38801188312776586	0.062552553967148886	-0.897	0.000521031
89800	0.38801320785507454	0.062552855508354668	-0.898	0.00052239
89900	0.3880145357970986	0.06255315784368054	-0.899	0.000523752
90000	0.38801586696206253	0.062553460975060038	-0.9	0.000525117
90100	0.38801720135821133	0.062553764904431625	-0.901	0.000526486
90200	0.388018538993811	0.06255406963373876	-0.902	0.000527858
90300	0.38801987987714764	0.062554375164929912	-0.903	0.000529233
90400	0.38802122401652878	0.062554681499958617	-0.904	0.000530612
90500	0.38802257142028268	0.062554988640783474	-0.905	0.000531994
90600	0.38802392209675762	0.062555296589367954	-0.906	0.000533379
90700	0.38802527605432391	0.062555605347680635	-0.907	0.000534768
90800	0.38802663330137249	0.062555914917695285	-0.908	0.00053616
90900	0.38802799384631531	0.0625562253013906	-0.909	0.000537555
91000	0.38802935769758495	0.062556536500750479	-0.91	0.000538954
91100	0.38803072486363555	0.062556848517763913	-0.911	0.000540356
91200	0.38803209535294259	0.062557161354424878	-0.912	0.000541762
91300	0.38803346917400244	0.062557475012732608	-0.913	0.000543171
91400	0.38803484633533319	0.062557789494691568	-0.914	0.000544584
91500	0.38803622684547423	0.062558104802311179	-0.915	0.000546
91600	0.3880376107129857	0.062558420937606052	-0.916	0.00054742
91700	0.38803899794644986	0.062558737902596168	-0.917	0.000548842
91800	0.38804038855447043	0.062559055699306532	-0.918	0.000550269
91900	0.3880417825456724	0.062559374329767339	-0.919	0.000551699
92000	0.3880431799287033	0.06255969379601424	-0.92	0.000553132
92100	0.38804458071223147	0.06256001410008788	-0.921	0.000554569
92200	0.38804598490494685	0.062560335244034163	-0.922	0.00055601
92300	0.38804739251556208	0.062560657229904421	-0.923	0.000557454
92400	0.38804880355281057	0.062560980059755078	-0.924	0.000558901
92500	0.38805021802544876	0.062561303735647972	-0.925	0.000560352
92600	0.38805163594225456	0.06256162825965017	-0.926	0.000561807
92700	0.38805305731202766	0.062561953633834128	-0.927	0.000563265
92800	0.38805448214359017	0.062562279860277528	-0.928	0.000564727
92900	0.3880559104457863	0.062562606941063623	-0.929	0.000566192
93000	0.3880573422274825	0.062562934878280727	-0.93	0.000567661
93100	0.3880587774975674	0.062563263674022679	-0.931	0.000569133
93200	0.38806021626495185	0.062563593330388773	-0.932	0.000570609
93300	0.38806165853856922	0.062563923849483435	-0.933	0.000572089
93400	0.38806310432737584	0.062564255233416813	-0.934	0.000573572
93500	0.38806455364034925	0.062564587484304296	-0.935	0.000575059
93600	0.38806600648649059	0.062564920604266758	-0.936	0.00057655
93700	0.3880674628748233	0.062565254595430553	-0.937	0.000578044
93800	0.38806892281439398	0.062565589459927462	-0.938	0.000579542
93900	0.38807038631427121	0.062565925199894734	-0.939	0.000581043
94000	0.38807185338354672	0.062566261817475169	-0.94	0.000582548
94100	0.38807332403133532	0.062566599314816992	-0.941	0.000584057
94200	0.38807479826677399	0.062566937694074079	-0.942	0.00058557
94300	0.38807627609902318	0.062567276957405757	-0.943	0.000587086
94400	0.3880777575372667	0.062567617106976961	-0.944	0.000588606
94500	0.38807924259071047	0.062567958144958066	-0.945	0.00059013
94600	0.38808073126858461	0.06256830007352511	-0.946	0.000591657
94700	0.38808222358014188	0.062568642894859736	-0.947	0.000593188
94800	0.38808371953465892	0.062568986611149222	-0.948	0.000594723
94900	0.38808521914143396	0.062569331224586369	-0.949	0.000596262
95000	0.3880867224097912	0.062569676737369684	-0.95	0.000597805
95100	0.38808822934907627	0.062570023151703347	-0.951	0.000599351
95200	0.38808973996865909	0.062570370469797146	-0.952	0.000600901
95300	0.38809125427793301	0.06257071869386642	-0.953	0.000602455
95400	0.38809277228631522	0.062571067826132615	-0.954	0.000604012
95500	0.38809429400324641	0.062571417868822629	-0.955	0.000605574
95600	0.38809581943819094	0.06257176882416883	-0.956	0.000607139
95700	0.3880973486006376	0.062572120694409705	-0.957	0.000608708
95800	0.38809888150009825	0.062572473481789417	-0.958	0.000610281
95900	0.38810041814610863	0.062572827188557695	-0.959	0.000611858
96000	0.38810195854822904	0.062573181816970233	-0.96	0.000613439
96100	0.38810350271604449	0.062573537369288543	-0.961	0.000615023
96200	0.38810505065916262	0.062573893847779907	-0.962	0.000616612
96300	0.38810660238721562	0.062574251254717383	-0.963	0.000618204
96400	0.38810815790986081	0.06257460959237994	-0.964	0.0006198
96500	0.38810971723677939	0.062574968863052347	-0.965	0.0006214
96600	0.3881112803776765	0.062575329069025173	-0.966	0.000623005
96700	0.38811284734228185	0.062575690212595	-0.967	0.000624613
96800	0.38811441814035041	0.062576052296064347	-0.968	0.000626225
96900	0.38811599278166103	0.062576415321741505	-0.969	0.000627841
97000	0.38811757127601698	0.06257677929194079	-0.97	0.00062946
97100	0.388119153633247	0.062577144208982416	-0.971	0.000631084
97200	0.388120739863204	0.062577510075192605	-0.972	0.000632712
97300	0.38812232997576596	0.062577876892903617	-0.973	0.000634344
97400	0.38812392398083589	0.062578244664453525	-0.974	0.00063598
97500	0.38812552188834121	0.062578613392186525	-0.975	0.00063762
97600	0.38812712370823488	0.062578983078452818	-0.976	0.000639264
97700	0.38812872945049448	0.062579353725608605	-0.977	0.000640912
97800	0.38813033912512357	0.062579725336016231	-0.978	0.000642564
97900	0.38813195274215018	0.062580097912044025	-0.979	0.00064422
98000	0.38813357031162798	0.062580471456066489	-0.98	0.00064588
98100	0.38813519184363549	0.062580845970464094	-0.981	0.000647544
98200	0.38813681734827715	0.062581221457623473	-0.982	0.000649213
98300	0.38813844683568244	0.062581597919937546	-0.983	0.000650885
98400	0.38814008031600744	0.062581975359805225	-0.984	0.000652561
98500	0.38814171779943246	0.062582353779631519	-0.985	0.000654242
98600	0.38814335929616456	0.062582733181827874	-0.986	0.000655927
98700	0.38814500481643532	0.062583113568811632	-0.987	0.000657616
98800	0.38814665437050383	0.062583494943006468	-0.988	0.000659309
98900	0.38814830796865374	0.062583877306842395	-0.989	0.000661006
99000	0.3881499656211953	0.062584260662755478	-0.99	0.000662708
99100	0.38815162733846414	0.062584645013188209	-0.991	0.000664413
99200	0.38815329313082259	0.06258503036058928	-0.992	0.000666123
99300	0.38815496300865887	0.062585416707413605	-0.993	0.000667837
99400	0.38815663698238745	0.062585804056122435	-0.994	0.000669555
99500	0.38815831506244913	0.062586192409183547	-0.995	0.000671278
99600	0.388159997259311	0.062586581769070754	-0.996	0.000673004
99700	0.38816168358346659	0.062586972138264391	-0.997	0.000674735
99800	0.38816337404543644	0.062587363519251163	-0.998	0.00067647
99900	0.3881650686557665	0.062587755914524104	-0.999	0.00067821
100000	0.38816676742503015	0.062588149326582659	-1	0.000679953
